0.102058
0.511171
0.087350
1.990478
0.380928
-0.750406
-1.155649
-1.034157
0.999636
0.007152
-1.444471
0.060544
0.191840
-0.012588
0.677898
-0.214889
-0.165314
-0.805644
0.709267
0.402901
-0.005536
0.514732
2.341543
-1.301501
0.495133
-0.831773
1.022313
-1.184106
-0.020994
1.818851
0.603877
-0.128926
0.892153
0.031380
-0.109357
0.092937
0.005749
0.089318
2.277719
-0.461658
0.879913
0.534929
0.721667
-1.163795
-0.378498
-0.385268
-0.247194
-1.662472
0.118751
0.241345
-1.959961
-0.030704
2.156232
-1.917883
-0.615812
-0.186974
-0.365321
0.782569
0.871263
0.110786
1.068647
0.302819
-1.442060
-1.796865
-0.294652
0.784101
-0.862882
-0.528353
1.272444
-0.968168
-0.359243
0.001379
0.760072
0.331126
0.201178
0.387809
1.240440
0.947091
0.204394
-0.333067
-1.398509
-1.018309
1.089829
0.741911
-1.952191
0.294340
0.249563
0.827811
-0.207939
-0.605386
-0.101066
0.410668
1.355394
-1.065260
0.331805
0.049425
0.683530
1.110289
-0.515312
-0.982961
-0.777857
-0.295998
0.691298
-0.766878
2.483992
-0.212655
-0.373706
-1.511626
-0.900065
-0.780895
-0.957489
1.941024
0.976751
-1.529905
1.506773
-1.160965
1.115737
-1.497813
2.324444
-0.079678
0.800513
-0.893192
-0.307783
-0.962570
0.202576
0.322542
0.431425
0.958231