-1.248493
-1.178483
-0.085595
-1.149112
-0.326329
-0.328722
0.751190
-1.357939
2.036641
0.254094
0.342677
2.521880
-0.683200
0.620436
-1.426686
-0.263113
-0.729252
-2.025643
1.002777
1.263556
1.246128
0.736036
-2.082624
0.765788
-0.836159
0.194148
0.560658
-0.223650
1.725110
-0.127293
0.212706
-0.300574
0.117410
0.327994
-0.323674
-0.489004
2.758541
0.033693
0.864123
0.719976
1.106747
1.222047
1.856515
2.320323
0.324100
-0.594291
1.645615
1.040587
0.367432
0.089906
-0.318510
2.122825
2.308384
1.613436
0.904002
0.264082
-0.331926
-1.849078
0.046521
0.687899
0.328069
-0.774400
2.029232
0.128893
0.848456
-0.063223
-0.660088
0.000061
-1.256459
-0.845650
-1.234774
0.287506
1.126581
0.432797
0.902751
-0.379368
-0.652849
-0.450884
-2.005208
0.526647
0.020709
1.204328
-1.259380
-1.109357
-0.166276
0.765945
-1.194669
2.813761
1.148615
0.289121
1.230356
-0.152213
-0.897478
0.383642
-1.469788
0.100541
-1.148939
-0.661814
0.352023
-0.148555
-1.043654
-0.208695
0.550043
-1.324758
0.154559
-0.544967
0.977244
-1.571682
-1.490276
0.944355
0.183616
-0.651711
-0.956149
0.393370
-2.141612
1.100766
-0.069124
0.933727
-0.050902
2.144234
-0.048123
0.246157
0.301169
-0.215477
0.373670
-1.327464
-0.840911
0.074877