0.102058
0.511171
0.08735
1.99048
0.380928
0.075041
0.115565
0.103416
0.999636
0.007152
0.144447
0.060544
0.19184
0.001259
0.677898
0.021489
0.016531
0.080564
0.709267
0.402901
0.000554
0.514732
2.34154
0.13015
0.495133
0.083177
1.02231
0.118411
0.002099
1.81885
0.603877
0.012893
0.892153
0.03138
0.010936
0.092937
0.005749
0.089318
2.27772
0.046166
0.879913
0.534929
0.721667
0.116379
0.03785
0.038527
0.024719
0.166247
0.118751
0.241345
0.195996
0.00307
2.15623
0.191788
0.061581
0.018697
0.036532
0.782569
0.871263
0.110786
1.06865
0.302819
0.144206
0.179687
