3.114124
0.464017
1.992451
0.016451
0.245301
0.005274
0.184964
0.048610
1.918485
0.151605
0.167390
0.045025
0.197587
0.001082
0.014052
0.039307
0.138300
0.094917
0.066781
0.016856
1.575801
1.310129
0.216547
0.097879
0.140589
0.128805
0.414874
0.056070
1.064375
0.037813
0.863946
0.045755
0.387869
0.691256
0.377108
0.056035
0.033908
0.963924
0.094977
0.040630
0.077396
0.094846
0.142793
0.210333
0.041178
1.121976
0.052800
0.130986
0.441191
0.085922
0.167997
1.191990
0.167708
0.015069
0.174743
0.143442
0.275089
0.149389
1.217167
0.070205
0.821793
0.005615
2.406761
0.153234
0.209703
0.155120
0.111618
0.649438
0.045228
0.035507
2.447033
0.106094
0.070450
1.063456
0.102406
0.064567
0.254905
0.162327
0.174036
1.405558
2.912635
0.214966
0.003437
0.145977
1.224253
0.689684
0.923076
0.159667
0.208460
0.033750
2.057327
0.062137
0.061230
0.028238
0.034575
0.201334
0.029466
0.312580
0.628945
0.171787
0.769758
0.140364
0.040234
0.208208
0.164950
0.189825
0.327120
1.666909
1.458895
0.021232
0.437880
0.437275
0.994808
0.040572
0.084368
0.012304
0.112787
0.035003
0.056218
0.161198
0.819709
0.020874
0.044755
0.135802
0.133076
0.111962
1.750751
0.078113