0.562408
0.124821
0.024995
0.551619
0.270180
0.056966
0.065708
0.138298
0.465654
0.374270
1.627758
0.052163
0.005350
0.460889
0.483192
0.756683
0.156565
0.504215
0.582122
0.049193
0.261330
0.054280
0.220049
0.027306
1.531309
0.005228
0.802184
0.011804
0.189928
0.090928
0.041000
0.003184
0.954693
0.022315
0.221758
0.034651
1.313538
0.143418
0.070009
1.315170
2.379575
0.006153
0.155233
0.061163
0.119921
0.112233
0.554436
0.992606
0.518834
0.120888
0.787373
0.159063
0.014499
0.055233
0.106954
1.879935
0.065845
0.128417
0.065651
0.658001
0.799118
0.188129
1.892401
0.012964
0.363219
0.021525
0.886347
0.144292
0.001190
1.378739
0.073992
1.539714
0.031632
0.458181
0.056425
1.151701
0.139807
0.015383
0.074260
0.107546
0.037838
0.710372
0.134010
0.197731
0.135675
0.071996
0.097995
0.853802
0.108974
0.086168
0.297643
0.212307
0.154235
0.172289
1.652608
0.161704