8.911309
-1.680074
-4.471456
-6.657548
6.467038
-4.986187
6.986267
-8.864010
0.855086
2.264843
-1.374854
-2.871071
-2.139104
7.400982
5.528966
-2.852148
4.902551
2.301771
2.899389
-0.659708
0.178950
2.263729
-1.887369
7.284378
-4.137443
5.287939
-3.435117
5.852483
7.160657
-2.258106
3.794060
0.104291
6.016739
3.098654
0.804976
6.829357
3.981212
3.000094
0.342673
-11.138326
-3.109465
3.864298
-3.718685
-2.696619
4.632874
4.269485
-2.805096
4.073903
-0.353365
-9.176939
11.319865
2.673621
-2.960319
-1.605196
5.766151
1.401121
-8.443580
-3.492633
6.840652
-3.481695
-7.063820
4.544603
-3.281809
7.802989
2.537971
2.233886
-5.009683
-0.310091
6.218003
1.677601
0.189654
3.818309
3.252985
1.695882
3.458022
3.132701
-1.475845
0.923147
8.428549
5.769832
-3.523551
2.040962
-3.537817
-6.186760
4.149343
4.634858
-3.014585
1.445642
-2.024092
4.356297
6.358777
1.758016
2.153879
-4.195326
-7.876798
6.445570
1.684978
-0.360071
0.085517
1.539047
0.906526
-11.484173
-1.285566
-7.401698
10.115928
5.862448
-1.591354
-2.563983
-1.825529
-10.425460
0.294237
1.314841
4.311556
-0.818190
-0.199045
-0.342136
2.834306
5.320202
3.692242
-0.843971
-5.857677
2.634150
0.849892
-1.711256
1.457519
9.117718
-0.700719
7.504890
