-1.469852
5.061916
5.139408
3.240595
6.306886
1.468487
5.363392
-3.713433
-2.705129
-5.285502
3.701582
1.897572
1.939427
5.587420
-1.056381
-1.609045
-3.012881
-0.010300
0.586022
-5.580905
-6.796260
0.110401
-4.994965
7.822898
4.382241
2.693531
-1.808692
-1.064096
-4.942024
3.087183
8.704371
1.263016
2.575339
-0.996895
-1.841476
3.397818
0.263245
1.410414
-0.922908
6.018099
2.692581
-7.959812
-2.618689
4.424397
-4.889672
1.146728
-6.838514
1.615941
2.362432
1.872582
4.954860
-4.758668
-6.688315
3.109613
1.362835
2.907561
-7.542293
-5.121119
-1.852429
4.828569
-0.282803
3.728689
6.861075
1.489691
1.265037
-4.787582
-1.594694
4.318262
3.530076
-10.923890
-4.315061
5.499791
-7.575150
3.077303
-0.236756
-1.823130
0.924733
-1.771138
-0.097333
0.983201
5.139641
1.074130
1.186320
9.277279
2.299552
8.874107
5.426487
-2.556366
-0.388161
5.955747
-0.313278
1.562892
-1.455581
-1.762174
-1.005427
-4.497851
-9.160366
-2.886899
-3.834756
4.203617
0.765507
-1.198519
6.819254
-4.833919
2.234711
3.706699
-4.939639
-0.233984
-7.262543
-0.827612
4.307150
-7.127953
-0.490532
1.548411
-7.925030
0.599440
0.955509
-2.516463
0.475053
-1.461537
0.998648
-1.126027
3.598502
-4.424679
-0.500301
0.425848
0.489508
-3.116618