0.260485 0.456197 0.376039
-0.273785 -0.458683 0.198423
-0.058112 -0.300967 0.427379
-0.137589 0.371695 -0.247116
-0.111101 0.441701 0.129717
0.308146 0.407526 0.364198
0.191405 -0.231097 -0.036700
0.127379 0.200293 -0.449580
-0.160119 0.281646 0.229326
0.449830 0.432276 -0.354907
-0.300064 0.460996 -0.428838
0.319246 -0.281020 0.239274
0.052795 0.354994 0.055312
0.273309 -0.369026 -0.046563
-0.060205 0.392778 0.460602
-0.433660 0.135528 -0.387516
-0.236639 -0.241711 -0.453308
-0.396504 -0.271166 0.012941
-0.408188 -0.084050 -0.387176
0.399962 0.055227 0.140059
-0.002179 0.415443 -0.318550
0.081249 0.009695 -0.010273
-0.368244 -0.469999 -0.490558
-0.067666 -0.081260 0.372354
-0.435020 0.038953 0.238242
0.249110 -0.473011 0.190594
-0.116545 -0.211563 0.279028
-0.485051 -0.115818 -0.365154
0.496135 -0.032383 -0.357674
-0.217839 0.392338 -0.397242
0.452732 0.399650 -0.281086
-0.480418 0.273171 0.241274
-0.343352 0.307021 -0.485886
0.276147 -0.404362 0.426747
-0.473029 -0.168016 -0.367301
0.405863 0.062562 -0.214829
-0.067283 -0.414338 0.469020
-0.380114 -0.162215 -0.282069
-0.244536 -0.142920 0.442990
-0.134920 0.227319 -0.010861
0.012823 0.282853 0.145079
-0.082531 -0.038602 -0.477265
0.024585 0.424446 0.039297
0.195407 -0.269243 -0.318077
-0.306533 -0.493305 0.394897
-0.428996 -0.191521 -0.435951
0.169753 -0.261538 -0.356740
0.169537 -0.280808 0.467398
0.111596 0.085339 0.460404
0.241459 0.227919 -0.344019
-0.222826 -0.226404 -0.051607
-0.409651 0.102376 -0.372272
-0.034788 -0.182880 -0.378730
0.318083 0.308056 -0.357507
-0.497660 0.402213 -0.297528
0.135020 -0.178396 0.480372
-0.301925 -0.280005 -0.271305
0.275257 -0.306957 0.193896
0.489140 -0.124242 0.236994
-0.233018 -0.423301 -0.354005
0.229649 -0.471526 0.424054
0.491840 -0.411955 0.217508
0.330222 -0.207845 0.383500
0.115479 -0.377664 0.330158
0.373630 -0.476826 -0.104519
0.185712 -0.211490 0.312991
-0.180091 -0.178255 -0.143642
-0.061206 -0.044684 -0.250626
0.058956 0.438332 -0.187858
0.391981 0.291472 -0.359545
-0.475787 -0.241321 0.124797
0.243185 0.429468 -0.464420
0.226778 -0.067992 0.168522
0.349454 -0.404585 -0.250165
0.477493 0.488967 0.170304
0.015510 0.317271 -0.331980
0.208746 0.252676 -0.393706
-0.046150 -0.138547 0.428486
0.164882 -0.124736 0.225758
0.008789 0.267496 0.191716
0.329125 -0.013661 0.133784
-0.367345 0.382867 -0.203438
0.375485 0.356836 0.127615
-0.482010 -0.361017 0.151692
-0.488017 0.438715 0.429567
-0.275954 -0.444626 -0.337688
0.126452 0.132373 -0.135479
0.487306 0.092533 0.072054
0.077269 -0.385148 0.261489
0.395842 0.088424 -0.023340
-0.150707 -0.045368 -0.489893
-0.041287 0.360206 0.447599
0.170106 -0.081486 -0.142428
0.143473 -0.075653 0.160188
-0.389985 -0.256308 -0.017296
0.355984 0.313158 0.028813
0.355874 0.063837 -0.443634
0.348820 -0.337637 -0.347722
0.013958 -0.378172 0.372453
0.257967 -0.367288 0.318505
-0.472953 0.186808 0.158281
-0.077755 0.184399 -0.444467
-0.310971 0.205543 0.177359
0.313212 -0.042292 -0.149292
0.280946 0.342935 0.087246
0.145909 -0.309383 -0.258557
0.231961 0.453270 -0.174125
-0.064435 0.013957 0.441047
0.353369 -0.265703 0.180442
0.204314 -0.143504 0.269589
-0.076018 0.156385 0.052547
0.385307 -0.209640 0.153831
0.343103 0.484856 -0.218306
0.109990 0.303931 0.010810
-0.411607 -0.290479 -0.069048
0.096991 0.465605 -0.493742
-0.426507 -0.216965 -0.064554
-0.203511 -0.410997 0.226275
-0.290678 -0.078697 0.164140
0.145528 0.034449 0.016103
-0.418321 -0.347852 0.048328
0.232841 -0.317994 0.156662
0.062830 0.348131 -0.142155
-0.063232 0.269223 0.479976
0.285048 -0.449799 0.152345
0.204028 -0.294029 0.153919
0.114742 0.486657 0.228649
-0.301948 -0.064625 -0.431702
