-0.446851
0.779785
-0.510071
-0.572474
0.259880
-0.536184
0.036330
-0.668192
0.165449
-0.970210
0.456487
0.251068
0.729380
0.732255
-0.444269
0.730443
0.054084
0.166477
0.529927
-0.374515
-0.934896
-0.063375
-0.484875
-0.237865
-0.145402
0.232983
0.622044
0.517621
-0.125119
-0.955529
0.247117
-0.129348
0.038230
0.157591
-0.023232
0.487758
-0.394396
0.512958
-0.020024
0.681644
-0.362251
-0.324942
0.597687
-0.542593
-0.151258
0.746546
-0.939411
-0.142387
-0.678337
0.281020
-0.476398
-0.701895
-0.413637
-0.540357
-0.342890
0.089431
-0.410091
0.086966
0.376518
-0.709951
0.043867
-0.639758
0.319277
-0.563164
0.449786
0.963234
-0.470076
-0.839225
-0.710645
0.569347
-0.078531
-0.369389
-0.301653
-0.469568
0.854960
-0.585781
0.891713
0.799277
-0.743649
0.518900
0.526303
-0.162432
0.305340
-0.212340
-0.081970
0.563978
0.922782
-0.561975
-0.510886
0.512724
-0.372719
-0.198884
0.841197
0.718964
-0.574993
-0.840372
-0.461302
-0.540948
-0.083727
-0.645978
0.704709
-0.258651
-0.330023
0.374347
-0.365925
0.415052
0.832591
-0.944570
0.971564
0.905299
-0.574281
-0.188108
0.945020
0.393489
0.721066
0.123350
0.548454
0.962400
-0.787805
0.161764
-0.871741
-0.218479
0.511478
0.651455
-0.285634
-0.627243
0.346827
-0.580314
-0.086882
-0.920547
0.502147
-0.533338
-0.841524
0.410761
0.941295
-0.742552
-0.155098
-0.015083
-0.673314
-0.637301
-0.849243
0.346586
0.797427
0.363444
-0.121072
0.773517
-0.126412
0.107289
-0.136532
0.083486
0.558198
0.440924
0.864050
-0.352440
-0.905248
0.857374
0.139202
-0.833167
0.381290
0.020499
0.657684
-0.326976
-0.716833
0.422865
0.177851
0.880935
0.798247
0.959221
-0.800868
-0.616958
-0.561125
-0.109974
-0.074660
-0.356455
0.669076
-0.511702
0.470390
-0.305753
-0.428695
-0.848730
0.183143
0.485645
-0.341515
0.458576
-0.039153
-0.987142
0.479698
-0.185846
0.897194
-0.864456
-0.793887
0.574756
-0.252746
0.908846
-0.039583
0.563607
0.341549
-0.541908
0.151675
0.918994
0.575552
0.392101
0.027097
0.459044
-0.937919
-0.390463
0.836198
0.251626
0.853664
-0.801241
-0.189762
-0.337171
-0.185937
-0.155373
0.420435
-0.733682
0.814351
0.414405
0.705811
0.280243
0.760312
0.708038
-0.999627
0.559196
0.686122
0.973310
-0.813911
0.327824
0.033609
-0.253908
-0.093267
0.798690
-0.815887
-0.367734
0.793696
0.482860
0.675437
0.046911
-0.246601
-0.406523
0.374521
0.869095
0.962539
0.976423
0.159880
-0.593827
-0.529557
-0.885905
0.739169
0.953906
-0.683288
0.944651
0.385945
0.370594
0.887500
0.968827
-0.228160
-0.372220
-0.524199
-0.164293
0.870550
-0.157003
0.461113
-0.555484
-0.659729
0.285130
-0.296035
-0.469969
0.432478
0.942630
-0.141679
0.288101
-0.719920
-0.566086
0.478591
-0.819343
0.567174
-0.420546
0.415440
0.211341
0.619482
0.604426
0.369906
0.156375
-0.207474
-0.925644
0.603946
-0.230221
0.676228
0.220444
0.958415
0.939763
0.551712
-0.556617
-0.766598
-0.301129
-0.570515
0.921070
-0.491118
-0.907137
0.352532
-0.321702
-0.697367
-0.322738
-0.154801
0.063463
-0.188451
0.528151
-0.121250
0.832744
0.001687
0.586155
0.946913
-0.133931
0.311356
0.140376
0.882260
-0.213570
-0.393277
-0.478791
0.666179
0.224634
0.204565
-0.857996
-0.042666
-0.740566
0.891168
0.204630
-0.920983
0.409361
0.327881
-0.279790
0.240946
-0.601568
0.219760
-0.354508
0.383628
0.579605
-0.067760
-0.193439
0.466738
0.762895
0.149383
-0.047679
-0.170641
-0.442577
0.585716
-0.504488
0.265293
-0.638749
-0.631128
-0.203307
-0.443532
-0.746634
0.130366
-0.090103
0.846144
-0.529633
0.025409
-0.969919
-0.193704
0.498385
0.137774
-0.419493
-0.146247
0.590251
-0.362897
-0.983234
-0.697907
0.181463
-0.108830
0.005416
0.831943
-0.141835
0.575698
-0.029789
0.270439
-0.138160
-0.455712
0.732580
-0.004485
-0.776547
0.259811
-0.741619
