-0.292267
0.999217
-0.239293
0.015943
-0.992963
-0.707632
-0.474970
-0.060226
0.039039
-0.919075
0.247982
0.336544
-0.500407
0.629262
0.503283
0.831703
0.017688
0.099325
-0.639658
-0.032789
0.039007
0.210836
-0.560903
0.458840
-0.438994
-0.044944
0.950334
0.169745
-0.429993
-0.767288
-0.751974
-0.567205
-0.607480
-0.937782
0.470790
-0.009729
0.050510
0.779943
-0.963538
-0.181858
0.091409
0.119409
-0.871648
0.370897
0.134969
-0.223279
-0.903322
-0.425509
0.003545
0.695915
-0.229918
-0.699489
0.098424
-0.237374
0.717406
0.125436
0.821960
-0.745296
0.182741
0.467657
-0.948695
-0.293452
-0.034162
0.884343
-0.354684
0.289721
0.910740
0.268075
0.085988
-0.077971
-0.522317
0.798521
0.742599
0.151734
0.789238
-0.479460
-0.255538
0.986463
0.283753
0.258585
0.576321
0.896031
-0.497873
-0.840564
0.646614
0.799943
-0.280848
-0.601893
-0.367762
-0.635368
0.802676
-0.922032
0.036555
0.166696
0.673471
-0.142092
-0.162331
0.574936
0.425766
-0.017145
0.852350
-0.643181
0.542096
-0.150021
0.174769
-0.697099
0.926261
0.788205
0.188847
0.804665
0.074676
0.394558
0.203358
-0.620987
0.878094
-0.079047
-0.829396
0.260328
0.899633
0.248440
-0.005968
-0.107717
-0.815848
-0.493143
-0.538131
0.425050
-0.127392
-0.305090
0.880692
0.952070
0.805857
-0.381616
-0.414742
0.532709
0.139937
-0.451840
0.061178
0.728035
-0.623790
0.635084
-0.899681
-0.449486
-0.406320
-0.253181
0.845754
0.504487
-0.099458
0.955813
0.827738
0.498591
0.053877
-0.039479
-0.677908
-0.531658
-0.066639
0.832948
-0.134443
0.938673
0.195146
0.376435
-0.270054
-0.182019
-0.598938
-0.370240
0.986823
0.626787
-0.055151
0.098935
-0.924092
0.552600
0.612938
0.402441
-0.695957
0.465589
-0.644802
-0.647941
0.722135
-0.393250
-0.006141
-0.989036
0.735621
0.211955
-0.993761
-0.778835
0.289416
-0.123146
0.441118
0.114437
-0.599889
-0.960481
0.566638
-0.823199
-0.324737
0.622189
-0.828686
-0.773542
0.796812
0.263953
-0.795965
0.005018
0.756388
0.872442
-0.532185
-0.766713
0.100692
-0.067416
0.934661
-0.341173
0.354948
0.073268
0.321831
0.534826
0.706507
-0.601700
-0.832786
-0.519883
-0.411388
0.842162
0.518928
-0.550522
-0.334690
-0.686867
-0.633884
-0.930503
-0.024407
-0.462314
0.953415
-0.874171
0.093453
-0.233005
-0.392930
-0.503363
-0.522147
-0.026012
0.205933
0.003983
0.606099
0.172518
-0.658598
-0.906268
-0.139229
0.748982
-0.776227
-0.096541
0.899755
0.642476
-0.369841
0.350006
0.866737
-0.876386
-0.373472
-0.406894
-0.091000
-0.453822
0.977696
-0.522490
0.419495
-0.003357
-0.133867
-0.875597
-0.542149
-0.275845
0.691581
0.031279
-0.978463
0.206591
-0.108439
0.491342
-0.272977
-0.506148
-0.369303
-0.276755
0.302841
0.770945
-0.740138
-0.682869
-0.521632
-0.487136
0.733547
0.759649
0.611234
0.098248
0.357298
0.494535
0.913839
0.569654
-0.076169
-0.738380
-0.654844
-0.776522
0.242450
0.091613
-0.268627
-0.320006
-0.702156
-0.475618
0.945859
0.819466
0.004474
-0.629753
-0.126973
0.489236
-0.265046
-0.544838
-0.465289
0.369869
0.831096
0.383630
-0.278059
-0.427040
0.542438
0.349954
-0.408691
-0.750078
0.554791
0.321628
-0.559304
-0.981367
-0.469294
0.277060
-0.526990
-0.205942
-0.639002
0.243507
-0.407961
-0.220424
-0.666033
-0.972520
-0.600722
-0.644679
0.852665
-0.684207
-0.674550
0.895541
-0.486185
-0.316107
-0.010422
-0.509669
0.951188
-0.818199
0.644775
0.150202
-0.062588
0.694508
-0.946321
-0.484963
-0.976370
0.279216
-0.251160
0.362478
0.858097
0.096002
-0.547894
0.699144
-0.516164
0.474713
0.223894
0.458701
-0.773464
0.097931
0.656594
0.212366
0.368082
0.171389
0.009419
0.413354
-0.083165
0.680207
-0.091484
0.764548
-0.011414
0.960690
-0.291549
-0.672956
-0.685662
0.508162
-0.902160
-0.667944
0.154524
-0.461557
0.601282
-0.710818
0.658028
0.069976
-0.971928
0.707297
-0.488580
-0.716649
-0.954599
0.424642
-0.188439
-0.144859
-0.281750
-0.580039
-0.064044
0.031851
0.981800
-0.946805
-0.592455
0.043548
0.402868
-0.433019
0.995274
-0.421755
-0.844345
-0.409382
-0.569708
0.799082
-0.140197
0.553520
0.806543
0.403794
0.096658
-0.767443
0.596219
0.867314
0.206704
-0.220400
0.097295
0.055751
-0.070663
0.327723
-0.224980
-0.180957
-0.865781
0.428960
-0.058232
-0.613402
-0.976030
-0.930853
0.934142
-0.773851
0.713477
0.043635
-0.910840
0.680817
0.512049
-0.546127
-0.840155
0.472716
-0.222722
0.410333
0.626727
-0.311947
-0.044831
0.858542
0.222151
-0.567316
-0.536117
0.569321
0.956077
-0.494235
-0.504184
0.146966
0.709535
0.544025
-0.492425
-0.195399
0.793108
-0.507471
0.594079
-0.950584
0.229378
-0.767634
0.872394
-0.687928
0.250113
0.960908
0.277294
0.282059
-0.723818
-0.581366
0.241194
-0.045827
-0.637511
-0.559176
-0.226667
0.426349
-0.483587
-0.119178
0.129434
-0.786803
-0.178132
0.390680
-0.060386
-0.413499
-0.817845
-0.057649
0.279688
-0.717197
-0.504886
-0.910992
0.108530
0.548439
0.450237
-0.782577
-0.387294
0.721679
0.451734
-0.916724
-0.924487
0.917626
-0.218594
-0.531905
-0.087151
0.553646
0.422655
-0.976987
0.650469
0.632451
-0.405751
0.076707
-0.595894
0.795738
0.434381
0.018418
0.540770
-0.954734
-0.032496
0.716341
-0.727949
-0.052588
-0.319315
-0.424256
0.163833
0.870822
-0.424572
0.338366
0.660715
0.340420
0.954079
0.491988
0.237905
-0.876291
0.690250
0.498939
-0.684288
-0.079820
0.226335
-0.631027
0.602902
-0.835254
0.505099
0.235318
-0.652089
-0.995929
-0.037541
-0.482348
-0.379645
0.902257
0.566774
-0.083598
0.516203
-0.743035
0.393530
0.384600
-0.098953
-0.275955
0.303543
0.904470
0.377191
-0.083243
0.526359
0.113305
-0.512756
0.081958
0.526899
0.693153
0.633681
-0.088537
-0.043694
-0.049706
-0.266790
0.293463
-0.672790
-0.434146
-0.278604
-0.373306
-0.682559
-0.709603
-0.629238
-0.289637
0.429966
0.817376
-0.921115
0.091172
-0.233490
0.084356
-0.093927
0.063776
-0.920687
0.961785
0.832611
0.564406
0.296656
-0.580583
0.760712
0.960108
0.533423
-0.446201
0.039051
-0.461630
-0.770950
0.894595
-0.348737
-0.658455
-0.541738
-0.265299
-0.826017
0.330860
-0.203242
0.202672
-0.912818
0.890353
-0.541056
0.502185
-0.569157
-0.017092
-0.234900
-0.158578
-0.172770
-0.182712
-0.729713
-0.302151
-0.714219
0.881592
0.570938
0.082551
0.312868
0.042517
-0.879262
0.166822
-0.569916
-0.615463
-0.263379
0.388717
0.330887
-0.517087
-0.351861
0.602114
0.516653
-0.245048
0.015841
0.488944
-0.230450
-0.218433
0.992734
0.158267
-0.375586
0.758245
-0.675552
0.363133
0.348063
-0.437100
-0.698767
0.296773
-0.444815
-0.337246
-0.115672
-0.337673
-0.832913
0.999707
-0.061021
-0.659637
-0.429089
0.117223
0.201901
-0.681992
0.719506
0.732132
0.342657
0.255893
-0.174658
0.463727
0.544857
-0.279105
0.816563
-0.910871
0.483240
0.381566
-0.118687
-0.445031
0.850282
0.697557
0.487036
0.946878
0.551357
-0.441595
0.323940
-0.001956
-0.603176
0.652506
0.945150
0.877565
0.263349
-0.723631
-0.508324
0.078258
0.365652
-0.226218
0.025236
0.142415
0.666367
0.083293
0.529885
0.133677
0.243727
0.346950
-0.911908
-0.042235
0.207355
0.558864
0.067655
0.036708
-0.822327
0.820889
-0.167812
-0.861433
-0.570643
-0.915578
0.132894
-0.074549
0.593575
0.101986
0.540955
0.336044
-0.375300
0.435722
0.259475
-0.462577
-0.991682
0.634681
-0.773675
0.076277
-0.320663
-0.442352
0.496450
0.728236
-0.033753
0.077880
-0.566763
-0.337853
0.392548
-0.721926
-0.262334
-0.493917
0.240310
-0.400942
-0.554481
0.685285
0.957217
-0.852222
-0.332866
0.997362
-0.491295
0.412680
0.828066
0.502276
-0.865420
0.828899
0.334931
-0.745816
-0.969951
0.400438
0.894529
0.120393
-0.733253
0.031610
-0.419195
-0.044562
0.975301
-0.514323
0.239570
0.605048
-0.067819
-0.854633
-0.656983
-0.284635
-0.157716
0.073169
0.176428
0.123885
0.536868
-0.022932
0.425933
0.289541
0.596812
0.970613
-0.490796
-0.608132
-0.312824
0.665578
-0.135528
0.763259
-0.449627
-0.193582
0.665768
0.090980
-0.258454
-0.642994
0.706106
-0.577992
-0.690825
-0.445496
0.541415
-0.205258
-0.948820
-0.904588
-0.434338
0.569021
0.700660
0.788264
-0.562653
-0.312735
-0.448058
-0.964419
-0.475340
-0.944786
0.358312
0.159089
-0.996474
-0.168015
0.689341
-0.684268
-0.996185
-0.758766
-0.726829
0.148014
-0.728400
0.112694
-0.051751
-0.166960
0.000438
0.330410
0.503838
0.953232
-0.128625
0.287037
0.928360
0.240753
0.077575
0.578600
-0.998395
0.609071
0.686795
-0.407161
0.791347
-0.823259
0.444046
0.560721
-0.524515
0.127410
0.451166
0.727201
0.323539
-0.589791
0.223311
-0.791168
0.261165
-0.699118
0.563354
0.983321
-0.381080
-0.718730
-0.443907
0.620986
0.562719
0.520351
0.012599
-0.221713
0.393170
0.512743
0.170360
0.717796
0.631680
-0.552074
0.198738
0.503848
-0.394915
0.344951
-0.564210
-0.955904
-0.969400
0.715688
-0.128829
-0.432896
-0.483807
0.840553
-0.974845
0.524028
-0.340387
-0.678526
-0.850546
0.532426
-0.337351
0.819789
-0.369341
-0.809895
-0.749236
-0.801029
-0.329345
-0.152880
0.181956
-0.845082
-0.804669
0.995103
-0.685746
-0.088510
-0.696017
0.805932
0.912250
-0.991039
-0.862589
-0.082851
0.326394
0.052458
0.232450
-0.721372
-0.677672
0.244212
0.540629
0.373613
-0.147809
-0.248427
0.521631
0.994677
0.138420
-0.226100
-0.558982
0.852370
-0.793324
0.742672
-0.503329
0.622500
0.045810
0.757818
-0.221218
0.807851
0.052609
-0.762638
-0.812751
-0.098056
-0.538871
0.716607
0.925905
-0.385571
0.392894
0.105933
-0.518487
-0.684887
-0.833268
-0.072812
-0.107296
-0.526903
0.596941
-0.890418
-0.943878
-0.382367
0.142406
0.856584
0.027574
0.250593
0.716546
0.387241
0.434057
0.510104
0.426683
0.791601
0.014691
-0.826535
0.175679
0.334277
0.144107
0.330971
0.483941
-0.077259
-0.034219
0.227123
-0.076031
-0.506711
-0.847263
-0.713823
-0.069696
-0.142912
-0.897376
0.526808
-0.889865
-0.510325
-0.805334
0.581880
0.452355
-0.917018
0.675988
0.989685
0.792165
0.942372
0.367749
0.318461
0.940096
0.517297
-0.610829
0.570052
0.757288
-0.441451
-0.311309
0.489677
-0.758898
0.854603
0.062132
-0.170197
0.695565
-0.710827
-0.033947
-0.189364
-0.372756
0.289761
-0.898871
-0.537871
0.387942
0.951121
0.592813
-0.048206
0.747483
0.195559
-0.985393
-0.538406
0.246750
-0.079497
-0.708444
0.854560
-0.994685
0.839137
-0.066546
0.840838
-0.469454
-0.640677
0.094829
-0.679161
-0.878118
0.546893
-0.124239
-0.603106
-0.632343
0.082050
-0.563064
-0.525848
-0.330561
-0.891320
0.717491
-0.424444
-0.317481
0.069778
0.799279
-0.035181
-0.759697
-0.210712
0.083613
-0.161721
0.193039
0.816625
0.250419
0.677770
-0.203233
-0.373286
-0.464036
-0.183668
0.458035
0.183343
-0.632877
-0.506478
-0.873542
-0.521858
-0.051457
-0.293038
0.125563
0.232845
-0.725618
-0.775754
-0.855105
0.069259
0.799164
-0.162799
-0.186138
0.845694
-0.457414
0.697118
0.429868
-0.421234
-0.809040
0.383565
0.470764
0.957165
0.129024
0.273141
0.018097
0.036856
-0.759872
-0.131021
0.884370
0.926877
0.238037
0.322843
0.624899
-0.398301
0.922855
0.021897
0.793791
0.383761
-0.873791
-0.456489
-0.932505
-0.084280
0.762062
0.030432
-0.597597
0.664039
-0.959985
0.065257
0.062500
-0.768981
0.130249
0.206741
-0.945429
0.715116
0.258087
0.808430
-0.190701
0.076075
0.839547
-0.705367
-0.198881
0.130504
0.804627
0.020798
0.639051
-0.350400
-0.437224
-0.765077
0.151646
0.438625
0.405412
0.601775
0.903871
-0.312954
0.426484
-0.952711
0.512201
-0.550180
-0.661144
0.526639
-0.172330
0.128830
-0.991885
-0.633788
0.097828
0.958933
-0.728882
0.432973
0.334890
0.172203
-0.168520
0.049878
-0.236574
-0.798049
0.276742
0.222371
-0.139541
0.134765
-0.673581
-0.896131
-0.379073
-0.291470
0.369131
-0.434339
-0.348075
-0.297992
-0.260013
0.398610
-0.987606
-0.127021
0.239052
0.576484
0.272832
0.856211
-0.711626
0.456138
0.528379
0.372046
0.639588
-0.278678
-0.615535
0.921588
0.795650
-0.107995
0.805996
-0.842829
0.690669
-0.225035
0.273947
-0.310735
0.029520
-0.252323
0.920762
0.880416
-0.230729
0.652930
0.206611
-0.931135
0.407316
0.185725
0.413215
-0.693081
-0.614076
-0.675609
-0.629036
0.766909
-0.624703
0.463933
-0.667147
0.467112
-0.802516
0.685004
0.305312
-0.012861
-0.283563
-0.710651
-0.864763
-0.020894
-0.698951
0.788801
-0.776588
-0.874042
0.686183
-0.824245
0.112125
-0.639677
0.066098
-0.429972
-0.079320
-0.399897
-0.147981
0.146311
0.139429
-0.183319
0.058532
0.439760
-0.588196
-0.967882
0.239744
0.673661
-0.930540
-0.034872
0.082764
-0.932682
0.266411
-0.451073
-0.449030
0.451235
-0.993473
-0.536513
-0.315663
0.574221
-0.071405
-0.093633
0.096903
-0.633868
-0.168642
0.779973
0.904319
0.067858
-0.790475
-0.112533
0.061678
0.641434
-0.305975
0.356901
-0.556774
-0.185729
0.933986
0.790619
0.272492
0.765406
0.405784
0.620793
0.763981
-0.131490
0.050714
-0.099668
-0.234985
0.096396
0.868012
-0.060697
0.969757
0.385865
-0.447431
-0.233650
-0.237430
0.108478
0.902990
-0.299520
0.782456
0.042027
-0.464500
0.117807
0.390557
0.822486
0.603529
0.597898
-0.824465
0.417446
-0.360728
-0.179417
-0.591958
-0.536608
0.897134
-0.723379
0.888839
-0.460818
0.499772
-0.390133
-0.271535
-0.600856
-0.498907
0.998385
0.621434
-0.600264
-0.678322
0.352092
-0.971671
-0.036774
-0.735107
0.865019
-0.328939
-0.103449
-0.162624
0.238811
0.779061
-0.091099
-0.010580
0.094035
-0.496702
0.126426
0.285553
0.450643
0.565190
-0.582844
0.822223
0.658371
0.848728
-0.363085
-0.028466
0.671993
0.167000
0.613669
-0.275435
0.783993
-0.000163
-0.414656
0.772412
0.001906
-0.189498
0.973471
0.131195
-0.196336
0.198012
-0.039900
-0.066665
0.588907
-0.232624
-0.114598
0.189560
-0.884315
-0.459643
0.381877
0.758905
0.636321
-0.423797
-0.233805
0.400187
-0.818947
0.748052
-0.359780
-0.996497
-0.771221
0.078718
-0.263677
-0.143384
0.654772
-0.451911
0.432873
-0.601324
0.042667
-0.462976
-0.188947
0.979781
0.273995
-0.963797
-0.110279
0.653579
0.699489
0.006951
-0.792269
-0.076962
0.135172
0.305824
-0.417759
0.471563
0.452188
0.736834
-0.133811
-0.592562
-0.044954
0.139457
0.210856
-0.366698
-0.601176
0.818977
-0.259569
0.214983
0.637371
0.210568
0.653789
0.212314
-0.354470
0.624203
0.919064
0.081257
-0.434216
-0.442585
-0.391367
0.100787
-0.008918
0.436617
0.304689
0.843939
-0.260793
0.349487
-0.686519
0.624912
0.022784
0.543807
0.486705
-0.886110
0.706132
-0.172315
-0.063401
-0.571542
-0.224776
0.589343
0.830450
0.199453
-0.606102
0.527866
-0.794831
-0.601979
0.493375
-0.717201
0.633179
0.647503
-0.757684
0.433111
-0.723011
0.750542
-0.842805
-0.423898
0.354738
-0.924712
-0.906510
0.150219
-0.725173
-0.166701
-0.956988
0.673022
-0.295311
0.577513
0.858353
-0.060453
0.768229
-0.533087
-0.012212
-0.216821
0.480986
-0.124478
-0.936158
0.921623
-0.973077
-0.867128
0.681143
-0.890586
-0.278990
0.606669
0.430152
0.821473
-0.884296
-0.825956
0.679214
-0.368520
-0.128163
-0.421514
0.301145
-0.603027
0.722173
0.344053
-0.564002
-0.789429
0.142741
0.414705
0.425142
0.009397
0.371723
-0.252292
0.386076
-0.083819
-0.659379
0.668357
-0.743048
-0.272109
-0.865364
-0.172836
-0.873059
-0.107347
0.911137
-0.129927
0.469859
-0.910663
0.992903
-0.716753
0.595709
-0.366891
0.186767
-0.433903
-0.409197
-0.818233
0.148968
-0.985887
-0.199904
0.039217
0.907486
0.554243
0.301260
0.197781
-0.108707
0.637096
-0.162460
0.217518
0.175517
0.848900
0.688805
-0.100515
-0.187735
-0.327227
0.076761
-0.202794
-0.513681
0.142167
0.224612
-0.358446
0.764026
-0.993534
-0.221685
0.588957
0.090466
-0.851822
0.139137
0.207134
-0.133370
0.598616
-0.530336
0.578231
0.524690
0.789690
-0.426872
-0.790991
-0.751074
0.990605
-0.316603
0.084724
0.066038
-0.582721
0.142375
0.011726
-0.406478
-0.314219
-0.446957
0.850159
-0.443082
-0.474124
0.376254
0.298526
0.728823
0.506986
-0.855909
0.817983
-0.648299
0.700014
0.330837
0.834960
-0.176336
0.341052
-0.319187
-0.880396
0.791727
0.160545
-0.397611
0.553109
0.562419
0.443367
0.440170
-0.263572
-0.895183
-0.122173
0.795307
0.401529
0.793368
0.319360
-0.395810
0.373757
-0.206422
0.255911
0.499357
0.180356
0.960590
-0.832693
0.608164
0.607861
0.529300
0.721328
0.955844
-0.097818
-0.387588
-0.295955
-0.632917
-0.331595
-0.453930
-0.281971
0.585431
-0.349619
0.209327
0.148401
0.727642
0.962971
0.594594
-0.471407
0.163454
0.528756
0.282653
-0.823430
-0.531635
0.417302
-0.303882
0.263270
-0.993336
-0.188549
0.230640
0.624248
-0.740838
0.397361
0.266979
0.591388
-0.326297
0.372694
-0.206391
-0.389074
-0.577547
0.901088
0.333608
0.624830
-0.799850
-0.204227
-0.936432
0.390404
0.838930
0.005178
0.195848
0.434777
0.814432
-0.394670
-0.993188
-0.321436
0.163310
-0.442630
-0.953191
0.686771
0.989798
-0.930172
0.656370
0.466332
-0.749786
0.802763
0.589632
0.591619
0.534485
-0.384372
0.107983
0.520933
0.577074
0.899595
-0.693081
0.826442
0.962858
-0.876057
-0.624627
-0.324165
-0.733760
0.873760
-0.994721
-0.133056
-0.375536
-0.266978
-0.300928
-0.974091
0.930999
0.068377
0.962980
0.641507
0.066352
0.069991
-0.631690
-0.074292
0.427211
0.792639
-0.557774
0.852599
0.409264
-0.876640
0.234237
0.947926
-0.146954
-0.848437
-0.119666
-0.369035
-0.380124
0.854619
0.065990
-0.261652
-0.828657
0.393753
-0.994950
0.689767
-0.754454
-0.351647
-0.948553
0.317340
-0.679254
-0.176368
0.019701
-0.826236
0.419927
0.653112
0.055790
0.176811
-0.040832
-0.824150
-0.045931
-0.698781
-0.406283
0.206592
0.655365
-0.623147
-0.339022
-0.583991
0.821489
-0.490913
-0.054312
0.175827
-0.346100
-0.155229
0.845888
0.535236
0.003632
-0.346499
0.688809
-0.944281
0.130486
0.837648
0.760843
-0.450399
0.222735
-0.908491
0.224310
-0.167264
0.736669
0.905217
-0.561321
-0.119114
-0.751811
-0.650596
0.172764
-0.096047
-0.878511
-0.157562
0.249282
0.604671
-0.911883
0.068635
-0.708930
-0.406754
0.499291
-0.027535
0.086833
0.085492
0.720679
0.475217
-0.683912
0.720125
0.362998
-0.388659
0.773706
-0.078372
-0.499379
0.568184
0.164215
-0.511775
0.780922
-0.818739
-0.891532
-0.519311
-0.621479
0.996762
0.428113
0.139655
-0.707031
-0.050680
0.749254
0.260373
0.373718
0.274222
-0.564102
0.447089
0.775508
-0.279997
0.205300
0.178861
0.036004
0.145061
0.348114
-0.069327
0.109037
-0.677686
0.361935
-0.246361
0.740213
-0.376568
0.658726
0.157361
-0.307995
0.178502
-0.333074
-0.167868
-0.413493
-0.477039
0.232633
0.074354
-0.537983
-0.571240
-0.061125
0.972077
0.637183
-0.244679
-0.035849
0.685895
-0.931653
0.544288
-0.525344
0.169900
0.472345
-0.494772
-0.917901
-0.686220
0.564279
0.460328
-0.991342
-0.083865
-0.120929
-0.943717
-0.278710
-0.501009
-0.575193
0.421494
0.050934
0.603179
0.184090
0.570773
-0.067705
-0.539989
-0.946171
0.152489
0.665590
-0.634005
0.555686
-0.595016
-0.661944
-0.755462
-0.593632
-0.575141
-0.807838
0.947762
0.312547
-0.658929
0.705153
-0.457830
-0.787383
0.151466
-0.665811
0.682437
-0.283712
-0.515061
-0.838968
0.900101
0.451021
-0.956313
-0.757207
0.743917
0.709127
-0.114456
-0.950833
0.211070
0.233516
0.300425
0.532948
0.239463
-0.688476
-0.993416
0.127354
0.378587
0.011874
0.623309
-0.677234
0.730057
-0.286991
0.445329
-0.095386
0.045489
-0.610291
0.692159
-0.460561
-0.594366
0.482274
0.455790
-0.133442
0.682412
0.293520
0.514772
-0.770675
-0.368183
0.826744
0.665457
0.314761
-0.599829
-0.771571
-0.256818
-0.364137
0.347618
0.006004
0.645180
0.971879
0.906937
0.743446
-0.703411
-0.231551
0.511110
-0.089526
-0.709756
0.116420
0.242959
-0.315356
0.606271
-0.628308
-0.408988
0.833631
-0.354954
-0.996863
-0.010423
-0.234775
-0.623475
-0.738126
-0.315022
0.239076
-0.909109
0.818389
0.126027
0.034686
0.073392
-0.059135
0.682131
0.205592
0.289611
-0.803998
0.009643
0.402962
0.814210
-0.152024
-0.642294
0.856006
-0.221991
0.055822
0.318474
0.672693
-0.814927
0.920979
0.725758
-0.396686
-0.604686
-0.026456
-0.267526
0.859298
0.110215
0.642736
0.460459
-0.687169
0.089047
0.808362
0.775363
-0.740057
0.405076
-0.340516
-0.426467
0.376325
-0.535342
0.194271
-0.338856
0.383507
0.441615
-0.279185
0.516452
0.938805
0.695842
-0.945666
0.462824
0.485621
-0.993364
0.888063
-0.709093
0.340797
0.987096
0.715975
-0.945101
0.519442
0.976094
0.272833
-0.065629
0.089205
0.429306
-0.025388
-0.390809
-0.905743
-0.791794
-0.956809
-0.868165
-0.162386
-0.933828
-0.568651
-0.304206
-0.406607
0.516438
-0.771530
-0.433547
0.428976
0.037265
0.145224
0.352914
0.348160
0.359736
0.731769
-0.542163
-0.905262
0.118561
-0.084581
-0.568165
0.674307
0.985319
0.824072
0.989124
-0.816096
0.094347
0.185138
0.003654
0.636117
0.554654
0.136464
-0.158339
-0.074059
-0.888479
0.797025
-0.130951
0.996454
0.601985
0.118248
0.472876
0.599186
0.092949
-0.961602
0.808174
-0.161345
0.209428
-0.997862
0.752805
0.430914
0.359115
-0.743426
0.998340
0.304928
0.802260
-0.193849
0.831223
-0.163946
-0.244855
-0.467757
0.980408
-0.311188
-0.686159
0.128078
-0.959171
-0.293059
-0.200533
0.644555
0.859604
0.727113
0.276382
-0.643791
-0.725041
0.537895
0.630672
-0.375169
-0.455676
-0.779567
0.377097
-0.616326
0.925427
0.821259
0.395501
-0.030352
0.725729
0.722843
0.755527
-0.737984
0.796333
-0.908324
-0.768013
0.190249
0.112139
0.954872
0.005276
0.027786
-0.246974
-0.353888
0.647035
0.319978
0.308615
-0.698901
0.275875
0.808771
0.695555
-0.520197
0.019631
-0.705162
-0.500935
0.374824
-0.746794
-0.121103
-0.343702
0.123438
-0.163429
0.437078
-0.133358
0.280223
0.298415
-0.005829
0.657266
0.878926
-0.298771
0.420314
-0.487205
0.648573
0.916977
0.455908
-0.952158
-0.838541
-0.340408
-0.008272
0.151943
0.049127
-0.136134
-0.040653
0.133351
0.166598
-0.328255
-0.276501
0.483929
-0.871434
-0.402531
-0.381418
0.614064
-0.743417
-0.976501
-0.770503
0.287208
-0.367332
-0.104193
0.680148
-0.852883
-0.142699
-0.934633
0.770166
-0.718622
0.103758
0.849352
-0.975461
-0.816840
0.111792
-0.113857
0.646524
-0.242141
-0.213664
0.522822
0.610402
-0.602804
-0.795767
-0.159285
0.078405
-0.737371
-0.355678
-0.920294
0.282830
0.358466
-0.164781
0.248642
0.913396
0.241180
0.479748
-0.878848
0.030869
0.328908
0.230435
0.375196
-0.960845
0.126352
0.187219
0.420661
0.732971
0.720397
-0.759537
0.839887
0.008560
0.278911
0.853916
-0.482358
0.352585
-0.852412
-0.645711
0.387719
-0.432364
0.614812
-0.153745
0.797921
0.651797
-0.766866
0.695617
0.787326
0.707105
-0.721405
-0.601149
0.051142
0.258767
0.072637
-0.870486
0.583312
0.932590
0.088038
0.985751
0.382178
-0.329301
0.741155
0.673210
-0.540082
0.634274
0.253856
-0.678271
0.169656
0.631827
0.581008
-0.813211
0.812090
0.307271
0.288138
-0.879151
0.787436
0.899956
-0.095480
-0.614260
-0.109576
0.422898
-0.029185
-0.327240
0.613181
0.231536
0.327981
-0.191417
-0.920081
-0.121109
-0.780942
-0.816676
0.916209
-0.748870
-0.308468
-0.829488
-0.301818
-0.953697
0.752591
0.563356
0.118579
0.266040
-0.920007
0.256251
-0.429424
0.284405
-0.833897
-0.397509
0.614773
0.494462
-0.132140
0.981903
-0.790984
0.378764
-0.109428
0.503321
-0.746392
0.222288
-0.959445
0.648320
0.636227
-0.492992
0.992583
-0.384216
0.824176
0.705892
0.650895
-0.054676
-0.960098
0.157251
0.096058
-0.083863
0.557308
-0.082878
-0.409724
0.189326
-0.907513
0.137705
-0.322966
-0.261826
0.786371
-0.529213
-0.238019
0.562975
-0.454619
-0.018702
-0.749260
0.904434
0.927598
0.524356
-0.910721
0.511293
0.984900
0.791389
-0.177293
0.617954
0.322222
-0.399413
0.101567
-0.994965
0.671485
0.842952
0.314202
0.863274
-0.469875
0.133421
-0.865572
-0.037298
0.095975
0.846582
-0.190959
-0.962065
0.286328
0.675958
0.645376
0.753092
-0.302097
0.799091
-0.816718
-0.609063
-0.478672
0.228251
0.706020
0.653173
0.427244
-0.857781
0.765722
-0.733031
-0.688210
-0.382686
0.463629
-0.601786
-0.727813
0.144252
0.719218
-0.220248
0.800881
0.254403
-0.139820
0.402344
0.869518
-0.412672
-0.701592
-0.583783
-0.824004
0.570906
-0.475582
-0.068317
0.854714
0.440200
0.185358
0.948325
-0.648040
-0.976968
0.503420
0.539866
0.054949
-0.196490
0.148669
-0.578923
-0.860309
-0.385884
-0.284568
0.298223
-0.724965
-0.890877
0.844372
0.492263
0.465820
-0.879088
-0.639266
-0.390032
0.095183
0.525729
-0.858221
-0.241416
0.163506
0.675616
-0.090345
-0.598308
-0.393588
0.250980
0.208273
0.172912
0.997700
-0.686119
-0.954730
-0.074223
-0.734328
0.450996
0.544214
0.459851
-0.050963
-0.933915
-0.565762
-0.121279
0.835452
-0.554031
0.119889
0.898555
0.426129
-0.907434
0.096034
-0.162621
-0.899734
0.440830
-0.885878
-0.941325
-0.637363
0.716898
0.282131
-0.040761
-0.152911
-0.404737
-0.574865
-0.189203
-0.590448
-0.592700
-0.887888
-0.402841
-0.692647
0.583763
-0.867655
0.542831
-0.439086
-0.273230
0.252367
-0.336901
0.842558
0.076377
-0.901903
0.068906
0.437576
0.996758
0.030795
-0.330484
0.381465
0.352405
0.005958
-0.111875
-0.780158
-0.178229
0.989890
0.348114
-0.922425
0.327859
0.175426
0.132107
-0.002751
-0.629546
0.779318
-0.814477
-0.871933
-0.952779
0.209399
0.183929
-0.229766
-0.488615
0.132929
0.448359
-0.057931
0.070994
-0.322252
-0.481419
-0.277202
-0.765398
-0.947845
-0.390176
-0.265159
0.602118
0.926233
-0.446549
-0.986980
0.869380
-0.102583
-0.363164
-0.024931
-0.628729
-0.930138
0.487728
0.979581
-0.206822
0.121190
0.204744
-0.213666
0.564326
0.939157
0.803487
0.163243
-0.837729
0.933031
-0.065911
-0.021129
0.275170
-0.023808
-0.262679
-0.991419
-0.867832
0.128222
-0.759253
-0.102254
0.772060
-0.568796
0.281030
-0.127692
-0.184546
-0.841042
-0.369319
-0.088187
-0.982062
-0.951432
0.913171
-0.235163
-0.662582
-0.400750
0.383998
0.291378
-0.359991
-0.614907
-0.952531
0.581352
-0.651661
-0.149094
0.408494
0.788078
0.206928
-0.935358
0.249502
-0.383072
0.377254
-0.448751
0.388018
-0.779437
-0.330795
0.250855
-0.280924
0.878162
0.636245
0.317457
-0.867906
-0.856983
-0.947989
-0.309717
0.300301
0.623634
0.992140
-0.033067
-0.070548
-0.104744
-0.355395
-0.744329
0.314359
-0.093456
-0.612684
0.358523
-0.544781
-0.912661
0.805699
-0.636229
0.489264
0.382145
0.427650
0.189376
-0.862094
0.441007
0.828207
0.931267
0.820447
0.220274
0.080367
0.734392
0.350824
0.669327
0.519030
-0.217307
-0.989099
-0.763142
-0.641007
-0.984975
-0.051150
-0.723048
-0.475751
0.243804
0.156459
-0.534135
-0.187249
-0.199083
-0.636557
-0.275210
0.543362
-0.809426
0.764358
-0.881273
-0.495652
-0.874784
-0.312646
-0.773854
0.042517
-0.338721
0.801926
-0.258768
0.853024
0.307029
0.223737
0.869164
-0.664933
0.885749
-0.467914
0.348940
-0.811561
0.969512
-0.568154
-0.441141
-0.348438
0.805467
-0.934013
0.102197
-0.439871
0.387467
0.803688
-0.560041
-0.147171
-0.293400
-0.595110
0.332858
0.905267
-0.692402
-0.415898
0.940479
-0.954979
0.265974
-0.738732
-0.653672
-0.904899
-0.839646
-0.491033
-0.132726
-0.582638
-0.572629
0.213171
0.593091
-0.456192
-0.003012
-0.556954
-0.944453
0.369509
-0.263556
0.116886
-0.337310
0.798284
0.100768
0.419973
-0.668611
-0.178085
0.147961
-0.907351
-0.320973
-0.427615
-0.395630
-0.931312
0.497955
0.452590
0.022188
-0.435516
-0.362448
-0.833961
-0.186580
0.033453
0.686642
-0.556596
-0.792758
0.449063
-0.535833
0.039552
-0.137785
-0.601568
0.095924
0.899196
-0.370961
-0.492768
0.937770
-0.832390
0.302318
0.082041
-0.543142
-0.781383
-0.202916
-0.782790
-0.627744
-0.772865
0.929086
0.637852
-0.298961
0.206158
0.502483
0.556551
-0.709159
0.069252
0.595706
0.472267
0.241774
-0.018937
-0.634654
0.774688
-0.154615
0.592302
0.053890
0.725937
-0.033638
0.193655
-0.514834
0.462899
0.800911
0.153978
-0.453397
0.079434
-0.104089
0.300238
-0.093252
0.693302
-0.779913
0.360628
-0.785175
0.976073
0.613284
-0.841265
0.401609
-0.173921
0.978238
-0.260507
-0.150833
-0.267054
-0.570870
-0.832995
0.196454
-0.986089
0.718724
0.508355
-0.704518
0.512109
-0.411452
0.176863
0.584475
0.482379
-0.165848
-0.449874
-0.936933
-0.303397
0.357517
-0.638534
0.915210
0.613661
0.456423
0.895560
0.497103
-0.830913
-0.826639
0.092871
-0.280544
0.125616
0.164300
-0.256417
-0.563193
0.212772
0.043447
0.867043
0.617596
0.735863
-0.248863
-0.795789
-0.368556
-0.349698
-0.686941
0.312637
-0.971506
-0.995776
0.918266
0.414509
0.433408
0.395062
0.309411
0.411525
0.710678
-0.873801
-0.017365
-0.574810
-0.637186
-0.925850
0.348958
0.609626
-0.851300
-0.160476
-0.015018
-0.129175
0.074323
-0.257164
-0.420306
0.517874
-0.720815
-0.507431
0.543377
-0.066341
-0.315616
0.968701
0.307910
-0.971721
-0.981866
-0.772455
0.605014
0.511592
-0.676251
0.845155
-0.497123
-0.571626
0.413005
-0.235888
0.468059
0.237927
0.147739
-0.429540
-0.927486
0.180175
0.491420
0.645249
0.331305
-0.055591
-0.778537
-0.545620
-0.177886
-0.003406
-0.810017
0.474784
0.857695
0.697791
0.424943
-0.895500
-0.408612
-0.030441
0.491641
0.625697
-0.103960
0.276041
-0.284627
-0.794578
-0.202419
0.313464
0.311365
-0.850120
-0.725418
0.085006
0.760416
-0.198297
0.177710
0.634561
0.280731
-0.972975
-0.794756
0.211046
-0.052238
-0.779620
-0.365273
-0.693135
0.728309
-0.453631
0.181279
0.611656
-0.846523
0.659773
-0.297300
0.228842
0.674570
-0.997950
0.682479
-0.565645
0.741825
0.560258
-0.779313
-0.904551
-0.711327
-0.391003
0.934149
-0.329238
0.126648
0.987838
-0.241406
-0.582317
-0.390998
-0.200286
0.119245
0.935593
0.129933
0.096884
0.107963
0.486508
0.143919
-0.736669
-0.654163
0.697698
-0.791131
-0.358783
-0.794456
-0.033651
0.597357
-0.715770
-0.071809
-0.019891
-0.165406
-0.730482
0.758765
-0.869506
0.135933
0.728714
0.636647
-0.351841
0.576282
-0.170544
0.187294
-0.639699
-0.863956
0.341807
-0.068297
-0.223148
0.070287
-0.858049
-0.334828
-0.021829
-0.827327
-0.989818
0.897118
-0.958593
0.770729
0.108089
0.523069
-0.802715
-0.123924
0.941893
0.028229
-0.399552
-0.449359
0.510077
-0.487893
-0.479848
0.541695
-0.173014
0.355507
0.167849
-0.532553
0.932157
-0.223522
0.457842
0.622921
-0.878717
0.163390
0.259756
0.656433
-0.191196
0.303155
-0.374658
0.569875
-0.054214
0.557523
0.214252
-0.179445
-0.874055
-0.530703
-0.036339
0.706128
0.355645
0.095411
-0.233645
0.664702
0.272908
0.602078
-0.992550
-0.437490
0.128290
0.332236
0.940558
0.657172
0.710013
0.357043
0.830006
0.719300
-0.013083
-0.203709
-0.150914
0.722178
-0.751920
0.541288
0.227674
-0.845826
-0.503465
-0.364842
-0.226826
-0.894383
-0.680925
0.639674
-0.305970
0.609877
-0.160610
-0.778319
0.499952
-0.523157
0.964565
-0.436861
0.455247
-0.897192
-0.874906
-0.387248
-0.650937
-0.871419
-0.818372
0.610834
0.015712
-0.032221
-0.093497
-0.658329
-0.692295
-0.072096
0.249627
0.261317
0.036960
-0.919210
-0.468236
0.291953
0.151937
-0.903399
0.051701
-0.202076
0.802506
0.373386
0.789073
0.628359
0.809172
-0.191330
-0.854881
-0.809936
-0.448979
0.693711
0.609845
0.978367
-0.124204
0.340124
0.563567
-0.462076
0.059214
-0.947399
0.698586
0.957995
0.297466
-0.366826
-0.261292
0.557249
0.933738
-0.573452
0.191297
0.745001
0.107509
0.881229
-0.231293
0.594172
0.134434
-0.370661
-0.307493
-0.430347
0.224881
0.095599
0.261755
0.153759
-0.546853
0.546027
0.113820
0.316507
0.914866
-0.150161
-0.811052
0.469355
-0.280238
-0.212592
-0.144373
0.936230
-0.385539
0.414322
0.121750
0.898995
-0.406645
0.375711
0.713952
0.432665
0.742550
-0.364675
-0.841599
-0.078052
-0.945631
0.797478
0.421144
-0.602114
-0.038011
-0.106268
0.695645
0.220658
-0.308430
0.571339
-0.411305
-0.226912
0.840262
-0.763309
-0.294581
0.448405
-0.305138
-0.232530
0.353080
0.279036
-0.406371
-0.968205
-0.186580
0.610288
-0.488008
0.813034
0.288847
0.854886
-0.644066
-0.075900
0.059808
0.194518
-0.870905
-0.168979
-0.602396
0.335949
0.834816
0.447878
0.837093
0.830529
0.404168
-0.799717
0.436877
-0.620925
-0.626826
-0.981741
-0.441873
0.259730
-0.768043
-0.715213
-0.212235
0.776383
-0.074000
0.636218
-0.657232
-0.283959
-0.549612
-0.850279
0.333633
0.171839
0.595910
0.399126
-0.114587
0.261657
-0.069009
0.587870
-0.568867
-0.583554
-0.023781
-0.463614
0.547574
-0.611340
0.942623
0.765437
0.694981
-0.998776
-0.699972
0.824455
0.999751
0.874416
-0.900397
0.737916
0.194338
-0.137239
0.745755
-0.894926
-0.216405
-0.784952
0.246196
0.256785
0.323516
0.468289
-0.323229
-0.803356
0.861265
-0.844912
-0.819222
-0.494174
0.811590
-0.453008
-0.374695
-0.362473
0.326162
0.531122
0.068484
0.861888
-0.058123
-0.023472
0.746726
-0.917447
0.376364
-0.599751
-0.722289
-0.770203
0.183779
0.067381
0.693543
-0.616961
-0.098172
0.761355
0.489915
-0.782421
0.214648
0.483704
-0.345691
-0.686046
-0.549348
0.930549
-0.282887
0.489865
-0.239587
0.229921
0.673629
-0.543027
-0.815903
-0.346276
-0.474076
-0.147989
0.939723
-0.594197
-0.394327
0.969289
-0.673282
0.490677
-0.886899
0.590101
-0.783220
0.051248
-0.474309
0.263708
0.119992
0.723003
0.681339
-0.548706
0.401891
-0.851989
0.458944
0.312514
0.837632
-0.163423
-0.899991
0.055449
-0.105955
0.866540
0.222660
0.519609
-0.592877
0.683520
0.744734
0.650468
0.502064
-0.802024
0.631689
0.626367
0.470660
0.539934
0.014359
-0.935123
-0.462628
0.330362
0.428488
0.138838
0.135753
-0.649947
-0.108000
-0.008304
0.814466
0.744745
-0.618884
0.572448
-0.456046
0.753229
-0.395890
-0.251725
-0.003934
-0.784268
0.880963
-0.232862
-0.730562
0.007273
-0.288449
0.759158
-0.568338
-0.444004
-0.447102
-0.054233
0.139065
0.331685
0.139566
0.481754
0.114381
-0.747398
-0.513230
-0.220564
-0.465803
0.765629
-0.109293
-0.271185
-0.569048
-0.673445
-0.525327
-0.666707
-0.773164
-0.543789
-0.799123
-0.799350
-0.756009
0.157660
0.873339
0.188339
0.698346
0.339641
-0.726301
-0.052843
-0.660488
0.722877
0.332859
-0.425803
0.001461
0.917869
0.146446
-0.647548
-0.538007
0.399187
0.772106
0.491997
-0.098451
0.293244
0.247069
-0.939262
-0.153226
-0.167934
0.244384
-0.724352
0.386755
0.180342
0.742288
0.231649
0.551562
-0.081524
0.199132
0.222245
0.736350
0.230816
-0.769650
-0.444721
-0.134759
-0.487095
-0.775986
-0.143682
0.310765
0.684615
0.181539
0.974632
-0.205048
-0.467272
0.479400
-0.807562
0.229150
-0.868791
0.144245
0.421436
-0.148289
0.368873
0.035203
0.271930
0.309550
-0.898071
0.254025
-0.169863
-0.092235
0.557129
-0.047473
-0.622758
-0.144897
-0.761620
-0.770514
0.625101
-0.160481
0.440124
0.771574
-0.933594
0.408157
0.297423
0.553825
-0.562654
0.023494
0.015142
0.122109
-0.186285
0.312801
0.539393
-0.139184
0.894005
-0.382769
-0.535706
-0.677663
0.195192
0.832160
0.176529
0.328458
0.958946
0.407252
0.906464
-0.949404
0.466661
0.929019
-0.710627
0.060164
-0.448337
0.537133
-0.964084
0.107685
-0.293533
-0.332714
-0.714516
0.482405
-0.751985
0.056621
0.783212
0.911514
-0.113862
0.972423
-0.317862
-0.571683
0.369494
-0.986347
-0.961060
-0.331406
0.169836
-0.603030
0.992040
-0.162091
0.066550
-0.215814
-0.989733
0.999622
0.670505
-0.560857
0.550219
-0.112140
0.437507
-0.385347
-0.850611
-0.123581
0.301178
0.093925
-0.485240
0.042260
-0.537323
-0.314861
-0.858634
-0.248180
-0.965181
0.094565
0.250681
0.074488
0.226735
-0.384227
-0.827994
0.992902
0.543786
0.039245
-0.711893
-0.402183
0.563105
0.078911
0.525252
0.439645
-0.147118
0.572231
-0.745474
0.952272
-0.903635
-0.924968
-0.099540
0.216964
-0.739244
0.273559
0.722550
-0.632925
-0.350560
0.496665
-0.089364
0.898283
0.734251
-0.958128
-0.144336
0.336334
0.087111
0.869352
-0.212973
0.716718
-0.952458
0.097247
-0.811866
0.295565
-0.734741
0.009987
-0.948750
-0.221985
0.043695
0.027073
-0.532583
0.528918
-0.097332
0.733619
-0.827153
-0.589224
0.266551
0.333742
-0.616291
-0.141009
-0.486855
-0.756904
-0.343072
-0.521019
0.205030
-0.415513
0.249282
-0.256241
-0.648903
-0.457397
-0.515584
-0.262402
-0.213792
-0.255585
-0.464289
-0.361626
0.733800
0.047661
0.375350
0.224126
-0.045689
-0.635430
0.601824
0.967962
-0.484915
-0.871987
0.789307
0.217803
-0.506753
-0.485349
0.216696
-0.010343
0.659939
-0.230999
0.339475
0.444017
-0.901064
-0.569076
-0.188866
0.717724
0.981938
-0.796202
-0.840167
-0.397627
-0.769685
0.716673
0.824301
-0.634256
-0.966669
-0.119154
-0.925809
0.460530
-0.306186
-0.197564
-0.727768
-0.329406
0.899734
0.543927
0.309844
-0.728348
-0.710814
0.093882
0.441894
0.254871
-0.391011
-0.399514
-0.366969
0.941686
-0.315306
0.906708
-0.781255
0.432714
0.082841
0.519038
0.702593
0.646648
0.297230
-0.482138
-0.902409
-0.232716
0.239068
-0.178255
-0.533662
0.743195
-0.345403
0.305360
-0.278980
-0.640177
-0.751875
0.259712
0.470779
-0.108853
-0.759695
0.971261
0.884394
0.581085
0.115831
0.304035
0.504280
-0.625301
-0.894305
-0.487958
0.219428
-0.157894
0.771605
0.318297
0.346497
0.799784
0.037356
0.870746
-0.275932
-0.505440
-0.723536
-0.057667
-0.633570
0.789346
-0.000911
-0.052915
0.666479
0.654312
-0.385005
0.430346
-0.076085
0.740917
0.621887
-0.963297
-0.564324
-0.111387
-0.270411
0.951773
0.129298
-0.693155
-0.330221
-0.721490
-0.518584
-0.854367
0.455709
0.781563
-0.760280
-0.723975
0.519465
-0.314714
0.379639
0.559286
0.667396
-0.943990
0.632236
0.703672
-0.843674
-0.921875
-0.184841
-0.546761
-0.391277
-0.802622
-0.981189
-0.107298
-0.709018
0.802296
-0.185976
-0.198584
-0.873810
-0.133411
0.199873
-0.337706
0.488861
0.133727
-0.446743
0.396569
-0.648180
0.976427
0.740678
0.633505
0.033056
-0.127065
0.688340
-0.745843
0.779001
0.130592
-0.497225
0.053567
0.001262
0.614639
0.232118
0.729169
-0.447142
0.219455
-0.851812
-0.774580
-0.183289
-0.083751
-0.915134
0.776855
-0.510603
-0.629654
-0.279594
0.607417
-0.947535
0.568602
0.285323
-0.921743
0.941676
0.196409
-0.298121
0.348066
-0.860712
-0.374877
0.902065
-0.046967
0.826858
-0.403776
0.845309
0.580056
0.877945
-0.172269
-0.671481
0.942414
0.766482
0.571440
-0.732167
-0.204156
0.896674
-0.769114
0.113029
-0.853079
-0.192342
-0.015474
0.358966
-0.392508
-0.452586
-0.172579
-0.187678
-0.587027
-0.104386
-0.806802
-0.083115
0.352127
0.867968
-0.215688
-0.557997
0.151200
0.438933
0.162802
0.326113
0.312880
0.490331
-0.163383
-0.043184
-0.623411
-0.732563
0.412272
0.887717
0.868067
-0.317771
-0.965209
0.284020
0.394775
0.135681
-0.375057
-0.339103
0.314444
-0.548442
0.056166
0.121723
0.898178
-0.254598
0.570563
-0.239345
-0.164131
0.844282
0.375653
0.965590
-0.598496
-0.663807
0.798519
0.897094
-0.268923
-0.820769
-0.314621
0.439717
-0.333790
0.437132
-0.825468
-0.647416
-0.234311
-0.293689
0.894697
-0.279682
0.777023
0.332491
0.051785
-0.698118
-0.391194
-0.954911
-0.675677
-0.677420
-0.313393
0.128225
-0.276623
-0.689411
0.178370
0.262240
0.121158
-0.472608
-0.842442
0.762429
0.360700
0.027335
0.569033
-0.293967
-0.880252
0.362357
0.808993
0.555834
-0.503131
-0.080203
-0.637820
0.208763
0.314135
-0.596794
0.695383
-0.708468
0.061295
0.521682
-0.047868
-0.879259
0.980067
-0.995255
0.749320
-0.229253
-0.532665
0.421472
0.500880
0.129564
0.092730
-0.157875
-0.087391
0.044483
-0.895520
-0.162938
-0.581125
0.104274
0.186340
-0.836985
-0.508600
0.605883
0.282178
-0.640258
-0.848860
0.531336
0.392219
0.253562
0.600593
0.238655
0.920045
0.197765
-0.180037
-0.269853
0.294871
-0.638148
0.672477
0.149938
0.020204
-0.613848
-0.974416
-0.788940
-0.190683
0.108795
-0.483632
-0.497381
0.996848
-0.940259
0.535115
0.293106
-0.589162
-0.213661
0.735402
0.470418
0.228950
-0.631189
-0.128031
-0.060121
0.256688
-0.519043
0.916170
-0.637893
-0.719910
-0.783666
0.253516
0.952249
-0.232596
-0.430415
-0.841888
-0.674184
0.889050
0.896093
-0.102423
-0.707723
0.901729
-0.590857
-0.020653
0.429247
0.658676
0.871216
-0.508563
0.164518
0.656238
-0.615006
0.987228
0.222967
0.914177
0.275022
-0.380946
-0.672789
-0.610725
0.824551
0.661507
0.449352
0.389928
0.661031
0.562305
-0.403476
0.637708
-0.523516
-0.398625
0.147872
-0.214572
0.761854
-0.168073
-0.521001
0.889585
-0.135186
-0.955918
-0.977468
-0.328959
-0.587258
-0.922561
-0.476958
0.409704
0.558578
-0.850118
0.173671
0.345750
0.137313
0.359847
0.141395
-0.333290
0.528032
-0.729856
0.313259
-0.678981
0.748157
0.948382
-0.996893
-0.742959
0.852211
-0.149591
-0.768836
-0.644695
0.822963
0.217734
-0.827007
0.859430
-0.468115
0.011721
0.692734
0.820696
-0.311989
-0.561172
-0.662636
-0.905526
-0.139436
-0.742255
-0.145688
0.457126
-0.290907
0.264557
0.204794
0.789029
-0.424331
0.227374
0.741754
0.759264
-0.993776
0.405795
-0.074297
-0.619677
0.811111
-0.084391
-0.785321
0.994404
-0.829512
-0.472934
0.684116
-0.180351
-0.292701
0.697539
0.186919
0.300974
0.902698
-0.594268
-0.269163
-0.312774
0.345236
-0.049381
0.505193
-0.761781
-0.390205
-0.881854
-0.835874
-0.455933
-0.435712
0.910032
0.834313
0.342501
0.895235
-0.810977
-0.005878
0.324944
0.267640
0.423802
-0.619448
0.766425
0.164263
-0.675613
0.550413
-0.652561
0.167032
0.004257
-0.641226
0.689220
-0.792225
-0.407266
-0.430499
0.123585
-0.603100
0.551047
0.175333
-0.607249
0.985509
0.902070
0.313928
0.183107
0.997622
-0.703103
0.007895
0.516651
0.446716
0.988885
-0.318903
-0.159321
0.128990
-0.088029
0.889874
-0.500096
0.495069
-0.852837
0.830179
-0.285375
-0.315713
0.585377
-0.499568
0.075116
0.160028
0.189024
-0.586802
-0.379581
0.690272
-0.212334
-0.739511
-0.658236
-0.451157
-0.936102
0.318166
0.961490
0.238864
0.643997
0.384246
0.942172
-0.065555
0.948650
-0.527463
-0.315698
-0.329827
-0.081820
0.128015
0.964137
-0.620075
0.289507
-0.689787
-0.852704
0.796243
-0.160712
0.483397
-0.737806
-0.014241
0.746103
-0.446899
-0.985652
-0.545985
-0.445099
-0.571578
0.082735
-0.083174
0.591293
-0.168262
-0.202299
0.024988
-0.248946
-0.615067
0.706642
0.418748
-0.672334
0.685844
0.242823
0.068604
0.349756
0.151235
-0.057135
-0.190953
0.311293
0.487906
-0.731994
-0.170354
0.215761
0.095330
0.848783
-0.703709
0.813887
-0.586963
0.272371
-0.279174
-0.721222
-0.775500
-0.166539
-0.323157
0.300027
0.828206
-0.355720
0.616502
0.436224
0.342757
0.529904
0.441210
0.993628
-0.935745
0.211609
-0.808866
-0.555460
0.881468
-0.817829
0.538316
-0.572031
0.684569
-0.306429
-0.473505
-0.007699
0.985014
0.293166
0.798844
-0.640224
0.838920
-0.652018
-0.070863
0.538469
0.869353
-0.841986
0.995911
-0.630070
0.731233
0.115264
-0.491591
-0.451674
0.562217
-0.314419
0.276585
-0.451158
0.751828
0.120054
0.450889
-0.486446
-0.031126
-0.780305
0.856517
0.849459
-0.726158
-0.757486
0.849412
-0.747600
-0.200438
-0.764086
0.704293
-0.051520
0.898629
-0.055118
0.203751
0.677662
0.730620
0.922930
-0.182844
-0.508313
0.390840
-0.331716
-0.749201
-0.958548
0.227146
-0.138761
0.341699
-0.642107
-0.636926
-0.447624
0.586698
0.176314
-0.629384
0.279589
-0.323630
-0.934146
-0.613763
0.047828
-0.043246
-0.469973
0.336807
0.328888
-0.286364
0.495703
-0.136663
-0.594368
-0.774226
-0.292259
0.076754
-0.762692
-0.807498
-0.749063
0.523723
-0.370139
-0.057348
0.645618
-0.766728
0.969329
0.190417
-0.653374
0.210416
0.855996
-0.628968
-0.570572
-0.668425
-0.174038
0.737192
0.115595
0.728202
0.827095
0.556531
0.910711
0.863370
0.548059
0.535370
-0.708934
-0.832723
-0.577078
0.319996
0.130209
-0.472347
0.183766
-0.855826
-0.922866
0.151515
0.284449
-0.835890
0.365500
0.402920
0.727980
-0.919048
-0.327793
0.789963
-0.101163
-0.893605
-0.193011
0.146378
-0.628449
0.771993
0.027244
0.179758
-0.133837
-0.427691
-0.188146
0.002619
-0.117069
-0.484564
-0.216491
0.146058
-0.219059
-0.643433
-0.989371
0.611567
0.326760
0.409638
-0.320105
0.837909
0.702071
0.504939
0.301722
-0.085640
-0.389291
-0.131511
-0.803768
-0.554396
-0.053751
0.622004
0.813708
0.070876
0.944713
-0.865710
0.143006
-0.365038
0.406683
0.483632
-0.314955
0.624654
0.896613
-0.630095
-0.484421
0.368700
-0.932845
0.897201
-0.528639
-0.565419
0.234610
-0.168462
0.010374
0.080611
-0.730203
0.658455
-0.494558
-0.900267
-0.342438
0.110173
0.225096
-0.994768
0.597590
0.410864
0.063863
-0.256385
-0.722922
-0.442496
-0.331234
0.104889
0.110427
0.603407
0.637377
0.771889
-0.417640
-0.665702
-0.670063
-0.089799
-0.942062
-0.862816
-0.423193
-0.040885
-0.525748
-0.415156
-0.779747
0.547918
0.859604
-0.495383
0.970895
0.561682
-0.850497
-0.750834
-0.896880
-0.932979
-0.623089
-0.522032
0.215205
-0.181573
0.219958
-0.121599
-0.224549
-0.906413
-0.322803
-0.999029
0.287850
0.695957
0.882631
0.439367
0.377940
0.490502
0.312424
0.381204
0.138417
-0.880665
-0.639117
0.871782
0.661788
-0.807599
0.642319
-0.839941
0.916598
0.253405
-0.555224
-0.933284
-0.174923
-0.954528
-0.005813
0.004831
0.505477
0.561650
-0.253873
-0.246370
-0.368093
-0.294104
-0.113046
0.510257
-0.464070
-0.549205
0.519089
0.814923
0.276597
0.215517
0.979145
-0.114038
-0.208266
0.227697
0.202647
0.938121
-0.090973
-0.464224
-0.020031
0.472843
-0.215632
-0.708865
-0.714311
0.847575
-0.461876
-0.891794
-0.777248
0.937303
0.230518
0.741147
0.031606
-0.576068
0.532463
-0.742393
-0.255289
0.416078
0.933977
-0.348888
0.767213
0.259972
0.755314
0.005249
0.152332
-0.367716
-0.294758
0.739882
-0.752849
-0.928633
-0.176470
-0.806211
-0.786187
0.330197
0.552041
-0.257327
-0.731419
0.790018
0.938228
-0.342944
-0.894328
0.210657
0.097817
0.811800
-0.542607
-0.429220
-0.122463
0.378514
-0.390713
0.308621
0.241084
-0.555415
-0.390327
-0.190562
-0.688748
0.867606
-0.786412
-0.895797
-0.292337
0.533131
0.039885
0.719606
-0.311410
-0.933041
0.122595
-0.060725
-0.532122
0.309527
-0.416990
-0.042145
0.787861
-0.638393
0.116373
-0.654138
-0.995844
-0.235247
0.070247
0.610276
0.769235
-0.704037
0.182657
-0.751210
0.362011
0.212749
0.478686
0.896574
-0.184262
0.532818
0.792480
-0.311825
0.004517
-0.183137
0.056298
0.619004
-0.476149
-0.277981
0.193221
0.410472
0.638944
-0.617380
-0.117758
-0.122279
-0.300688
0.840144
-0.935255
0.859749
0.922766
-0.699599
-0.970027
0.124958
0.531476
0.124762
-0.844625
0.827800
-0.709243
-0.141684
-0.346926
-0.813723
0.923357
-0.797954
-0.827197
-0.774451
0.950394
-0.629905
-0.825896
0.051987
0.621842
0.485974
-0.434245
0.711201
0.120600
0.946875
-0.745552
-0.420319
-0.039578
-0.086645
0.750706
-0.174241
-0.219914
0.341008
-0.588496
0.178947
-0.708394
0.095174
0.560783
-0.449342
-0.438224
-0.823364
-0.933901
0.339349
-0.261021
0.236439
-0.609130
-0.341094
0.331857
0.415919
-0.851116
-0.621587
0.351245
0.782157
0.485634
-0.861056
-0.734035
0.795011
0.861790
0.553394
-0.615208
0.569495
0.411099
-0.662026
0.977446
-0.918614
0.660189
0.518729
-0.433221
0.369218
-0.538928
0.083363
0.321355
-0.238811
0.486964
0.964413
-0.839566
-0.423844
0.390933
-0.525861
0.916277
-0.274873
-0.321015
0.559190
0.900486
-0.390330
0.870733
0.387810
-0.150796
0.917322
0.995640
-0.600722
-0.628691
-0.250287
0.937528
0.408290
-0.900923
-0.970660
-0.050352
0.201520
-0.289316
0.830146
0.385306
0.744314
0.327950
0.627036
-0.406543
-0.147063
-0.712859
0.742168
0.399739
0.602669
0.445920
0.120148
0.552477
-0.109650
0.654465
0.745977
-0.180440
0.407645
0.761863
-0.102703
-0.157638
0.774424
0.541124
0.248146
-0.909186
-0.434795
0.209731
-0.896541
-0.750386
-0.793358
0.319713
0.012644
0.312454
-0.179177
0.832167
0.053691
0.588114
-0.713783
0.376352
0.107264
0.814900
0.898188
-0.809476
-0.503664
-0.841243
-0.596824
-0.562053
0.568713
0.262971
0.847854
0.268244
0.111070
0.836621
-0.461729
-0.779067
0.770560
0.160207
0.595335
-0.215988
-0.519399
0.391737
-0.576027
-0.260194
0.652302
0.682925
-0.793013
0.238549
-0.090287
-0.295631
0.560144
0.248175
0.437058
0.753636
-0.158782
0.750746
-0.594339
-0.001575
0.650187
-0.127866
0.577210
-0.569325
-0.711107
-0.002626
0.016090
0.722401
0.973132
-0.924307
-0.661512
-0.544164
0.802984
-0.436107
-0.491433
0.213996
0.773190
-0.100901
-0.843283
0.141585
0.284363
0.706584
-0.963601
0.295708
0.381671
-0.444214
-0.258315
-0.481652
0.264726
0.563738
-0.781866
-0.830879
-0.230347
-0.219230
0.896495
0.545864
-0.952885
0.017344
0.815041
-0.052292
0.039753
0.253746
0.504098
-0.570877
-0.152567
0.831636
-0.987954
-0.878516
0.927558
-0.391621
0.708232
-0.307479
0.984045
0.275006
-0.108060
-0.899801
0.904266
-0.205324
-0.994510
0.241688
0.790117
0.289787
0.437193
0.540303
-0.566567
-0.993439
-0.004920
-0.478835
-0.692793
-0.388626
0.599978
0.088721
-0.531858
0.642987
-0.057256
-0.703375
-0.965714
0.372241
0.027647
0.446710
-0.214936
0.039389
-0.938006
-0.850957
0.007316
-0.513890
0.794835
-0.993166
-0.151110
-0.185771
-0.473606
0.710435
0.458250
0.002585
-0.264877
0.219147
-0.701933
-0.440916
0.706775
0.967523
-0.824325
0.392478
-0.024054
-0.615009
-0.839170
0.322545
0.749561
0.998372
-0.705202
0.322115
0.322223
0.216223
0.147526
0.708872
-0.064697
0.055048
0.350584
-0.456079
0.216039
-0.119415
0.668063
0.001446
-0.343421
0.697929
0.191013
-0.720648
-0.986236
-0.597255
-0.680527
-0.018708
-0.453502
-0.634159
0.042678
0.999898
0.701043
0.476301
0.154962
0.342697
-0.527824
-0.463691
0.446838
-0.568930
0.839919
0.760498
-0.161087
-0.914850
-0.215788
0.063391
-0.393376
-0.514139
-0.905003
-0.898481
-0.263463
-0.158593
-0.606467
0.904154
-0.502193
0.622603
0.784907
0.968528
0.107781
0.831112
0.580367
0.321587
-0.036567
0.762938
-0.893717
0.730069
0.475742
0.873348
-0.228996
0.352617
0.890619
0.943619
0.918274
-0.164376
0.212246
-0.934282
0.432020
0.674016
-0.025410
0.513527
0.292695
0.152368
-0.293680
0.227141
-0.681342
0.905635
-0.515820
-0.918490
-0.891283
-0.306528
0.382027
0.777620
0.359155
0.140581
-0.710090
0.507852
0.697591
-0.447325
0.645954
0.138597
0.741329
-0.107422
-0.118445
0.833709
0.810148
0.455879
0.648208
0.796774
-0.698247
0.566779
0.092737
0.146186
0.685530
-0.853627
0.315047
-0.017515
0.840337
0.372607
-0.248611
0.357898
-0.829881
-0.141951
0.497505
-0.975337
0.880527
0.789269
0.904117
0.043866
-0.449640
-0.209483
0.119609
0.433588
0.136454
0.956882
0.378304
0.933311
0.201859
0.384953
0.429288
0.678200
-0.447201
-0.310008
0.714870
-0.497619
-0.129491
0.982518
-0.982834
-0.880393
-0.346250
-0.943289
-0.484222
0.087442
-0.271516
0.779140
0.373708
-0.670503
-0.180284
-0.423360
0.549771
-0.183741
0.718801
0.142675
0.598049
-0.935051
0.674967
-0.642097
0.782761
-0.062145
-0.273856
0.860017
-0.865801
-0.786330
0.611659
-0.464320
-0.886739
0.786937
-0.422955
0.029659
-0.390473
-0.870920
-0.724893
0.497310
0.870678
0.627958
0.303477
-0.588350
0.765952
-0.756009
0.147036
-0.636038
-0.526464
-0.722166
0.991181
0.576090
0.330797
-0.474730
0.116378
-0.449500
0.567870
0.070659
-0.232610
0.722598
-0.727965
-0.589385
0.303247
-0.464440
0.325096
0.948824
-0.555042
0.319102
0.198073
0.002287
0.837383
-0.248813
0.601110
0.056607
0.737952
0.542648
-0.793034
0.236599
0.725403
-0.587878
0.648586
0.846382
-0.605845
0.328824
0.442165
-0.205566
0.021660
-0.197064
0.717475
0.605828
0.118743
-0.082284
-0.917878
-0.361209
-0.135547
0.894138
0.206344
0.388576
-0.792807
0.161631
-0.478491
0.050240
0.493810
-0.731033
-0.108271
0.255252
-0.382694
0.211053
0.463205
0.855552
0.175938
-0.178644
-0.468952
-0.636004
-0.184653
0.601298
-0.867050
-0.216793
0.665997
0.153052
0.012028
-0.479534
-0.457284
-0.929924
-0.032251
-0.615164
-0.926883
-0.835285
0.995420
-0.727880
-0.063987
-0.177058
-0.486763
0.675495
-0.098140
-0.762151
-0.749822
0.789666
-0.597495
0.551589
0.718493
0.651431
0.503738
-0.248260
0.921411
0.493638
0.716721
-0.149610
0.945174
0.292894
-0.464820
0.149464
-0.178376
0.411016
-0.444364
-0.513015
-0.516646
0.323821
-0.611151
0.088634
-0.304698
-0.637989
-0.683504
-0.458002
0.409046
0.491756
0.075942
0.253340
-0.818937
0.495652
-0.398167
-0.537596
0.843647
0.879036
-0.455941
-0.646519
0.438567
0.158944
0.811015
0.153003
-0.758751
0.575107
-0.565221
-0.085159
-0.745662
0.643292
0.265551
0.800910
0.574681
0.550790
0.205777
0.729556
-0.087191
0.208272
-0.296304
-0.774604
-0.428568
0.192650
-0.171147
0.906375
0.050224
0.054082
-0.538352
0.283678
0.172481
0.006862
0.999831
-0.823269
-0.016916
0.424358
0.810731
0.202325
0.291902
-0.672677
-0.366582
0.697971
-0.213927
0.387559
0.341645
0.731886
0.208918
0.085514
0.256528
0.105283
0.939384
0.931590
-0.857232
0.519819
-0.391487
0.736190
0.688588
0.774157
0.393315
0.615253
-0.665120
0.751892
-0.592631
-0.948101
-0.430412
0.986228
-0.932630
-0.368524
0.775501
-0.925740
0.055883
-0.924166
0.916375
0.865800
-0.338341
-0.744794
-0.139401
0.167957
-0.666626
0.261265
0.294529
-0.080766
-0.906080
0.617766
0.875235
0.211851
0.535250
-0.386054
0.383867
0.743644
-0.496053
0.627294
0.092514
-0.834826
0.404828
-0.558164
0.914338
0.040764
0.795335
0.244057
-0.745244
0.615475
0.767858
0.647470
-0.724876
0.213060
0.582338
0.287145
-0.244543
-0.279175
-0.058524
-0.911095
-0.362084
0.529357
0.901741
-0.302626
0.839547
-0.863299
0.861685
-0.480375
-0.026633
0.877133
0.208042
-0.910458
-0.258982
-0.610853
0.114635
-0.052991
-0.777869
-0.169285
0.486977
-0.550645
0.520477
0.298743
0.775128
0.237735
0.193376
-0.720645
0.293161
-0.850642
-0.262333
-0.072305
0.371172
-0.558055
-0.768161
0.077925
0.043492
-0.050286
-0.178406
0.326662
0.324762
-0.370854
0.484072
0.260542
-0.879360
0.976863
0.462745
0.932359
-0.718516
0.621494
0.288529
-0.249292
0.220333
0.089353
0.251404
0.755213
0.820493
-0.598631
0.079593
0.336002
-0.071669
0.054971
-0.675574
-0.173009
-0.699300
0.157577
0.916305
-0.037489
-0.235113
0.084313
-0.072749
-0.262858
-0.653125
-0.235084
0.113848
0.774905
-0.589092
-0.077698
0.289486
0.178300
-0.177172
0.754221
-0.649624
-0.295846
0.223145
-0.315283
0.427042
-0.584273
-0.999657
-0.973495
0.675684
0.752896
-0.223253
-0.324797
-0.806584
0.521717
-0.269900
0.700056
-0.494270
0.996086
-0.658135
-0.239629
0.041667
0.165159
0.306509
-0.826743
-0.791536
-0.229746
-0.155251
-0.297401
-0.219604
-0.506790
0.362170
0.629853
-0.521172
0.144586
-0.462891
0.812246
-0.377225
-0.232717
0.189645
-0.136705
0.827568
-0.387799
-0.078023
-0.853558
0.837223
0.959671
-0.641658
0.175716
0.616702
-0.824593
0.741854
0.101881
-0.245821
-0.738729
0.518103
-0.755245
-0.093256
0.702586
-0.655346
-0.464765
0.734117
-0.082842
-0.222601
0.169550
0.846232
-0.787027
0.544784
-0.763639
-0.440092
0.695634
-0.193428
0.816585
0.069465
0.228338
-0.032753
0.411175
-0.793708
-0.461426
-0.762777
0.103699
0.295170
0.138148
0.541166
0.324751
-0.822247
0.359988
0.268776
0.298483
0.210029
0.499155
0.745849
0.772549
-0.293035
0.236227
0.452166
-0.736624
-0.162177
-0.688383
0.275059
0.656728
-0.519898
0.377312
-0.670786
0.738465
-0.547026
0.050844
-0.660385
-0.500464
-0.957365
0.039401
0.265653
-0.441673
-0.817508
0.669841
-0.514633
0.998262
0.047727
-0.860350
0.361118
0.937641
-0.894528
-0.804914
-0.084620
-0.362621
-0.985188
0.896195
-0.017278
-0.027090
0.214619
0.855970
0.456786
0.559291
-0.092973
0.887741
0.390591
-0.340108
-0.957245
-0.153127
-0.980656
-0.147563
0.601448
0.961639
-0.036221
-0.091186
0.784430
0.209480
0.552885
0.413840
0.911973
-0.669032
-0.653202
-0.716107
-0.643597
0.843950
-0.528357
0.791370
0.451019
-0.547596
-0.852838
-0.162891
0.475873
0.415829
-0.095415
-0.711902
0.575607
0.468611
0.499421
-0.913942
0.642879
-0.959343
0.456991
-0.798756
-0.597740
0.947179
0.403295
-0.098672
0.200162
-0.893272
-0.573561
-0.046008
-0.496061
0.028735
0.424813
-0.829760
-0.311690
0.054517
0.287110
0.064212
-0.817781
-0.195867
-0.741985
0.985750
0.646934
0.775460
-0.082752
-0.176349
0.620510
0.283749
0.123148
-0.619920
0.943815
0.817364
-0.527060
0.836552
0.403006
-0.861560
0.909611
-0.555674
0.553133
-0.831456
-0.018084
-0.558176
0.082326
0.661389
-0.374309
-0.764093
0.578010
-0.807699
0.678011
0.536353
-0.103703
-0.286278
0.069896
-0.736897
-0.521234
-0.083357
-0.693903
0.354098
0.566750
-0.670167
-0.143111
0.650834
0.629439
0.797436
-0.157593
-0.323618
-0.828843
0.707127
-0.156701
0.479131
-0.587817
-0.391736
0.172575
-0.927008
-0.536362
-0.491323
0.280959
-0.244059
0.861435
-0.677683
-0.602512
-0.374183
-0.340992
-0.961919
0.796558
-0.547607
-0.114469
0.867199
-0.722084
-0.572610
-0.467981
0.395717
0.295664
-0.746653
-0.058199
-0.633149
0.362716
0.361696
0.924173
0.166301
-0.033839
-0.472159
-0.711986
-0.908086
0.496767
-0.672174
0.593644
-0.441648
0.226181
0.598684
-0.734594
0.827502
-0.452673
-0.298205
0.973161
-0.834285
0.947246
-0.997274
0.498226
0.034426
0.790361
-0.656546
-0.521816
-0.696107
0.850412
0.672812
-0.710815
-0.173780
-0.074020
-0.423758
0.752279
0.691803
0.490260
-0.150846
0.623405
0.126681
-0.951138
0.983072
0.496814
0.532919
-0.826926
-0.158157
0.969964
0.543357
0.386929
0.655776
-0.578082
0.437472
-0.525406
-0.564526
-0.245823
-0.639452
-0.648080
0.112685
-0.754679
-0.011706
-0.055811
0.755001
-0.471335
0.685607
-0.926570
0.245846
0.774284
-0.592176
0.492412
-0.826317
0.670188
0.103480
0.240106
0.648483
0.927904
0.954189
-0.561448
-0.444704
0.678058
-0.184877
-0.247409
-0.802115
0.297480
-0.498644
-0.833596
-0.050606
0.603331
-0.759031
-0.175059
0.667086
0.975468
-0.146668
-0.657959
-0.838961
0.372755
0.177373
0.711612
-0.853427
0.918372
0.568353
0.444582
0.238098
0.717139
-0.010047
0.693036
-0.809890
-0.178509
-0.603492
0.474318
0.539626
0.636537
-0.323553
0.015451
-0.702008
0.838060
-0.442721
-0.732585
0.104140
0.478340
-0.407353
-0.461397
-0.158892
-0.824551
-0.582349
-0.743403
-0.873312
-0.767800
-0.879838
0.629283
-0.893517
-0.588619
0.027139
-0.616636
0.272079
0.259161
-0.173881
0.899233
-0.419154
0.416320
0.761574
-0.793054
-0.701555
0.028763
0.956824
-0.402460
0.904771
0.645697
-0.572498
0.216250
-0.558008
0.952991
0.950185
-0.646492
0.152750
0.870693
0.942044
0.764067
-0.262658
0.750326
0.764104
0.481706
0.663732
-0.676043
0.447473
0.438362
-0.622321
0.929727
0.228689
-0.780131
0.921214
-0.013935
-0.431483
-0.392429
-0.684190
-0.527148
-0.893757
-0.256822
0.862598
0.558971
0.334873
0.076242
-0.402768
-0.657024
0.606306
-0.044439
0.999897
-0.778011
-0.371408
0.878173
-0.839347
-0.586135
-0.407414
-0.739932
0.308274
0.953582
0.894135
0.383191
-0.655174
0.166098
-0.532462
0.465223
-0.015291
-0.761610
0.993461
0.903265
-0.282238
-0.132371
-0.893003
0.219756
-0.811693
-0.255790
0.393999
-0.181084
0.954369
0.997657
-0.976553
0.466980
-0.058044
0.746113
0.123471
0.002696
-0.356894
-0.679792
0.735724
-0.340532
0.686413
-0.210416
-0.545264
0.005741
0.582735
-0.123492
0.111971
0.530336
-0.194966
-0.141804
0.531398
0.405405
0.607701
-0.556359
0.089633
-0.239034
-0.284129
0.960477
-0.743650
-0.462456
0.890767
-0.577916
0.089406
-0.080214
-0.098326
-0.047747
0.866072
0.097575
0.020092
0.087956
0.699442
0.514178
-0.936444
-0.593993
-0.965396
-0.260113
0.836569
0.897108
-0.704438
0.864901
0.832149
-0.644219
0.814109
-0.646309
0.715717
-0.361410
0.221812
0.611819
-0.262687
-0.623460
0.502379
0.176903
0.069256
0.412115
0.780125
0.232148
-0.776856
-0.224747
0.345334
-0.346079
-0.407683
-0.498488
-0.074077
-0.548483
-0.910896
0.159447
0.244861
-0.329562
0.548732
0.333358
-0.974918
0.559098
-0.150729
-0.956723
-0.942349
-0.412608
-0.748418
-0.722721
-0.380452
-0.620181
0.110044
0.338653
0.354614
-0.173788
0.214964
-0.184800
-0.424354
-0.344391
0.061507
0.687324
0.484963
0.008889
-0.758558
0.161539
-0.410020
0.731917
-0.864931
-0.052398
-0.391845
0.730362
-0.247981
-0.869433
-0.132271
0.676652
0.478507
0.147212
-0.298488
-0.547732
-0.504777
0.926154
-0.671547
0.512038
-0.179740
-0.485011
0.110738
0.532579
-0.343576
0.183255
0.623085
-0.835881
-0.700097
0.579334
0.796284
0.057356
-0.304020
-0.895720
-0.674666
0.342307
0.561316
0.803545
-0.503809
-0.133727
0.345749
-0.717430
-0.509653
0.513842
-0.000848
-0.857881
-0.824863
-0.428625
0.715128
-0.968861
0.334367
-0.364056
0.852477
-0.637448
-0.280577
-0.352706
0.582930
0.507915
-0.702855
0.870745
0.300913
-0.651715
0.625592
-0.717202
-0.692987
0.521129
0.571595
0.904830
-0.225812
-0.898674
-0.569582
-0.796210
0.936281
-0.799999
-0.007517
-0.820305
0.461855
0.218826
-0.174082
-0.813497
-0.309316
-0.185181
0.253144
-0.727338
-0.843663
-0.681268
0.179406
-0.820044
-0.251872
0.240526
-0.153572
-0.868153
0.024415
-0.620100
0.305874
0.931911
0.972473
0.534795
-0.187210
-0.285387
-0.468144
0.254751
0.044882
-0.173697
-0.422609
0.742926
-0.522565
0.495049
0.148319
0.782226
0.244031
0.049538
0.900004
0.425183
0.681003
-0.816966
-0.228984
0.450516
-0.037723
-0.339684
-0.102186
0.607003
0.734238
-0.098425
0.392254
-0.870110
0.536449
-0.000051
0.019635
0.520185
-0.899549
0.105685
0.186307
0.524114
0.376790
0.517527
-0.899023
0.398707
0.736749
-0.651263
-0.864683
-0.311033
0.997431
-0.945269
0.807344
-0.804665
-0.822926
-0.500128
-0.188101
0.589326
-0.499984
-0.998603
0.526768
0.500317
-0.449116
-0.524654
-0.189939
0.505837
-0.894031
-0.009558
0.002294
-0.086618
-0.454887
-0.030115
-0.565403
0.846529
0.575571
0.448155
-0.019236
0.629162
-0.903400
0.786453
-0.317163
0.250686
-0.398611
-0.265606
0.188195
-0.238215
0.460557
-0.841095
-0.571533
-0.099658
0.109000
-0.373108
0.384859
-0.791863
-0.007561
0.151342
0.350367
-0.203131
-0.959719
0.072006
-0.891958
0.083983
0.748394
0.360938
-0.510816
-0.429054
0.421845
-0.857059
-0.572846
0.625041
0.181251
0.431992
-0.276067
0.199868
0.667138
0.211188
0.968805
-0.512972
-0.751896
0.126131
-0.111035
-0.846589
-0.551462
-0.733923
-0.356778
-0.365521
0.124304
-0.181556
-0.289037
-0.161848
0.080311
-0.047896
0.499544
0.472750
-0.102296
0.551179
0.743007
0.855201
-0.670210
-0.546928
-0.721122
0.628666
0.600123
-0.278152
-0.533633
-0.689158
0.186878
-0.706468
0.380854
-0.485996
-0.968268
-0.822251
-0.546166
-0.448681
0.886418
0.929022
-0.840535
0.706799
0.471106
0.945356
0.704242
-0.873080
0.556083
0.514010
-0.421347
0.638371
-0.962655
-0.982423
-0.245979
0.785976
-0.455922
0.506480
0.007222
0.200036
-0.292220
-0.876949
0.824854
-0.937382
-0.790465
-0.774181
0.319171
-0.745871
0.126020
0.277638
0.470231
-0.836944
-0.294245
0.655156
-0.511914
0.877066
0.017564
0.878931
0.253800
0.190309
-0.678543
0.114621
0.738711
-0.580513
0.276237
0.061238
0.220272
0.095290
-0.165170
0.539556
0.854575
-0.601887
0.422680
0.338747
0.866447
-0.631490
-0.016814
0.661193
0.465315
-0.579679
0.117334
-0.458005
0.977530
-0.209866
0.597212
-0.463681
0.906557
-0.902984
0.554663
-0.316877
0.918145
0.689739
-0.086328
0.092646
0.985721
-0.278061
0.085228
-0.959831
0.582065
-0.706935
-0.581156
0.267120
-0.714994
0.413450
0.903070
0.847462
-0.751484
0.891289
0.061351
0.608294
-0.418414
-0.835002
0.761267
-0.019962
0.849880
-0.348266
-0.479277
0.386350
-0.629148
0.182580
0.629532
0.778728
-0.710459
-0.778364
-0.091435
-0.342989
-0.596723
-0.778545
-0.090102
-0.046875
0.000832
0.090911
-0.312793
0.852953
-0.149275
-0.635287
0.576410
-0.225031
-0.765070
-0.250719
-0.699700
-0.295876
-0.312593
0.058424
0.124283
0.847578
0.417860
0.930597
0.508515
-0.166384
0.956192
0.020159
-0.726745
-0.480111
-0.624984
0.587461
0.080158
0.876133
0.229868
-0.535948
-0.400982
-0.106375
0.959578
0.902354
-0.125671
-0.135150
-0.192332
0.983006
0.194413
-0.604715
-0.579638
0.350645
0.848669
0.254245
-0.221350
-0.591392
0.202293
-0.190754
0.465425
0.810715
-0.815061
0.595687
-0.472869
-0.679196
0.491944
-0.797957
0.444126
-0.574107
0.321304
-0.796191
-0.099084
0.075621
-0.497514
-0.785417
0.348014
-0.918037
-0.180160
-0.889269
-0.764251
0.695141
-0.470262
-0.523684
-0.730018
-0.092175
-0.056869
0.809503
-0.494420
0.762171
0.737018
-0.362746
0.728679
0.306403
-0.682620
0.677704
0.767294
0.278884
-0.197541
0.300261
-0.549529
-0.263316
-0.916977
0.654479
-0.348857
-0.129035
-0.965818
0.838000
0.207189
-0.954778
0.402353
-0.868932
0.188705
0.015583
0.655321
0.465700
-0.069792
-0.764164
0.283566
-0.734813
0.060233
0.893792
0.117828
-0.826085
-0.443067
-0.164650
-0.789936
-0.459438
-0.684475
0.100362
0.889810
-0.171782
0.764628
0.409526
-0.375460
-0.964442
0.903908
0.601652
-0.651053
-0.336780
0.359878
-0.938622
0.161617
-0.739588
0.829557
0.578734
0.196931
-0.137596
0.297204
-0.322401
0.784566
0.248925
0.246861
-0.802936
0.772873
-0.560018
-0.471216
-0.907917
0.922489
0.156777
0.879640
-0.618315
-0.059865
-0.110007
0.879696
0.626910
-0.954230
-0.062520
0.566841
-0.019360
-0.834302
-0.802104
-0.606119
-0.710024
0.487570
-0.403674
0.072597
-0.007525
0.691406
-0.102853
0.384833
0.708357
-0.165948
-0.227189
0.265125
0.769051
0.501621
-0.597106
-0.893199
0.522765
0.998420
0.131476
0.785710
0.907352
0.068587
-0.364818
0.555828
-0.566452
-0.606969
0.969936
0.258959
0.857553
0.437852
0.636722
-0.690519
-0.367762
0.722479
-0.203836
0.810846
0.227361
-0.070591
-0.940913
0.396205
-0.411003
0.131398
-0.656606
0.874168
-0.956619
-0.572878
0.103526
-0.449893
-0.539469
-0.834931
0.916523
0.088424
0.539119
0.674794
-0.532475
0.269461
-0.735695
0.504136
0.970079
-0.504770
0.703523
-0.536738
-0.053431
0.236546
0.520314
0.866653
-0.558651
-0.776665
0.621605
0.243170
-0.221159
0.279205
0.426538
0.665507
0.346150
0.864558
-0.835530
0.235468
0.563853
-0.323102
0.262665
-0.506332
0.454227
0.535598
-0.755165
0.196260
-0.612743
0.928838
-0.322057
-0.883725
0.938305
-0.108467
-0.793777
0.630715
0.795382
-0.505560
-0.726202
-0.078917
-0.513272
-0.279855
-0.726163
-0.250652
-0.172636
-0.530293
0.914135
-0.184632
-0.405453
0.476350
0.424828
0.734662
-0.748175
-0.956537
0.471362
0.923492
-0.955984
-0.940160
0.725577
0.877798
-0.352436
0.794205
0.249056
0.724227
0.712651
-0.550543
-0.089532
-0.782316
-0.017838
-0.922204
0.900498
-0.372965
-0.560951
0.184734
0.307359
0.391878
-0.349248
-0.059461
0.992735
-0.391997
-0.380019
-0.499228
-0.876828
0.436335
-0.514272
0.742352
0.778104
0.672361
0.475637
-0.948606
0.658500
-0.050332
-0.636136
-0.956150
0.273387
0.537531
0.826211
0.913946
0.697852
0.500269
0.606904
0.574548
0.473579
-0.288495
0.772382
0.778584
-0.170701
0.629280
0.585762
0.350001
-0.400995
-0.191154
-0.619804
-0.870726
0.125101
0.926340
-0.905372
-0.731211
0.378617
-0.595528
-0.302959
0.208038
-0.241695
-0.386760
0.460591
0.427417
0.525884
0.319218
0.019130
-0.662343
-0.945002
-0.055160
0.254042
0.311994
0.697965
0.018126
-0.174773
0.850419
-0.479215
0.167713
-0.549803
0.505503
-0.148937
0.924058
-0.805045
-0.967287
0.705762
-0.146424
-0.882063
-0.301528
0.997607
-0.837874
0.208844
-0.721001
0.306977
0.960409
0.790501
0.142961
-0.776021
0.313518
-0.912343
0.920805
0.527614
-0.536768
0.902819
-0.298314
0.980969
0.253767
-0.238864
0.022792
0.975914
0.363667
-0.248666
-0.466241
-0.301311
-0.770810
-0.077292
-0.422160
0.930879
0.450351
-0.902706
-0.194799
-0.389225
-0.812489
-0.789027
0.816729
-0.717094
-0.877254
-0.899165
0.370367
0.143170
-0.069014
-0.269632
0.662335
0.662529
0.136483
-0.028370
0.835749
-0.353892
0.347350
0.874328
0.946926
0.875704
-0.708449
-0.105086
-0.824296
0.331797
0.434164
0.315633
-0.679236
0.185185
-0.324347
-0.962010
0.830777
-0.863548
0.534485
-0.831263
0.441578
-0.218992
0.099323
-0.356821
-0.495333
0.379307
-0.136617
0.681690
-0.678964
0.556918
-0.748753
0.291467
0.206623
0.829480
-0.382436
0.488884
0.369805
0.385362
0.480812
-0.145687
-0.416735
-0.258093
0.753715
-0.740970
-0.989120
0.047916
-0.547326
0.384190
-0.902330
0.883481
-0.490107
0.058090
0.562608
0.526481
0.544978
-0.031224
-0.052312
0.444722
-0.793859
0.197503
0.720294
0.308469
-0.563037
-0.679121
0.523569
0.153642
0.226445
-0.134901
-0.964307
-0.699502
-0.462872
0.302235
-0.716588
-0.252863
-0.564267
-0.440292
0.807479
0.936297
0.648627
0.932010
0.552329
-0.864880
-0.987613
0.879362
-0.700985
0.644281
0.334060
0.985505
0.133452
0.950342
-0.745447
0.788606
0.706376
-0.322746
-0.558870
0.197405
-0.680766
0.144534
0.078521
-0.040844
0.723220
-0.862431
0.190463
-0.328777
-0.443972
-0.806477
0.111674
0.860242
-0.595728
0.168267
-0.390435
0.303514
0.958934
-0.483169
-0.328582
0.872306
0.031049
-0.034373
-0.619624
-0.899930
0.120010
-0.729589
0.411589
0.074699
-0.666124
0.083774
0.651580
-0.887986
0.148261
-0.514050
-0.091631
0.156285
-0.813917
0.335811
0.762792
-0.743717
-0.544815
0.401167
-0.534090
0.692095
-0.541733
0.914935
-0.576660
-0.971745
-0.439976
-0.549476
0.077617
0.631817
0.045881
-0.389542
0.457195
-0.655152
-0.146261
-0.484290
-0.332053
-0.282276
0.580965
-0.820093
-0.584340
-0.311493
-0.535938
-0.626513
0.561962
-0.759096
-0.139280
-0.183348
0.597936
0.068288
0.672032
0.268608
0.417157
0.600021
-0.460429
-0.053246
0.275424
-0.793871
-0.521079
-0.163986
0.875808
-0.367293
-0.526095
-0.847466
-0.752394
0.761216
-0.296417
0.382691
0.625327
-0.579937
0.056826
-0.538819
-0.442828
-0.650174
-0.144364
-0.063181
0.801048
-0.963765
-0.775010
-0.428088
-0.324734
0.536751
-0.483433
0.725600
-0.084347
-0.498255
0.695980
0.912840
0.120703
0.011617
-0.880991
-0.565627
-0.393410
-0.419296
0.558280
0.773834
-0.528362
0.089228
0.342436
-0.184693
0.102522
0.186939
-0.046823
-0.785322
0.225505
0.327570
0.592694
0.006705
-0.114547
-0.298791
-0.673159
0.942023
-0.231215
-0.709230
0.240633
-0.066154
0.367532
0.693635
0.263999
-0.010164
-0.114006
-0.718722
-0.821857
0.405447
-0.824593
0.162420
-0.376869
-0.749077
-0.466336
0.335316
-0.984038
-0.519662
0.802988
0.595557
-0.205738
-0.684564
0.126605
-0.253360
0.114727
0.487640
-0.231546
-0.667855
-0.779613
-0.292556
-0.124836
0.634056
-0.558011
-0.031320
0.064969
0.737697
0.795644
-0.744567
0.008083
0.244600
-0.003158
0.961022
0.359233
0.956918
0.138629
0.610069
-0.058689
-0.176004
0.096114
-0.401373
0.600602
-0.742485
0.872482
0.886872
-0.056240
0.429375
0.546416
0.955266
0.538303
0.534128
-0.023042
-0.346743
0.080714
-0.957066
0.177782
-0.532130
-0.918131
-0.061696
0.831138
-0.953838
0.991173
-0.845642
-0.429221
0.072505
-0.576408
0.223246
-0.976087
0.671428
-0.061838
-0.490955
0.703292
-0.264262
-0.153085
0.443235
-0.381177
-0.460514
0.402082
0.503236
-0.921810
0.613114
0.705055
0.578662
0.554031
0.460265
0.564106
0.837743
-0.506998
-0.538803
0.078565
0.220068
0.321435
-0.052723
0.948533
0.982696
-0.046499
-0.078604
0.562388
0.387729
0.557304
0.205614
-0.295745
0.483134
-0.759711
-0.009652
0.399112
0.216025
0.797718
0.147493
0.083490
-0.509353
0.979812
0.638491
0.899080
-0.353988
0.963095
-0.880168
-0.149921
0.191356
-0.773798
0.204291
0.015469
0.665950
0.774201
0.474265
-0.977296
0.079302
0.098233
-0.405312
-0.897590
0.400341
0.118866
-0.046434
-0.934964
-0.070403
0.689563
0.772701
0.861760
0.322675
0.498804
-0.311107
-0.728479
-0.533238
-0.717136
0.101628
-0.765520
-0.072069
-0.617193
-0.655118
-0.804209
-0.127912
0.558657
0.178024
0.590058
0.579746
0.394822
0.245927
-0.025439
-0.311772
0.700044
-0.972617
-0.861821
-0.187446
0.584437
-0.682887
-0.074048
-0.977246
-0.388029
-0.873751
-0.795662
0.043348
0.765531
-0.481789
0.402898
0.583347
-0.963553
-0.741144
-0.960122
0.314751
0.196543
-0.195665
0.043361
0.260834
-0.278635
-0.923791
-0.530821
0.083069
0.263855
-0.421725
-0.438755
-0.086648
0.662858
0.446464
0.551152
0.988081
-0.403755
0.516035
-0.135667
0.983539
-0.545111
-0.808396
0.908883
-0.381837
-0.685765
-0.192049
0.428557
0.657006
0.913302
0.693489
-0.825578
0.459782
0.318161
0.510649
-0.282571
-0.153912
-0.575141
0.867656
0.396214
-0.468994
-0.010515
0.702394
0.921207
0.830187
-0.210387
-0.208172
0.666936
0.240499
-0.781812
0.507371
-0.388846
-0.453877
-0.781555
-0.123217
-0.467402
-0.878198
0.115487
-0.498787
0.598885
0.208390
0.624193
0.981974
0.210485
0.664829
0.801217
-0.791027
0.898006
-0.458803
-0.031614
0.386606
0.629233
0.783707
-0.509928
0.491190
-0.069053
0.802517
0.706871
-0.222662
-0.216503
-0.167909
-0.717071
0.552385
0.129287
-0.899531
-0.359506
0.517074
-0.060113
0.589030
-0.020720
-0.109491
0.487029
-0.221759
-0.089310
0.607400
-0.248280
0.213698
-0.988055
-0.784404
0.627748
-0.545691
0.544905
-0.898690
-0.652167
-0.654808
0.031832
-0.252371
-0.341395
0.702754
0.273200
0.510622
0.199646
0.049987
-0.249242
-0.962086
-0.926127
-0.243479
-0.441080
0.250159
0.581686
0.131980
0.606400
-0.874249
-0.086104
-0.845779
0.699491
-0.784422
0.823606
0.118309
-0.365428
0.599072
-0.777678
0.481904
-0.187539
-0.866726
-0.292196
0.864522
-0.885128
0.527117
0.799746
-0.900380
-0.359520
0.953099
0.742197
-0.536131
-0.468611
-0.420396
0.770091
0.936773
-0.662635
0.051532
-0.149135
-0.433932
-0.447300
-0.186226
0.753961
-0.085424
-0.754465
-0.566683
-0.070103
-0.817279
-0.236454
-0.976425
0.221974
-0.012947
0.034077
0.305631
-0.130724
0.228067
0.178957
0.814967
0.013302
-0.451656
-0.825133
0.261667
-0.081510
-0.929124
-0.869116
0.611255
0.025861
0.198923
-0.236393
-0.137516
-0.552014
0.074834
0.132138
-0.264394
0.127657
0.601863
-0.863471
-0.086735
-0.822619
-0.447591
-0.402172
0.444028
-0.249709
-0.599903
-0.721213
0.306378
-0.499728
-0.706024
0.611730
-0.641186
-0.335108
0.667760
0.165613
0.381226
0.554950
-0.385341
-0.764706
-0.694533
0.885544
0.008511
0.138308
0.301012
-0.356197
0.206726
-0.146908
0.846393
-0.576917
0.355862
0.977564
-0.520783
-0.906241
0.604364
-0.879627
0.729781
0.661954
-0.994749
0.590462
0.501048
-0.722732
0.383902
-0.791161
0.187829
-0.044262
-0.280569
-0.188623
0.416324
-0.419450
0.660872
0.907991
0.850786
0.075135
-0.285688
-0.026022
0.009310
0.420853
0.550145
-0.031062
0.547034
-0.025872
0.706990
0.829510
0.462625
-0.003348
-0.714956
0.929926
0.391309
0.975972
0.603902
0.190530
0.731670
-0.168222
-0.045357
-0.272869
-0.125582
-0.793551
-0.351639
-0.913186
-0.062295
0.645793
-0.758633
0.956985
-0.596013
0.532869
0.361925
0.698047
0.653265
0.800161
-0.152720
-0.206567
-0.480397
-0.541975
0.118626
0.883002
0.269172
-0.402249
0.716424
-0.297741
-0.768165
-0.497303
0.768882
0.264865
0.805057
-0.438390
0.021418
0.847649
-0.064488
-0.022889
-0.081222
-0.548103
0.420112
-0.697783
-0.402520
0.748143
-0.626542
-0.539796
0.719914
-0.066684
-0.297538
0.728992
0.823800
-0.522905
-0.543305
0.568514
-0.478779
-0.609242
0.955677
0.500825
0.609517
-0.440038
0.851566
-0.760430
-0.784143
-0.254248
0.064114
0.313144
0.537540
-0.881542
-0.536107
0.769157
-0.846123
0.903421
0.262579
0.788288
0.034852
0.204690
0.357738
0.502146
-0.241166
-0.299844
0.174365
0.118146
0.063748
0.713724
-0.413192
-0.209544
0.990987
-0.897687
-0.530843
0.743790
0.950641
0.923533
0.348309
-0.828065
-0.075248
0.265899
-0.765328
-0.377678
0.011043
-0.858844
0.709921
-0.985849
-0.603570
-0.023470
0.989423
-0.425851
-0.037890
0.467867
-0.009157
0.071100
-0.873535
-0.508092
0.376520
0.236501
-0.995021
-0.231645
0.119585
0.483817
0.144397
-0.940652
-0.622184
0.292507
-0.228627
-0.773846
-0.002437
-0.043870
-0.242625
0.380945
-0.662343
-0.193841
0.107928
0.865912
0.093158
-0.871302
-0.375598
0.347691
-0.586846
-0.736610
0.755262
0.624511
-0.399097
-0.840083
0.846445
0.836560
-0.108947
-0.944209
0.205728
0.769730
0.597600
0.543872
0.008237
-0.362251
0.067239
0.043654
0.493453
-0.233136
-0.833663
-0.911236
0.568785
-0.002126
-0.170898
0.609345
0.973609
0.793294
-0.567333
0.104736
-0.044536
-0.405748
-0.808235
0.526010
-0.906562
-0.790915
-0.753771
-0.804780
0.175968
-0.267255
-0.627140
0.478945
-0.292991
-0.586285
-0.085927
-0.671239
0.685115
-0.708576
-0.698453
0.732253
0.444521
0.826383
-0.738638
-0.628729
0.990821
-0.803058
-0.426111
-0.473855
-0.388377
-0.650979
-0.880134
-0.021540
-0.043959
-0.163648
-0.487240
-0.037459
0.160801
0.932373
0.595736
0.283654
0.443154
0.571871
-0.249475
0.773417
0.844948
-0.498840
0.956703
0.707680
0.748502
0.575233
-0.904563
0.102054
-0.723199
0.674185
0.368296
0.049571
0.685330
-0.976093
0.086622
0.756666
-0.421265
-0.468672
0.026392
-0.193961
0.859981
-0.026415
-0.028532
0.201898
0.657758
-0.313701
0.810016
-0.076290
0.570651
-0.645550
0.707585
-0.382315
-0.816843
0.931755
-0.600743
-0.807614
-0.919299
-0.248757
-0.836006
-0.650126
-0.746617
-0.739025
0.393347
0.660377
0.258802
-0.626874
-0.032093
-0.379601
-0.693536
0.414046
0.667873
0.490088
0.504409
0.498507
0.847519
0.454933
0.665833
-0.000371
-0.359582
0.687406
-0.145126
-0.003090
0.877782
0.693401
-0.002245
0.131097
-0.182232
-0.583957
0.085892
0.616136
0.137479
0.951898
0.940933
0.953447
0.217093
-0.635722
-0.088820
0.631477
0.556950
-0.990134
-0.473776
-0.910110
-0.348891
0.147598
0.201812
-0.207554
-0.719728
0.062675
0.735676
-0.273880
0.131847
-0.588492
-0.292000
-0.582519
0.858262
0.133381
-0.731656
-0.233458
0.615993
-0.998966
0.190135
-0.322050
0.722182
0.273550
0.994546
0.608296
-0.650649
0.205869
0.731733
0.967113
-0.718830
0.178338
-0.614605
-0.239812
-0.462876
0.475044
-0.473761
0.830350
-0.340009
-0.615029
-0.322627
-0.884540
-0.788771
0.505082
0.675932
-0.486289
-0.268993
-0.371265
-0.399776
-0.918286
0.672547
-0.144618
0.684201
-0.412124
0.137602
-0.191528
-0.724898
0.893134
0.422150
0.713469
0.531257
-0.554044
0.215214
-0.829718
-0.327310
-0.802672
0.019100
-0.091296
0.373456
-0.836648
-0.582214
0.911284
-0.435989
0.605357
-0.091292
0.657789
0.595316
0.288427
0.445868
0.927756
-0.428959
0.440928
0.256326
-0.618287
-0.377709
-0.731152
0.378538
-0.533762
-0.731282
-0.416056
-0.454314
-0.093637
0.941334
0.085644
0.553149
-0.190852
0.152013
0.585381
-0.283526
-0.605044
0.411954
0.564942
0.257516
0.970065
-0.161879
0.323559
-0.709478
0.952842
-0.662768
0.806097
0.131971
-0.529656
0.102013
0.902221
-0.078311
0.367825
-0.450812
-0.274058
-0.847404
-0.934655
0.538789
-0.886287
0.437998
0.012128
-0.720310
-0.513301
-0.806978
0.402049
0.964632
0.038746
-0.396991
-0.138495
0.507627
-0.388049
-0.717071
0.034431
-0.128265
-0.367626
-0.772642
0.104414
0.170376
-0.947149
-0.886791
-0.466936
0.371104
0.519361
-0.347392
0.168817
0.825784
-0.392401
0.100969
-0.395064
0.153750
0.767359
-0.563277
0.410011
-0.894194
-0.610121
-0.406816
-0.116881
-0.915607
0.348504
0.705332
-0.912739
-0.140309
-0.645570
-0.444040
-0.534897
0.564705
-0.422678
-0.082456
-0.109827
-0.383209
0.805923
-0.033343
0.314210
-0.342089
0.214489
0.020264
-0.948652
0.088462
0.395644
-0.826263
-0.125237
-0.913983
-0.512756
0.626871
0.487990
0.781887
0.287482
0.174594
-0.845164
-0.858857
-0.893686
-0.505042
-0.459160
0.922093
0.982819
0.731579
0.777551
-0.546932
0.802348
0.452964
-0.159024
-0.652704
-0.288912
-0.207332
0.075451
0.605118
-0.851940
-0.643739
0.893522
0.541879
-0.052224
-0.181264
-0.457317
0.661856
-0.755233
-0.479202
-0.263704
0.296253
0.029899
0.452369
0.508473
0.605983
-0.435780
-0.279789
-0.239427
0.787508
-0.339905
-0.764627
-0.427873
0.129755
-0.741866
-0.076215
0.247008
0.038069
0.144858
0.173006
-0.177121
0.283434
0.869551
0.937740
-0.249617
-0.532708
-0.026589
0.966349
-0.246907
0.871884
0.293996
-0.691226
-0.290319
0.717694
-0.314703
-0.583544
0.218953
0.865566
0.336739
-0.491347
-0.495488
0.653753
0.202226
0.284098
-0.168175
0.039222
0.712338
-0.792053
0.025463
0.104363
-0.694486
0.450743
0.697744
0.498436
-0.272721
0.597546
0.728897
-0.772759
-0.485947
-0.273044
0.277465
0.033165
-0.495138
-0.138291
0.143590
-0.216946
0.564044
-0.588094
0.531000
0.938816
0.896121
0.482838
0.267455
0.954791
-0.868166
0.935009
0.239219
-0.885542
0.904339
0.290724
0.166721
-0.272473
0.253008
-0.258236
-0.299312
-0.268644
-0.531665
0.829826
-0.613449
-0.159205
0.970624
0.187369
-0.086513
-0.854861
0.077572
0.448031
-0.221150
0.473422
-0.046271
-0.033707
-0.547144
0.903348
-0.368534
0.277690
-0.196190
0.992627
0.557308
-0.868969
-0.258756
0.980736
0.838856
-0.014899
-0.015489
-0.588430
0.259973
-0.980604
-0.575563
-0.687166
-0.718388
0.922240
-0.995948
-0.053196
-0.531238
-0.596855
-0.244115
-0.364818
0.081575
-0.814969
-0.452251
0.467701
-0.629494
-0.638167
-0.191495
-0.344689
-0.493047
-0.997611
-0.134549
-0.664076
0.005528
0.667429
-0.770826
-0.841116
-0.587141
-0.895376
0.165744
0.366600
-0.645843
-0.923421
-0.726814
0.722127
-0.255165
0.747444
0.115457
0.440986
-0.448655
-0.616928
0.747450
0.656245
0.387488
-0.785151
-0.694075
-0.541953
-0.301376
-0.091323
-0.691755
0.593042
0.070315
0.806819
-0.359884
-0.905794
-0.759834
-0.773637
0.008688
-0.500191
0.007892
-0.856440
0.619743
0.080894
0.825096
-0.201383
-0.532299
0.008310
-0.631455
0.016430
0.348805
-0.355337
0.413233
0.105779
-0.806190
-0.283490
0.069305
-0.481128
0.329635
0.144527
0.811419
0.644128
-0.884967
-0.341596
-0.941867
0.410958
-0.913189
0.593545
0.816147
-0.837483
-0.940258
0.764481
-0.451640
0.579591
-0.172520
-0.268291
-0.484344
-0.558360
-0.865830
0.585385
-0.932984
0.870221
-0.904949
0.880221
-0.418830
-0.497870
-0.011830
-0.379492
0.389152
-0.672678
-0.586535
0.751315
0.126403
-0.344627
0.085656
0.453712
0.371884