0.27392337 -0.46042657 -0.918053 -0.96694475 0.6265405 0.82551116 0.21327156 0.4589931
0.08724998 0.87014484 0.63170713 -0.994523 0.7148085 -0.93282884 0.4593109 -0.64868873
0.7263578 0.082922444 -0.4005762 -0.15462556 -0.9433607 -0.75143343 0.34124884 0.29437903
0.23077023 -0.23264489 0.9944199 0.9616707 0.37108397 0.30091855 0.37689346 -0.22215715
-0.729807 0.44297668 0.050708644 -0.37951624 -0.028329283 0.77897567 0.86808705 -0.2844096
0.14305966 -0.35626122 0.18860006 -0.32417756 -0.216762 0.7805487 -0.5456848 0.2463743
-0.8319693 0.66528827 0.57419664 -0.5212611 0.7529685 -0.88286394 -0.32776588 -0.6994411
-0.09932127 0.59264857 -0.5387156 -0.8959574 -0.19089632 -0.60297394 -0.8184939 0.16066477
-0.40260774 0.34398976 -0.60096914 0.8842262 -0.26977965 -0.78900945 0.2582163 0.8543091
-0.11924569 0.909181 -0.00020837263 -0.14954275 0.2404269 0.990193 0.89788735 -0.07990972
0.5154577 -0.005154609 0.05862432 0.5715714 -0.1706883 0.46896714 0.42228577 0.86411935
-0.77013475 0.45803022 0.85484785 0.9358524 -0.9705874 0.7272802 0.96239007 0.91442037
-0.702472 0.9452576 0.7798711 0.6447477 -0.040024154 -0.5352542 0.60376114 0.8470603
-0.46773946 0.07786881 -0.11449434 0.8620346 -0.9189786 0.46401238 0.22874649 -0.94326925
0.43843955 -0.96801656 0.515902 0.025517447 0.8582084 -0.867835 0.68263453 -0.86662
-0.31138003 -0.13940254 0.93212414 0.124463685 -0.4822708 -0.5166486 0.77623665 -0.54826117
-0.7508906 -0.42333847 0.17224613 0.10818101 0.61942154 0.120951906 -0.42315757 -0.17420731
0.6362419 0.25301293 0.9181553 -0.2611912 0.10522302 0.1878484 0.69658244 -0.7090529
-0.18697932 0.8199179 -0.9138662 0.64541256 -0.16923192 0.65960795 -0.98009086 -0.26990768
-0.84273994 0.30522916 -0.4523018 0.40530413 0.88760287 -0.7463658 0.7295566 -0.8810717
-0.23845898 -0.14045188 -0.022300906 0.95292467 0.55138236 -0.38228527 -0.46032643 0.7262404
0.76261437 0.021413011 -0.31140855 0.9898347 -0.36811292 -0.63457525 0.76019627 0.6246708
0.3357788 0.91682726 0.85142916 0.496497 0.7214028 -0.50570655 -0.7175069 0.3401237
0.42923707 -0.66589415 -0.20888546 0.8205115 0.122801535 0.15667184 -0.61174047 0.052044496
0.046869453 -0.8221287 0.96388537 0.1427912 -0.98718226 0.5452984 0.9565314 0.17974006
-0.36063674 -0.62498456 0.34505326 -0.6097852 0.15537578 0.20447835 0.9248462 -0.85546947
-5.4352684e-05 0.48819497 -0.6455465 -0.22386654 -0.874209 0.45176172 -0.8244642 -0.20981659
0.7470453 -0.055399325 0.8252439 0.53183424 0.83064795 -0.74519396 -0.85287416 -0.8593475
0.73770857 0.26813996 -0.0068566124 -0.6729132 0.3474669 -0.3639652 0.42175972 -0.07928934
0.014939721 0.57933146 -0.81450903 0.157517 -0.6055301 0.6162735 -0.022307929 0.97739065
-0.6341134 0.92603827 0.60183406 -0.037479006 0.6270681 0.2056978 0.31024212 0.82738155
-0.86945915 0.6699764 -0.23637044 -0.34890878 0.98805356 0.562381 -0.028929722 -0.15474321
0.7550578 -0.82637024 0.4168375 0.57830924 0.5983928 -0.35542655 0.59327835 -0.5493431
-0.2753841 -0.16510378 0.08281997 -0.77477264 -0.1861044 -0.99939865 0.48876145 0.7037518
-0.7221366 0.40757152 0.6422062 0.96365666 0.6875811 -0.15178703 0.9593774 0.9479688
0.007353958 0.5068931 0.82767534 -0.047705855 0.7275725 0.40313712 -0.4121515 0.53530455
0.14136957 -0.8123097 -0.21723914 -0.85251796 -0.047666073 -0.14292078 -0.15252511 0.1726007
-0.7546187 0.8675378 0.36810088 0.64756274 0.79360247 0.16664009 -0.91956353 0.42297366
0.1380517 0.6519144 0.064320944 0.6264882 0.9940206 -0.29889038 -0.65795714 -0.2166504
0.5061 -0.12154213 0.17676021 -0.74528307 0.45224702 -0.4398352 -0.6187649 0.7259
0.12882565 -0.031002115 0.79764754 -0.82797515 0.3923089 -0.34403542 -0.6491805 0.3495973
-0.2743561 -0.34020832 0.8873555 -0.6014033 0.024347316 -0.9519736 -0.6732638 0.7668375
0.5784951 0.11367098 -0.5550932 0.11549517 -0.97570693 0.42598727 0.43350136 0.29209006
0.22267736 -0.85256714 -0.5071881 0.1487561 -0.21162647 0.98404646 0.8474907 -0.6959842
0.17992118 0.39243022 -0.72691315 -0.3748087 0.43183568 0.8022162 -0.3165147 -0.52211255
0.643584 0.16996536 -0.046823155 -0.48769996 -0.8546833 -0.9642172 0.15994036 -0.61777943
0.95106596 -0.78504556 -0.09582242 -0.21068041 -0.535377 0.49751145 0.2874095 0.45151538
-0.83438283 -0.29451317 0.03966615 -0.14655772 -0.9187649 -0.6119451 0.8900493 -0.67486054
0.70410466 0.6442743 -0.21741249 -0.06643296 0.64800364 0.36137265 0.6738875 0.51519316
0.38254297 0.82594824 0.64561427 -0.6418746 0.49644855 -0.8266373 -0.14828752 -0.20649622
-0.5956638 0.8758102 -0.8104466 -0.9902012 -0.3541584 0.9814894 -0.47060975 0.6613885
-0.6537727 0.17275672 0.9168187 0.43302646 0.96101594 0.1491133 0.96666944 0.6740941
0.55649644 0.77697974 0.26298302 -0.2872709 0.05656488 -0.5469992 0.5550882 -0.65984297
0.1543959 0.07179786 0.3438056 0.5209732 -0.78034425 0.24988192 -0.17208824 0.22840287
0.38796908 0.17095917 0.46577215 0.040050514 -0.074264385 -0.42646226 -0.54169667 0.3906042
0.39142272 -0.60903496 0.94367486 0.34230155 0.06243225 0.6823507 -0.026959134 -0.04811026
-0.4834512 -0.68772906 0.42324117 0.68822193 0.35559756 -0.26235697 0.15144418 0.12682495
0.87313217 -0.22465158 -0.6704347 0.7538658 0.789457 -0.9034688 -0.6035519 0.2725673
0.5776903 0.21338502 -0.6168216 -0.76471686 0.011945268 0.6310208 -0.56586564 -0.8497346
0.10208999 -0.61636573 -0.86515254 0.5465292 0.6424532 -0.2033289 -0.4118473 -0.44575822
-0.27805716 0.15381528 0.055640157 -0.28930163 0.27484196 0.35153487 0.116557896 -0.22541016
0.24780557 0.18380557 -0.3193523 -0.39359796 0.09149776 0.22468348 0.22159688 -0.23432398
0.13154781 0.97153926 -0.14395097 0.68602943 -0.83735263 0.7504565 0.8834123 -0.47627196
-0.9757972 -0.033983175 -0.6345755 0.9432625 0.79539686 0.9213298 0.20773931 0.030320734
0.6654357 0.30469793 -0.5028846 0.86857206 -0.1206011 0.54711246 0.0018759139 -0.6332875
-0.4081463 0.14882153 -0.7139958 -0.9725243 -0.13221756 0.52439433 0.22831455 -0.35170725
0.4344819 -0.030970734 0.9990027 0.5520633 0.66126287 -0.4809022 -0.6954101 -0.6013922
-0.13547008 0.02429824 -0.6107813 0.55988955 0.7368623 -0.36799002 0.016128393 0.18874921
0.44475636 -0.7050551 -0.43825787 0.46141198 0.13638462 0.7998916 -0.10428327 -0.18677431
-0.38698557 -0.53725487 0.30153266 -0.470628 0.724551 -0.45870322 0.34671926 0.13636829
0.2569176 0.79083353 -0.6600231 -0.7003689 -0.75619555 -0.84712195 0.068462044 -0.6685377
0.61433583 -0.9547789 -0.25078607 -0.053592056 -0.5669434 -0.28818756 -0.55441713 -0.4363438
0.8537421 -0.16564927 -0.22827011 0.2223489 0.32828373 0.3205531 -0.83048207 0.16380516
0.4718472 0.59113675 0.1770685 -0.7388539 -0.83251935 -0.35389262 0.8551176 -0.05476494
0.7909478 -0.08065009 0.5102362 -0.02974565 0.41740453 -0.36564144 0.7797305 -0.46858385
-0.98764634 0.44233158 0.35320893 0.3138029 0.37483 0.17252842 -0.7694421 0.33840746
-0.98680294 -0.63431424 -0.1582432 -0.24326123 -0.7620697 -0.14608479 0.2472345 -0.24507314
0.41699895 -0.5381558 -0.7123495 0.4977997 0.33745626 -0.14125861 -0.7264654 0.32736748
0.4999115 -0.6721147 0.3786035 -0.28872582 0.8302372 0.50307935 -0.45253766 0.8760526
-0.9495345 -0.63035196 -0.51619405 0.46416017 0.05233606 -0.07124919 -0.5549333 0.5129342
-0.7657872 -0.50531757 0.61272067 -0.09790507 0.75363547 0.2033282 0.5790893 -0.6251935
-0.36755627 -0.2465879 -0.011601589 -0.055065952 0.6449323 -0.65361893 0.7029718 0.77809256
-0.84896195 -0.98121923 -0.41449407 -0.19851047 0.94089884 -0.8571828 0.5626105 -0.049150094
-0.740253 -0.26783937 -0.2381972 -0.512855 -0.4112725 -0.16016234 0.9245228 -0.08227886
0.90027004 -0.9389359 -0.8677795 -0.9443682 0.33188927 -0.5595346 0.15284036 0.5907323
-0.33637217 -0.508645 0.45081717 -0.048204415 -0.7015797 -0.8251098 0.474335 0.72082466
0.78072417 0.020178014 -0.69309086 -0.5486852 -0.09295222 0.7037147 0.30039483 -0.4515861
0.5118773 -0.12911965 0.9655279 -0.14254573 0.6743927 -0.97091675 0.43644252 -0.20304312
-0.0019813841 -0.6023484 0.85902303 -0.60071 0.12317341 0.19469124 0.7168869 -0.06666692
0.6597826 0.047793128 0.9126693 0.43321568 0.8242105 0.88472104 0.6044923 -0.7552649
-0.7511428 0.2324835 -0.45758665 -0.22969535 -0.65234363 0.5243433 0.7089954 -0.73439074
0.033669874 -0.20997414 0.5800306 -0.0700154 0.4616181 0.13220775 0.95649624 -0.16073385
0.97534174 -0.16912283 -0.6346627 0.56416214 -0.45656198 0.13150947 0.29203016 -0.6006455
-0.93118614 0.9740667 0.6347803 -0.75258946 0.6959389 -0.48373958 -0.5054305 0.5452327
0.514724 0.6919147 -0.72669595 0.49517235 -0.06035225 -0.3482332 0.46860576 0.69028616
-0.3550785 -0.6903769 0.9833694 0.83838 -0.4203177 0.62882864 -0.82061356 0.82509184
0.5493045 -0.6062738 -0.4086255 0.19110972 -0.28848466 0.47246763 0.18472573 -0.5859427
0.22021902 -0.9718818 -0.7765044 -0.67758435 -0.2926446 -0.9761805 0.85981506 -0.5209821
-0.4587229 -0.24871536 0.8814774 -0.29636133 -0.1377343 -0.40298545 0.9524901 -0.27028555
-0.83292514 0.3159648 0.43320984 -0.25551796 -0.5772297 -0.1814971 -0.12186358 0.99059963
0.71687067 0.2418178 -0.6121641 0.37582904 0.517998 -0.84922254 -0.24102697 -0.34630442
0.14086264 0.30610645 -0.63722444 -0.060681127 0.9843358 -0.96829474 -0.25801277 -0.33137506
-0.18883397 0.7383874 -0.12338992 0.766156 0.15107968 -0.15076461 -0.4953938 0.6472277
0.28840104 -0.5755479 -0.739859 -0.74913734 0.8181439 -0.19321692 0.6406156 0.79072416
-0.5473339 -0.9348553 -0.6393278 0.5459574 -0.96917367 0.12826411 -0.61746645 0.5333214
-0.04124861 0.09815988 -0.41318348 -0.08684299 -0.9085748 0.6190393 0.81499785 0.50529504
-0.008755455 0.6875687 -0.99235827 0.3319148 0.53477186 -0.34668753 0.7131434 -0.99962
0.2642404 -0.39795205 0.25725585 -0.49728268 -0.5804403 0.25232077 -0.0061303587 -0.62543863
0.77234983 0.7647733 0.09913681 0.41219205 -0.09722653 0.60288674 0.6677125 0.5283194
-0.51370233 -0.9510231 0.31650615 -0.17748462 0.7885217 0.71969503 0.06750419 -0.2451117
0.42597908 0.41873938 0.3645658 0.6848481 0.15463717 0.03208696 0.033816267 0.7779613
-0.26649773 0.6838317 0.009779127 -0.8293221 -0.10203602 -0.41760722 0.055770088 0.70661974
-0.64108896 -0.049550753 0.1650045 0.5396406 0.88195395 0.101215765 0.843236 -0.32688206
0.52863955 0.5274509 0.102557965 -0.65242255 -0.22759141 -0.41829976 0.93375725 0.28924492
0.81807566 -0.40768045 -0.14211988 0.13474464 -0.29054365 -0.08700074 0.19861412 -0.94342804
-0.32037768 -0.9995566 -0.034924757 0.21600133 -0.8140191 -0.5158112 0.60798365 0.6805631
-0.2245335 0.6284475 -0.44571948 0.41221645 0.09091324 -0.11980184 0.31288454 -0.9732186
-0.67511314 -0.41235307 0.36112523 0.41247064 0.36152166 0.5352342 -0.8408969 -0.7882222
0.7107023 -0.2863245 0.13674258 0.0070056114 0.25332513 -0.8461066 0.53958046 -0.75319535
0.36274892 -0.1957158 -0.015476728 0.34338745 -0.2579945 -0.90792507 0.9284231 0.0453538
0.4842893 0.06258967 0.6393738 0.12923236 -0.75448626 0.28381312 -0.65451866 0.6473083
0.3621232 0.8796173 0.25816157 -0.5496738 0.11427509 0.54354453 0.4237766 -0.3154066
0.3107023 0.8705381 0.36962008 -0.2653972 0.82151663 0.6552484 0.7103675 -0.7863172
-0.41834232 0.5802556 -0.450385 -0.8525881 0.36653203 0.5985399 0.28353563 -0.3103133
0.11954664 -0.9569601 0.12532331 0.71360236 -0.8438935 -0.2333612 -0.6702726 -0.2399842
-0.97398466 0.65552586 -0.007513379 -0.12816387 0.20358942 0.70005643 -0.41747856 -0.46496606
-0.9010116 -0.4672018 -0.8675763 -0.91688305 0.10546113 -0.63233024 -0.85148454 0.83342946
-0.70253223 -0.81033844 0.9413561 0.33393392 0.45150807 0.126408 -0.85922056 0.6837545
-0.163942 -0.21506435 -0.7293815 -0.7735602 0.044491865 0.13748717 0.037371084 0.22624935
0.75528693 0.00840969 -0.24170464 -0.48685458 -0.3863067 0.121614106 0.5907447 -0.11775794
-0.91847533 -0.62369096 -0.81869555 -0.33331317 0.3687533 0.18142946 0.32425517 -0.09080974
-0.7804389 -0.40748808 0.021920959 -0.0056700697 -0.51267725 0.6506031 -0.13337334 0.69091225
-0.46901473 0.8838792 -0.7762853 0.538365 -0.9596271 -0.52735865 0.7411066 -0.29979
0.864959 0.858834 0.6003851 -0.20778911 0.716537 -0.08579133 -0.74765563 0.7039167
0.63249344 -0.72886914 0.733053 0.037926108 0.4871815 -0.46364796 -0.569077 0.69662565
0.20042759 -0.70458907 -0.26825982 0.71807164 -0.063432835 -0.3262942 -0.31809226 0.6492884
-0.09140194 0.896707 -0.3755997 0.5129607 -0.42858902 0.5356776 -0.96480405 -0.74035805
-0.4814862 0.74018395 -0.35500324 -0.03294892 -0.78591096 0.13335657 -0.80801094 -0.7167953
0.6019448 -0.51217943 -0.8774926 0.20364976 -0.70699966 -0.89436656 0.6611046 -0.20563436
0.7309502 0.48806295 -0.59807193 -0.8303774 -0.6572855 -0.010839671 -0.28450373 0.6639641
-0.061518315 0.1094994 -0.22509551 0.5098007 0.3778796 0.37154466 0.54318875 -0.20278774
-0.7618283 0.6358669 -0.30895504 0.38352522 0.9769318 0.40352347 0.8133715 -0.9732901
0.20743494 -0.8053546 0.74500924 0.9204955 -0.93169284 -0.7334773 0.6655221 0.37377286
0.96331555 0.51301837 0.18838015 0.07848651 -0.98026526 0.5676294 -0.23199643 -0.7866936
0.09366959 -0.26007453 0.2117159 -0.96665573 -0.67004776 0.07966186 0.21981484 -0.8355717
0.27275574 0.6824423 -0.42643276 0.04266156 0.8122386 0.40591937 -0.58655536 0.93298537
-0.3158499 0.6484049 -0.09496505 0.5795351 0.84184533 0.8054467 0.60920495 -0.35405535
0.8252593 -0.69332045 -0.47961006 0.29270646 0.49636224 -0.89932746 -0.46227166 -0.26193357
0.69449306 -0.9961653 0.77999115 -0.33053887 0.23314711 0.8715216 -0.8768029 0.09050691
-0.555565 0.40449497 0.6356367 -0.5075011 0.71978915 -0.6451731 -0.03985546 -0.7374348
-0.38496658 -0.25174624 0.39053383 -0.36629975 0.05931065 0.30264044 0.5714706 -0.41292313
-0.88730115 -0.52589583 0.091893956 0.7553545 0.31508973 0.21455762 -0.93645513 -0.0039263614
-0.3381964 -0.30516714 0.9187761 -0.6730652 -0.82326454 -0.38982168 0.2853967 -0.46078283
0.41164172 0.39018375 -0.123611845 0.6693986 -0.3524329 0.24638759 0.080045946 -0.8566117
-0.30554846 0.1262771 0.9521149 0.5673033 -0.038186006 -0.60705906 -0.46007505 -0.91515195
0.16316162 -0.15153955 0.3170855 0.06292506 -0.16643173 -0.29594806 -0.91875553 0.96593416
-0.84960544 -0.94906783 -0.5693942 -0.7276275 0.5888657 -0.6967407 -0.32009986 -0.97350323
0.8631382 -0.35791922 0.6857568 0.92386967 0.45490405 -0.47851628 -0.01570905 0.56530386
0.39729232 0.6551434 0.089148484 0.3150052 -0.27360755 -0.61718744 0.39448053 -0.99423534
0.5677619 -0.98553354 0.23360184 0.1892277 -0.7889752 0.18440458 0.51569414 0.07198392
0.3455211 0.41734344 -0.58818024 0.85323304 -0.3449171 0.1674039 -0.79363424 0.99281
0.30828223 -0.076428734 0.13223949 -0.94562334 -0.5198407 0.94937813 -0.83793694 -0.7165982
0.14615452 0.54794425 0.7057463 0.7224566 0.52044433 -0.30468452 0.1631623 0.6262462
-0.72230834 -0.83715886 -0.08282961 -0.37931934 -0.9925305 0.033727035 -0.25404444 0.7662691
-0.33164796 0.32534212 0.13615677 -0.40066677 -0.064775884 -0.2646801 -0.5248279 -0.8237549
-0.8957574 -0.55459374 -0.83336145 -0.6987375 -0.7501602 -0.25340223 -0.5236523 -0.99118227
-0.9341758 0.98010725 -0.509711 -0.9183448 0.25201958 0.103282094 -0.22229697 0.46666366
0.8739658 -0.2072895 -0.24934834 0.028366696 -0.5310478 -0.65205216 -0.22263797 0.35403806
-0.97046 -0.7232095 0.61621624 -0.33570942 0.11831183 -0.88901263 0.10154702 -0.9445238
-0.58548313 -0.104206406 0.047624603 -0.7493832 -0.08192661 0.560967 0.41157484 -0.2618407
-0.0077106375 0.5980056 -0.47364786 -0.719559 0.93801445 0.7460147 0.7483757 -0.045655478
-0.92929584 0.48592702 0.5803157 0.93026155 -0.9284389 0.62562335 -0.32640377 0.3331794
0.8011206 -0.4967638 0.98685646 -0.92430264 -0.77056885 -0.03864452 0.43790165 0.8529879
0.6945429 0.9410267 -0.11728272 -0.18736921 0.17890018 0.38389796 0.8057623 0.18404685
0.8119359 -0.16864327 0.54271686 0.99613494 -0.8424606 0.41448808 0.8063197 0.7889818
0.7455172 -0.4425057 -0.1873982 0.016193392 0.9393456 -0.46887487 0.3209922 0.5195583
-0.70662355 0.7406876 0.010458046 0.91259176 0.7793823 0.894878 -0.6343641 0.6692981
0.7256387 0.89455664 0.29909408 -0.26293588 0.17378417 -0.6842358 0.99237233 0.44443998
-0.32088658 0.8377494 0.42478174 -0.3337509 0.858769 -0.35131624 -0.36007795 -0.9405506
0.4018162 -0.7839968 -0.9026555 0.31213552 0.9367104 -0.8716474 0.51969355 -0.542679
0.7224661 -0.9757114 -0.6117015 0.95029056 0.15078095 -0.7365618 -0.9905613 -0.18193558
-0.13114712 0.065606795 0.36159584 -0.69204974 -0.36327457 -0.89402854 0.9930077 -0.15229937
0.35697022 -0.42947358 -0.71556425 -0.6129309 -0.96961933 0.3765572 0.97937906 -0.81679815
-0.66952 0.6033937 0.27277792 0.8955996 -0.27057588 -0.14387527 -0.42719495 0.60877836
-0.6249674 -0.24039823 0.31879607 0.8267683 0.6256592 -0.8300748 0.728159 0.5826513
-0.058531266 0.107553184 -0.11357352 -0.88907534 -0.35943615 0.8261691 0.19727658 -0.8036362
0.10288181 0.23686227 0.62247723 0.16317153 -0.5973124 0.9398569 -0.40747023 0.45072788
0.37545088 0.8465535 0.5300537 -0.22459008 -0.9039652 0.31267563 -0.9762293 -0.8951942
-0.95367754 0.14626096 0.574885 -0.8594959 -0.361407 -0.24164099 0.79886276 0.29267216
-0.19049801 0.8440175 0.37426242 0.34449294 0.42418656 0.083655775 -0.06500293 0.94498324
0.14365403 -0.18760474 -0.8128479 -0.6154813 0.9665792 0.92340916 -0.9940477 -0.8444097
0.35778093 -0.56396675 0.32730603 -0.580356 -0.2063147 -0.34822762 -0.5070327 0.55022883
-0.39237234 0.8293103 -0.62255836 0.7898722 -0.6930229 -0.40811095 0.96740586 -0.9053641
0.67658895 -0.67263323 0.038191494 0.91639996 -0.7621402 -0.24619298 0.016359929 0.30446503
-0.3275238 -0.5025065 0.8156406 -0.9838638 0.96244633 -0.70139205 -0.53793967 0.46326247
0.5061224 0.02603822 -0.956905 -0.55467933 -0.5840273 0.7846346 -0.08233056 0.5348861
0.8124713 -0.21369794 0.84776884 0.36082888 0.20971987 -0.098637424 -0.11577701 -0.35202676
-0.44219297 -0.029711379 -0.18467902 -0.47536564 -0.8525479 0.94653857 0.14546292 -0.32806596
0.6806156 -0.02590463 0.6716934 -0.6704668 -0.7088053 -0.5294769 0.72045493 0.52924025
-0.3439183 0.86707085 0.72070843 -0.22383894 0.19971447 0.9696656 0.41259766 -0.60451883
0.19726034 0.7825022 0.0646547 -0.065249 0.49078798 -0.09191155 0.26628712 -0.98594636
0.52562195 0.92205864 0.69044363 0.6334228 -0.05282467 0.47071904 -0.021681793 -0.7729151
-0.9329294 -0.30360806 0.6732609 -0.05966999 -0.7779526 -0.9328894 0.05571689 -0.5031817
0.27743644 -0.40854257 -0.1128125 -0.71721905 -0.1883569 0.13725746 0.060942527 -0.79565394
0.72008103 0.4277572 -0.7023374 -0.7794947 -0.6532716 -0.17951362 -0.51033676 -0.54269785
0.25529632 -0.7611817 -0.5739797 0.8288988 -0.7646039 -0.5544532 0.81699055 0.5621267
-0.10346286 0.9390947 -0.3461435 0.18740952 -0.59326535 -0.08154204 -0.50939274 0.44152367
-0.6315953 0.7720018 0.7938793 0.5371208 0.771863 -0.39523256 -0.89642024 0.8166284
0.15374109 -0.91210914 0.5518767 -0.3569699 0.90401477 0.96922994 0.20528193 0.8156762
-0.28591368 -0.450693 0.46034405 0.11770942 -0.9506056 -0.30254203 -0.9827276 -0.38189784
-0.064620845 -0.27609667 0.04828689 -0.9410491 0.89783025 -0.57777977 -0.8317531 0.2121163
0.34209415 -0.3582435 0.8309109 -0.690944 -0.6559936 0.6872679 -0.10173268 0.11956592
0.5355791 -0.04896458 0.78091466 -0.55219585 -0.02090966 -0.66018796 -0.524142 0.22677748
0.20399688 -0.23738423 -0.98169583 -0.10335478 -0.46055725 0.9905595 0.15692097 0.771358
0.38250464 -0.81715095 -0.018608531 0.899413 0.06272827 -0.7172291 0.52495867 0.5560148
0.46907368 0.32143453 0.7017742 -0.1393625 -0.31934592 0.79122317 -0.8284878 0.9382237
-0.64318764 -0.3313689 0.60372096 -0.75016755 -0.2542195 0.29763988 -0.33882424 0.6899574
-0.41119388 0.1796563 -0.29474837 -0.78067577 -0.4431449 0.63232297 -0.36611417 -0.30938405
0.77712846 0.831512 0.14807793 -0.77919996 -0.4815788 0.58301073 -0.24154013 0.85642236
-0.24163544 0.97406614 0.31111944 -0.44249034 0.09438951 0.6006677 -0.5036236 -0.40953344
-0.16716973 -0.2742637 0.8789491 0.29433188 0.17970207 0.89348876 -0.19607708 0.37239844
-0.6628999 0.6677544 -0.34370783 -0.043789476 -0.9450858 -0.7062469 0.62873703 0.35155892
-0.99014664 0.5235058 0.25362357 0.8959729 0.8608916 -0.15643224 -0.7777187 -0.16095866
-0.20636639 4.4253462e-05 -0.5014538 -0.34753773 -0.87194645 0.5048175 -0.44130483 0.3616465
-0.4465434 0.6827239 -0.52350837 -0.7587931 0.56201315 -0.5438195 -0.65086985 0.14191039
-0.87506586 0.11702731 -0.9632686 -0.1432125 -0.169422 -0.8291193 -0.8358601 0.17408869
-0.9917604 0.46344218 -0.26288566 -0.4743486 0.9020859 -0.9552572 0.25392875 -0.9642673
-0.23599482 -0.37488183 -0.839316 0.5663796 0.14371847 -0.8453273 0.95433915 -0.7785174
-0.015843136 -0.9389808 -0.18835907 -0.016848423 0.7126149 0.3550913 -0.29544488 -0.6313978
-0.9095622 -0.342975 -0.8743476 -0.6481884 0.30149472 -0.596899 -0.25216323 -0.98582417
0.8253513 0.68171424 -0.8107603 0.36913726 -0.01642664 0.64378375 -0.6425149 -0.63979137
0.9080054 -0.583473 -0.13001424 -0.66555065 -0.3500286 -0.33910713 0.21541297 0.058259442
0.91355366 0.61566263 0.4868971 -0.40657037 -0.3942542 -0.08499117 -0.41326752 -0.6284321
-0.60663915 -0.2418043 -0.3275879 0.88220024 0.21005262 0.73964775 -0.80276227 -0.92173594
0.66746193 -0.12534928 0.10133863 -0.4545699 -0.13357003 -0.73460174 0.983262 0.09930148
-0.80236375 0.7031546 -0.13984078 0.27039456 -0.68549705 -0.20882295 -0.004026079 -0.005494807
0.6395122 -0.008421121 -0.39500043 -0.46448976 -0.3845963 -0.055331487 -0.47141048 -0.938107
-0.60152775 0.15631151 -0.45893303 -0.33634117 -0.4828445 -0.8064532 -0.6392135 -0.49103856
0.6787 -0.5575486 0.6567956 0.4865992 0.948589 0.5071803 -0.7697739 0.8800855
0.68418926 -0.1127428 -0.13282211 -0.93809146 -0.56471694 0.42977223 -0.7789464 0.9834898
-0.95663506 0.98194695 -0.40758485 -0.07826957 0.090942904 -0.42089364 -0.55900484 -0.8988616
0.646866 0.94461876 -0.74888504 0.71966165 0.4410789 0.5004507 -0.22438908 -0.8848502
0.38084626 0.92425287 0.3175165 -0.5318954 0.073470525 -0.75664973 0.4357571 0.3457284
-0.106412 -0.982671 -0.8792679 0.36395538 0.3848267 0.15041865 -0.54461753 0.32626316
-0.7889896 0.25536114 0.14463581 -0.28901273 -0.5616679 0.4491654 -0.6380161 -0.6852907
0.26552823 0.32124907 -0.7960618 -0.4754234 -0.8028079 0.82766294 -0.98322695 -0.29797685
-0.686358 -0.066010244 0.8136747 0.41475275 -0.27965248 -0.6266926 0.41002426 0.08383174
0.44057995 -0.9102894 -0.65371877 -0.3602534 -0.066926606 0.13889204 0.12418799 0.08583132
0.13223268 -0.16504875 -0.4423743 0.03625908 -0.756279 0.49854273 0.90587145 -0.891807
0.5646543 -0.5523342 -0.3271773 -0.9329237 0.93817157 0.12419121 -0.8368371 -0.35688874
0.9545621 -0.8799175 0.8358122 -0.4409791 -0.8442258 0.24929161 0.79247296 -0.26716858
-0.3067582 -0.47526094 -0.37750563 -0.86493653 0.010542156 -0.31686383 -0.66771543 0.44474044
0.7864743 0.61430883 -0.7289069 0.82708013 -0.18238388 0.8291742 -0.8327267 0.96757984
-0.806521 0.4908496 0.42882594 0.5143351 -0.5106719 0.4958593 0.025802387 -0.90590113
-0.80494183 -0.4395254 0.6948979 -0.14883447 -0.45191216 0.06980304 -0.33956206 -0.3838471
-0.6035959 -0.29740667 -0.6686129 0.14820841 -0.24632344 -0.9211505 -0.56775904 -0.043174546
-0.44394386 0.7646685 -0.8835236 0.2958532 0.721971 0.8416183 -0.031591333 -0.19379313
-0.92869765 -0.07070785 0.29980645 -0.32355607 -0.6765181 -0.058754757 -0.6753627 0.115868725
-0.08600788 0.9896145 -0.674209 0.27042517 -0.6011694 -0.16305722 0.4948756 -0.005679828
-0.27860162 0.7782665 0.7442592 -0.2349419 -0.810674 -0.31426725 -0.62676454 0.48974448
0.27711982 0.010286813 -0.967251 0.9321845 -0.9730649 0.054899037 -0.13671125 -0.4762115
0.7799942 -0.313879 0.13021506 -0.7388748 -0.89512205 0.6804508 -0.7422616 -0.7294929
0.3136788 -0.5701966 0.5617466 -0.8506843 -0.937636 -0.2414413 0.7339207 -0.7310722
-0.98942214 -0.03582875 -0.10222641 -0.12406638 -0.5402982 0.42056346 0.7033182 -0.09218248
0.851817 0.4333794 -0.8464339 0.8808753 -0.21422029 0.25653115 -0.6490506 0.042475924
-0.55904776 0.30960527 -0.38827828 0.99364585 -0.78221476 0.12801424 -0.6328631 -0.40911642
0.7207225 0.0025518301 -0.82197666 0.45722428 -0.111802205 -0.8346287 -0.030885968 -0.10894424
0.16757531 -0.13124421 0.20180337 0.40767956 0.9789245 0.11525002 -0.11876519 0.4240929
0.827718 -0.9539836 -0.9278791 0.95464665 0.092017114 -0.8964467 0.32074594 -0.80694467
-0.7877124 -0.19453369 0.32740512 0.6402411 0.70773894 -0.22644168 0.9603638 -0.7210691
0.3414273 -0.5367421 0.41646484 -0.061320048 -0.93941367 -0.91068417 -0.4081945 -0.8051675
0.37615126 -0.078493476 0.2880319 0.33320236 -0.9050063 -0.1708302 0.36576635 0.80623114
0.8919974 -0.23458615 0.15269387 0.8680377 -0.9096438 0.95237625 -0.09042144 0.6986966
-0.6643378 0.8716868 0.5489124 0.30585837 -0.65387505 -0.12345528 0.17137893 -0.19610108
0.7857405 0.10157413 -0.82189345 0.75067294 -0.37738514 -0.65685827 0.2857604 0.6159472
-0.41939098 -0.025230816 0.9359628 -0.11607686 -0.25389275 0.10084375 0.41416076 0.28646114
-0.9336077 0.87932885 -0.082960226 0.40844193 0.19732377 -0.6715415 0.98948246 0.57423544
0.3454489 -0.4606079 -0.6170569 -0.82071865 0.11527389 -0.57779783 -0.15817234 0.5220969
0.21313827 -0.36497968 -0.8143202 -0.38364732 -0.60539186 0.0905322 -0.15519297 -0.28239506
-0.22726011 -0.18401572 -0.14757179 -0.34573352 0.5193703 0.058344144 -0.97741556 -0.17868742
-0.549998 0.19089116 0.6787588 0.48673376 -0.7539857 0.0010039777 -0.06897079 -0.12082617
-0.2618818 0.3733927 -0.7566239 -0.90022033 0.2869499 -0.59892845 -0.2827175 0.84411913
-0.71620417 0.6995806 -0.18849286 -0.6165133 0.9697684 0.21532781 -0.55552554 0.5268307
-0.25893283 0.06451669 -0.28687033 -0.67297417 0.6558955 0.41330275 -0.47880864 0.055375155
-0.9745323 0.68965733 -0.5553342 -0.38462383 0.7812915 -0.606919 0.35278326 -0.88959825
0.14440823 0.54027647 0.13321231 0.98922557 0.18165845 -0.15913434 -0.4079813 0.26702353
0.44049704 -0.18407893 0.9010334 0.3756357 0.21924719 -0.42063597 0.9671027 -0.51494676
-0.012842574 -0.08079131 -0.05968012 -0.27852604 0.4257066 0.6298991 -0.72886133 -0.9183893
-0.110919 0.9991145 0.33394206 0.2193925 -0.106117085 0.59444535 -0.86905557 0.2349712
0.6289713 -0.2736827 -0.09910003 -0.39460805 -0.087616436 0.31595787 -0.99924386 -0.91614616
0.044206858 -0.6019196 -0.5540448 -0.12349915 0.10819149 0.48484668 -0.5998879 0.7352829
0.69522166 0.15761645 -0.7381006 -0.13307059 -0.86891085 0.9335242 -0.69368875 0.7566141
0.05059666 -0.36767203 -0.83968353 0.12983672 -0.21326236 -0.7629515 -0.83779645 -0.060419995
-0.72811174 -0.46574923 0.96143115 0.4137153 0.44663087 0.9528939 -0.63069737 0.7978471
-0.8360164 0.35576934 -0.44758898 0.68167627 0.8092176 0.050501864 -0.21814002 -0.28620198
0.881148 0.71828514 0.7454527 0.35134012 -0.96268755 -0.1309412 0.8431334 -0.8181193
-0.27411684 0.8154281 -0.43745518 0.55939 -0.41809782 -0.1568269 -0.6413122 0.76279074
0.86716425 0.28352654 0.77654976 -0.2608188 0.99367833 0.671196 0.4498416 -0.8632097
0.8021582 0.6672594 -0.31347793 -0.04091492 -0.8474103 -0.40196967 -0.2081108 -0.24286361
0.5424696 0.7893416 -0.15861489 -0.6734331 0.8118451 -0.71279824 0.21651286 0.035399564
-0.20018518 -0.70953673 0.22334914 0.8493376 -0.5169275 0.89434785 0.04638327 0.42210945
0.034246013 -0.6721509 -0.83655715 -0.93169636 -0.90770656 -0.1032452 -0.30370435 0.4326547
-0.19643532 -0.023805643 -0.729756 0.43834507 -0.38859442 0.52720034 0.367795 0.28631777
-0.9721003 0.6329488 0.23747244 0.213127 0.6714846 -0.5795553 0.18710761 0.94784856
0.6595706 0.83977026 0.04719048 -0.84802306 0.32514143 0.6563405 -0.42701778 -0.07907372
-0.433089 -0.63991845 0.70551586 0.35705483 0.07446678 0.65708584 -0.5080651 0.34831864
0.89943105 0.61546975 0.40283635 0.71560115 -0.32580572 -0.28123996 -0.9806585 0.38802686
0.72441494 -0.15969801 0.7683376 0.64962375 0.53433466 -0.27296004 0.5759686 0.22758791
0.90615565 -0.713366 0.59139687 -0.12206694 -0.492906 -0.9373917 0.85783046 -0.91591454
0.72597075 -0.23697767 0.7904954 -0.37262756 0.32937676 -0.26997948 -0.32985216 0.29344693
0.55106896 -0.7174663 -0.8311194 -0.5248697 -0.70751673 -0.51399636 0.8467785 0.8128644
0.23584168 0.8128435 -0.41469148 -0.8116516 -0.26854706 0.7592075 -0.9435603 0.7499525
-0.0845859 0.48889175 0.054277293 -0.8194577 0.46753815 -0.74480957 0.8900544 0.023354331
0.29065493 -0.9709951 -0.72552735 0.6348122 -0.8836948 -0.9160433 -0.82679325 -0.65133315
0.5012194 0.33029947 0.58155596 0.5236303 -0.87047267 -0.5055337 0.85741353 0.07089401
0.40797472 0.95406693 0.8538081 0.853677 -0.17926137 0.071438245 -0.8656281 -0.9045522
0.06901212 -0.53992087 -0.2953087 -0.50120676 -0.06628471 0.8546277 -0.53937036 -0.83690274
0.9065228 0.27425054 -0.25939268 0.0058180853 -0.80621654 -0.37781876 -0.92274016 -0.6998343
-0.051332936 -0.8349945 -0.35313612 0.18435925 0.72434294 -0.54293513 -0.2743129 -0.44546694
-0.42732564 0.92029697 -0.13383074 0.6188506 -0.7004772 -0.07721375 -0.064848594 0.24465807
0.34547415 -0.2153071 -0.60342723 0.88947874 -0.25913963 -0.75010306 0.08342704 -0.5862053
0.6015086 0.38143316 0.19986317 -0.9690755 -0.15489432 0.10432491 0.5276515 -0.3181774
0.8712593 -0.10710964 -0.8276398 -0.12800059 0.68226063 -0.6238109 -0.3550194 0.9550724
-0.85313225 -0.32222024 -0.121237844 -0.03738102 0.09685677 0.37009117 -0.21803974 -0.9310287
-0.322574 -0.9574943 0.0017897559 0.7382687 -0.83159417 -0.1864951 0.8261287 0.6606074
0.4766168 0.42125073 -0.9845662 -0.12848625 0.7789497 0.4444268 -0.29612088 0.12119234
0.23835726 0.72729707 0.09729673 0.70871896 0.47364777 0.9934267 -0.31758854 0.03137346
0.26203415 -0.97023904 0.0783227 -0.059872843 -0.44257477 0.23123208 0.44257674 0.34044492
0.8127122 -0.069941945 0.42414966 -0.641014 0.3057637 -0.7359974 0.5919589 0.62395126
-0.721457 0.84989 -0.02172564 0.82646394 0.7300988 -0.29319268 0.45796815 0.76305395
0.9978843 -0.4932283 0.5779695 -0.22593895 -0.86390555 -0.4384087 -0.68156326 0.44432062
0.09060305 -0.69602764 0.20933995 -0.678338 0.14412667 -0.31217882 0.51710206 -0.012846681
0.64779675 -0.29631442 -0.1900881 -0.4539171 0.38738668 0.85549104 -0.8588902 0.16783306
0.06798159 0.6842888 -0.046397913 0.26161233 -0.4038943 0.23359516 0.6413418 -0.76257235
0.34335437 -0.76543427 0.56158894 0.043646984 0.21574673 -0.20246786 -0.03696135 -0.645223
0.6394749 -0.506833 0.20480545 0.37052026 -0.40842476 -0.7588637 -0.6820952 -0.7149261
-0.04494511 -0.31283468 -0.7043497 0.7859193 -0.4862871 -0.99934125 -0.36993453 -0.48445794
-0.2079394 -0.52674437 -0.32386068 0.112631865 -0.865236 -0.8634629 -0.49026722 -0.11852321
0.054044243 -0.39175588 -0.94235283 0.77105194 -0.42975906 0.0012730224 -0.8067726 -0.714356
0.34828883 -0.5232608 0.22315207 0.050274882 0.06339304 0.799863 -0.054106414 0.8275485
0.20267408 0.48457438 -0.058016025 0.26863366 0.79811037 0.17993578 0.3953927 -0.6120893
-0.84280986 0.90575796 -0.633682 -0.37320516 -0.18483089 0.63407123 -0.40668923 -0.68563646
-0.14506884 0.65034896 -0.9119236 0.06721548 0.40808076 -0.066976614 0.74506795 -0.23752007
0.41393006 -0.66246 -0.7273558 0.26805067 -0.13988587 0.079889536 0.23322192 -0.43743497
-0.022589084 0.6820426 -0.81894046 0.14245264 0.6564603 -0.9585428 0.43092105 -0.596323
-0.33535194 -0.9924759 -0.31773263 0.6704787 -0.8396326 0.83370525 -0.13985257 -0.011073406
-0.42985588 0.8707363 -0.6040904 0.5581762 0.05270729 -0.36952752 0.3567084 0.5858059
0.7572758 -0.8759151 -0.96307343 -0.45696944 -0.3419708 -0.4635969 -0.62227005 -0.43785042
0.46199447 -0.28171253 0.17375226 0.10264131 0.6319648 0.33287305 0.6435672 0.10560089
-0.9008082 -0.27429673 -0.44856572 -0.5837817 0.29981455 0.6568131 0.5488163 -0.387635
-0.09211752 -0.41100147 -0.26652348 -0.101145625 0.978436 -0.8385508 -0.18261158 0.8316678
0.15679249 -0.28233445 0.5139583 0.9621498 0.50016856 0.8225546 0.12823266 -0.39807564
-0.7300181 0.88524777 -0.61132413 0.5909188 0.18777122 -0.1864053 -0.38584176 -0.9674806
0.8115902 0.1260295 0.53681886 0.31876072 0.7841091 -0.7932944 0.38444534 0.40683272
-0.058259375 -0.61412644 -0.119703 -0.96159637 0.43813115 0.97472054 0.6991517 -0.009738555
0.4280276 -0.35815367 -0.31002045 -0.2348377 0.55806124 -0.2918902 0.20466708 0.58790946
0.8603411 0.39762616 0.07614846 0.6312768 -0.22023948 -0.06659226 0.7101442 -0.884102
0.67535406 0.56254137 0.9420433 -0.4216971 0.18379194 0.78690904 -0.95382476 0.64642984
0.6313881 0.30129832 0.15646148 0.9138723 -0.20936815 -0.217872 -0.27276498 0.0074622734
0.40951827 -0.12127087 -0.13372888 -0.62350714 0.09906447 -0.57345915 0.24439882 0.9596862
-0.109054856 -0.69550836 0.9851011 -0.21978316 -0.0003708523 0.74705327 0.41684517 -0.06931919
0.7258946 -0.5031569 -0.636616 0.30384618 -0.23584981 0.069694616 0.502514 -0.0558425
0.8795474 -0.70587194 0.6780189 0.57791865 -0.7639232 0.10247682 0.5678983 -0.17039968
-0.029591741 0.49098662 0.72311246 -0.21279198 0.674233 0.62466776 -0.7627542 0.33767575
0.64755 0.67408824 -0.16368954 -0.5689658 -0.6584165 0.7051646 -0.33295417 0.61163557
0.21646853 -0.56542933 -0.16061136 0.6135024 0.7402432 -0.29446858 0.56094563 -0.8854961
0.057531748 -0.72318363 0.92491466 0.3967407 -0.29100838 0.92277575 -0.7996139 -0.10165688
-0.38286698 0.9848621 -0.82307005 0.055193465 -0.5543307 0.39094207 -0.058713805 0.7058736
0.4322395 0.522569 -0.37056944 -0.6873682 -0.22736728 -0.92511415 -0.51304215 0.22857748
-0.5963687 -0.92267454 0.12674877 0.5610166 -0.6217067 0.8462719 -0.31653973 0.06072566
0.2659651 0.09682544 0.16512913 -0.7930821 0.00056256977 0.49967438 -0.71705914 0.8574541
-0.87311053 0.55998397 -0.22608802 -0.41271055 0.6990756 0.64180094 0.21404915 -0.23755705
0.5792085 -0.69862825 -0.2000481 -0.15745434 -0.68196076 -0.19351201 -0.26472056 -0.71322435
-0.7034443 0.9310367 -0.8624863 -0.75224113 0.93356293 0.9006534 -0.32918105 -0.7944212
0.21732052 -0.12380557 0.90411407 -0.7433292 0.5564336 -0.95033103 -0.5846941 -0.39894274
-0.67114544 0.5899408 -0.65282345 -0.07850735 -0.7413158 0.55203104 0.34254253 -0.90199524
-0.6407024 0.2494761 -0.15498748 -0.39577663 0.25930983 0.7685573 -0.060854573 -0.553508
0.06784255 0.19236146 -0.58084804 0.46429387 0.08465037 0.31348446 -0.09386251 -0.12262551
-0.57972896 0.7832417 -0.60528576 -0.50125957 -0.2729095 0.9461059 0.10376399 -0.70766705
0.679064 -0.4193182 -0.95810306 0.46456626 0.9233301 0.78963655 -0.9245859 -0.076217294
-0.61824465 -0.39338776 -0.6254177 0.5680842 -0.4395277 0.93172723 0.049844544 0.14414169
0.57567906 0.36133167 0.72455543 -0.74532753 -0.008879707 0.09495436 -0.78171575 0.4652402
-0.09201583 0.2403062 0.7267391 0.41686946 0.54226774 -0.41436824 -0.10547053 0.8464052
-0.22195996 -0.057619117 -0.73983866 0.33821836 -0.54750437 -0.6709523 0.73891 -0.6461912
0.1784806 -0.46765915 -0.03218118 0.83477485 0.5481392 0.5355146 -0.8148678 -0.7859463
0.54170346 -0.042887747 0.6933193 -0.24900894 0.2583881 -0.46483752 -0.19794019 -0.003441359
-0.6504481 -0.2266918 -0.28835672 -0.5186063 0.5184289 0.21305186 -0.1334189 0.14837706
-0.10512755 -0.3357703 -0.5573092 0.39883962 -0.9733402 -0.79689485 0.1345258 -0.42155862
-0.42554054 0.5373902 0.98309094 0.06401092 -0.9948329 0.20280787 0.5117274 -0.63729644
-0.51416254 -0.58314884 0.56837004 0.86216986 0.6050604 -0.23230888 0.5622057 0.091610305
-0.18057603 -0.08722198 -0.7324577 0.9435446 0.6470273 -0.58295405 0.28982842 -0.7895572
-0.8096644 -0.706882 0.14060155 -0.36198777 0.67281604 0.21552792 0.7122893 0.9264178
-0.7737539 -0.35049185 -0.19978072 -0.2682957 -0.52168214 0.4144622 -0.64210653 0.40877202
-0.22237363 0.059713505 0.31287074 0.29664928 -0.51845926 -0.067963436 -0.32638773 0.9581821
0.25819182 -0.33760107 -0.5004336 -0.9736879 -0.8406653 0.6242543 -0.52040094 0.28441462
0.90216315 -0.75830346 0.8683881 -0.6208133 0.77049 0.4572839 0.6422123 -0.28814372
-0.420602 0.18339914 0.2363873 0.71964425 -0.7564103 -0.19018273 -0.54989505 -0.2859476
-0.4728295 -0.7602368 -0.38926417 0.9897939 0.3843964 0.18025972 0.6003178 0.28789318
-0.07186095 0.032699686 -0.903153 0.487255 -0.28559068 0.66635114 -0.17457138 0.36337757
-0.12774107 -0.6891245 0.038418837 0.92969567 -0.50809485 -0.61758775 0.6863244 -0.23955902
0.02155521 0.123849384 0.16309714 0.61394703 -0.18428509 0.01269918 -0.83432645 0.7531577
0.34605464 -0.33254755 -0.64513326 0.058188234 -0.65049845 -0.2688443 0.098932184 -0.020362157
0.10927521 0.9969448 -0.56926847 -0.10925813 -0.89258635 0.61929274 0.17112082 0.8519962
0.31530693 -0.047793005 0.059673853 -0.09725423 -0.33241317 0.20908497 -0.16609468 0.64105105
0.7364743 -0.32418603 0.38340005 -0.13844979 -0.5131804 0.9788071 -0.52376866 0.32059
0.5249071 0.38980845 -0.8232583 -0.4278764 0.3667305 -0.48962522 0.93658906 -0.115797654
0.104317464 0.0075322096 -0.13704911 -0.06907978 0.8343875 -0.9531646 0.93955106 -0.77078474
-0.13897397 0.38519043 0.6005382 0.3159693 -0.019615933 0.78069115 -0.13053761 -0.50517815
0.56169266 0.12897088 -0.7314554 -0.34036538 -0.82142633 0.082537636 -0.7001238 0.43177918
0.11101478 0.94215626 -0.9767176 0.43222278 -0.59264004 -0.9310407 0.25634181 0.091430716
-0.39526784 0.014660079 -0.88981825 -0.14564188 0.15371586 0.7494207 0.6943611 0.594431
0.84398717 -0.16383308 -0.1019009 -0.9816075 -0.08532532 0.01818944 0.11036322 0.9074356
-0.83549345 -0.37880984 -0.14805704 0.6540829 0.30632633 0.6093878 -0.7952476 -0.3377835
-0.9641361 0.8470216 0.43816224 -0.27962974 0.009734018 -0.98050636 0.5670211 0.8362536
-0.4855698 0.40344056 0.024854995 0.3335438 0.1450002 0.05048061 0.1816245 -0.786046
-0.8232278 -0.37347755 -0.82223284 -0.24317457 -0.8368406 -0.66772485 0.41097102 -0.9517007
0.17778651 -0.3015479 0.5035368 0.60236377 -0.7683988 -0.20052008 -0.29104745 0.2751482
-0.3519271 0.29341835 0.6650536 -0.3280588 0.17741969 0.63328224 0.96669906 0.73677874
0.94894683 0.9763751 -0.8711473 0.1944147 -0.9768168 -0.8125085 -0.7010299 0.9642707
0.33483455 0.2801854 -0.9002133 -0.12993854 0.5933361 -0.0989219 -0.9345196 -0.27068594
-0.9403761 -0.4671898 0.72541916 0.41232133 -0.46738392 0.10016796 -0.1970827 0.40456182
-0.11217611 0.7454857 0.85449386 0.7131827 -0.74314994 -0.4357581 0.80925083 0.87689537
0.90255904 -0.9763626 -0.3112048 -0.123140365 -0.1971174 -0.9427462 -0.5100484 0.89001596
0.81807274 -0.739977 -0.9005098 0.4233689 -0.647603 -0.40462974 0.9979513 0.7661814
-0.68965375 -0.25666672 -0.1855236 -0.8816536 -0.0214824 -0.61728275 0.63417405 0.7745078
0.24107859 -0.5549068 0.042196505 -0.15656519 0.84882736 0.8671888 0.08189668 -0.4800357
-0.502554 -0.60972553 -0.10865155 0.44578946 -0.93195534 0.42683905 -0.36741206 -0.27719674
0.99913186 -0.6286538 0.50456923 -0.21775454 0.7362676 0.60296047 -0.6016768 -0.97962314
0.97712755 0.9817535 -0.51135504 -0.50098604 0.5424381 0.60877997 -0.12238846 0.46627885
0.9101137 0.60888076 -0.10481816 0.7311141 -0.35419235 -0.8764603 -0.9862872 0.5901898
-0.49605167 -0.18767975 0.3946894 -0.9542104 0.029370654 -0.75756174 -0.74983376 0.1409579
0.4612782 -0.2768647 -0.5713362 -0.06326525 -0.18062177 -0.011760911 0.86758554 0.27462384
-0.8087905 -0.75402516 -0.93729913 0.21121846 0.5448868 -0.0203384 -0.18085939 0.78044736
-0.94109917 0.93511266 0.28339115 0.6514625 0.5391135 0.7699492 -0.79177725 -0.35991466
0.19581725 -0.41396442 0.18478703 0.8021161 0.3463906 -0.8766554 -0.7537679 0.94702464
-0.85910416 0.68494046 0.9732811 -0.67562544 0.4081224 0.6160496 0.90287435 0.6861906
0.49751985 0.54071903 0.55622727 -0.81777453 -0.32443312 0.7103209 0.47580165 0.9031932
0.6825022 0.30407465 0.06669761 -0.78432244 -0.13236034 0.9238944 -0.9071616 0.9285924
-0.8124386 0.53111297 -0.740521 -0.36738828 -0.38744363 -0.28980345 0.71746296 -0.6382371
0.74269557 -0.24995826 -0.8569203 0.75629914 0.53427327 -0.105706416 0.30784887 0.35450003
-0.20023479 0.096593015 -0.19244413 -0.04202037 0.4066628 -0.16989516 -0.19186537 0.5436333
-0.41549903 -0.3083153 -0.14464326 -0.5443016 0.7419773 -0.19963011 -0.3433626 -0.87565386
-0.55274147 0.20754986 -0.90357536 0.9426493 0.991431 -0.7175877 -0.8993635 -0.16041373
-0.468426 -0.6693929 -0.79421777 -0.024345854 0.7536344 0.9719483 -0.32238746 -0.2064485
0.30635837 -0.23181015 0.81088674 0.5863176 0.18173498 0.31794512 0.42560455 0.32170728
-0.29810268 0.08141352 -0.40892747 -0.43254748 0.34812626 -0.14530174 0.6815228 -0.5598723
-0.47832814 0.73006856 -0.2838553 0.94456756 -0.7354397 0.71430045 0.10493749 0.07335936
0.06684127 -0.63514835 0.5510947 -0.19284546 0.25251245 0.28338444 0.7353779 0.85350066
0.074438125 -0.58786917 0.05074315 0.9982075 -0.41577208 -0.5270745 0.48059884 0.78102607
-0.6093673 0.4256666 0.9070272 0.12699276 0.7696378 0.36830595 0.33535928 -0.7295565
-0.5473472 -0.5202021 -0.25639114 -0.7445028 -0.6103714 0.635269 -0.47433475 -0.882458
-0.66040903 -0.50584686 -0.6916279 -0.33705705 -0.40758714 0.56488234 -0.1764232 0.51564586
0.43097278 -0.3266763 -0.5011051 0.9307331 0.31661934 -0.79318714 0.53607404 -0.9403856
0.23503995 0.74151075 -0.89653033 0.11787045 -0.87608457 0.647447 0.54788464 -0.7015028
-0.343885 -0.45465484 -0.015671898 0.06299189 -0.44653246 0.420591 -0.611999 -0.8993029
0.61542314 -0.67896324 0.9075653 0.35984045 -0.29571715 -0.49947312 -0.1374574 -0.61841476
-0.36805224 -0.6169554 -0.9605989 -0.04558534 0.4882399 0.6260785 -0.4283494 0.661171
0.45184106 0.41282442 -0.06726391 0.05959457 -0.74415755 0.71405673 0.311431 -0.26087505
-0.20507349 -0.15023069 -0.1637848 -0.65681386 -0.5413 -0.6714267 0.44636202 -0.90961015
-0.13602643 -0.913617 -0.71046156 -0.19275017 -0.5211149 -0.6252922 -0.09138485 -0.2833565
-0.61074674 -0.44110683 -0.7159001 0.19321568 -0.12339987 0.07413354 0.1464646 0.7342857
-0.30453438 0.11879311 -0.4028786 -0.41370836 -0.19842854 -0.29471618 0.37546465 -0.15372418
-0.8999281 -0.9995031 -0.15279621 -0.18027744 0.19209786 -0.31846038 0.7414822 0.22343314
0.45856807 -0.6992057 -0.52270985 -0.18969353 0.22250138 -0.6449023 0.56295234 -0.34737337
0.5012515 0.32768402 -0.82065046 0.34702757 0.59708637 0.9939146 -0.32199192 -0.92825806
-0.28302 0.17028008 0.08174664 -0.9374475 -0.9376564 -0.12135228 0.7555056 -0.8572145
0.65917844 0.07226586 0.76547885 -0.2872255 0.63200873 0.11378863 -0.68697506 -0.59783685
0.94073474 -0.3913542 -0.9131809 -0.117871575 0.1656163 0.3823373 -0.9988263 -0.6213029
-0.98807037 -0.58208877 0.27606076 -0.3891017 -0.61113626 0.525089 0.06675333 0.27553257
0.60694844 -0.52471834 -0.88198173 0.3270427 0.591798 0.035397824 0.61755353 -0.27737954
0.43031538 0.053866416 -0.34510815 0.34096017 -0.7546882 -0.0062234933 0.38674644 0.43284166
-0.7593175 0.4867897 -0.78268534 0.59481436 0.32147253 -0.5224671 0.13909295 0.8394062
-0.9000274 0.42427167 0.35486963 0.24868563 0.25847697 -0.36700088 -0.9552879 -0.22954737
0.7206561 0.04344296 -0.4538017 -0.5380855 0.045806978 0.6277995 -0.91484 -0.8296672
-0.037928123 0.54735965 0.3402229 0.28573895 0.5973089 -0.5765886 0.103213616 -0.16199455
0.6266411 0.9338444 0.6524475 0.12894315 0.83776635 -0.7796138 0.15878072 0.7866647
0.2990634 0.19349806 0.015216451 -0.8261712 -0.7459766 0.5059447 -0.5184544 0.5999767
-0.8113289 0.5429422 -0.11312006 0.6077001 -0.97076356 0.50117755 -0.17745285 0.93891656
-0.49696013 -0.18764587 0.33063757 0.41161588 0.3757302 0.66267216 0.8737653 0.44518277
0.026866268 0.4932831 0.96284395 -0.9920855 0.52835107 -0.13480538 0.36764643 -0.56785136
-0.5424273 0.54558796 0.52112645 0.32790968 -0.9120283 -0.12346352 -0.47527763 -0.87644255
-0.5963315 0.2699035 -0.36859125 0.7103121 0.42709062 -0.53638905 0.74513215 -0.88286954
-0.2707505 0.12828574 0.14964008 -0.8197388 0.44092387 0.8963106 0.44325343 0.19520383
-0.44323245 -0.29306757 -0.94100523 -0.45646468 0.17760584 0.038628876 -0.75375575 -0.3094655
0.10267328 0.050648063 -0.7254291 0.6618143 0.71403694 0.71666217 0.27745354 0.5257099
0.58030003 -0.0047470643 -0.6698895 -0.21691059 0.36422265 0.48067957 -0.7770945 -0.7672973
-0.32910484 0.96581036 -0.71966004 -0.9125386 -0.5953593 0.4909565 0.8844819 -0.93074477
-0.8476074 0.5109998 -0.13039248 -0.7037235 0.6349943 -0.7648135 -0.08382113 -0.54157275
0.7069 -0.11251829 0.8859041 0.34762803 -0.7283852 -0.037353504 0.6689531 -0.7201599
0.5656399 0.99772984 -0.46516252 -0.6342143 0.29586515 -0.78739417 0.5833051 -0.6402617
0.14324999 -0.94458 -0.61377466 0.39165756 0.21814033 -0.7174018 -0.61973494 0.46874872
0.99768096 -0.47289672 0.58610743 -0.8871457 -0.05711864 0.848619 0.19510467 -0.30113447
0.43880227 0.13926822 0.009862966 0.6251249 0.55954146 -0.11675868 0.3379497 0.1771526
-0.32437888 -0.6399054 0.10670891 -0.35265094 0.52737564 0.6891598 0.319621 -0.4766493
-0.025253698 0.87155735 -0.13857065 -0.42100447 0.58530045 0.9186544 0.15438025 0.22356936
0.16180547 0.21613602 0.5495002 -0.14872612 0.023315825 -0.75912917 0.025416993 0.7099564
-0.83026665 0.8150403 -0.7231408 -0.09185657 0.15479122 0.95893186 0.36000392 0.18966272
0.27956995 -0.27402684 0.938173 0.8912095 -0.44061667 -0.88714874 -0.56511384 -0.8974821
0.7212696 -0.2869311 0.79322094 0.0032895904 -0.8792176 0.7503848 -0.55608195 0.44399604
-0.93163365 -0.9548479 -0.31626156 0.09209122 0.6406282 0.9116128 -0.8991722 -0.6168624
0.20694911 0.024659965 -0.08187621 0.7382211 0.6049658 -0.09467365 -0.5618125 -0.9401165
-0.3024463 0.55589944 -0.83817106 0.5728155 -0.62232304 0.8084373 -0.75356513 -0.35668305
-0.3625087 0.99529755 -0.2815782 0.48788482 -0.31144038 -0.08190079 0.28293645 0.021813583
-0.5489909 -0.6661527 0.8873906 0.20371954 -0.09448117 -0.14471343 0.82052165 -0.52915454
-0.55733997 0.42125344 -0.28852877 0.14897427 -0.5464516 0.855755 0.65017104 0.64005554
-0.91563594 -0.9582365 -0.8577851 -0.31157735 -0.34997717 0.7020682 0.6844829 0.6695794
-0.033947628 0.117857456 -0.12718679 -0.2612253 -0.8301721 0.60302097 0.16022761 0.09085005
0.057744797 -0.67746663 0.65755785 0.35202402 -0.10718862 -0.29071411 -0.85635775 0.7256277
0.24714796 0.53006405 0.7250996 -0.2971785 -0.18777147 0.83069336 -0.78401303 -0.104783215
0.28767353 -0.7205747 -0.328342 -0.47193268 0.89375764 -0.9976991 -0.5979273 0.96765536
-0.41447127 -0.59164727 0.6369175 0.55239064 -0.21724188 -0.126496 -0.34870908 0.66482586
-0.67922205 0.032078005 -0.3244017 -0.9145457 0.78510267 -0.2782432 0.05277879 -0.3363528
-0.64319426 0.028094748 -0.06838038 0.48210177 0.59106565 0.28687003 -0.84059894 -0.50131786
-0.643513 -0.8965547 0.4421057 -0.33883113 0.03369362 -0.017503558 -0.13194565 0.8568465
0.07399058 -0.7236759 -0.8185475 -0.03797542 -0.7754112 0.20545208 0.008287205 0.6915866
0.29875386 0.8167407 0.31976908 0.63992894 0.12241875 -0.04631336 0.6076911 0.7250545
0.08831932 0.7903666 0.054719023 0.42252296 -0.4046593 0.6370086 -0.87405556 0.30144355
0.69435894 -0.66037166 -0.6803137 -0.9993237 -0.22849122 -0.33647826 0.80348873 0.81149983
0.32496712 0.2587975 0.75901484 0.3182124 -0.7091357 -0.61706156 -0.35287133 0.6658776
0.77706826 0.47970343 0.5643556 -0.8110182 0.21969861 0.18058228 -0.42498407 0.9842
-0.96998835 -0.33651885 0.55522954 -0.35418957 -0.84418744 0.30310315 -0.16121668 -0.44902465
-0.7587492 0.89213455 0.38909775 0.8676588 0.8707988 -0.47753826 -0.8400377 0.81981397
0.264119 -0.42166358 -0.25640568 -0.02209662 0.22420153 -0.8571004 -0.5331842 -0.73660326
0.7550841 -0.06832636 0.50289583 0.4218592 -0.61706185 0.16174044 -0.73193735 -0.49445474
0.4610721 -0.3814458 0.44846475 -0.53506005 0.68149227 0.36394808 0.5380145 0.7409986
0.11049144 -0.484454 -0.06894712 -0.9507729 -0.10916803 -0.19757766 -0.90385073 -0.8069914
0.2837884 -0.8902388 -0.21869554 -0.3787246 -0.9804666 -0.85122085 0.6540706 0.47486112
-0.46549308 0.43202388 -0.72065616 0.45847204 -0.7552922 0.18554185 0.99540097 0.88059133
-0.8380845 0.1880805 -0.04780567 -0.89713037 0.40879077 0.0114283115 0.25268432 -0.7282314
-0.6138219 0.42646378 0.8529177 -0.2880294 0.96791285 -0.5618874 -0.6239431 0.45683572
-0.48521686 0.90861034 -0.9056585 0.13605663 0.6048242 0.48227927 0.91946244 -0.5423855
0.23228571 -0.73964083 -0.7089607 0.48018995 0.3908558 0.55003625 0.7460617 -0.62639725
0.43031082 0.62280846 -0.5139461 -0.021406205 -0.36031163 -0.8034055 0.7205924 0.5043856
-0.9783869 -0.19881944 0.63583076 0.9171562 -0.50969857 0.90391266 -0.064925544 -0.9009385
-0.9706193 -0.80792665 0.102666 0.98670256 0.6613292 0.93222487 0.86076325 0.79123807
0.6266189 0.22929065 0.38618565 0.89190394 0.2943922 -0.8279659 0.06392637 0.58197385
-0.7737599 -0.8440523 0.6981288 -0.8213834 -0.69236195 0.03351144 0.13084045 0.57183295
0.44960266 -0.8510569 0.12238354 0.37535843 0.97851294 0.5955787 0.79950505 -0.34381583
0.043721292 -0.8907719 0.6003352 0.18627405 0.39552915 0.99515426 0.63369054 -0.5495318
-0.8236843 -0.32140705 0.3531829 -0.9213577 0.60148704 0.19790708 0.6609022 -0.31697735
-0.3523429 -0.76405936 -0.6859321 -0.41776937 -0.34605905 -0.17167252 -0.07467297 0.8859564
0.8323219 -0.81549203 -0.654539 0.09960534 -0.44048867 -0.3298598 0.9952079 0.91761535
-0.82667255 0.32378623 0.9078624 -0.6074937 0.1560185 -0.09597013 -0.6579041 0.540425
0.72324556 0.72720736 0.0037755698 -0.4300009 -0.24002871 -0.13996077 0.11925275 0.35621646
0.0056212004 0.7018559 0.16303062 0.8382432 0.73105353 -0.54387605 -0.5221598 0.15335838
0.46807384 -0.45245966 0.8478254 -0.1921649 -0.27104345 0.6317938 -0.7512175 0.9922244
0.8778033 0.76479685 -0.018932112 0.7688547 -0.10513112 -0.71412134 0.7292934 0.16317786
-0.6084733 -0.49265727 0.18870223 -0.40836498 -0.6442034 -0.3983453 -0.82158816 0.33459887
0.43163785 -0.49002662 0.62269324 0.8261519 0.82154393 0.328967 -0.108273596 -0.8869296
0.9582343 0.60892993 -0.5020938 0.5999625 -0.88460237 0.97168285 -0.75403404 -0.79352236
0.6737013 -0.86151594 -0.35877317 -0.55894905 -0.5114482 -0.2583423 0.19760723 0.050404523
0.96678156 0.79552525 -0.1941645 0.2725726 0.52356905 -0.78584766 0.2399658 0.45486882
0.38321579 -0.9372341 0.89122015 -0.9980769 -0.8086282 -0.5631344 0.31029364 0.003885009
-0.9620009 -0.38131857 -0.60302603 0.37810993 0.7342152 0.68655384 -0.7098689 -0.32673883
-0.7408437 0.7126226 0.7757906 0.5304029 0.36478695 0.053529296 0.8170716 -0.818524
0.68507063 -0.16845454 0.27340785 0.36316937 -0.15864515 -0.70229566 0.37166202 0.013157368
-0.09853122 0.72817266 0.7990062 -0.571254 -0.0643657 -0.64455646 0.15515836 -0.07444282
0.39889726 0.82208216 -0.09652273 0.9221672 -0.50836605 0.70094204 0.23171917 -0.29291463
-0.8094349 0.09604085 0.769005 0.032632466 -0.56099415 -0.18476816 0.9692562 0.3954479
0.7896374 -0.9924885 -0.9176196 0.14445779 -0.39475974 0.6310757 0.31675053 -0.17554203
0.19599654 0.6163355 0.11470596 -0.8769988 -0.2701752 -0.13340834 -0.39717218 0.12477278
0.40941334 0.2790847 -0.3357589 0.61417115 0.1468939 -0.017077345 -0.6268989 0.9017111
-0.71852916 -0.3479157 0.2913661 0.46086645 -0.7501269 0.8393584 0.9370495 0.7009799
0.27040273 0.08907415 0.9136255 0.3978278 0.7750122 0.4007502 -0.9698518 -0.5230794
0.2547412 0.67776513 0.4420566 0.15624423 -0.7684285 0.117784984 -0.31163514 0.105501644
0.06005157 0.5717417 0.72054267 -0.9971934 -0.07380918 0.36853212 -0.2903919 0.5817073
-0.98567647 -0.670277 0.087318905 -0.87775403 0.34000117 0.8448155 0.6685819 0.4001415
0.8273343 0.4455329 0.39594448 -0.99308133 -0.61945426 0.34958524 0.5735263 0.9340206
0.55997974 -0.46483958 -0.28721607 0.5951875 0.066917196 -0.5199084 -0.3360063 -0.3108537
-0.05628368 0.9711011 -0.25728196 -0.46032986 -0.21621612 0.6211451 -0.8454993 0.5062845
0.79204583 -0.34557638 0.90054387 0.79158217 0.94812334 0.9225265 -0.3662191 0.8764773
-0.5770615 0.24530853 0.19675256 -0.4415539 0.6538833 -0.8513631 0.8416086 -0.8049102
0.8587112 -0.8570162 0.46582383 -0.70421684 -0.75234413 -0.3038199 -0.7749957 -0.9365669
-0.79398674 -0.83257395 0.85955125 0.8906985 -0.53805155 0.30687243 -0.8472413 -0.09364296
0.22289205 0.5997774 0.7790237 -0.8307889 0.071263514 0.6178452 -0.48466855 -0.560606
0.9483497 0.3939192 -0.67743564 -0.59344774 0.19295391 0.5660241 0.9064955 0.11586645
-0.50854427 -0.49637553 0.9784662 0.80005777 0.118249066 -0.012884967 -0.61375976 -0.08850465
0.43482405 -0.5563443 -0.3028655 -0.325562 -0.884471 0.31749356 -0.55902845 0.8135494
0.9758396 -0.90626836 0.61854166 -0.42164436 0.026429424 0.4267606 0.38754302 0.30672705
-0.5148438 -0.928306 0.67346543 -0.2317208 0.73189205 0.3838247 -0.32312605 -0.36022797
-0.1572583 0.23412551 0.10905055 0.5407377 0.58681184 -0.35945034 -0.4516511 0.026631162
-0.57988614 -0.009316571 0.09786034 -0.5783523 0.17736304 0.28270626 -0.77257746 0.6503544
-0.061151005 -0.2766965 0.11625993 -0.76922375 -0.002808211 -0.7860552 -0.79948324 0.79077613
0.17583802 0.48087943 -0.7012916 -0.8849627 -0.07724266 -0.3802679 -0.83192396 -0.65188336
0.18219589 -0.8447894 0.88493365 -0.9782585 -0.26622722 -0.18342525 -0.61018044 0.41886213
0.90411705 -0.34313557 -0.8404642 -0.40483055 -0.7398674 0.6963127 -0.42713097 0.20235121
-0.48829594 -0.92429876 0.043076605 0.517697 0.68590343 -0.39997548 -0.853675 -0.4736755
-0.03538108 0.79309535 0.6568928 -0.6334353 0.09530697 0.11734202 -0.23297432 0.15952455
0.8630619 -0.78602535 0.87814486 0.07395811 0.44763318 -0.2977139 -0.90258896 -0.5942405
-0.63004345 -0.02888328 -0.032862112 0.23166244 0.084584385 0.79583377 0.6478433 0.66890496
0.26905477 0.9368017 0.98467195 -0.99611014 0.0014364944 -0.64405656 0.84697497 -0.49516317
0.66405153 -0.2110831 -0.8606255 -0.119700156 0.3338269 0.25016087 0.007321733 -0.66373634
0.9798108 0.35088527 0.35560328 -0.6779913 0.74315286 -0.54612356 0.03433516 -0.87821394
0.25741613 0.34554335 0.7783476 0.40755454 0.66985136 -0.354103 0.8741528 -0.60896605
-0.9573278 0.47057307 0.6061945 0.69910663 -0.61233765 0.80656123 0.2717738 -0.8611099
0.8886035 -0.30295974 -0.62589073 -0.21866304 0.4734655 0.14524052 0.6396634 0.1499733
0.7545908 -0.52907556 -0.12429209 0.050707925 -0.77388734 0.39821237 0.3374662 -0.40033343
-0.051566545 0.93136877 0.36901036 0.25640264 -0.19540328 0.012019661 0.8489231 0.3117406
0.61549914 0.3235689 -0.8635925 -0.66364145 -0.88876146 -0.5653875 -0.88751084 0.60260135
0.89577997 -0.5412836 -0.7664051 -0.14607613 -0.020288453 0.56970125 -0.20089516 0.6822327
0.91983694 -0.23891583 0.89792717 -0.19600402 0.51846 0.40743384 -0.45315012 -0.92067367
-0.42062333 -0.7763459 0.17448571 -0.96513593 0.40059283 0.12447195 -0.07198384 0.9445802
0.63364244 -0.97786444 -0.89306307 0.23864584 0.46544027 0.3495606 -0.7597348 0.44552904
0.66566664 0.26428956 0.53401667 -0.18418624 -0.63867646 0.5513327 -0.800106 -0.74825764
0.5535026 -0.95953596 -0.6614362 0.29168347 0.038857374 0.43516773 -0.38009056 0.6245496
0.42066687 0.08137839 -0.6371952 -0.29766575 -0.5991452 0.22860666 0.64306223 -0.4975572
0.8481992 0.18759994 0.62872523 0.2926237 -0.4525247 0.8577001 0.8367485 -0.17109029
0.51712126 0.5980165 0.16326286 0.010250202 -0.1936752 0.10388906 -0.38597897 -0.5645864
0.178069 -0.9126113 0.017021948 0.6753317 -0.94126713 0.6701614 0.9219745 -0.80787295
-0.85479665 -0.9393964 0.16374223 -0.18932924 0.3470799 -0.63355726 0.3987117 -0.15171735
0.8985806 0.37943688 0.16978805 0.06436608 -0.1710178 -0.7802425 0.60601217 0.29568458
-0.58995175 -0.9222292 -0.78829503 -0.97050023 0.9306479 0.17550834 -0.16878884 -0.25512972
0.6409051 -0.06996018 0.86137587 0.305336 -0.57200056 0.7673228 0.4786722 -0.5848304
0.2248835 0.052424707 -0.6579669 0.019689327 0.77911824 0.6366278 0.7630753 0.9543386
0.99529356 0.5168227 0.9637878 -0.72042596 -0.100439586 -0.7452032 -0.11274102 -0.9005635
-0.96034724 0.006985418 -0.17120257 0.55929464 -0.6026104 -0.737567 -0.74613357 0.3161489
-0.64291984 -0.44165084 0.36701396 -0.025577826 -0.45904526 0.02845747 -0.7004187 -0.36180237
0.62698567 0.7669551 0.89839697 -0.25689426 -0.46521157 -0.9279728 0.24380183 -0.3368885
-0.91234744 0.073774956 -0.65749353 -0.68211246 -0.9023878 0.81908005 0.09174991 -0.7468152
-0.7055158 0.8757094 -0.84875435 0.23499806 -0.9402015 -0.2366444 0.8847695 -0.26620868
-0.11086931 -0.8582324 -0.8565774 0.14748661 0.9079127 0.7343161 0.30091694 0.9571281
-0.13650048 0.91554624 0.048238814 -0.87309414 -0.07091013 0.9336263 -0.16650125 0.97086066
-0.22215249 -0.67671496 -0.4909377 -0.52060574 0.1649263 -0.68119067 -0.28322005 0.9410032
-0.76893306 0.30502474 -0.54706377 -0.18943922 -0.84433556 0.50943714 0.6987522 0.5169015
-0.3427186 0.08218627 -0.37268388 0.9587791 -0.14569914 0.63675964 -0.8203276 0.89411867
0.77040845 0.3812909 -0.0359859 0.35901627 0.6715175 -0.73351777 0.34960875 0.10577495
0.2672977 -0.47929648 0.8296079 0.018654367 0.14783397 0.19825345 -0.58801043 -0.6882588
0.25717095 -0.59992385 -0.7033154 0.13455857 0.9321755 0.755025 0.0093645025 0.42713952
-0.5509475 -0.53981423 0.13839777 0.74300176 0.8948134 0.74261135 -0.560178 0.8349172
-0.58343995 0.23283759 0.57361645 -0.44000643 0.41932806 0.0332089 0.3084008 0.49103314
-0.19272278 0.24839059 0.26125467 -0.66483057 -0.30765355 -0.8342644 0.513918 0.1466755
-0.23924567 -0.9383127 0.107782535 0.08380677 -0.082645975 0.65568674 -0.97291374 0.84483117
0.9474274 -0.7011373 0.7413107 0.22948612 0.82075864 0.49420765 0.329133 0.5642156
-0.4368929 -0.0042762747 -0.021394938 -0.6820819 -0.5415684 -0.9678978 0.76693845 -0.90703386
-0.81314874 0.39620116 0.7301752 0.3937322 0.42542076 -0.25256538 0.56747633 0.5462149
-0.28048638 0.84407175 -0.08572314 0.3452888 -0.1976987 0.14726976 -0.8277957 -0.15868211
0.52569395 0.67778134 -0.3182068 -0.89029044 -0.6624566 -0.43400806 -0.010329953 -0.47368628
-0.25924528 -0.96566117 -0.17169523 0.39284214 -0.1021917 -0.6119604 0.86065376 -0.63154644
0.7366537 -0.618682 -0.6981962 -0.024485461 0.32061476 -0.09404566 0.016304793 0.24693145
-0.033344693 0.9137092 -0.69735837 -0.21732312 -0.7445482 -0.60488564 0.24007785 0.73310137
-0.29045445 0.70952 -0.23971613 0.4185957 -0.77815074 0.103392616 -0.92272264 -0.71413517
-0.39137232 -0.9019251 0.7448179 0.6426144 0.8636474 -0.5505418 -0.10772804 0.6179615
-0.44762123 0.29467285 -0.30948335 -0.24621092 0.35074505 0.8786829 0.61993617 -0.30390894
-0.8615679 0.93797797 -0.3195523 0.4386886 -0.88525003 -0.976432 0.28318563 0.7283514
-0.13477531 0.2747172 0.4058698 0.6990927 -0.8181635 0.069067635 -0.115412466 -0.3194848
-0.2586125 -0.16910519 -0.65593517 0.7273968 -0.42242584 -0.2005554 0.16962056 0.3724916
-0.018936493 -0.11472904 -0.26671863 0.008243857 -0.53340137 -0.95948124 0.83031476 -0.6229425
-0.19895025 0.077118054 -0.3282306 -0.14415634 -0.2155477 -0.09383585 0.5372256 0.047451846
0.73912144 0.34829465 0.03205552 -0.33466518 -0.84532744 -0.37423766 0.24363522 -0.011423964
-0.7369294 0.14174233 -0.41532463 -0.4628184 -0.38234606 0.3740211 0.32800737 -0.831045
-0.5842035 0.19755355 -0.8259365 0.52486885 0.48529604 -0.64162993 0.9726966 0.61828554
-0.76661116 0.7820762 -0.42074412 -0.052567415 -0.7216704 -0.106028944 0.63954544 0.13113767
-0.8516765 -0.360139 0.087201186 -0.1071083 -0.033968836 0.9869138 -0.011339444 0.96263427
-0.8830741 0.7734341 -0.16717851 0.71797913 0.8396914 0.08110803 -0.7945188 -0.26699838
-0.8573918 0.6359638 0.9585231 0.3591791 -0.23708685 0.48618588 0.9938289 -0.056708265
-0.80794275 0.18398982 0.71226496 0.38388187 0.5868829 -0.058424514 0.54933083 0.24102768
-0.6490861 0.66398925 -0.30939487 0.34930485 -0.14196253 0.8408071 -0.24958208 -0.7072549
-0.2360044 -0.6368452 0.73866785 -0.14604335 0.0020798116 0.6398898 0.7856714 0.3497343
0.16057374 0.29039943 0.6391039 -0.30582303 0.68440914 0.9823099 -0.22239494 0.5951186
0.6473072 -0.06142172 0.58946043 -0.8900373 -0.8001488 -0.927169 0.7190416 -0.20894
0.46789226 -0.40823585 0.7128958 -0.38724753 0.3778245 0.8140699 -0.16710925 0.69555223
0.3954247 -0.7913649 -0.17600681 0.6032656 0.90573466 -0.5175154 -0.46424255 -0.9968408
0.3853749 0.14414465 0.46886173 -0.9454958 0.3288074 0.39977717 0.83810306 -0.916737
0.2450903 0.89627707 0.24371548 -0.5307465 -0.18239766 0.4916339 0.749244 0.032239784
0.23667961 0.9327831 0.3083346 -0.0803531 -0.79071367 0.51996315 0.8127884 -0.18162557
-0.35271955 -0.7495485 -0.1335725 0.9524855 0.19274269 -0.11315883 -0.9932697 0.00026917458
-0.4028533 -0.5670641 -0.31730282 0.5856814 0.19340424 -0.37168068 0.67307055 0.10231165
0.31420183 -0.22051522 0.6508711 0.032000426 -0.18815136 -0.32290387 0.3429177 0.82872397
0.92443866 -0.40624395 0.20663963 -0.574756 0.7780276 0.874254 0.22132549 0.6777176
-0.8403062 0.36283067 0.52536845 0.8065142 0.6987059 0.2499509 -0.68927646 0.67104083
-0.5349124 0.30682388 -0.88480306 -0.4235854 0.016565638 0.6263423 -0.96020114 -0.7143742
0.5574936 -0.77168787 -0.6867078 0.56807745 -0.56367946 0.1285732 -0.33295342 -0.8392296
0.74961257 -0.38527107 -0.1519242 0.5461818 0.65095156 -0.73378265 -0.39548677 0.6147434
0.29301125 -0.59173435 0.761967 0.07950009 0.2968652 0.15110631 -0.69706404 -0.8027507
-0.12284135 -0.4631833 0.81173956 0.66266674 0.9470049 -0.5175286 -0.23561227 0.44264966
-0.29908568 0.2019735 0.83392614 0.8335012 -0.47609794 -0.8620723 0.37136078 0.4092571
-0.6074901 -0.15973252 -0.09684792 0.2850288 0.7661472 0.7597767 -0.77496773 0.4684153
0.02277638 0.45646635 -0.79169214 -0.5166533 -0.36112076 -0.4126042 0.32673687 0.22543341
-0.11014646 -0.570384 0.91061276 -0.27960336 0.71360165 -0.69064003 0.14846128 -0.54762745
0.55340254 0.38295513 -0.9646437 0.95417637 0.119793296 0.8872605 0.8039405 0.49373817
0.5454727 0.5879577 -0.69084823 -0.3415993 0.477077 0.20573455 -0.95450896 0.93784744
0.9998339 -0.7531156 -0.07958361 -0.72725457 -0.17210427 0.44173032 -0.66855997 0.8497287
-0.74018204 0.51618725 0.69078934 0.008657112 0.648789 0.793281 -0.33356255 0.40046975
0.1649385 -0.5160236 -0.60728943 0.9278592 -0.86115116 -0.15628293 0.60155827 0.66637003
0.10853669 0.7886763 0.05448633 -0.40244463 0.8269527 0.07538999 -0.42210108 0.21604107
-0.77649844 -0.22855206 -0.6554612 0.021240281 -0.26077878 -0.3616959 -0.94766897 -0.5877355
-0.45536783 0.011443479 0.45685798 0.8883584 0.03823477 -0.29543152 -0.33657858 -0.99212027
0.33600548 -0.028675506 -0.8940731 0.08728932 0.9808797 -0.74228555 0.019090021 0.26533875
-0.6630668 -0.95973676 -0.53830606 -0.34304306 -0.8236841 -0.30638552 -0.43495288 -0.9655236
-0.7533748 -0.08209589 0.77833647 -0.3857963 0.8881918 0.6506709 0.5656259 0.48976293
0.7678512 -0.99358296 -0.22978114 0.7057401 0.97198737 0.56116414 -0.0989887 -0.55156606
-0.5550074 -0.9522158 0.013045417 -0.74124515 0.52467537 0.81440634 0.9868074 0.29435816
-0.71830475 0.5368714 0.6279362 -0.4274678 -0.3411352 0.43830425 0.52417463 -0.6305519
-0.7856526 0.38273862 -0.41003293 0.61983705 -0.9140282 -0.44822642 0.44677183 -0.9097472
-0.6747234 -0.14234842 -0.67782426 -0.05002922 0.096070945 -0.9185003 -0.58596027 -0.2407635
-0.71197075 -0.81909364 0.1357193 0.30150944 -0.8341223 0.45157555 -0.8382584 -0.82972854
0.29025403 0.9885272 0.35958385 -0.7788178 -0.08595156 -0.49749023 -0.44157997 0.38950858
-0.021168238 0.38414142 0.08970613 -0.59045255 0.32180125 0.7371516 -0.7930949 0.5433925
0.59162945 0.3680241 0.2794369 0.027937952 0.22288081 -0.30970788 0.96581894 0.5087216
0.025169486 0.5642261 -0.88830554 0.97313386 -0.71472734 0.3185462 -0.72181094 -0.3437377
0.11981931 -0.6949866 0.12521239 -0.38104668 0.9422397 -0.8491224 0.75540966 -0.26957768
-0.9181348 0.68674386 -0.7962303 -0.9545115 0.16538215 0.468505 0.6780513 -0.40486798
-0.1392868 0.22964774 -0.27006254 0.87923604 0.15166435 -0.37984037 0.3413211 0.44234452
0.95510525 -0.23343849 0.7120765 0.18252297 0.0073403 0.17352925 0.8613103 0.5142883
0.8462827 0.32561162 0.83098847 -0.7868442 -0.833915 -0.06575044 -0.51554066 -0.3257528
-0.19839194 -0.58832 0.7110391 0.06244747 -0.20392258 -0.012215938 -0.98635286 -0.5797129
0.8847292 -0.5383614 -0.93805116 0.33370566 0.6470093 -0.14738452 0.39785165 0.47200543
-0.4487863 0.4162657 -0.90217614 0.6498818 0.32740086 -0.6104962 -0.33532888 -0.9401213
-0.9739524 -0.14601941 0.78521276 -0.16039106 -0.009050602 0.2898517 0.16823316 -0.8044748
0.1814167 -0.41790217 -0.93250346 -0.942289 -0.24510397 0.6711667 -0.94678247 0.95752126
-0.3724721 -0.54408586 0.037113216 -0.84729654 -0.72609586 0.45601064 0.19406176 -0.20101285
0.1798843 -0.37887263 0.20824477 0.15451981 0.32035375 -0.8961123 0.40176767 0.021457113
0.85356396 0.68619084 -0.017725619 0.2686223 -0.065410905 0.2128531 -0.39308622 0.0036327075
-0.9401348 0.11646575 -0.055301797 -0.52794033 0.65726084 0.6432836 -0.030904878 0.9549417
-0.074562795 -0.027180785 0.3977298 0.31988382 -0.38201058 0.88014585 0.8095346 -0.8726587
-0.69277745 0.3799027 -0.011374284 -0.7242712 -0.21836998 -0.1982007 0.15630133 0.5523152
-0.28294373 0.33459342 0.32826707 0.07134983 0.1875042 -0.6795538 -0.048642617 -0.13590603
0.13063815 0.05924103 -0.9944265 0.026185518 -0.028220657 -0.48983577 -0.13499638 -0.8180168
0.7456755 0.75488824 0.8397621 0.57371354 0.737101 0.26364875 0.48145896 -0.07729125
0.27744195 -0.8723952 0.14229429 -0.32555702 -0.8470732 -0.11600832 0.5822997 0.68011606
-0.7561599 -0.86497015 -0.22425672 -0.22566448 0.7067075 0.1748693 0.5790788 -0.6777233
-0.8958001 0.9050671 -0.95746136 0.38716844 -0.17729351 -0.15386398 0.9142583 0.34925544
0.6205336 -0.39041713 -0.9698814 -0.36389184 0.6297512 -0.5018606 -0.5667437 -0.29772392
-0.16014895 0.5985593 -0.69598216 -0.09946108 0.28749746 -0.49810028 -0.16715448 -0.73278886
-0.50084525 0.1369582 -0.25186577 -0.12044021 0.7752174 -0.80954796 0.25314054 0.041695897
-0.68076295 -0.23241363 -0.6747436 -0.5171265 0.18110284 0.5434661 0.43969506 -0.1969247
0.602405 0.39231536 -0.68156683 0.05488146 -0.047662344 0.16109273 -0.5452941 -0.32415298
-0.3470871 0.9508894 -0.995542 0.27562255 0.18293624 -0.35278463 -0.020934267 0.7728138
-0.420871 -0.0399077 -0.72856003 0.47311336 -0.84403175 -0.68635637 -0.28545055 -0.02200381
0.2113127 -0.9920745 0.6616993 0.436557 -0.27788696 -0.04902906 -0.3878307 0.9587328
-0.13937071 -0.88991696 0.51131386 -0.38599396 -0.20258363 0.84822065 -0.8871344 -0.045500472
0.7608455 0.088156566 -0.2918676 0.2167789 0.6290298 -0.5169179 0.98161733 0.61123157
-0.9288548 -0.1212284 -0.026263801 -0.36802125 0.97287077 0.32017544 0.76090664 -0.75156605
0.082650594 -0.042227063 0.45218 -0.20700626 0.79087895 0.74294347 -0.7253261 -0.31749266
-0.46225432 -0.27850986 0.52949107 -0.6304819 -0.88192356 0.09368724 0.57156885 -0.79632336
0.6700148 -0.67840695 -0.8709258 0.13565919 0.48942178 -0.99702156 -0.36994115 -0.73534447
0.08536836 0.55100626 0.14096384 -0.4783853 -0.50662404 0.3095556 0.66971904 0.11753105
0.2972699 -0.10998169 0.2619816 0.9350996 0.61289465 -0.9837643 0.06730883 0.02241991
-0.8288678 0.6483967 -0.14080864 0.39911145 -0.4805266 0.895728 -0.3297744 0.34534356
-0.2839603 -0.7735954 -0.9495184 0.75984263 0.15950406 0.18247974 -0.71931136 -0.37785658
0.4546106 -0.22854975 -0.0314714 -0.5681382 -0.86680996 0.03416472 0.60191166 -0.92527384
-0.7131678 0.78049785 0.55314106 0.5666847 0.78968316 0.61799836 -0.3834561 0.1632824
0.9550428 -0.4055108 0.1542859 0.5349129 0.23997974 0.16145137 -0.17752713 0.20361672
-0.5680502 -0.53959423 -0.79470974 0.3115124 -0.25413084 0.78138447 -0.7760566 -0.95246446
-0.4963546 -0.2991563 0.3506841 -0.47065607 0.8106967 0.44027597 0.97000563 0.9332655
0.6193847 0.7718033 -0.32679316 -0.19335926 0.6281844 -0.05848302 -0.2078637 -0.8252261
-0.37372774 -0.5192137 -0.22055513 0.40512744 0.5508598 -0.07234318 -0.6409489 -0.7392085
-0.6607711 -0.7792323 0.7170554 -0.41270173 0.008612457 -0.77241147 0.739693 -0.94892126
-0.73442346 -0.33662137 0.62260026 -0.37271702 -0.4279762 -0.8230797 -0.2755702 0.38606763
0.64563376 0.5714019 0.50882506 -0.9376045 0.41168296 -0.1535615 -0.51561546 0.8185098
0.29943937 0.6545473 -0.8667397 -0.6947468 0.8281963 0.8517154 -0.26830482 0.2159506
-0.88162714 0.15994653 -0.74800354 -0.026592601 -0.92797303 0.5255261 -0.22664224 0.860722
-0.84040433 0.8480712 -0.9355889 0.81185323 0.29889098 0.18768671 -0.5961575 0.8397011
-0.8958713 0.6815354 0.97745484 -0.28400418 0.33826318 0.7206488 0.10329021 -0.9647537
-0.50546515 0.2233053 -0.68464094 -0.8558878 0.97979003 -0.999784 -0.94746685 -0.8239945
0.40808034 -0.9850633 0.2872043 0.74520457 0.8062265 -0.7902618 -0.51134694 -0.6549325
0.16789094 0.68155414 -0.67591715 -0.13543111 -0.24209675 0.15603676 0.2750536 0.146999
0.03783718 0.19878006 -0.77933663 -0.74451053 0.11156023 -0.60745645 0.12286975 0.49999663
0.6162835 -0.74516946 -0.8381281 -0.91404665 -0.04354057 -0.7170349 0.6535293 -0.5343631
-0.105512984 -0.44018647 -0.6066452 0.88312596 -0.8555916 0.4644728 -0.49069235 -0.7958905
-0.66136104 -0.23840207 0.3032352 0.37417537 -0.7642346 -0.16047063 -0.76733315 -0.6253429
-0.53794837 0.8727096 -0.4417009 -0.6170516 0.96620613 0.38663712 -0.13605961 0.91262496
0.72172946 0.860008 0.2796977 -0.49179813 0.63822794 0.646078 0.30505738 0.9544191
-0.1887867 -0.22057737 0.76475334 -0.30512896 0.9394779 0.80697316 0.34030947 0.8103574
-0.70423114 0.37323222 0.5135944 -0.4704918 -0.6871976 -0.98959243 -0.2687188 0.18572864
0.26056015 -0.59815466 0.45708334 -0.43225485 0.7499686 0.25904554 0.9190682 -0.18010007
-0.58785313 0.33897668 0.48530608 0.30359372 -0.4974202 -0.660529 0.4420657 -0.83576775
-0.28875145 -0.16732982 0.99999356 -0.37237695 0.600056 0.14790873 0.060460154 0.07477593
0.39654022 0.7576611 0.18611318 -0.12969 -0.8396483 -0.8017932 -0.404159 0.66063005
0.5509887 -0.95328724 0.35721382 -0.5611416 0.47037935 -0.69450676 -0.010262976 0.13546364
0.6738585 0.26724976 -0.22411406 0.91061777 0.0720179 -0.32004547 -0.5342336 0.26738143
-0.42387572 0.8169801 0.38741788 0.40108487 -0.45966554 -0.69968116 -0.8311654 0.8569691
0.17868452 0.29639742 0.3763337 -0.2793516 -0.082190886 -0.47820422 -0.7391993 0.43546814
0.9528047 -0.4780903 -0.59720355 0.037653334 -0.5090861 -0.7362112 -0.54071015 0.7470893
0.98523194 -0.3470546 -0.27083555 0.6202342 -0.9067978 -0.16155595 0.41369867 0.4245834
0.32017788 -0.8497911 -0.26426378 0.35831746 0.9546383 0.008137766 0.114465274 0.72359294
-0.6536682 0.3228759 -0.52328837 -0.15124665 0.20864739 -0.5429535 0.22981295 -0.42839962
-0.49872306 0.47049755 0.8031126 -0.014819893 -0.68807894 -0.09797806 0.5868599 -0.65734863
-0.62425864 0.7568497 0.47638068 0.35754845 0.8929198 0.49584055 -0.63790965 0.97135454
0.91539735 -0.7223963 0.30903187 -0.52827877 -0.4364367 0.46002305 -0.9713341 0.11301559
0.9319989 0.29832736 -0.44125286 0.99639696 -0.4160277 -0.4647323 -0.33511698 -0.14388701
-0.56185734 -0.8959639 0.42063025 -0.80820745 0.0287778 -0.6498162 0.7461444 0.018813657
0.11835437 0.37601244 0.5774595 0.9138954 -0.5870914 -0.22535336 -0.23711689 -0.25420302
0.38596645 0.22918499 0.6582592 0.5611392 0.81783766 0.7611214 0.7388897 -0.75969523
-0.48188087 -0.29082108 -0.880775 0.67492145 -0.7302818 0.2807333 -0.43646145 -0.8267299
0.66928244 0.28583372 -0.6279512 0.85329515 0.13314372 0.14137524 -0.9611781 -0.95226824
-0.82105553 -0.22113289 0.10634426 0.056891456 0.6437929 -0.6674188 0.036342803 0.6995276
-0.8926943 0.028828163 -0.46995756 0.93499124 -0.8180886 -0.28535593 -0.70716166 -0.19136465
0.5451848 -0.8883017 -0.1727828 0.69891053 -0.5865064 0.7333705 -0.89880073 -0.6874378
0.52589065 -0.5794726 -0.7911797 0.086809985 -0.19888201 -0.4520023 -0.9535297 -0.9732677
-0.3188202 -0.25347856 -0.9120973 -0.31114867 0.85470676 0.022603672 -0.31926572 0.5286843
0.45081145 0.5195802 0.20938693 -0.94011617 -0.8497913 0.7125703 0.73246986 -0.19424756
0.8296044 0.2877996 0.5408549 -0.08398569 -0.23157416 -0.21628657 -0.3496532 -0.43510035
0.91750914 -0.58478 -0.17671001 -0.05409364 -0.08284897 -0.6426672 -0.2719443 -0.092598006
-0.2521291 -0.8094167 -0.855547 0.7163679 -0.6024192 -0.3008986 0.9398865 -0.18753536
-0.39100918 -0.57262844 -0.011574901 0.27781457 0.15021902 -0.084196866 -0.8211508 0.038061064
-0.5840528 0.46347892 0.8395074 0.74635583 -0.8393823 -0.28457 -0.49433306 -0.942905
0.9975015 -0.52025723 -0.7385399 0.30560562 -0.6423795 -0.5312412 -0.85846716 0.2272307
0.408335 0.34056637 -0.42622542 0.28194985 0.79002064 -0.50150657 -0.56348413 0.6358767
-0.33874667 0.8136762 0.5745313 -0.7663871 -0.9184053 0.588712 -0.10051524 -0.84357876
0.76434195 -0.95979416 0.42613497 0.047262654 0.023540637 0.6719987 0.3184138 0.24213338
0.73516405 0.83815736 0.27080277 0.8153629 -0.037482105 -0.7998527 -0.9662262 -0.92604184
0.92108077 -0.7189722 -0.8942053 0.94244784 -0.19039997 0.9116066 0.25379133 -0.39980492
-0.010407426 -0.2617867 0.89148134 -0.2224056 0.10171517 -0.8919567 -0.9820046 -0.04561477
-0.4701614 -0.22613172 -0.24862583 0.42121592 -0.68659204 0.92092675 -0.8545045 -0.53587645
-0.717857 -0.1181543 -0.80392647 -0.7360474 -0.21170178 -0.9905084 0.8007112 -0.75336564
-0.3946611 0.8188253 -0.20591179 -0.081331216 0.55730146 0.035180055 -0.49245548 0.49340734
-0.6755351 0.7316506 -0.26159897 -0.098511934 0.47384316 -0.5750187 0.55953515 -0.64088553
-0.33535287 -0.24938926 -0.8928425 -0.28537634 -0.78204995 -0.9891552 -0.046630632 0.791438
0.00031385606 0.63361657 -0.19562355 0.08227722 -0.7812945 0.19380622 -0.9042899 0.5476182
0.43041015 0.42669204 -0.9947282 -0.1889439 -0.40587708 0.6726764 0.48378614 -0.5029677
0.29726684 -0.61358845 -0.47239617 -0.66907895 -0.9399584 0.3340286 0.2789961 0.10223702
0.35741276 -0.020412792 0.6517953 0.646086 -0.44360793 -0.8324046 0.16884261 -0.92918265
-0.41126764 0.63482994 -0.92358476 -0.67841184 0.010054627 0.568882 0.11396023 0.32465762
-0.14762205 0.09090241 -0.16383387 0.73891103 -0.3801057 -0.7745026 0.30309355 0.391744
-0.86141247 0.45937827 0.70951384 -0.7940918 -0.028058203 -0.7366269 -0.42767373 -0.16595143
0.999054 -0.013967187 -0.85270363 0.46901774 0.102537066 -0.84896857 0.6027177 -0.027385306
-0.25832906 0.0772987 -0.25077388 0.6363572 0.07623652 0.42990792 0.30938336 0.9720999
-0.93579173 -0.700789 0.26220718 -0.80812556 0.82391006 -0.5069623 -0.3686715 0.87036395
0.39225942 -0.95710707 0.05656964 -0.3311562 -0.5182139 -0.94301206 0.07077613 -0.55574965
0.6096859 0.7763734 0.17037979 -0.6484055 -0.1824473 -0.54208857 0.15030225 -0.27684513
-0.43457514 0.16946587 -0.54666626 -0.34442827 0.14576606 -0.32952785 -0.34593368 -0.86907655
-0.8780338 0.662282 -0.9173588 -0.293311 -0.22834522 0.5149845 -0.20107266 -0.15412287
-0.112349816 -0.9866216 0.3604883 -0.57073253 0.9453671 0.4515096 0.59348667 -0.4517894
-0.10739032 0.13093759 0.7527653 -0.5412327 -0.91075677 -0.033280816 -0.19160177 -0.08257757
0.730668 -0.87978697 0.33054182 -0.1434766 0.19082148 0.69783616 -0.40222877 -0.81028646
-0.20774083 -0.103188485 0.4090535 0.6171281 -0.7458629 -0.8326695 0.9306354 0.99468493
-0.47981668 -0.8495362 0.27884987 0.48527554 -0.09647579 -0.54424876 -0.63176507 0.35828462
-0.30920574 -0.7738997 -0.6398073 0.82789916 -0.075692534 0.5607535 0.6913972 -0.36085895
0.5172876 0.5798204 0.49977708 -0.20144771 0.9569908 0.18363652 0.69192797 0.0402679
-0.35010517 -0.23303258 -0.44900534 0.5432948 0.94341636 -0.93488324 -0.42304653 -0.41330948
-0.71825737 0.4941775 -0.8756663 -0.71125925 0.11371759 0.88171667 0.20489077 0.7038106
0.37647945 0.80401504 0.6217616 0.5069983 -0.67194504 0.23655394 0.48984185 0.56469065
0.6554667 0.04192696 -0.37230203 -0.30890796 0.27395236 0.050679028 0.2956635 0.85943115
0.9572127 0.65447766 0.42442486 -0.13905506 0.6410923 -0.2863736 0.29690957 0.8144627
0.16422991 -0.2432342 -0.6364147 0.38395208 -0.11268493 -0.71640074 -0.21105498 0.7192562
0.84308684 0.82986015 -0.97735924 -0.30457172 -0.40629598 0.42509472 -0.6273802 -0.57859623
0.7488829 -0.03199781 0.5709075 0.3437699 -0.24527916 0.73336774 0.8004743 0.8939187
-0.29722136 0.93199086 0.063026816 -0.8976122 -0.19056173 0.73888355 0.021361832 -0.7860277
0.12663259 -0.23427515 0.62170625 -0.26834795 0.3089555 -0.5023255 -0.4984943 -0.8843467
-0.8320673 -0.6668539 -0.8247183 -0.3079542 0.5181102 -0.58420444 0.6526301 -0.62281287
0.037099484 -0.65468836 -0.11457279 -0.9039718 -0.56094 0.9895603 0.12699813 0.79430306
-0.250052 -0.28974688 -0.41082034 -0.92109996 0.004275411 0.4190688 0.20356278 -0.13437957
-0.6100895 0.4729228 0.39982733 -0.17998166 -0.67846453 0.5933824 0.807332 0.305441
-0.054064196 0.8017295 -0.3931128 -0.022939665 0.9995174 -0.6260354 0.37450972 -0.07237262
0.54936475 0.99074835 0.16598819 0.47333455 -0.23849094 -0.48832688 0.2577361 -0.60809743
0.39541686 -0.0885511 -0.90325266 -0.4020016 0.8363194 0.8235247 0.18501797 -0.24514553
0.367339 -0.94157934 0.4231447 0.07028259 0.45632106 0.9759406 0.37178147 0.80866826
-0.18925579 0.892972 0.98228776 0.78674054 -0.8378701 -0.8473822 0.681881 0.5864093
-0.8860442 -0.8605729 0.614321 -0.37134096 -0.2769361 -0.21838337 -0.95988774 0.09282944
-0.76736593 0.29123393 -0.80713797 0.9137072 0.68945575 0.47179955 -0.9421737 -0.04055061
-0.53832406 -0.23888972 0.11418108 0.45186222 0.16823219 -0.6575583 -0.6435461 0.13747172
-0.47233808 0.25897178 -0.64881235 0.6818598 -0.009176995 0.07455856 0.45593578 0.21548074
0.66872454 -0.58121204 0.6055754 0.5723764 -0.5834069 -0.8804234 -0.74602044 -0.10417201
0.10611175 -0.53670496 -0.040010966 -0.15126969 0.3006949 0.6137116 -0.7683319 0.99097466
-0.38178542 -0.8682757 0.100299194 -0.6593796 0.5083381 -0.75768965 -0.5286047 0.5194018
0.85572886 -0.22782885 0.5714354 0.4043632 0.20117396 0.05606859 -0.8601656 0.39676294
0.8065875 -0.6296916 -0.2425109 -0.4502068 -0.41604042 0.27126095 -0.55255723 0.041438613
0.8997971 -0.7136746 0.3972508 -0.61928225 -0.5327174 -0.8997595 0.5779292 -0.9075402
-0.1132306 0.19405738 0.49260673 -0.27882504 0.612485 -0.75711304 -0.34816563 -0.868635
-0.8482628 0.100141004 -0.37079915 -0.102304064 0.14519852 -0.8923205 -0.50776243 0.8721704
-0.736055 0.20331684 -0.17097306 -0.45717874 -0.24472621 0.795166 0.400248 0.64469403
-0.19755101 -0.844126 -0.35969797 0.51673234 0.07728525 0.56081444 -0.60430574 0.53912467
-0.5912792 0.48584297 0.24663177 -0.88554114 0.87952334 0.8362996 -0.14599536 -0.74901664
-0.27788004 -0.18778832 -0.5160504 -0.27804604 0.62146324 0.19305322 0.100630745 -0.37574893
0.48282814 -0.7276043 -0.6199365 0.054549232 -0.1412676 0.516478 0.7731201 -0.0925244
-0.9013109 -0.9281982 0.7901551 -0.10107462 -0.6255473 -0.4208047 -0.50565803 0.069172695
-0.5242426 0.49842328 0.94189095 0.46255848 0.7559328 0.41178367 -0.7563681 0.99443936
0.6722677 0.8671887 0.8539768 -0.38079116 0.4130762 0.59584624 0.45036414 0.9816674
-0.7359226 -0.5182168 -0.95146453 -0.36358136 0.23187569 -0.30523363 0.32578894 -0.16245195
-0.77264446 0.42040685 -0.518601 -0.39524123 -0.03484559 0.39524707 0.52415353 -0.09166634
-0.5774944 0.8266078 0.716214 -0.26097423 -0.6558068 0.69731086 0.45515838 0.61490226
-0.012861164 0.7062852 -0.8548347 0.65899265 -0.6663628 0.94099736 -0.36715958 0.99776185
-0.8729392 -0.215253 0.51643693 0.33336613 -0.22738428 -0.21639499 0.31461623 0.9389856
-0.15642883 -0.010781016 0.4754897 0.5115866 0.98380136 -0.8692719 -0.60470796 0.18780814
-0.48899558 0.93844414 0.770751 0.64641756 -0.6120277 -0.76097697 0.24653909 -0.5858373
0.25130883 -0.7427811 0.8180876 0.3100997 0.7143624 -0.49647826 0.3772175 0.11426433
-0.36232537 0.029141983 -0.30441716 -0.83000994 0.6836614 0.38066554 0.08209212 0.5525017
-0.43235624 0.08267232 -0.96220994 -0.7471451 0.16719325 0.78555554 -0.2112625 -0.7929715
-0.8555379 -0.39178127 0.6175379 0.25637844 0.55420256 0.2586596 -0.5017549 -0.4227072
-0.54891473 -0.7842138 -0.7567397 -0.35711735 0.54134065 -0.4779064 0.03157636 -0.6226275
0.086186565 0.907529 -0.40381786 -0.6191703 0.58390397 -0.21983117 0.7414111 0.52320623
-0.12252378 -0.33537108 0.5506079 0.47949114 0.68141073 -0.29204595 -0.17633253 0.74591565
0.15737005 0.5630933 -0.21748403 0.8541618 -0.90310484 0.7319987 -0.2594814 -0.9548385
0.87799937 0.5479157 0.968524 0.4676433 0.14542204 0.20019817 -0.12480125 0.36821446
0.5258483 0.57349443 0.99773085 0.66091955 0.22493733 -0.11943442 -0.56264794 -0.93429327
0.35311967 0.543031 -0.7683678 0.42238262 0.76396704 -0.31289017 0.19364035 0.5103928
0.83560395 0.36330253 -0.47087485 0.7849675 0.9739838 -0.7615347 -0.32447994 0.19562885
-0.8356018 0.17921193 0.62420946 0.4319871 -0.59149206 -0.56965 0.45001164 -0.7639825
-0.16185027 0.6567888 -0.8864595 0.6921771 0.26434505 -0.8271254 -0.70221305 -0.34429532
-0.22178626 -0.66845435 0.9104664 -0.604205 0.8146971 -0.6688501 0.71761364 -0.47555342
-0.6710131 -0.58454937 0.25300455 -0.30202985 0.27212882 -0.38552412 0.84401333 0.63168347
0.37613517 0.24924317 0.39671275 -0.35476014 -0.5024118 0.0784658 0.18870765 -0.6673649
0.81305015 0.05372212 0.7098819 0.23973651 -0.9080452 0.02857101 -0.5638342 -0.46524706
0.7691693 0.7771131 0.30704388 0.46819052 -0.71366584 0.408232 0.23669824 0.41167095
-0.52933514 -0.780316 0.4379115 -0.46694195 0.9220178 -0.035318967 0.9875672 0.4557132
-0.8955116 0.87518036 0.8201142 -0.15867932 -0.95428085 0.66096574 0.3563981 0.27320525
0.26244858 0.48278412 0.10977403 -0.9858366 0.33604726 0.05579879 0.38055527 0.9153358
-0.017903013 -0.9479716 0.06602478 -0.47435915 0.0026598126 0.8555947 0.47087732 -0.7398688
0.3934887 0.71025884 -0.95985323 0.3025476 -0.9033418 0.15548612 -0.49797252 0.561008
-0.21505405 0.062477216 -0.39933375 0.17473659 -0.41317794 -0.61287445 -0.23462237 -0.63422704
-0.43738297 -0.6787211 0.10110191 -0.5494181 -0.5370358 -0.74907243 -0.57281685 -0.51969355
0.9694991 0.3241455 -0.96345025 -0.0007240827 0.72429395 0.49390894 -0.8251078 0.5615904
0.599969 -0.4246279 0.664769 -0.2537989 -0.7771839 0.031235678 -0.01918905 0.0487322
-0.20504405 -0.7295185 -0.48861286 0.8499047 0.57326746 -0.24876332 -0.5785928 -0.69491327
-0.17150496 -0.91599345 0.53703064 0.760086 -0.46961638 0.6224884 0.5045264 -0.0024021263
0.7927723 -0.025505299 -0.032470856 -0.05931368 0.86890525 -0.6060284 0.12256833 -0.78553027
0.0459021 -0.7670194 -0.77465254 -0.6981272 -0.73220885 -0.23729353 0.18468243 -0.42873883
-0.9255002 -0.5911421 0.02518707 0.5167531 0.83045065 0.14077124 0.23252328 -0.37407932
0.105529405 -0.32237884 0.19766773 -0.9992194 0.24726142 -0.13516244 0.9119791 0.63100487
-0.08019906 -0.50516754 0.8266085 0.8766541 0.80257833 0.870107 -0.8413174 0.55945426
-0.05398356 -0.23420694 0.41265178 -0.45548275 -0.54930663 -0.6311354 -0.19899403 0.83939856
0.6143249 -0.119699985 0.48717675 0.4276368 -0.9459082 0.44457212 -0.5315759 0.29960647
-0.41956502 0.24462897 0.99089456 -0.5315531 -0.027447984 0.5187832 -0.27968702 0.4039867
0.8032189 0.07943117 0.7153414 0.73657125 0.23825927 0.59819394 -0.76204485 -0.35978377
0.6302475 -0.15730783 0.48449543 -0.061731786 0.3113109 0.15617341 -0.9134161 -0.41315088
-0.6827112 0.14438756 -0.018400561 -0.01991038 -0.78445625 0.17008938 -0.6329899 0.9187268
0.55909395 0.33727866 -0.5978123 -0.96982944 0.029571358 -0.788397 0.2987293 0.902203
0.5953209 0.7494406 -0.075382486 -0.5477013 -0.92209375 -0.3987124 0.95354706 -0.5621571
0.98890364 0.80890495 0.08927904 -0.5385645 0.37115583 -0.06648207 -0.4450672 0.699852
-0.06718979 0.55239993 0.95067674 -0.97839946 0.32614675 -0.93840915 0.07159192 -0.6036027
0.8842822 -0.54561806 -0.5133737 0.7168573 0.78787225 0.40964317 0.76151174 0.88936085
-0.84781677 -0.34626055 -0.43661964 0.45271933 0.5089264 -0.69527584 0.84862494 -0.67785776
-0.8744819 0.010383874 0.31990904 -0.85771006 -0.88614416 -0.65803593 0.46937007 0.28420272
0.6805289 -0.4655675 -0.9145648 -0.72472376 0.022274131 -0.56935483 0.3790346 0.6164564
0.99267334 0.11967863 -0.36930093 -0.8932461 0.93137044 -0.5060746 -0.6487614 -0.9404728
0.043094642 -0.7170072 -0.7991315 -0.14077313 -0.19313286 0.8247178 -0.8436665 -0.33117297
0.14440376 0.1438618 0.20500007 0.4099559 0.9215746 -0.6997472 -0.81750345 -0.40180945
0.7418943 -0.7529524 0.04699103 -0.47014835 0.23378074 0.5363213 -0.011395819 0.47133777
0.7282081 -0.457005 -0.121257775 0.16272911 -0.40848917 0.16695605 0.3185467 0.9016344
0.41726622 -0.1561337 -0.81944996 -0.7373303 0.73950124 0.8456474 0.7921379 -0.57155514
0.026583886 -0.12282764 0.19965814 -0.25450802 0.93834656 -0.12934753 0.71874833 -0.42199695
-0.9748916 0.24802367 0.2675808 -0.3467408 -0.784912 -0.5934116 -0.41248932 0.21455921
-0.13530104 0.4931071 0.19268568 -0.27924782 0.47771242 0.93366456 0.08889205 0.60009205
0.39440325 0.94828355 -0.6870978 -0.13150787 0.8157354 -0.15684591 0.13080308 -0.47213987
-0.40330315 0.17010461 -0.4985272 -0.8480365 0.27532178 -0.29481614 -0.2732527 -0.39485475
-0.87677515 -0.2085894 -0.71424717 0.26716444 -0.36192465 0.6853945 -0.052075278 0.6170188
-0.61638814 0.5687714 -0.6506802 -0.97263265 0.056254003 -0.17553951 -0.56416756 0.8969377
0.15374492 0.71232283 -0.895115 -0.6697796 -0.51206535 -0.81159174 0.98523146 -0.18372805
-0.8048197 -0.106070384 0.931088 0.1836227 0.87953055 -0.7160279 0.434699 0.42712888
0.07587709 -0.50667727 -0.15708117 0.03871102 0.72452986 0.081625804 0.62264574 -0.35770708
-0.35301882 0.32310688 0.98998684 -0.7914902 0.7531542 -0.8280982 0.8626245 -0.12916148
-0.13481039 -0.13335262 -0.31288177 -0.14820234 0.6491401 0.31090027 -0.8263347 -0.26607233
0.83386827 0.5089012 0.6812131 0.9535693 0.90873635 0.011028021 0.43476197 -0.5586006
-0.024439437 0.46215063 -0.7589583 0.18392879 0.46764356 -0.86602116 -0.5896245 -0.77244186
0.10699084 -0.15091091 -0.081724204 0.9204522 0.08982995 0.9633273 -0.77968407 -0.58346677
-0.5760625 -0.7836197 0.9336307 0.542175 0.4096193 0.13799734 -0.8041309 0.77082646
-0.9024594 -0.67399067 0.09758595 0.062477313 0.9721241 -0.26264286 0.54291326 -0.87476313
-0.9297489 0.86425513 0.76787865 0.8001134 -0.69957286 -0.15598261 0.30299088 0.29660112
-0.028208079 0.37408128 -0.718384 -0.099554256 -0.92173 0.13489163 0.02139519 0.8291814
-0.8458042 0.9325536 0.8932368 0.6837918 0.6844481 -0.6915094 0.93514335 0.07370421
0.2640137 -0.4167818 0.25621963 -0.68594 -0.17076387 0.52139753 0.3573178 0.91540754
-0.68374383 -0.38103202 0.6087032 -0.44949526 0.16565661 0.8976229 -0.4556043 -0.29460597
-0.3824324 -0.84049684 0.21366233 0.28894734 0.2788725 -0.062824085 -0.27301925 -0.69239813
0.15419355 -0.92260265 0.3058827 0.10791075 -0.9348901 -0.6623088 0.6021787 -0.70571756
-0.8434914 -0.5556981 -0.5181908 0.9266388 -0.12596658 -0.47396338 0.52278775 -0.07804977
0.11473408 0.29117015 -0.81162155 0.6029041 0.894467 -0.7204939 0.41475394 0.94321215
0.31038707 0.024544109 -0.49379945 0.98634255 0.7768881 0.5641779 -0.80312556 -0.60597575
-0.054043673 -0.6453398 0.21833143 -0.6910085 0.32463533 -0.5392504 -0.84642607 -0.07603255
0.6303931 0.43894538 0.33793277 -0.5698209 0.33526903 -0.9619883 0.88200104 0.78171426
-0.7432858 0.82426685 -0.59466064 0.033647735 -0.72656804 0.42597052 0.5421422 0.40199518
-0.6904401 -0.21286276 0.52918965 -0.2546828 -0.7678324 0.07975407 0.23707263 0.84238815
-0.6660845 0.96245897 -0.8574172 0.12979327 0.2152169 -0.2934569 0.43635556 -0.49542618
0.9466334 -0.81462866 -0.29066378 -0.7507274 -0.118812956 0.8878381 0.9168521 -0.5103355
-0.7315401 -0.3446197 -0.5495708 -0.9888038 -0.5633755 -0.4017299 0.9002159 0.050833944
0.5424738 -0.7698049 0.40841752 -0.9458065 -0.120913856 -0.16313224 0.8688253 0.74261606
-0.056449503 0.12328208 -0.71158636 0.9665864 -0.45936117 -0.081389554 0.36041757 -0.59921706
-0.64025414 -0.29499757 0.09291124 0.69505125 0.40312973 -0.18674593 -0.46598482 0.1873249
-0.9554607 -0.10540709 0.18855275 -0.50624526 -0.9667312 -0.40022373 -0.9534572 0.46071067
0.7429706 0.18522474 -0.73302555 0.3600423 -0.29390034 0.22740757 0.022292463 -0.4318879
-0.11859363 -0.10433085 0.24654995 -0.026843714 0.37335518 0.6886551 0.5772465 -0.8549909
0.65130806 -0.44290367 -0.4996634 0.9461137 0.7587061 0.33150432 0.9830675 0.51340616
0.9777404 -0.96208787 -0.20522024 -0.41856232 0.716009 0.91296095 -0.3284843 0.34951055
0.65047014 -0.3755849 -0.4824546 0.74777603 0.34424138 -0.8909984 -0.90498555 -0.675243
0.6743327 -0.32280132 0.09475303 0.46459463 -0.06604454 0.6044141 0.34182197 -0.14738242
-0.53669685 -0.37049484 -0.29491466 -0.04850442 -0.50071365 -0.79621506 0.55079645 -0.5398232
0.70189047 -0.48441103 -0.16631775 -0.3929239 0.3855729 0.5787951 -0.6553452 0.15389702
0.38689196 -0.5635936 0.15461005 0.3868245 0.95783013 0.82720363 0.34352213 0.310947
-0.7694573 -0.49110103 0.94964665 0.38136408 0.88362867 0.23447765 0.8488279 -0.5937449
0.9723659 0.6727168 0.2830494 -0.06579727 0.49967363 -0.35420045 -0.8765068 0.17704132
0.47911292 -0.050645925 0.9936147 -0.20627859 0.52929246 -0.9897472 0.37362984 -0.17472774
0.04381006 0.33278018 0.16817679 -0.56112856 -0.37619755 0.7797636 -0.4733278 0.9899687
0.8651819 -0.3755027 -0.2724113 0.5913181 -0.82406723 0.14853211 -0.5459354 -0.09170835
0.062260978 0.48171222 0.5693758 0.7553484 -0.50902486 0.07053655 0.49885914 -0.5747969
0.82995677 -0.40849662 -0.7749393 0.59752655 -0.4953246 -0.4987692 0.7194475 0.5720171
-0.8376135 -0.59319526 -0.20242164 -0.15137795 0.6681787 0.74743915 0.9948776 -0.6508714
-0.91965777 0.098077856 -0.6433032 0.017633643 -0.34154946 0.56279385 -0.8586669 -0.23191369
0.19957228 0.37656528 -0.18864934 0.8468374 0.7156157 0.93400013 -0.59924126 -0.92806196
-0.020061422 -0.31609294 0.41105112 -0.3289653 -0.69086176 0.49281123 0.19911349 0.07988412
0.18730006 -0.73485446 0.9622397 0.06579661 0.3055722 -0.5023536 -0.024826568 0.43600032
0.55594134 -0.09973862 0.080712184 0.4321877 -0.28651136 0.15582906 0.99393624 -0.15139852
-0.3057593 0.80668086 -0.43964875 0.29751036 -0.016789006 0.17726502 -0.35867763 0.29614472
0.56059724 -0.8454405 0.93187785 -0.27223724 -0.30636287 -0.4839637 0.92607826 -0.8778185
-0.9142758 0.042911172 -0.734228 0.87000257 0.9802499 0.398767 -0.77723795 -0.4330016
-0.083738685 0.9865298 -0.9778257 -0.9689659 0.9960435 -0.32333362 -0.094076775 0.69878316
-0.7532948 0.7326009 0.40764263 0.7746558 0.64826584 -0.74549484 -0.42586878 0.43346807
0.283542 0.16457364 -0.83747375 0.30418786 -0.17407645 -0.64549595 0.6881203 -0.68027693
0.93181664 0.60663736 0.3800614 0.6919921 -0.13558358 0.37231255 0.49843144 -0.10455893
0.32185784 0.25733086 -0.030914 -0.8804647 0.4425739 -0.6751422 -0.029255295 -0.013076491
-0.4479637 -0.83779633 0.90656245 0.34718412 0.525664 -0.45061553 -0.6444713 0.26841056
0.31694213 0.42971778 0.4164504 -0.44000912 0.89513403 -0.022772718 0.42037016 0.39912787
0.802794 0.24881534 0.36773226 -0.6317273 -0.13303103 0.43653566 -0.44174704 -0.5387193
0.3776687 -0.8847522 0.6223499 -0.85899204 -0.95643765 0.15479282 0.5574721 -0.7882077
-0.74727076 0.7411843 -0.48255137 0.9784142 -0.032565795 -0.11383565 -0.12070975 -0.49015373
-0.6062265 0.85598373 -0.1614224 0.11358659 -0.6133457 0.6407935 0.19360946 -0.7154455
0.31736895 0.655734 0.5576205 -0.7555968 0.66442734 -0.049842965 0.3271513 -0.8506241
0.07568837 -0.5161271 -0.21881159 -0.26237622 -0.81347203 -0.61129695 0.1929204 0.19102353
0.11413719 -0.82866275 0.8179151 0.5230573 0.43760946 -0.6321697 -0.10399957 0.6682046
-0.20786558 -0.3704875 -0.27850884 -0.91860074 -0.48386025 0.45605934 -0.89744264 0.3010451
-0.8074601 -0.12494002 -0.5468857 -0.7181702 -0.35112643 -0.7343335 -0.22019513 -0.055492733
0.28583303 0.77294385 -0.85390216 -0.21709165 0.59674937 0.57479495 -0.07875205 0.43978885
0.12952141 0.978467 0.19048013 0.6803087 -0.675128 0.2873476 0.048775453 0.52070946
-0.503711 -0.33267918 -0.10151816 -0.07508946 -0.40826532 0.14508021 -0.39812922 0.013101662
-0.8541664 -0.46087852 0.789485 -0.5735127 -0.7311488 -0.2612228 -0.69346154 0.3195695
-0.7002041 -0.11086601 -0.032361694 -0.5719816 0.36014163 0.89196694 -0.77716905 0.3553959
-0.029996002 0.8287817 0.114040926 -0.06104191 0.7200034 -0.22412021 -0.495366 -0.35042226
-0.8352644 0.6019288 -0.8352403 0.07546153 -0.459977 -0.35114312 -0.264424 -0.60376114
-0.15413123 -0.4318789 0.992902 0.08990841 0.20298108 -0.9734156 -0.56761503 -0.60840875
0.52445555 0.8503238 -0.51526505 0.5821824 -0.8575767 -0.09647397 0.2477058 0.6055826
0.55232793 -0.921035 0.7479414 0.1100674 0.45060775 0.6376062 0.28524467 0.95376843
0.942213 -0.98007333 -0.49469024 -0.81516963 -0.10703844 0.6962607 0.9126648 -0.76518977
-0.61346155 -0.4432608 -0.6597696 0.39382145 -0.24288367 0.48311698 -0.017190827 0.7980113
-0.4554029 0.6525606 0.9815641 -0.94215345 0.85590667 -0.9212886 -0.7968894 -0.3266922
-0.49331126 0.4655892 -0.6787396 -0.24100815 -0.7392271 0.116626486 0.5104423 0.12651208
