-0.562287
0.632112
0.721140
-0.664601
-0.984986
-0.327740
0.595022
0.678348
-0.723342
0.548672
-0.768592
-0.219875
0.997219
-0.614818
-0.692073
-0.154399
0.239337
0.865802
0.961642
-0.860719
-0.724005
0.581476
-0.458736
0.769698
0.326907
-0.776310
0.665059
-0.647287
-0.153009
0.104370
0.001532
0.372326
0.305373
0.984084
0.998844
0.032919
-0.809602
0.455687
0.953328
-0.363347
-0.077582
-0.150446
-0.897162
0.344529
-0.293325
0.574928
0.664240
0.642462
-0.166668
-0.356909
0.497642
0.602779
-0.017485
0.786062
-0.712183
0.758138
-0.807810
-0.692949
0.067680
-0.864963
-0.894386
-0.998963
-0.127367
0.549248
-0.656079
0.780528
-0.060088
-0.047816
0.871084
-0.881027
-0.569643
0.171543
-0.609027
0.359054
-0.571815
-0.801686
-0.586030
-0.154532
-0.647723
-0.730616
0.720564
-0.359206
-0.278483
-0.889459
-0.285261
-0.470386
0.220970
-0.589219
0.776731
0.859333
-0.800338
-0.785194
-0.769347
0.239139
-0.756062
0.704765
0.508543
0.639618
0.052121
0.993354
-0.911650
-0.197470
-0.352127
0.897291
0.153722
0.612382
-0.659318
0.957268
-0.002721
-0.012656
0.941769
-0.238535
-0.204950
0.169505
-0.743895
-0.357829
-0.613583
-0.793433
0.732289
0.178662
-0.282654
-0.182661
-0.136962
0.266298
0.853539
0.865559
-0.217016
-0.341475
-0.431206
-0.392407
0.748668
-0.952059
0.040915
-0.072649
0.380254
-0.673217
0.336661
-0.246532
0.237430
-0.919810
-0.076546
0.044502
-0.571347
-0.720753
-0.623051
-0.311718
-0.806380
0.894640
-0.190012
0.617939
0.948834
-0.838529
0.303339
0.742818
0.268469
-0.141948
-0.137847
-0.928202
0.069201
0.987086
0.917415
-0.919202
0.411594
-0.396470
0.805978
-0.909770
0.871748
0.674951
-0.764991
-0.880351
0.669415
-0.688485
0.069796
0.831490
0.134896
-0.205533
-0.109968
-0.873766
0.937505
-0.378692
-0.621273
-0.427905
0.928746
-0.811428
0.734606
0.415688
0.660038
0.951795
0.684309
0.886765
-0.746130
0.591577
-0.156468
-0.866349
0.185913
-0.544064
0.275218
-0.898333
0.962774
-0.061990
0.793511
-0.048878
-0.879338
0.644427
0.296367
0.563514
-0.143660
0.275873
0.712458
0.262131
-0.304653
0.325059
0.343708
0.921174
-0.258175
-0.149836
0.624246
0.011525
0.473146
-0.080581
-0.569010
0.490408
-0.737690
-0.602833
0.253650
0.494540
0.789376
-0.454827
-0.778551
0.912093
-0.691154
-0.604666
-0.417341
0.058783
0.765651
0.521092
0.416315
-0.649639
-0.284635
-0.043190
-0.705148
-0.453141
-0.383334
-0.745448
0.100479
0.410056
-0.860137
-0.037754
0.564422
0.495980
0.630146
-0.103519
0.641114
-0.518494
-0.278379
-0.647289
-0.140086
-0.134969
-0.493930
0.551582
0.543699
-0.243364
0.670252
-0.573850
-0.991388
0.142335
0.988156
-0.922711
-0.584004
0.037829
0.619881
-0.821916
-0.209531
0.494152
-0.256914
-0.622327
-0.609008
-0.179902
-0.041166
0.723629
0.284505
0.380804
0.965974
-0.176313
-0.193291
0.846694
-0.508249
0.459630
0.509146
-0.804424
-0.063537
-0.598875
-0.629249
-0.072344
-0.421141
0.592121
0.815210
0.605441
-0.467938
-0.451731
-0.490543
-0.729924
0.887597
-0.195904
-0.550621
0.693342
-0.201609
-0.929766
-0.676117
0.278501
0.565811
-0.578131
0.834791
0.701994
0.696761
-0.544678
-0.898928
0.734847
-0.388400
0.237833
0.771410
-0.568150
0.062586
0.558540
-0.508601
-0.538507
-0.945636
0.917031
0.420034
0.271121
0.487989
0.063226
-0.047732
-0.100936
0.280878
-0.596930
0.776117
0.623505
-0.300873
0.157219
-0.717945
0.944692
0.805785
0.843795
-0.335674
-0.661731
-0.576456
-0.819997
-0.759779
-0.857391
0.979646
-0.851885
-0.734916
0.654509
0.160480
0.548834
0.261824
0.764350
0.276935
0.044250
0.425499
-0.105214
-0.307872
-0.064695
-0.660572
0.593143
-0.478592
-0.692937
-0.507295
0.684140
-0.339597
0.372100
0.712819
-0.844511
0.530049
-0.384669
-0.566755
0.377803
0.819593
-0.409962
0.137668
-0.420332
0.108571
0.243724
0.278054
0.719941
0.865867
-0.592279
0.057083
0.665674
-0.393596
-0.120382
0.971242
0.970093
0.812214
0.596897
-0.461739
-0.358300
0.094566
0.121555
0.011006
0.273341
-0.183354
0.498348
-0.332900
-0.338646
-0.745548
-0.622576
0.701042
-0.107435
-0.544264
0.518682
0.107962
-0.957688
-0.367277
-0.645997
0.311746
-0.449938
-0.870106
-0.890130
0.163455
-0.956553
0.697584
-0.689206
0.213133
-0.110624
-0.114297
-0.856406
0.605505
0.786105
-0.977967
-0.642792
0.807808
0.098987
-0.699921
-0.594419
0.319972
0.449634
0.198854
0.906297
-0.011873
-0.399456
-0.045534
-0.280667
-0.551168
-0.908073
-0.295575
0.422819
-0.320528
-0.857511
-0.049389
0.507541
-0.429755
-0.329906
0.691399
0.040144
0.685464
-0.107221
0.905950
0.301589
-0.768202
0.770186
-0.021470
-0.716722
-0.694620
0.375068
-0.905255
-0.426812
-0.720425
-0.117845
-0.171292
0.043753
-0.440727
-0.935913
0.228772
-0.252564
0.302670
-0.782666
-0.972445
-0.503412
-0.086905
-0.211856
0.620605
-0.244325
0.060882
0.187031
-0.956337
0.030267
-0.310337
-0.157440
-0.799425
0.565641
0.884808
-0.955462
0.202746
0.527688
-0.430385
0.575111
0.264710
0.858325
0.962010
-0.915308
-0.110124
0.093976
-0.706514
-0.327428
0.975295
-0.967539
-0.094984
0.685309
-0.352197
-0.040403
-0.452188
-0.934380
-0.441290
-0.614117
-0.242758
-0.229665
-0.321985
-0.344152
-0.820537
-0.949590
-0.595771
0.513299
0.981620
0.857052
0.008439
0.063648
-0.370837
0.547879
0.529513
0.688545
0.791009
-0.131302
0.533751
0.612797
-0.383081
0.858485
-0.811317
0.988538
0.540181
-0.813458
0.312459
-0.931641
0.540374
0.598446
0.204820
0.713721
-0.804233
-0.448152
-0.171645
-0.915084
-0.103568
-0.469573
-0.214530
-0.149795
0.758823
-0.459318
0.787486
-0.148058
-0.344385
0.005024
-0.164513
-0.485255
0.005359
-0.696397
-0.296140
0.131580
-0.173184
0.647825
-0.486556
0.939543
0.569444
0.935186
0.676273
-0.715792
-0.223692
-0.309233
0.067811
0.543721
-0.242264
0.175039
0.932405
0.043960
0.819595
0.587345
-0.882563
-0.141802
0.396637
0.973424
-0.083247
-0.814429
0.124018
-0.746872
0.503039
0.015354
0.446863
0.738724
0.257896
0.224879
0.509141
0.684910
0.738108
-0.927140
0.112381
-0.567461
0.720692
0.296795
-0.159555
-0.623792
-0.321953
0.407555
-0.591281
-0.812834
0.776058
0.528421
-0.600410
-0.415377
0.944140
0.416369
0.221044
-0.384743
-0.401750
-0.920953
0.456964
-0.913650
-0.990285
0.458990
0.897748
0.513006
-0.056720
-0.027910
-0.127727
-0.350713
0.043428
-0.137698
0.196336
0.796240
0.990019
-0.842513
0.744209
0.204239
-0.732427
0.387719
0.695333
-0.524929
-0.698799
-0.982765
-0.905499
0.524503
0.974373
-0.910239
0.496142
-0.856276
0.184266
0.512151
-0.281591
-0.978131
0.190379
0.982489
-0.484765
-0.621017
-0.752148
0.110511
0.192890
0.584542
0.506147
0.785083
0.611545
-0.505466
0.111755
-0.405176
-0.340429
0.863889
0.363792
0.949181
-0.166175
0.074875
-0.025769
-0.785426
-0.526596
0.055273
-0.865251
0.862924
-0.752313
-0.604039
0.530642
-0.806131
0.800556
0.451402
-0.862758
0.383694
0.263257
0.514699
0.656396
0.436701
0.172353
-0.355073
0.394547
0.913943
0.175044
0.328690
-0.125744
0.512242
-0.445604
-0.893350
0.880703
0.874125
0.064831
0.284635
-0.074800
-0.160469
-0.761103
-0.806494
-0.534536
0.673281
-0.708335
-0.546603
0.097228
-0.569738
-0.673587
0.126632
-0.263813
0.252319
0.824411
-0.698014
0.826867
0.804980
0.658175
0.262572
0.240293
0.278425
0.380991
-0.967036
0.916185
0.171208
0.562932
-0.245436
-0.975206
0.019469
0.014380
-0.126021
-0.320566
-0.500348
0.055090
-0.249444
0.939864
-0.654145
-0.360669
-0.412079
0.086618
-0.001439
0.287481
0.900004
-0.429558
0.385543
-0.949920
-0.475223
-0.072561
-0.938010
0.235339
0.356621
0.493463
0.033149
0.207889
-0.207869
-0.917494
-0.800096
0.775523
0.260304
0.041951
-0.142814
-0.071197
-0.581445
0.645872
-0.603234
0.433246
0.519970
0.149738
0.725853
-0.417899
0.763234
0.458821
0.597500
0.329159
0.692686
0.986198
-0.159674
0.627831
0.489160
-0.094260
0.853898
-0.211148
0.130932
-0.788115
-0.548450
0.681392
-0.206895
-0.211832
-0.508038
-0.016779
0.611634
0.790328
-0.859771
0.149641
-0.065453
0.228564
-0.105449
-0.202710
-0.056239
0.163998
0.001966
-0.055711
0.635671
0.491296
-0.317243
0.601154
0.707301
-0.693016
0.165365
-0.429376
0.478345
-0.522429
0.342807
-0.489751
0.022288
0.897293
-0.237385
0.751477
0.973889
0.749702
-0.668268
0.305574
0.838219
-0.798956
-0.368471
-0.855090
0.889610
-0.109469
0.350689
0.682240
0.982000
-0.676435
0.599025
0.774846
-0.902249
0.508181
-0.290549
0.297194
0.028096
-0.480516
-0.729557
-0.766106
-0.793354
0.275580
-0.297178
-0.566733
0.383770
0.373699
0.078337
0.869916
-0.229172
0.671726
-0.849721
0.479662
0.976895
0.693196
0.159329
0.253532
-0.293421
0.358970
0.540791
0.996457
-0.015074
-0.877392
0.191716
-0.761952
-0.510470
-0.342440
0.462060
-0.632384
-0.668494
-0.910071
0.746480
0.387011
-0.920107
-0.943415
0.117349
-0.434931
0.193453
-0.130792
0.846625
-0.424382
0.358291
-0.891891
0.911721
-0.783384
-0.746283
-0.706906
0.962553
0.235320
0.220580
0.973396
-0.823122
0.949002
-0.591974
0.246143
-0.159833
-0.232096
0.862487
-0.701545
0.994138
-0.241750
0.297550
0.935813
-0.884798
0.845729
0.135623
0.408794
-0.701632
0.066775
0.347027
-0.087505
-0.690030
-0.511762
0.708786
-0.931058
0.417724
0.998780
-0.985034
-0.677909
0.348289
-0.880018
0.179580
0.368000
0.176293
-0.269631
0.394565
0.188589
-0.584726
0.126271
0.763814
0.333667
-0.056417
-0.356832
-0.828228
-0.510746
-0.977627
0.973252
-0.555035
0.629752
-0.662710
-0.432798
-0.163445
-0.351189
0.596702
0.915387
0.750589
-0.692844
0.553377
0.896295
-0.816880
-0.347675
-0.530655
-0.213500
0.484665
-0.051515
0.141461
-0.371690
-0.717421
-0.466133
0.719361
0.204834
-0.244023
0.579812
-0.871085
-0.492218
-0.539794
0.970729
0.412197
0.235572
-0.990030
-0.631380
0.271083
-0.240561
0.848561
0.529448
-0.105232
0.499030
0.950809
-0.078038
0.285052
0.837329
-0.502651
0.773116
-0.804911
0.296896
0.565676
0.229212
-0.008930
0.234694
-0.696673
-0.568859
-0.460201
0.195559
-0.116198
-0.511048
0.765619
-0.252156
-0.107937
-0.180598
-0.636114
0.463254
-0.103083
-0.967486
0.928027
0.631527
0.447119
0.738184
0.813614
-0.325021
0.221917
0.217616
-0.465401
0.654016
0.278989
0.470161
0.423434
0.716869
-0.632416
-0.998351
0.197057
-0.292283
-0.752425
-0.627723
-0.336501
-0.859533
-0.886174
0.832053
-0.375795
0.964461
0.928734
-0.714857
0.429849
0.201610
0.381294
-0.807618
-0.622880
-0.846723
0.208268
0.973182
0.343969
0.421523
0.969170
0.356023
-0.919637
0.734011
-0.270643
-0.991273
0.014468
0.874030
-0.485339
-0.016974
-0.652446
-0.884615
-0.838910
0.454022
0.728149
-0.713402
-0.423363
-0.609941
-0.946288
0.106863
0.399844
0.295755
-0.223893
0.110020
-0.811801
-0.691393
0.863589
0.523015
0.845478
0.833361
0.298785
0.856477
-0.166592
-0.992768
-0.874858
0.283321
0.419853
0.408238
0.639622
-0.033063
0.066717
-0.352346
-0.789485
0.329280
-0.932780
-0.448730
-0.811540
-0.618546
0.277462
0.256953
-0.157890
-0.819656
-0.133252
-0.294510
0.440918
0.158053
-0.016868
-0.026036
0.932594
0.512588
-0.006041
-0.041555
-0.947042
0.885019
-0.361652
-0.488122
0.998818
0.437379
-0.905272
-0.876229
-0.948997
0.199238
-0.856871
0.866777
0.873813
0.092108
0.233278
-0.416211
-0.872055
0.474921
-0.796428
-0.828885
-0.377554
-0.975069
-0.131929
0.415362
0.602698
0.208615
0.693748
-0.186996
0.697544
0.012947
-0.553928
0.888291
-0.450058
-0.947597
-0.514652
-0.266625
-0.297301
-0.862345
0.668845
0.046848
0.814395
0.755982
0.625016
0.031798
-0.496579
0.011951
-0.798377
0.317692
-0.732046
0.022346
-0.891236
-0.400975
-0.535839
0.240063
0.573573
-0.885394
0.700567
0.721535
-0.315462
0.318008
-0.194774
-0.691618
0.057325
-0.827281
0.756944
0.848580
0.643226
0.125056
0.115197
0.969215
-0.504197
-0.848103
0.123882
-0.342429
-0.355322
-0.985829
0.192479
-0.471933
-0.624283
-0.919136
-0.271277
0.757938
-0.326658
0.358148
0.513094
-0.343798
0.643281
0.383759
0.118484
-0.998015
-0.929818
0.981732
0.564568
0.875131
0.804606
-0.959114
0.583695
-0.097709
0.579116
-0.986568
-0.423601
0.675235
-0.031231
-0.902555
-0.967017
-0.053049
-0.671243
0.410252
0.590647
-0.543407
0.184354
-0.691111
-0.392835
0.777591
0.088196
0.771777
-0.549504
-0.339951
-0.058096
-0.039840
0.995296
-0.771109
0.703930
0.727364
0.106397
-0.311926
0.038452
-0.415065
0.598215
-0.003442
0.851684
0.245383
0.028639
0.422139
0.007866
0.809013
-0.631108
0.946697
0.624381
0.721467
-0.034184
0.674403
-0.386452
0.523896
-0.719100
-0.385896
-0.108535
-0.355361
-0.225966
0.640209
-0.486648
0.490562
-0.852576
0.531478
0.584046
-0.196602
0.444956
0.830277
0.601426
-0.219107
-0.031573
0.558715
-0.414811
0.607765
-0.343858
-0.682940
-0.165894
0.758934
-0.885419
-0.574651
0.816691
0.780029
0.358902
-0.519053
-0.160379
-0.577558
-0.742823
-0.240003
0.151643
-0.280135
0.221649
-0.407491
-0.308299
0.581347
0.756629
-0.355932
0.143032
-0.443675
-0.893331
0.475714
-0.657993
-0.148575
-0.025909
-0.631057
-0.810889
-0.303974
0.904572
0.230271
-0.237180
-0.922178
0.200547
-0.815485
0.085088
0.503901
-0.152829
-0.401177
-0.905232
-0.950444
-0.139947
0.766691
-0.511874
0.148111
0.368612
-0.878340
-0.693799
-0.337446
0.340186
-0.121930
0.468390
0.735196
0.516745
0.984494
0.508722
0.704358
0.664733
0.460532
0.603604
0.869366
-0.049585
0.049622
0.855716
0.920452
-0.744235
-0.301992
0.396289
-0.556883
-0.350459
-0.953418
-0.692957
0.124659
0.306180
0.297824
0.556721
-0.169437
-0.453019
-0.968839
-0.586740
-0.375224
-0.643586
-0.959711
-0.685105
0.332199
0.259171
0.871367
0.596337
0.135512
-0.724887
0.128144
-0.876810
-0.138230
-0.219483
-0.144372
-0.440348
0.371661
0.681889
0.537034
0.255504
0.076690
-0.937832
0.445868
0.089966
-0.458518
-0.344316
0.871214
0.248724
-0.048175
0.241843
-0.172515
-0.059635
-0.419381
-0.120293
0.371184
-0.920116
0.590055
-0.434041
0.365120
0.285451
0.305256
0.216258
0.918204
0.016688
0.464638
0.410899
0.730864
-0.227252
-0.208175
-0.390177
0.037403
0.089700
0.320922
-0.138995
-0.564325
0.733684
-0.307998
0.845887
-0.585293
0.120115
0.073230
0.657296
-0.722297
0.819874
0.062856
0.172219
0.020333
-0.927950
-0.005819
-0.472901
-0.314624
0.298203
-0.004606
-0.813564
-0.853917
-0.628685
-0.618230
0.216602
-0.644371
0.763439
-0.580479
-0.817737
0.751492
-0.409345
-0.149155
0.918053
0.888738
0.429834
-0.862122
0.186680
0.978156
0.893832
-0.787995
-0.208065
-0.368926
-0.740544
0.389597
-0.452303
-0.310268
-0.819282
-0.004065
-0.683664
-0.135819
-0.713316
0.907700
-0.710035
0.043774
-0.606040
-0.847276
-0.595383
-0.115221
0.507001
-0.729436
0.849300
-0.038880
-0.480404
-0.517021
-0.469845
-0.266552
0.435039
0.899206
0.338075
0.094333
-0.102804
0.656389
0.699314
-0.413925
0.906841
-0.209769
0.600156
0.933640
0.407316
-0.676899
0.172274
-0.762446
0.578284
-0.437370
0.390430
0.820179
-0.637980
-0.214284
0.294238
-0.160683
-0.650362
-0.941857
-0.186804
0.298418
0.147968
-0.687518
-0.098613
-0.261058
-0.451595
0.458542
-0.380696
0.080284
0.846447
0.078552
0.234046
-0.853508
-0.643732
-0.798098
0.529626
0.671842
-0.627089
-0.561457
-0.353585
0.182155
0.243592
0.373508
0.810386
-0.409920
0.317518
0.119446
-0.388326
0.072973
-0.080906
0.924029
0.413678
0.991340
-0.409880
0.578107
0.111117
0.223521
0.971706
0.307974
0.797634
0.451500
-0.745228
0.398847
-0.031369
0.837596
0.613669
-0.791731
-0.732169
-0.860778
-0.013510
-0.838456
0.447357
0.104717
0.671770
-0.440408
0.038282
-0.765041
0.769220
-0.649990
-0.795276
-0.589899
0.612463
-0.788371
0.228855
0.492363
0.502162
-0.619878
-0.876752
-0.102387
-0.595029
0.398542
-0.286614
-0.101292
-0.773030
0.135101
-0.628952
0.357971
-0.857662
0.951789
0.369054
-0.636541
-0.971811
-0.331074
-0.694373
-0.563177
0.745501
0.206409
-0.647085
0.113319
-0.488439
0.952402
-0.934486
-0.110328
0.178575
0.066081
0.376123
-0.056429
0.427721
0.994621
-0.299404
-0.975569
-0.748750
0.107028
-0.311484
0.879965
0.254892
0.040710
0.596079
-0.482820
0.639477
-0.993878
0.239355
0.869514
0.575720
0.707268
-0.206091
0.648478
0.101663
0.237080
-0.882169
-0.596897
0.101929
-0.882398
0.482894
0.680114
0.840725
-0.796463
0.879440
-0.864760
-0.051888
0.680502
-0.859378
-0.963538
-0.950105
0.022540
0.623194
-0.745147
-0.750780
0.137094
-0.531409
0.460427
0.899271
0.532067
0.754351
0.039172
0.664639
-0.634194
-0.863304
0.311906
-0.896095
0.784963
0.383108
0.904401
-0.372227
-0.027683
0.483381
0.184414
-0.241468
-0.626508
-0.723791
-0.526279
-0.940336
-0.383746
0.803909
0.662724
-0.255992
0.151667
0.134721
0.657475
-0.527420
-0.407225
-0.396429
-0.918260
-0.370624
0.755828
0.823975
-0.780729
-0.083883
-0.237302
-0.021282
0.109439
-0.959482
0.684484
0.947328
0.306810
0.320904
0.055960
-0.331453
-0.702044
0.168127
-0.910117
0.649005
-0.158177
-0.170492
-0.345658
0.938708
-0.650166
-0.697384
-0.668937
0.317055
0.983791
-0.529050
0.811235
-0.442767
0.295800
-0.919002
-0.008692
0.309140
0.072640
-0.524329
0.656994
0.940273
-0.081608
0.271839
0.580827
-0.517022
0.728901
-0.439598
0.551662
-0.775802
-0.996738
0.351497
-0.499247
0.492208
0.539500
0.448214
-0.951033
0.407473
0.980291
-0.514749
-0.451523
0.627053
-0.679206
0.321167
0.510053
-0.925679
0.107524
0.151755
-0.393114
0.752689
-0.674501
-0.271611
0.697337
-0.618715
0.642748
-0.841862
-0.021542
-0.849339
0.355807
0.581203
0.699717
0.962524
0.344031
0.538124
0.011517
0.825474
0.287517
0.767103
-0.529096
-0.006524
0.459638
-0.594557
-0.577320
0.956086
-0.130779
-0.636369
-0.337072
-0.205248
0.246171
0.846029
0.973180
0.303398
0.399845
-0.356342
0.714317
-0.564403
-0.787239
0.946512
0.728277
-0.392710
0.350341
-0.065963
-0.353744
-0.426452
0.888230
-0.906878
0.520144
0.474303
0.993819
-0.304259
-0.428982
-0.093836
0.713150
0.457187
-0.056752
-0.510874
0.454031
0.709054
-0.200098
0.337171
-0.199576
-0.043013
0.049821
0.551452
0.955012
-0.111268
-0.315370
-0.252818
-0.732222
-0.406123
-0.827105
-0.144211
-0.665285
-0.307187
0.587156
-0.508145
0.223789
0.802363
0.133858
-0.612415
-0.310468
0.180738
0.013222
-0.702760
-0.106407
0.086133
-0.465335
0.224891
-0.859680
-0.326786
0.608554
-0.481430
0.210354
-0.179941
-0.367080
0.832263
-0.313477
-0.526648
0.818603
0.491889
0.363599
-0.900930
-0.737590
0.276680
-0.581134
-0.548724
0.558277
-0.428150
-0.127507
0.158032
0.035010
0.361933
0.015418
0.881222
-0.143944
-0.968167
-0.527253
0.001214
0.081144
0.104770
0.429104
-0.450704
0.329807
0.408065
-0.177438
-0.195662
-0.642150
-0.172025
0.573633
0.817946
0.187226
-0.401259
0.364579
0.480292
-0.335574
0.653096
-0.852608
-0.978493
-0.754058
-0.687983
0.757858
-0.150037
-0.450137
-0.141850
-0.210318
-0.397077
-0.724201
0.311831
-0.726791
0.550849
-0.596624
0.462743
0.611172
-0.749348
-0.826508
0.899146
-0.073906
0.260471
-0.953479
-0.442580
0.010795
0.772437
-0.457121
0.550383
0.324426
-0.769458
-0.413250
-0.524272
-0.114945
0.270668
-0.133160
-0.510927
-0.272406
0.448720
0.263337
-0.624279
0.716685
-0.893298
0.190431
0.967641
0.063009
0.601344
0.190362
0.566177
0.311188
0.382264
-0.544378
0.483642
-0.524180
0.961281
-0.544426
-0.526632
0.717346
-0.514028
-0.278194
0.429280
-0.682503
-0.681857
-0.027283
-0.512607
-0.528684
-0.981522
-0.259101
-0.363499
-0.937688
0.242466
0.253310
-0.858399
-0.365917
0.745611
0.164334
-0.176051
-0.069796
-0.583440
0.623763
0.828009
0.821328
-0.552131
-0.378519
-0.678754
-0.385598
-0.334389
0.266211
-0.620707
0.838794
-0.793801
-0.986244
0.709890
0.407540
-0.289280
0.190999
-0.552912
-0.663221
-0.057702
-0.293624
0.230460
0.843843
0.025909
0.247150
-0.285024
-0.447508
0.006354
-0.411354
-0.312708
-0.094498
0.011467
0.968628
-0.553355
-0.024048
-0.700977
-0.300002
0.434621
-0.651076
0.162703
-0.166598
-0.896841
0.866150
-0.172794
0.567853
-0.167373
0.874721
-0.419059
-0.175539
0.517729
-0.312665
-0.271286
0.989646
0.111229
0.378761
0.286924
0.655848
0.723650
0.126512
-0.410888
-0.954400
0.228806
0.650938
-0.098920
-0.670588
-0.423836
0.019978
0.673362
-0.656494
0.224300
0.506737
0.872095
-0.766593
0.852783
0.202935
0.533403
-0.892451
0.012296
0.245259
-0.386332
-0.136700
0.108596
0.105096
-0.916277
-0.121036
-0.572364
-0.755182
0.349854
0.760710
0.948442
-0.113896
-0.310990
0.506619
0.085749
-0.485391
-0.655684
-0.659539
-0.081646
-0.659751
-0.960562
-0.895822
0.859769
-0.854077
-0.853639
-0.097623
-0.509799
0.925388
0.821972
-0.190514
-0.102537
-0.249773
-0.924268
-0.414306
-0.754653
-0.795259
0.121723
-0.802470
-0.794137
-0.038973
-0.115435
-0.724730
-0.991102
-0.614051
-0.528215
0.600497
0.830877
-0.188111
-0.189947
0.424963
0.253844
-0.631720
-0.784622
-0.124776
0.129657
-0.722585
-0.413453
-0.388114
-0.477404
-0.078477
0.306127
0.018780
-0.597087
-0.794122
0.643741
-0.041391
-0.875722
-0.483757
0.608068
0.503453
0.751633
-0.827032
0.268366
0.727650
-0.917694
-0.709455
-0.707220
0.204550
0.842461
-0.124463
-0.312387
0.531681
0.485138
-0.506488
-0.678347
-0.284380
0.551207
0.390127
0.331707
0.658857
-0.445739
-0.320633
-0.915321
0.737492
0.164859
-0.403755
-0.861167
0.446819
0.497475
0.332357
-0.592438
0.826432
0.506316
0.315513
0.301888
0.808715
0.856614
0.191275
-0.166661
-0.272532
0.638158
0.289211
-0.845468
-0.715628
0.800372
0.768996
0.903665
-0.144298
0.568122
0.656450
-0.368606
-0.709325
0.994053
-0.939562
0.194672
0.300425
0.363579
-0.488744
0.443158
-0.567201
0.658077
-0.561767
0.393412
0.566827
-0.622109
0.074797
-0.108800
-0.988300
0.148924
0.495012
-0.650895
0.863312
0.060799
-0.643508
0.291895
-0.616155
-0.872933
0.370630
-0.778610
-0.787565
0.479887
-0.889596
0.619538
0.592297
-0.717213
0.036761
-0.806749
0.265142
-0.874140
0.888962
-0.584539
0.365789
-0.743417
-0.580807
-0.098101
0.146192
0.997727
-0.948148
-0.999371
-0.299266
-0.267687
0.767674
0.825165
0.761050
-0.713642
-0.175790
0.491770
-0.374778
0.326476
-0.525714
-0.353161
0.720859
-0.498982
0.928648
-0.387481
-0.952944
-0.490198
-0.657590
0.013654
-0.774568
0.252098
0.749798
-0.274962
-0.663015
-0.199950
0.571934
0.182975
-0.797714
0.074374
0.964462
0.353477
0.701381
0.504277
0.396485
-0.230872
-0.351320
0.433917
0.433426
0.901177
0.137320
-0.410758
-0.020942
0.227428
-0.146540
0.582266
0.169226
-0.981129
0.139680
0.267208
0.830522
-0.172557
0.148935
-0.050005
0.063313
-0.865392
0.794567
0.820825
0.096119
0.113111
-0.884888
0.195901
-0.141696
0.418087
-0.905750
0.421775
-0.426212
0.303411
0.254252
-0.546317
-0.119095
0.671266
0.211183
-0.862523
-0.114182
-0.376457
0.283291
0.229128
-0.979204
0.215391
0.469699
0.537460
-0.882048
-0.392683
-0.157453
-0.640457
-0.158532
-0.857741
-0.773565
0.337390
-0.474855
0.422812
-0.903783
0.125406
0.072621
-0.170904
0.807724
0.678607
-0.884753
0.232174
0.544535
0.100981
0.966011
0.372095
-0.791714
-0.603404
0.652491
0.993513
-0.803321
-0.799341
0.526774
-0.871291
-0.862880
0.777633
0.600900
0.763126
0.301027
-0.354927
0.812626
-0.402553
-0.448978
0.772801
0.361645
0.791344
-0.688197
0.904594
0.225484
0.336070
0.828121
-0.238494
0.439150
0.280681
0.575505
0.793886
0.360122
-0.864721
-0.633719
0.907956
0.937301
0.934827
-0.926401
-0.235104
0.519345
0.505772
-0.828182
0.218978
-0.714261
-0.013581
-0.520629
-0.893678
-0.839961
0.821786
0.489292
0.863648
-0.060020
-0.173415
-0.283185
0.232614
-0.334267
0.306729
0.098935
-0.807213
0.747983
0.025226
-0.053278
-0.603121
-0.246012
-0.334350
-0.458529
0.134813
-0.075449
0.778395
0.882688
-0.561053
-0.799789
0.570675
0.989723
0.727200
-0.952605
-0.497473
-0.913315
0.641559
0.162814
0.027437
0.108900
-0.495097
0.203277
-0.938666
0.292023
0.468868
0.346053
-0.335765
0.652526
0.431088
-0.743405
-0.609712
0.274217
-0.421168
-0.761134
-0.690062
-0.668766
-0.044418
0.214771
-0.647195
0.424993
-0.437975
-0.376884
-0.553003
0.570412
0.919628
-0.015000
-0.915939
-0.478861
-0.683899
0.685525
-0.830292
0.932952
0.177028
0.035480
0.694701
-0.944905
0.554305
-0.971130
-0.688809
-0.004881
-0.379197
0.388766
-0.518693
0.545592
-0.427046
0.241727
0.598433
-0.228888
-0.906390
0.070891
0.990818
0.937984
-0.557956
0.511393
-0.310096
-0.679455
0.331829
0.001737
0.078461
0.654785
-0.326913
0.334190
-0.267617
-0.914552
-0.243970
0.900069
-0.033475
-0.783539
0.375654
0.926759
0.815890
0.143922
-0.247439
0.161355
0.631862
0.722475
0.637688
-0.089047
-0.762284
0.138347
-0.687142
-0.878083
-0.002664
0.310747
0.708295
0.565671
0.714481
0.520138
0.406479
-0.979725
0.252205
-0.759036
-0.882666
-0.687176
0.646584
0.487699
0.897545
0.957952
0.786568
-0.734148
0.756765
-0.302747
0.458482
-0.867292
-0.767039
0.232524
0.213943
0.944924
-0.250901
-0.869845
0.075075
0.276694
-0.720794
0.105724
-0.604466
0.689460
0.670323
-0.140742
0.933486
0.959548
-0.741498
-0.264572
0.200643
-0.830324
-0.234689
-0.477656
0.904100
-0.176828
0.525342
-0.226589
-0.736376
0.726303
-0.999166
-0.888118
-0.271231
0.373797
-0.316591
-0.867374
-0.364320
-0.510038
-0.989160
0.069604
-0.766708
-0.425007
0.282380
0.450231
-0.473089
-0.341613
-0.506182
0.913777
-0.618961
-0.633639
-0.109929
-0.621387
-0.686583
-0.808241
0.280342
0.224165
0.300326
0.546600
-0.347284
0.836847
0.466409
0.609417
0.441924
0.066776
0.391235
-0.609013
-0.127282
-0.110690
-0.568042
0.130099
-0.708129
0.019498
-0.773137
-0.028915
-0.376802
-0.095507
-0.132501
0.815866
-0.020129
0.636998
-0.548695
-0.295834
-0.849821
-0.158504
0.337400
0.676334
0.131830
0.280145
-0.645466
-0.925588
0.583376
-0.665924
-0.817661
0.875125
0.927043
0.232515
-0.242725
0.666479
-0.590560
-0.141215
-0.285965
0.825400
0.839555
0.301772
-0.778520
-0.035614
-0.509343
0.769831
-0.723194
-0.891379
0.408858
-0.093428
0.676730
-0.850741
0.602152
-0.925331
-0.943860
-0.077368
-0.557417
0.187437
-0.948366
-0.929221
0.454297
-0.579670
0.312834
0.499844
-0.881338
-0.431868
0.275847
0.909410
0.454101
-0.010303
0.377617
0.545076
0.838539
0.526432
-0.133619
-0.452787
-0.000237
-0.343644
0.885529
0.015932
-0.055887
-0.303608
0.278814
0.040103
-0.741902
0.738416
-0.281974
-0.134843
-0.588666
0.106796
0.404110
0.762331
-0.896785
0.946664
0.407635
-0.431403
-0.591051
-0.407824
0.751451
-0.417220
-0.074358
0.411476
0.743980
0.317142
0.506218
-0.653346
0.754816
-0.448562
-0.743244
0.952489
-0.596720
-0.726696
0.252042
-0.362274
-0.733302
0.202242
0.517970
0.586397
-0.688975
0.113734
0.627357
-0.677826
-0.584635
-0.995177
0.049268
-0.610637
0.448485
0.924428
-0.582489
0.983540
0.136875
-0.769945
-0.909139
0.580629
-0.152743
-0.506374
-0.304656
0.514746
-0.069505
0.736999
0.469851
0.948028
0.777008
-0.490906
0.318118
-0.958914
0.982213
-0.477988
0.329590
0.698307
-0.679071
0.695759
-0.975509
-0.116046
-0.055925
-0.251819
0.172769
0.829685
-0.346022
0.158520
0.754925
0.545991
-0.918533
0.885582
-0.906706
0.177517
0.150707
0.572780
-0.703114
-0.641259
0.504214
-0.700990
-0.061110
0.463296
0.302484
-0.578792
-0.392079
0.937950
-0.102659
-0.911085
-0.560830
-0.315130
0.998979
-0.394617
-0.947208
0.025843
-0.832789
-0.451865
0.984766
0.409277
-0.898667
-0.102627
-0.656725
-0.965150
-0.771209
-0.456609
-0.680274
0.464318
-0.788790
0.731988
-0.557771
-0.782819
-0.979787
0.430410
-0.486767
0.018997
-0.776768
0.970592
-0.749231
-0.176148
0.703299
-0.510226
-0.466056
0.616999
-0.453321
-0.994257
-0.144173
-0.974930
0.819585
0.283626
0.166029
-0.596821
0.399892
0.354509
-0.879073
0.761693
0.158827
0.584934
-0.474172
-0.755904
0.404899
0.587765
-0.227933
-0.952615
0.636508
-0.587812
-0.321936
0.256462
-0.800091
-0.856008
-0.948592
0.833280
-0.377235
0.321318
0.978471
0.338902
0.050190
0.041840
-0.246166
0.199559
0.917583
0.576088
-0.151547
-0.335110
0.767063
-0.728428
0.699171
0.503814
0.155891
0.612335
0.085376
0.708168
0.592134
-0.803431
0.954013
-0.970505
0.193676
0.585023
-0.336212
0.197140
-0.275755
-0.878770
-0.983077
-0.810276
-0.803181
0.221780
0.051730
-0.089073
0.383843
-0.966348
-0.458033
0.554785
0.819954
-0.123327
-0.837032
0.597457
0.770341
-0.172679
-0.513290
-0.912057
0.182166
0.819739
0.355776
-0.365503
0.285777
0.664137
-0.048340
0.639497
-0.216181
-0.302989
0.165977
-0.070627
0.954224
0.032779
-0.229656
-0.210133
0.095880
-0.290176
0.445813
-0.238674
-0.231711
0.233947
-0.878306
0.310710
0.009944
-0.093948
0.438506
0.516512
0.692522
-0.250394
-0.345925
-0.533257
-0.343844
-0.569957
-0.775310
-0.565143
0.811514
-0.829557
-0.350487
0.056900
-0.290975
0.035214
-0.913160
0.297139
0.126958
0.361933
0.134516
-0.124193
-0.299717
-0.547130
0.000135
-0.947895
-0.343518
0.355745
-0.782566
-0.874218
0.304357
-0.204451
0.603650
0.874623
0.914081
-0.148814
-0.471346
0.217227
0.256386
0.244690
-0.356443
-0.872497
-0.579990
-0.691161
-0.752199
0.852567
-0.972305
0.203715
0.894948
-0.279894
0.054196
0.391567
-0.365661
-0.044696
0.634206
0.490711
0.616899
0.974680
-0.259345
0.494183
0.205569
0.333210
0.479748
0.499463
0.771490
-0.301357
0.306963
-0.439419
0.189137
-0.366290
0.258396
0.195492
-0.890913
-0.989636
-0.884472
-0.744116
-0.484695
0.813910
0.037265
0.593783
0.676624
0.469886
-0.217230
0.727719
0.484100
0.486303
0.803149
0.197327
0.057149
0.780325
-0.091077
0.623141
-0.892307
-0.997420
0.056585
-0.852776
0.953086
-0.988998
0.436299
-0.513231
0.935104
-0.236917
-0.945433
-0.946128
0.106747
0.973424
0.959547
-0.325454
-0.034593
-0.799088
0.044354
0.199403
-0.497877
0.224229
0.799385
-0.998089
-0.542132
-0.580161
-0.752228
-0.667798
0.251825
-0.794611
0.477063
0.774045
0.853175
0.320352
-0.605207
-0.829407
-0.535950
0.923914
0.924690
-0.236162
-0.348417
0.358227
0.062698
0.613066
0.792760
-0.234579
0.380051
-0.540225
0.303710
-0.201689
-0.986437
0.911056
0.736883
-0.418327
0.995515
-0.365745
-0.082312
0.702518
-0.390807
-0.098919
0.331174
-0.739065
-0.155299
-0.381180
0.353549
-0.728061
-0.534537
0.422752
-0.687551
-0.155961
0.425761
0.530937
-0.810238
0.703991
0.447945
-0.321411
0.527606
0.456598
0.201782
0.116962
0.469407
0.998520
0.157104
0.617436
0.488547
0.711617
0.909050
-0.613834
-0.669081
0.172704
-0.101410
0.141445
0.596085
0.863429
-0.165168
0.435865
-0.606402
0.069104
-0.956390
0.007501
0.090673
0.470891
0.298970
-0.283207
-0.988538
0.138084
-0.420217
0.407175
0.640129
-0.069119
0.974395
0.758194
-0.606091
0.573512
0.201902
0.069623
0.027877
0.706822
0.221746
0.075412
-0.902280
-0.103394
0.816083
0.423473
-0.898092
0.767985
0.653334
0.093368
-0.955189
0.124859
-0.890822
-0.359242
0.257819
0.825826
-0.284409
0.720048
0.836722
-0.957912
-0.521144
0.419725
0.513686
-0.215166
0.313509
0.224317
0.479550
0.437317
-0.828258
-0.683500
-0.734546
0.864960
0.827085
0.594825
-0.766563
0.148543
-0.625539
-0.263232
-0.465817
0.657862
-0.711097
0.292358
0.967789
0.374109
-0.841533
0.815699
0.286159
-0.087378
0.319385
0.758089
-0.045746
0.827662
0.850898
-0.403568
0.680683
0.072471
0.645584
0.096730
-0.708214
-0.841561
0.914438
-0.148395
-0.298959
-0.287394
-0.242131
0.889994
-0.874591
-0.761877
0.579303
0.098819
-0.742926
-0.931080
-0.551531
-0.478379
-0.971574
-0.567819
0.476638
0.710867
0.796472
-0.220172
-0.361173
0.999722
0.538681
0.074704
-0.490457
-0.357389
0.030729
0.084166
-0.972643
0.918800
0.151212
0.178316
-0.577058
0.529974
0.474529
-0.809684
0.189989
0.316388
0.671136
-0.587818
0.755270
-0.077038
-0.806953
-0.788758
-0.604391
-0.434499
-0.007188
0.497502
-0.626548
0.985304
-0.676956
0.198756
0.857881
0.665015
0.295778
-0.335511
0.004556
0.323519
-0.951899
0.003082
0.464791
-0.623549
-0.112419
0.065060
0.471131
0.928907
0.696551
0.243037
0.167281
0.206373
0.090357
-0.881274
0.396593
0.432674
0.024961
0.740775
0.344874
-0.274671
-0.960611
-0.881677
-0.296403
-0.075789
-0.666258
-0.621343
-0.539577
0.561027
0.542576
-0.234122
-0.655271
-0.778183
-0.825741
-0.217441
-0.908915
-0.332730
0.923066
0.015009
0.645289
-0.741468
-0.463842
0.893093
-0.232896
0.296812
0.952254
0.101576
-0.389308
0.063897
-0.890726
-0.775260
-0.985658
0.768420
0.342561
-0.403340
-0.557677
0.366153
0.839064
-0.401722
-0.356882
0.708481
0.786752
-0.165328
-0.889548
0.895397
0.803792
-0.902133
0.676623
0.017748
0.403926
0.773862
0.153949
-0.767346
-0.994843
-0.006157
0.898464
0.145244
-0.254122
-0.938156
0.829959
-0.345687
0.409555
0.388474
-0.492234
-0.872445
-0.229999
-0.365738
0.400513
0.639565
-0.555109
0.056462
-0.918783
-0.571488
0.523523
0.586797
0.552809
-0.715224
0.102069
-0.154583
0.982973
0.308140
0.870404
-0.709299
-0.098253
0.543215
-0.264285
0.265017
0.023404
0.983859
-0.652255
0.870697
-0.196858
-0.064014
0.057204
-0.469267
0.927315
0.822974
0.945810
0.993839
0.339600
-0.096629
0.701468
-0.952390
0.668808
-0.005428
0.346440
0.805636
0.697465
-0.151026
0.818000
-0.759122
-0.944027
-0.304266
0.130871
-0.297115
0.884135
-0.490580
-0.437573
0.269655
-0.992272
0.455114
-0.245061
0.955496
0.382835
-0.895570
-0.814744
-0.823664
0.905245
0.368103
-0.144788
-0.599035
0.747279
-0.596888
0.413358
0.526649
-0.410688
0.009829
-0.554021
-0.242141
0.930269
0.386276
0.693228
0.081199
-0.521921
0.425760
0.001136
-0.646302
-0.175140
0.269680
0.470664
-0.513558
0.751995
-0.240898
-0.457727
-0.609760
0.608343
-0.291671
-0.033202
-0.554360
0.372182
0.562067
-0.321149
0.890159
-0.938779
-0.734114
0.177574
0.402814
-0.498634
0.108142
-0.363228
-0.453270
-0.941181
-0.341176
0.416960
-0.880398
-0.280575
-0.403931
-0.561309
0.412262
0.318194
0.070988
0.821549
-0.793722
-0.700622
-0.233101
0.311764
0.168159
-0.851915
0.916850
-0.389870
-0.282055
0.247260
0.890331
0.325376
0.909547
-0.624818
0.237620
0.657758
0.018049
-0.275653
0.969517
-0.718025
-0.178141
0.746747
0.800961
0.960764
0.769695
-0.898086
0.859533
-0.143666
0.303238
-0.211448
0.627336
0.151839
0.691089
-0.612457
-0.630034
-0.119246
-0.990497
0.385706
-0.407893
0.114599
-0.859993
-0.658711
0.245718
-0.388675
-0.570556
-0.542307
-0.570361
0.245702
-0.664618
-0.274587
0.375774
0.027342
0.680169
0.175807
0.931856
0.439424
0.353751
-0.277156
-0.995483
-0.518115
0.527841
0.419742
-0.337956
0.251166
-0.609425
-0.472745
0.894816
-0.173639
-0.510025
-0.025784
-0.225968
0.459058
0.924232
0.183475
0.182294
-0.270332
0.129262
-0.361342
-0.997816
0.732192
-0.141112
-0.015823
-0.832998
0.674221
-0.659326
-0.178758
0.680531
-0.084434
0.862305
-0.581371
0.430466
0.955997
0.099227
0.384368
-0.213547
0.502675
0.817748
0.406111
0.871857
0.177305
0.154275
-0.390745
0.419255
0.763905
0.292632
-0.533922
0.088218
0.511875
0.878727
-0.686808
-0.745006
-0.174113
-0.748778
0.960858
-0.151391
0.067221
0.107638
-0.911618
0.539584
-0.353073
-0.434808
-0.481416
-0.433241
-0.323970
0.209649
0.167131
-0.488577
-0.587151
0.652716
-0.814553
0.025646
0.041122
0.148274
0.771300
0.247828
0.947268
0.742706
-0.570520
-0.517633
-0.310452
-0.216971
0.105990
-0.534975
-0.555310
-0.237220
0.344046
0.376251
0.952233
-0.595169
-0.214282
0.929355
0.380017
0.184557
0.079292
-0.848979
0.786748
0.251010
0.143335
0.079001
-0.216172
-0.490671
0.510644
0.019135
-0.932121
-0.201811
0.857207
-0.252211
-0.173534
0.247922
0.603350
0.336922
0.700109
-0.772059
0.849185
0.807844
0.038297
0.249484
-0.574374
-0.104105
-0.594593
0.331836
0.929083
0.868223
-0.610783
0.462425
-0.301390
-0.024965
-0.686069
0.949559
0.452275
-0.466183
-0.257057
-0.155034
0.495067
0.851395
-0.357120
-0.055000
0.186415
-0.213312
0.008363
-0.788585
-0.664651
-0.197797
0.829878
-0.301284
-0.500414
0.485724
0.898260
-0.081753
-0.982790
0.376299
-0.169878
0.347291
-0.444567
-0.995184
-0.311008
0.409585
-0.213773
-0.561652
-0.071986
0.504697
-0.761134
0.383504
0.334688
-0.258524
0.940672
0.789411
-0.367677
-0.937818
-0.383390
-0.590556
0.094504
0.837489
0.740675
-0.388342
-0.142805
-0.926916
0.088327
-0.873264
0.877212
0.733868
-0.571625
0.398737
0.136041
-0.104580
0.402802
-0.878275
0.080161
0.094656
0.513505
0.965290
0.591510
0.007577
-0.661094
0.176522
0.668598
0.864828
0.650621
-0.622063
0.425152
0.760310
0.362034
0.371504
0.000325
0.273952
-0.411239
-0.822380
0.655430
0.886289
0.713645
-0.332173
-0.812940
-0.439723
0.685671
0.311629
0.933388
-0.314638
0.102944
0.580076
-0.532016
0.928180
0.184795
-0.984205
-0.949693
0.764432
0.290563
0.526145
0.568032
-0.159080
0.597223
0.875065
-0.655658
0.528273
-0.384416
-0.357014
-0.174490
0.727439
-0.955888
-0.132148
0.360095
-0.779169
0.584507
0.883805
-0.818130
-0.694104
0.948194
-0.604289
-0.842121
0.234998
-0.268634
0.935272
-0.169182
-0.727625
0.668000
0.641733
0.389719
0.497624
-0.470570
0.284107
-0.923960
-0.606220
0.864559
0.478471
-0.538655
-0.777234
0.897839
-0.775625
-0.485860
-0.634732
-0.985072
-0.371730
0.948358
-0.316193
0.008610
0.491872
0.102160
0.487183
0.323272
0.217126
0.299298
0.598329
0.420383
0.583550
-0.708805
0.355347
0.474044
-0.400067
0.749155
-0.390577
-0.512336
0.734194
-0.505960
-0.168995
-0.264154
0.796124
-0.089529
0.388618
0.588078
0.255807
0.887389
0.605015
-0.199587
0.901624
0.049150
-0.954845
-0.479973
0.243459
-0.686370
0.168136
-0.276804
0.068771
-0.996250
-0.079461
0.289727
-0.355356
0.897545
0.959345
-0.760653
-0.312360
-0.584056
-0.626421
-0.018040
0.127654
-0.148696
-0.454890
-0.442757
0.984256
0.847355
-0.848202
0.313101
-0.086245
0.377628
0.193921
0.778505
-0.866023
-0.300804
0.970988
-0.635429
-0.745333
0.457944
0.554870
0.344547
0.552392
0.387443
-0.728459
0.216444
0.553753
0.731033
-0.507529
-0.745138
0.562181
-0.486903
-0.936141
0.650427
0.011982
-0.346734
-0.977142
-0.929345
0.585247
-0.020588
-0.700556
-0.282989
-0.669390
-0.774237
-0.447384
0.099017
-0.579987
-0.312658
-0.044138
-0.159941
-0.742744
-0.922269
-0.929083
-0.299642
0.437604
-0.737489
-0.103276
0.596161
0.732726
-0.525329
0.191924
-0.685796
0.916554
-0.495591
0.453270
-0.537774
0.232108
0.318529
-0.343144
0.637668
0.770742
0.710140
-0.338404
0.488681
0.118982
0.185257
-0.045150
0.200522
-0.728692
-0.182306
-0.644656
-0.439789
-0.744371
-0.575009
0.563859
0.099673
-0.952714
0.577049
0.818937
0.760859
0.646034
0.984433
0.172804
0.925175
0.897688
-0.373523
0.726867
0.584945
0.551598
0.792562
-0.231620
-0.199890
0.280105
0.475609
0.759474
0.751691
0.442679
0.913786
-0.642743
0.900680
-0.871617
0.111244
-0.819606
0.136002
-0.219781
-0.836781
0.296234
0.462396
-0.651629
0.388873
0.895287
-0.522155
-0.186359
0.627051
-0.114227
-0.530749
-0.262929
0.001442
0.241289
-0.188787
-0.137391
-0.472113
0.070695
-0.561088
0.735052
0.494734
-0.179442
0.494456
-0.986008
-0.311022
-0.119398
-0.060403
0.497463
0.925615
-0.240006
-0.298800
0.221030
-0.437493
-0.717299
0.923082
0.619060
0.916999
-0.564334
-0.964382
-0.125477
0.867218
-0.723349
-0.765629
-0.862094
0.530036
0.571853
0.390752
-0.893416
0.446577
-0.102742
-0.684211
-0.409748
0.002294
-0.340697
0.939498
-0.050517
-0.255699
0.346331
0.301090
-0.995121
0.236947
-0.512462
-0.249533
0.412698
0.114772
-0.262690
-0.665179
0.010964
-0.361268
-0.203453
0.775024
-0.075132
-0.422294
0.801290
0.121342
-0.279031
-0.911186
-0.778134
-0.721379
-0.270327
0.214666
-0.384820
-0.868945
-0.470383
-0.182637
0.984540
-0.214026
-0.821609
0.162230
0.839280
0.573391
0.672437
0.856464
0.273087
0.989845
-0.933437
0.669679
0.714021
0.833401
-0.043661
0.575512
-0.609839
0.206260
-0.282710
0.192347
0.351121
-0.305863
-0.567523
-0.356624
0.327914
0.353748
0.482634
-0.746927
0.637035
0.376296
-0.938990
-0.328804
-0.066577
-0.278765
-0.765166
-0.585307
-0.950877
-0.813846
-0.467400
0.639941
0.053275
-0.151004
0.324326
0.083021
-0.736972
-0.554753
-0.554955
0.199905
-0.349262
0.731659
0.357291
0.156617
-0.017541
-0.205459
0.224385
-0.750786
-0.674934
-0.393767
-0.657631
0.354197
-0.950463
-0.679645
0.805216
0.995086
-0.024819
-0.009260
0.546798
-0.927621
-0.145957
-0.800344
-0.198147
0.967644
0.507267
0.970092
0.492097
0.216220
0.508442
0.318183
-0.071868
-0.414907
0.040356
-0.483013
-0.026647
-0.707729
0.130790
-0.509433
-0.412784
-0.001944
-0.674948
0.924760
-0.106111
-0.295442
-0.941607
0.686509
0.251668
-0.167190
-0.508934
0.490275
0.890949
-0.238381
-0.730248
-0.781610
-0.987276
0.487911
0.962791
0.985636
0.568394
-0.675632
0.955419
-0.344373
-0.332761
0.374674
-0.190988
-0.840939
-0.189519
0.732383
0.406812
-0.835089
-0.680186
-0.215383
-0.797250
0.868082
0.304584
-0.810354
0.576115
-0.263188
-0.510259
0.139970
-0.973256
-0.069205
0.687610
0.856115
-0.314891
0.284873
-0.546353
0.120426
-0.491945
0.142713
-0.656556
0.882465
0.773835
-0.326164
0.553326
-0.808992
0.480722
-0.435082
-0.728716
0.356382
-0.060386
0.060279
0.041060
-0.881104
-0.897240
0.202335
0.247729
-0.905651
-0.243121
0.225703
0.313361
0.656552
-0.158535
0.096516
0.157121
-0.375909
-0.892349
-0.991548
0.672251
-0.599536
0.260509
0.154095
-0.200734
0.666987
0.396803
-0.954517
0.553388
0.013998
-0.196694
0.473651
0.055456
0.951702
-0.889755
-0.931429
0.137222
-0.593442
0.208608
0.562846
-0.723780
-0.118784
0.377334
0.667727
-0.007312
-0.587693
0.171599
-0.090966
0.543851
0.111152
-0.441154
0.508786
0.035494
-0.644907
0.126145
0.896640
0.411033
-0.402393
0.421746
-0.434787
0.085378
0.053192
-0.505218
-0.304238
0.884363
-0.498803
0.602054
0.334741
0.065258
-0.724970
-0.590859
-0.642045
0.173589
0.946766
0.754479
-0.949496
-0.452547
-0.685485
0.951356
-0.528780
-0.597374
0.241751
0.112373
-0.548297
0.340730
-0.805986
-0.961262
-0.835170
-0.270264
0.950033
0.094494
0.509452
-0.357008
0.438678
0.195550
-0.449925
0.348943
0.397124
0.050153
-0.704519
0.838372
-0.769910
0.258344
-0.793823
-0.707799
-0.958923
-0.273272
0.279165
0.043088
0.349078
0.350038
-0.719653
-0.885325
0.250716
0.306449
0.113407
-0.508475
0.621530
-0.848628
0.264624
-0.759177
0.308895
-0.164548
0.436206
-0.895616
0.110166
-0.710244
0.364763
-0.760089
-0.852833
0.426246
-0.872936
-0.550938
0.649470
0.619377
0.708252
-0.347800
0.056096
0.546695
-0.726029
0.448782
-0.805027
0.826501
0.274620
-0.013389
-0.030541
-0.637276
-0.308165
0.454247
0.081887
0.058612
-0.609508
0.380725
-0.215932
-0.634493
0.887569
0.013597
0.056073
0.855793
0.068745
-0.195845
-0.781465
0.181268
0.401092
-0.192007
-0.187941
0.146623
-0.944432
0.915732
-0.420189
-0.718218
-0.989023
0.713783
0.726415
-0.809387
-0.695517
-0.104196
-0.628592
0.471642
-0.883920
0.099419
-0.234417
-0.070107
-0.150486
-0.693682
-0.559437
-0.870385
-0.769429
0.955790
-0.440426
-0.385949
-0.745787
0.510328
0.848286
0.579501
0.225232
0.626466
-0.191540
0.718995
0.597038
-0.996551
-0.024412
-0.470767
-0.827534
0.692392
-0.984101
0.460327
0.976384
-0.035960
-0.257519
0.211666
0.609396
-0.519496
-0.498597
0.214356
0.879760
-0.403120
-0.246491
0.986667
-0.647556
-0.846064
0.179510
-0.902847
0.215084
0.376849
0.462675
-0.551313
0.737000
0.380576
-0.886700
-0.118467
0.535513
-0.378212
-0.236882
0.259208
-0.889038
0.933870
-0.651038
-0.946656
-0.989354
-0.200891
0.768507
0.639524
0.824092
0.067565
-0.102508
-0.228278
-0.907164
0.819043
-0.007648
-0.089865
0.030335
0.588309
-0.551058
0.419801
0.421539
0.699106
-0.982633
-0.659209
-0.057906
0.701081
0.930234
0.189737
-0.575732
-0.630831
0.278888
-0.579862
0.106175
0.669624
-0.220361
-0.243056
-0.927719
-0.491831
0.396383
-0.279218
-0.683402
-0.788465
-0.809893
0.318267
0.225243
0.037042
0.000653
-0.693726
0.001208
-0.880124
0.851717
0.588398
0.017086
-0.849601
0.361504
-0.001296
-0.590160
0.755405
-0.417240
-0.430887
-0.454453
0.534912
0.412237
0.806291
-0.541322
0.572729
0.146091
-0.382641
-0.929092
0.637895
-0.517857
0.263486
0.097736
-0.991101
0.988687
0.628659
-0.027057
0.360683
-0.046812
0.489173
-0.731343
-0.107298
-0.328926
-0.080690
-0.099055
-0.713812
0.952977
-0.969016
-0.979854
-0.253117
0.240753
-0.640694
0.066388
0.445544
-0.811879
0.968845
-0.326599
0.284831
-0.778560
0.418973
0.680913
-0.789430
-0.748274
-0.437905
-0.976128
0.972103
0.196768
0.215179
0.917924
0.664059
0.628486
-0.320995
-0.330273
-0.416524
-0.306608
-0.972346
-0.223835
0.472128
0.943455
0.767308
-0.031851
0.625635
-0.859339
0.144545
0.848597
-0.207230
0.920201
-0.558630
-0.788732
0.049525
0.814494
-0.377442
0.600321
-0.661605
0.491141
0.114054
-0.649966
0.436175
0.427512
0.030870
-0.549065
-0.735412
0.914510
0.311625
0.618483
0.393941
0.658947
-0.675018
-0.006100
0.334250
-0.793220
-0.700086
0.267965
0.737412
0.320832
-0.927590
0.940866
-0.720986
-0.534876
0.949935
0.542066
0.873153
0.613239
0.303469
-0.430894
-0.346237
0.894542
0.721251
-0.281019
-0.253465
-0.404611
-0.347740
0.721335
-0.978986
-0.127895
0.885679
0.085273
-0.099108
-0.375260
-0.910772
-0.822376
0.159636
-0.303564
-0.513786
-0.561387
0.897163
-0.762367
-0.390371
-0.057045
-0.999101
0.841906
-0.801803
0.364941
0.257731
0.618128
0.302775
0.538775
-0.157503
-0.022591
0.403324
0.136853
0.023077
-0.588883
-0.483783
-0.283006
-0.981431
-0.165273
-0.994463
0.130031
0.408058
0.124297
0.387040
-0.999974
-0.881116
0.396925
0.605800
0.435403
0.326024
0.414765
0.479180
0.448755
0.476017
-0.851961
-0.873457
-0.277760
0.055193
0.525238
-0.330584
-0.449766
0.562897
-0.501326
0.641683
-0.645733
-0.281053
-0.197849
-0.400979
-0.993286
-0.528982
-0.324693
-0.372750
0.571111
-0.905264
-0.222103
0.144891
0.998108
0.424654
0.697181
-0.307224
0.017829
0.948538
-0.165223
0.614581
0.051978
-0.552076
0.160837
-0.563876
-0.993946
-0.528208
-0.613712
-0.258158
0.777194
-0.224294
0.690375
0.111226
-0.984771
-0.622527
0.862556
0.208347
0.859094
-0.379760
0.433125
0.544050
0.951399
-0.963647
0.904474
-0.216820
0.675985
0.089426
0.129299
-0.281244
0.656945
-0.471973
-0.015517
0.120349
0.485042
-0.056729
0.360566
-0.029412
0.318641
0.348287
0.418883
0.646600
0.081445
-0.613444
0.359282
-0.845764
-0.562090
0.584315
-0.129860
-0.003912
0.974794
-0.529655
-0.960895
-0.777255
-0.510996
0.451840
0.551644
-0.391994
-0.237929
0.978678
0.237592
0.089560
-0.928164
0.695686
-0.832389
-0.906055
-0.450284
-0.048423
0.790578
0.580158
-0.604736
-0.255841
0.560481
0.054185
-0.651016
-0.207890
0.251872
0.946451
0.323624
-0.967610
0.410017
-0.498270
0.724318
-0.232220
-0.600770
-0.064106
-0.489604
-0.528357
0.146524
0.534693
0.669909
-0.204660
-0.866392
-0.032050
-0.132437
-0.606042
0.792290
0.948296
-0.896506
0.591493
0.291433
-0.477127
0.270312
-0.742714
-0.861187
0.986978
0.272740
-0.493555
-0.099932
0.900176
-0.122550
0.800889
0.737618
-0.311687
0.392018
0.320997
0.542424
-0.268142
-0.895527
-0.657921
0.233107
-0.350638
0.868852
0.137868
0.029020
-0.153388
-0.198658
0.635933
0.355002
0.547380
-0.157832
-0.477126
-0.826270
0.553312
-0.169447
0.018447
-0.061314
-0.137724
0.367799
0.217468
0.944108
-0.722192
0.147039
-0.873520
0.615837
0.232623
-0.143242
0.604471
-0.089995
-0.544428
-0.054998
-0.858336
0.795722
0.461917
0.520632
0.748987
0.583145
-0.136295
-0.762727
-0.253270
0.868169
0.898181
0.535742
-0.591139
-0.611100
0.759543
-0.716168
0.168275
-0.243497
-0.395978
0.354764
0.919138
0.555267
-0.027675
-0.118577
0.815328
0.156214
-0.006722
0.365672
-0.525692
-0.872529
0.710223
0.214523
-0.670246
-0.403904
-0.060400
0.209704
0.756694
0.694228
0.528556
-0.184612
-0.715501
0.339299
-0.637423
0.122629
0.961356
0.100620
0.291114
0.355151
0.660777
-0.130039
-0.004980
-0.648056
0.229360
-0.408484
0.015249
0.533114
-0.964860
0.127831
-0.653110
-0.441233
-0.930573
-0.661074
0.973259
0.997046
0.439696
0.223714
0.554014
0.793109
0.038610
-0.929432
0.418792
0.969205
-0.483894
-0.073069
-0.277451
-0.219065
0.442800
-0.243191
0.882168
0.579317
-0.944706
0.637098
0.545715
0.032987
-0.006365
0.671054
-0.150429
-0.681075
-0.374202
-0.469595
0.362118
-0.642253
0.289545
-0.068066
0.679322
-0.030003
0.859608
0.800938
-0.435802
0.298017
0.381203
0.052776
0.222395
-0.133158
0.520774
-0.915803
-0.374217
0.368860
-0.340710
-0.842929
-0.309973
0.422990
-0.756030
0.449263
0.550911
0.270601
-0.511532
0.610591
-0.571115
0.811642
0.413291
-0.890560
0.598574
0.012867
-0.094702
-0.158978
0.213260
0.449157
0.791953
-0.454110
0.261553
0.372685
0.349594
-0.013999
-0.217955
0.524758
-0.399980
-0.583894
0.091658
-0.464778
-0.933534
-0.896848
0.390021
0.946292
-0.090623
-0.705878
0.636166
-0.477128
0.991253
0.126528
-0.534735
-0.007990
-0.329237
0.558944
-0.788368
0.714005
0.534674
0.722728
0.789988
-0.540444
0.042012
0.699844
-0.272891
0.513435
0.846009
0.940784
0.895348
0.110115
-0.016240
0.975281
-0.563642
-0.624940
0.926365
0.378390
0.072608
-0.735900
0.026480
0.888442
0.205783
-0.190743
0.102206
0.772290
0.825697
-0.199824
0.216122
-0.441595
-0.097829
-0.560235
0.062945
0.156480
-0.324327
-0.455763
-0.697949
-0.720913
0.422922
-0.556724
-0.764046
0.997743
-0.480167
0.792097
0.218372
0.430140
0.121838
-0.638378
0.694103
0.655946
-0.300629
0.527701
0.086081
0.818098
0.605649
-0.918008
0.758552
0.937133
0.484312
-0.760173
0.614752
0.294978
-0.322347
0.768061
0.131133
0.705856
0.340227
-0.422968
0.950037
0.142011
0.314611
0.372938
-0.613021
0.417261
-0.377338
0.997348
0.463535
0.180823
0.734236
0.178623
0.105500
-0.525369
0.356224
-0.250711
-0.913835
0.632124
-0.896254
0.344600
-0.686558
-0.134861
0.718183
-0.811161
0.334301
0.225237
0.735059
-0.654530
0.599575
-0.099758
-0.142712
-0.276431
-0.228852
0.039919
-0.786400
-0.149868
0.303962
-0.003615
-0.668341
-0.273897
-0.114077
0.337750
0.801533
0.100751
0.352736
-0.845621
0.908934
-0.369583
-0.291416
-0.554314
-0.830660
0.580094
-0.519020
-0.434625
-0.636407
0.949771
0.562070
0.859799
0.723447
0.812594
-0.041932
-0.658917
-0.346239
-0.415097
0.434268
-0.948655
0.623850
-0.742876
0.232373
0.547679
-0.375190
-0.840569
-0.688108
-0.816883
0.774424
-0.246597
0.046697
0.537376
-0.257003
0.298205
-0.846640
-0.038189
-0.806962
-0.503432
-0.413318
0.435168
0.348208
0.494160
-0.876490
0.987828
-0.891160
0.651496
0.480538
0.183524
-0.122286
0.514265
0.479716
-0.725643
0.585265
-0.842886
0.001092
0.290164
0.643378
-0.073780
-0.526284
-0.018681
-0.499584
0.057451
-0.074984
0.561009
-0.519820
-0.600030
-0.051629
-0.898991
-0.541319
-0.292590
-0.024741
-0.461127
0.121273
0.756829
0.087455
-0.426321
-0.876038
-0.726667
0.122435
0.367418
-0.900664
-0.628900
-0.361837
-0.360454
-0.510991
-0.043743
0.015365
-0.564849
0.225611
-0.637588
-0.347578
-0.608581
0.393327
0.033145
0.472202
-0.885504
-0.149276
0.933917
-0.892761
-0.163243
-0.919204
-0.706693
-0.074947
-0.684973
0.037511
0.845463
-0.599185
-0.785627
0.650553
-0.079460
0.765222
-0.387753
0.255064
0.846627
-0.656608
0.601457
0.263034
0.625893
-0.658613
-0.131827
-0.742326
0.920164
-0.874617
-0.869033
0.796312
-0.398476
0.194040
-0.425049
0.297517
-0.615061
-0.082261
0.066984
-0.332714
-0.496599
-0.719587
0.412289
-0.663435
-0.415747
-0.326182
-0.091266
0.405137
-0.144110
0.742187
0.359571
0.676973
0.432708
-0.702736
0.955855
0.747391
0.468691
-0.135411
-0.283947
0.631777
0.514121
-0.202000
-0.317256
-0.922224
-0.836586
-0.892163
-0.951169
-0.694255
0.714284
0.596319
0.691148
0.247601
0.248126
-0.752137
0.397931
-0.439947
0.038507
0.909445
0.741231
-0.533613
0.473301
-0.791818
-0.946515
-0.943651
-0.659507
0.389897
-0.273388
-0.968115
0.976045
0.066757
-0.212240
0.037700
0.039942
-0.059527
0.225898
0.771253
-0.396573
-0.026063
-0.992712
0.719629
-0.388192
-0.457406
0.995074
0.168786
-0.753914
-0.468950
-0.293547
0.972120
-0.138757
-0.539732
0.139462
-0.190481
-0.890079
0.721839
-0.968625
0.796967
0.583717
-0.848354
0.447222
0.802082
0.341446
-0.166542
-0.452377
-0.238678
-0.047899
0.427645
-0.821317
0.697666
-0.744880
-0.475100
0.987180
-0.619583
-0.797716
0.276811
-0.213742
-0.816329
-0.992515
-0.841677
0.045471
-0.538214
0.555104
0.715017
-0.710334
-0.325960
-0.706852
-0.426615
-0.521591
0.573730
-0.309041
-0.008870
0.347790
0.644513
-0.397582
-0.581559
0.956907
-0.359705
0.342136
0.355682
0.028059
-0.543105
-0.717085
-0.025968
0.021859
0.546733
0.419667
0.824083
0.941721
0.455703
-0.846978
-0.189763
0.217605
0.180390
-0.637112
0.165889
-0.300639
-0.322146
0.668014
-0.156134
0.054792
0.125746
0.125994
-0.573757
0.198907
-0.810712
0.095761
0.185075
-0.384663
-0.906093
-0.895791
-0.092764
0.384948
0.400352
-0.638060
0.715944
-0.245675
0.928736
-0.763681
0.672909
0.816676
0.645351
0.617682
-0.277380
0.426686
0.158693
-0.151042
0.986223
-0.419091
-0.173712
0.805722
-0.421983
-0.694638
-0.380001
0.518623
0.719708
-0.771110
0.243425
0.134574
0.337596
0.342113
0.918935
-0.306942
-0.400466
0.162451
-0.141163
-0.052491
-0.861446
-0.703516
0.870750
-0.863417
0.180291
0.509150
-0.976273
-0.554504
-0.245856
0.013635
-0.316809
0.297999
-0.547205
-0.949034
-0.996858
-0.308976
-0.276674
0.897208
-0.910439
0.060130
0.155627
0.398550
-0.647951
-0.883645
-0.747627
-0.497118
-0.264532
0.784832
-0.521826
-0.360803
-0.553971
0.091484
0.234173
0.064255
0.903713
0.990756
0.674792
0.610592
-0.267894
0.159567
-0.297055
0.568712
-0.656338
-0.566657
-0.922612
0.217879
0.377077
-0.993275
0.021572
-0.246251
0.584762
-0.922219
-0.902869
0.240418
0.183278
0.662180
0.184534
0.898742
-0.371231
-0.204157
0.955349
-0.784952
0.591810
-0.976863
-0.026974
-0.693195
0.197723
0.596340
-0.933915
-0.672455
-0.314779
-0.488402
-0.233560
0.903737
-0.797588
-0.153436
-0.085817
-0.439316
-0.442987
0.429504
0.235688
0.625664
-0.189854
0.213422
0.787176
0.702657
-0.852118
-0.062523
-0.499498
0.772092
0.034257
-0.533263
-0.097459
-0.608011
-0.642541
-0.398687
-0.783397
-0.622705
0.876094
0.333605
0.842205
-0.486306
0.714027
-0.275454
-0.711610
0.609414
-0.880700
-0.190294
0.638629
0.234370
0.036131
-0.292732
-0.849888
0.981944
-0.650453
-0.489383
-0.528168
0.815883
0.527377
-0.085340
0.910846
-0.894433
0.787341
-0.879145
-0.217739
-0.891990
0.997938
0.828779
0.169598
-0.564311
-0.446445
-0.100913
-0.354440
-0.957372
0.312512
0.226856
0.808621
-0.046292
-0.310582
0.023034
-0.610610
0.251081
0.540066
-0.693077
-0.363234
0.735602
0.011063
0.063673
0.444816
0.155786
0.217739
0.290444
0.395806
-0.793292
-0.390156
-0.965304
-0.090717
-0.141140
0.468654
-0.665766
0.262989
-0.386612
-0.236167
0.438574
-0.856904
-0.314434
-0.217354
0.431499
-0.601551
0.894826
0.995524
0.637820
-0.400575
0.327733
-0.833704
0.742559
0.031986
-0.647122
-0.345167
0.601485
0.740454
0.039427
-0.039377
0.501469
0.652379
0.529694
-0.231144
0.283852
0.714720
-0.696479
-0.223727
-0.886762
-0.182245
0.544564
-0.605943
0.083774
-0.926829
0.795300
0.640009
0.048818
0.411574
-0.792168
0.690419
0.430523
-0.760065
0.961379
-0.954939
0.257022
-0.656490
0.438515
-0.859187
-0.837798
-0.067417
0.988019
-0.655563
-0.850791
0.834611
0.805564
0.365945
-0.508042
0.939528
0.530693
0.347789
-0.554177
0.026178
0.645153
0.720520
0.122860
0.045588
0.395368
0.056498
-0.164638
-0.829162
-0.747901
0.520551
-0.950672
-0.895390
0.809287
0.407994
-0.991575
-0.375913
0.526637
-0.164798
-0.062404
-0.082402
-0.595731
0.442783
-0.793987
0.014502
-0.660088
-0.906934
-0.713512
0.738670
-0.647705
-0.443262
-0.723810
0.471090
-0.109102
0.887270
0.328649
0.062778
0.313262
-0.919149
0.901321
0.912859
-0.447720
0.256591
-0.596170
0.094944
0.541578
0.879643
-0.321566
0.387011
0.432854
-0.557702
0.258064
0.310843
0.528152
-0.896186
0.062758
-0.656361
0.243429
0.979085
0.793762
0.849697
-0.573300
0.084639
-0.530338
0.798849
-0.617692
-0.692082
-0.975675
-0.636104
-0.620474
-0.845020
0.735482
0.559996
-0.491037
0.566515
-0.155671
0.551041
-0.353985
0.129308
-0.236779
-0.624648
0.171266
0.501662
0.506214
-0.287421
0.037424
0.527557
-0.891005
-0.856223
-0.247555
-0.553057
-0.250708
-0.812494
0.184016
0.343481
0.583681
0.301046
-0.207237
0.869856
0.452664
0.055362
-0.586299
0.297950
0.183441
0.366660
0.562250
0.830099
0.898113
0.260371
0.931912
0.822845
-0.994771
0.275235
-0.643061
-0.409615
-0.405000
-0.033741
-0.978268
0.761165
-0.569138
-0.999750
-0.484983
-0.024915
0.642556
0.286582
0.838127
-0.088871
-0.218370
-0.537164
-0.563875
0.472220
-0.839282
-0.514573
0.771791
0.153842
-0.906825
0.408510
0.013365
0.709043
0.364868
-0.991107
-0.588522
-0.484073
0.404465
0.018628
0.494895
0.025734
-0.345231
-0.792679
-0.594756
-0.198440
0.102909
0.877275
-0.520560
0.332170
-0.694908
0.427506
-0.977318
0.311840
-0.673565
-0.639351
0.117815
-0.249177
-0.057390
-0.382222
0.906934
-0.418688
0.084095
0.708711
0.328362
-0.354446
0.104873
-0.834018
0.091373
-0.137222
0.515867
0.695806
-0.600767
-0.836928
-0.218886
0.068301
-0.246396
0.114190
-0.046266
-0.448942
0.967691
0.444334
0.556127
0.537422
0.168031
0.879398
0.167643
0.040091
-0.452579
-0.436528
0.473768
-0.330465
0.457421
0.905414
-0.121385
-0.805349
0.333093
-0.980954
0.574007
0.051306
-0.020536
0.138884
0.032817
-0.352445
-0.436982
-0.169405
0.789819
-0.729259
-0.350471
-0.615399
-0.145726
-0.733003
0.521591
-0.793065
0.330524
-0.464579
-0.055620
-0.600024
0.460447
0.896552
-0.556509
0.906306
-0.349452
0.115694
0.403180
-0.601463
-0.110472
-0.864345
0.394108
-0.166768
0.783289
-0.452016
0.847203
-0.717920
0.213933
-0.384384
-0.636437
-0.812126
0.311285
-0.533664
0.145629
0.687650
-0.842101
0.701762
-0.313759
-0.187547
-0.320278
0.822960
-0.738411
0.148549
-0.703784
0.857189
0.595863
-0.532361
-0.404443
-0.236969
-0.189165
0.634686
0.129067
-0.144101
0.438889
-0.084270
-0.743520
-0.785022
-0.348087
0.205740
-0.730317
0.100268
-0.460781
0.390827
-0.943475
-0.061953
-0.895472
-0.338984
-0.968850
-0.061802
0.534032
-0.799560
0.470445
0.168391
0.009211
0.198967
-0.328206
0.420679
0.559332
0.556448
-0.461080
0.307814
-0.703809
-0.009161
-0.994741
-0.612826
0.263468
0.748723
-0.901943
0.117106
0.273550
0.864782
0.310288
-0.793935
-0.706511
0.271528
-0.568761
0.856611
0.841374
-0.951309
0.549881
-0.274981
-0.206683
0.599715
-0.640128
0.300654
-0.372943
-0.791463
0.374992
-0.362672
0.733208
0.838071
0.698104
-0.355296
-0.526835
0.785601
-0.094106
0.415479
0.654328
-0.444627
-0.761805
0.249655
0.180385
-0.459600
0.169413
0.580715
-0.299978
-0.515365
0.450002
0.571744
0.908579
-0.704828
0.778528
0.530198
0.403800
-0.373893
-0.955614
0.015101
-0.428461
-0.420358
0.854277
-0.694062
0.868465
0.007613
0.676559
-0.432825
0.267841
0.113177
0.848332
-0.641403
-0.590860
0.897929
-0.804071
0.269365
-0.878872
-0.846018
0.194297
0.102736
0.146052
-0.052696
0.484719
0.984377
-0.448438
-0.228750
0.408064
0.573309
-0.034618
-0.149159
0.154838
0.170327
-0.149042
0.515326
-0.200557
-0.094003
0.210636
0.973698
-0.478628
-0.536094
-0.646225
0.378888
-0.101811
-0.222787
-0.591819
0.782277
-0.113654
0.215387
-0.774941
-0.784056
-0.865291
-0.265308
-0.054227
-0.510844
-0.300645
-0.987480
-0.297823
-0.761657
-0.743231
-0.990988
0.392761
0.862568
0.243091
-0.807596
0.979299
0.951170
-0.063531
-0.784262
0.441479
0.922936
0.557399
0.248406
0.221664
0.955836
-0.853761
-0.700888
0.661623
-0.709774
-0.233407
-0.437001
-0.513111
-0.948556
0.132503
-0.197521
0.103180
-0.390984
0.882922
0.182694
0.922414
0.125070
-0.751341
0.308031
0.598171
-0.309548
0.029103
-0.767344
0.861377
-0.780924
-0.583246
-0.403043
0.651580
0.401312
-0.985971
-0.632877
0.500302
-0.192331
-0.947573
0.927834
-0.697534
0.020933
-0.503368
0.474939
0.553452
-0.205559
0.316899
0.818147
0.629618
-0.170205
-0.117048
0.773757
-0.931254
-0.954377
-0.588409
0.655243
-0.693574
-0.429441
0.258137
-0.631514
-0.393767
-0.066175
-0.543781
0.984827
-0.673108
0.699874
-0.059800
-0.741753
-0.763028
0.000592
-0.292960
-0.530795
0.917878
-0.073241
0.857622
-0.672001
-0.633068
0.192055
-0.460249
-0.630124
-0.810629
-0.847459
0.506337
-0.435674
0.956838
-0.070197
0.393458
-0.906590
0.794800
-0.277605
-0.669468
-0.549071
-0.322188
-0.603250
0.021158
0.265863
-0.133140
-0.145936
0.563399
-0.397967
0.245538
0.785843
-0.556971
0.239801
0.895944
0.059591
0.953795
-0.379908
0.128588
-0.377928
-0.992561
0.994616
-0.519880
0.946204
0.306066
0.807867
0.934406
0.135658
0.999383
0.534660
0.047629
0.309887
-0.611457
-0.977935
-0.486421
-0.130058
-0.543895
0.028072
0.315888
0.311588
0.787529
0.932638
0.781390
0.240350
-0.588472
0.886902
-0.650279
-0.697145
-0.364861
0.147211
0.362945
-0.973415
0.556045
-0.649961
-0.407030
-0.355827
-0.335108
0.520735
-0.918111
0.318025
-0.137073
-0.503766
0.694208
-0.008639
0.989315
0.586716
0.738422
0.546664
-0.788150
-0.869942
0.830158
-0.723606
-0.217548
0.219822
-0.576203
-0.549430
-0.067517
-0.278210
0.353151
-0.849848
-0.022483
-0.651480
0.213450
-0.767573
-0.604736
0.607778
-0.529666
0.474131
-0.453875
-0.529945
-0.401690
0.761864
-0.205669
-0.512479
0.073279
-0.228717
0.580395
0.980891
0.053149
-0.096502
-0.313929
0.946677
-0.033433
-0.644006
0.938432
0.921764
-0.128550
-0.303628
0.360875
0.657848
-0.002936
-0.338374
-0.397212
-0.346803
-0.763934
0.557241
-0.790080
-0.203371
0.669887
-0.191788
-0.410476
0.896507
-0.746912
0.501146
0.020532
-0.598045
0.700817
-0.319694
-0.794446
-0.167998
0.147924
0.219771
0.671216
0.082814
-0.552579
-0.476667
-0.798319
0.471849
-0.788117
0.211625
0.193895
0.571007
-0.850741
-0.594177
0.819125
0.144474
-0.084620
0.495353
0.805061
-0.473981
0.802951
-0.782611
0.955366
-0.670296
-0.467527
-0.806812
0.607353
0.968464
-0.406047
-0.348776
-0.442040
-0.690344
0.574888
-0.878560
0.935548
0.854631
-0.763122
0.059048
0.985703
0.705239
0.430267
-0.955078
-0.863245
0.588034
-0.247110
0.336864
0.478363
-0.155632
-0.713237
-0.226611
0.742097
-0.337828
-0.874701
0.918263
0.361354
0.081714
0.658215
-0.738662
0.478095
-0.187281
-0.703028
-0.539999
0.589204
0.246538
0.521858
-0.804454
-0.083791
0.594212
-0.468414
-0.661622
-0.236432
-0.333240
-0.629054
0.907890
-0.033803
0.216153
-0.757786
0.220070
0.110645
0.863859
-0.175366
0.564124
-0.391638
0.157881
0.853941
0.250143
0.422317
0.751969
0.850849
-0.583450
-0.608324
0.100952
0.991033
-0.019695
-0.338190
0.074523
-0.871208
-0.645586
-0.702159
-0.944169
0.444425
-0.349051
-0.662927
0.024488
-0.353111
-0.213964
-0.368936
-0.992033
0.376658
-0.778619
-0.561715
-0.619366
-0.337265
-0.679605
-0.306096
-0.513471
-0.877570
0.741126
-0.388838
-0.809436
0.043053
-0.327086
-0.296923
0.902353
-0.209510
0.212265
0.045686
0.752444
-0.261766
-0.131711
0.685589
-0.678085
0.188589
-0.200184
0.971583
0.442768
-0.978887
0.678948
0.406359
0.121922
-0.527743
-0.701367
0.256799
-0.120119
0.723241
-0.475253
0.275040
-0.502314
0.272634
-0.903311
-0.216585
-0.654629
0.211868
-0.366544
0.543065
-0.770811
0.112426
0.187356
-0.955792
-0.928029
-0.383520
0.218151
0.925260
-0.818433
0.406326
0.385432
0.338948
0.032295
0.933652
0.003550
0.676594
-0.474959
0.612617
0.993091
0.820172
-0.391857
0.692315
-0.809486
0.355415
-0.315708
0.317340
-0.175502
-0.981934
-0.537447
-0.915228
-0.222970
-0.310863
-0.218436
0.118141
-0.332962
0.379841
0.295448
0.017725
-0.892054
0.873085
-0.176607
-0.101094
-0.087935
-0.269944
0.349176
-0.972165
0.747017
-0.795122
0.999427
0.256165
-0.867507
0.124874
-0.337384
0.906086
0.510942
0.014029
-0.140445
0.991738
0.334768
0.027859
-0.204112
-0.350834
0.410839
0.175771
0.696370
0.107121
0.164663
-0.045287
0.525242
-0.170016
0.703879
-0.345910
0.385250
0.785942
0.538148
-0.314784
0.412678
-0.586030
-0.883670
0.582763
0.616018
-0.954138
0.895590
-0.108200
0.810544
0.576349
0.801307
0.666751
0.947991
0.258202
-0.545482
-0.220874
0.503758
-0.686061
0.115545
-0.259261
0.043259
0.459608
0.462261
0.506365
-0.217922
0.380991
-0.522577
-0.045143
0.166214
0.372964
0.823992
-0.390463
0.690572
-0.377751
0.103819
0.656200
0.446299
0.725739
0.629762
-0.447305
0.985873
0.873997
-0.139651
-0.905581
-0.393007
0.672305
0.901741
0.663344
-0.206514
-0.886927
0.035166
-0.247235
-0.754055
-0.788293
-0.693926
-0.588353
0.507573
-0.236593
-0.126124
0.196763
0.920267
0.512938
0.291425
0.487664
0.438585
0.380499
-0.007186
0.133694
-0.077017
-0.210083
-0.458464
-0.289574
-0.142941
0.158759
-0.000250
-0.784102
-0.320053
-0.247613
0.413852
-0.334216
-0.984088
-0.831327
0.819235
-0.898209
-0.192037
0.560637
0.487629
0.703246
0.478781
0.894184
-0.003481
0.248580
0.695412
0.403382
-0.795887
-0.266007
0.105182
0.509435
0.087135
0.555098
0.675219
-0.469743
0.232196
0.114221
-0.545366
-0.020244
0.097137
0.634680
-0.078021
-0.838168
-0.025408
0.675902
0.142511
-0.362270
0.841942
-0.688697
-0.346245
-0.125731
0.475956
0.671494
-0.882879
0.584072
0.441057
0.789305
0.800886
0.555051
-0.619595
-0.372257
0.872639
0.196347
0.077521
0.831419
0.748397
0.454992
0.764505
-0.772330
0.515088
0.931280
-0.902046
-0.553909
0.587937
0.040094
-0.826763
-0.464084
-0.351881
-0.357875
-0.098729
-0.639724
0.489479
0.395882
0.064580
-0.686562
0.113730
-0.799733
-0.321256
-0.255284
0.766851
-0.168876
0.196940
0.749558
-0.148481
0.767407
-0.727077
-0.270314
-0.810546
0.121859
0.914564
0.313904
0.252151
-0.443683
0.862213
-0.056930
-0.465996
0.975400
-0.153752
-0.257002
-0.930077
-0.643410
0.618383
-0.034610
0.909749
-0.832228
0.231887
0.439968
0.242366
0.059755
0.156597
0.379099
0.726527
-0.327311
-0.080692
0.271819
-0.371568
-0.642434
0.932338
-0.610542
-0.534534
0.237372
-0.845263
-0.931905
-0.871973
-0.753473
-0.141606
0.658521
-0.316056
-0.144937
0.200502
-0.395711
-0.134924
-0.227377
-0.242609
0.394209
-0.303086
-0.997365
-0.812124
0.542025
-0.831990
0.198845
0.715557
0.482202
-0.173122
-0.582792
0.845075
0.132799
-0.189160
0.884115
-0.569965
-0.115436
-0.782709
-0.750239
-0.202807
0.399321
-0.322212
0.379196
0.610381
0.755156
-0.910561
0.547463
-0.705716
0.396525
-0.256675
0.415587
-0.572352
0.289981
-0.748972
-0.660509
0.228924
-0.326457
0.407556
0.370319
0.243268
0.461081
0.587870
0.822847
-0.838968
0.143098
0.497554
-0.566117
-0.472758
-0.466071
0.144666
-0.267659
0.332189
0.220479
0.314224
-0.495365
0.534743
0.328071
-0.738701
-0.599654
-0.398070
0.872083
-0.347300
-0.960242
-0.280779
0.969281
0.906389
0.557230
0.583367
0.954540
0.200912
0.760040
-0.870345
0.108125
0.005033
-0.924552
-0.826096
-0.956322
-0.411970
-0.892978
-0.153681
0.625493
0.227660
0.347580
-0.936987
0.679053
-0.707619
-0.394698
0.033588
0.859987
0.996298
0.565321
0.458628
0.055365
0.331255
-0.711152
-0.461608
0.969286
0.959230
-0.354055
-0.517903
-0.540964
-0.030271
-0.552467
0.296993
-0.850360
-0.792646
-0.446131
0.554886
-0.353421
-0.058366
0.313244
0.577080
-0.385782
0.461939
-0.427865
0.288932
-0.098240
0.853256
0.964187
0.548246
0.830929
-0.726992
0.308928
-0.603264
-0.446063
0.045646
0.483975
-0.969168
-0.034625
-0.889625
0.653573
-0.772684
-0.566092
-0.080070
-0.609632
0.078440
-0.078603
0.905045
-0.823253
0.153464
0.440799
-0.744746
0.272924
0.728478
0.575111
0.870341
0.441171
-0.212026
0.840903
-0.549286
0.167405
0.531316
0.744562
0.833084
-0.830049
0.452118
-0.591791
0.558239
0.401379
-0.637295
0.665660
-0.076422
0.087712
0.942807
0.313251
0.177126
-0.966474
-0.601570
-0.946869
-0.333375
-0.310983
0.060660
0.379537
-0.641310
0.203309
0.833953
-0.629984
0.318176
-0.908822
0.062295
0.483079
-0.931916
-0.332669
0.755914
-0.549040
0.445749
0.224477
-0.672625
0.483415
0.064162
-0.775948
0.776163
0.687715
-0.171153
0.299507
-0.033529
-0.764077
0.643362
0.203527
-0.883990
0.353737
-0.433798
-0.861470
0.213178
0.464417
0.034569
-0.988703
0.153765
-0.986782
0.852817
-0.465390
0.742013
-0.975781
-0.805567
-0.097183
0.517215
0.885123
0.042190
-0.289079
-0.910891
0.167419
-0.239912
0.818267
-0.039882
0.530894
0.696421
-0.803445
-0.118307
0.787435
-0.151089
0.130309
0.746208
-0.534813
0.789163
-0.205943
0.186067
-0.343921
0.054238
-0.901428
-0.869480
-0.170554
-0.330096
0.231584
-0.924180
-0.664663
-0.580816
-0.119016
-0.506330
-0.724675
0.195147
0.487744
0.370536
-0.447640
0.708890
0.223644
-0.054158
0.541032
-0.233413
-0.523039
-0.789935
0.343820
-0.060115
0.618814
-0.084651
-0.170379
-0.402296
-0.601144
0.660874
-0.809577
0.804255
-0.946182
0.044505
-0.883343
0.559214
-0.577007
0.131845
0.832892
0.298518
-0.643360
0.593356
-0.117041
-0.973647
-0.026470
0.624969
-0.140085
0.516856
0.411052
-0.086175
-0.353435
0.453080
-0.262163
-0.659826
-0.358274
0.753678
-0.433222
-0.530079
-0.733160
-0.889644
0.953385
0.073554
0.459289
0.545947
-0.295366
0.597812
0.922969
0.483524
0.423466
-0.135532
0.682640
-0.822325
0.499367
-0.276013
0.131948
0.785928
0.210039
-0.948837
0.445210
0.858049
0.284024
0.318696
0.959860
0.696549
0.692990
0.034365
0.128598
0.717160
0.739251
0.604549
0.637143
0.759260
-0.772436
-0.414721
0.952227
0.089552
-0.647072
0.006111
0.291568
0.656444
0.624353
-0.901517
-0.092950
-0.958862
0.776312
-0.652188
0.249749
0.141237
0.251059
0.126833
0.431177
0.252220
-0.819400
-0.266464
0.093187
-0.349605
0.520662
-0.364205
0.657368
-0.706533
0.538785
-0.633069
0.056031
-0.358951
0.274669
-0.574519
0.590819
0.147168
0.914546
0.423541
0.214791
0.658317
-0.560635
0.265485
-0.219192
0.487582
-0.951061
-0.144576
0.303404
-0.078721
-0.524057
-0.071301
0.699489
-0.586322
-0.265656
-0.462678
-0.914916
0.124809
-0.551292
-0.081594
0.604628
0.583094
0.200771
0.955744
-0.072498
-0.921223
0.638850
-0.557412
-0.647522
-0.859980
-0.344200
-0.347682
-0.394457
0.186386
0.503084
0.875533
-0.811900
-0.699236
0.179685
-0.803729
-0.258471
0.249104
0.561090
-0.564801
0.335971
0.291739
0.719232
-0.372505
0.500184
0.504000
-0.521611
0.242316
0.350324
-0.451143
-0.096400
-0.128445
0.547019
-0.998617
0.002053
-0.631318
0.293684
0.360738
0.002253
0.084059
-0.369884
-0.373355
0.490234
-0.736537
0.543007
0.310026
0.768949
-0.479711
0.012358
-0.922021
0.825013
0.350783
0.245751
0.465378
-0.431342
-0.555413
0.344620
-0.202470
0.670958
0.276539
-0.423571
0.195847
0.732923
-0.271034
0.472941
-0.168334
0.086147
0.467400
-0.878945
-0.090101
-0.809573
0.450011
0.215613
-0.346141
-0.847437
0.851605
-0.369993
-0.449246
-0.797990
0.154706
-0.468693
0.685706
0.365534
-0.992170
0.131349
-0.536331
-0.969266
0.238734
-0.590171
0.799272
0.146761
-0.581630
0.958255
0.092883
-0.669056
0.034484
0.918698
-0.151580
-0.149309
-0.077747
-0.439793
-0.676433
0.157855
0.788400
0.471459
-0.807625
-0.198302
-0.989408
-0.384119
0.338753
-0.419531
0.681117
-0.045232
0.338336
0.767730
0.365621
0.794652
0.616131
0.134128
0.858593
0.606507
-0.562203
-0.236908
-0.300154
0.009816
0.907427
0.231197
-0.374122
0.883035
0.400543
-0.467839
0.813026
-0.311574
0.032423
-0.041554
0.847262
-0.468673
-0.333387
0.320320
0.773231
-0.770232
-0.580233
0.896069
0.554594
-0.307860
-0.284730
-0.060932
0.347599
0.122082
0.552240
-0.891666
0.638081
-0.883897
0.761948
-0.913491
-0.744335
-0.639631
-0.553898
-0.196476
0.310964
0.785207
0.049006
0.064979
-0.361390
0.601361
-0.779028
-0.397794
-0.806037
-0.571638
0.173196
-0.748079
-0.798764
0.651822
-0.763402
0.216107
-0.295978
0.792734
0.415100
-0.881140
0.790936
-0.172202
-0.403545
0.345564
-0.878533
0.805911
0.224570
0.837481
0.129908
0.642017
0.442581
0.050224
-0.273353
-0.994282
-0.498189
0.903534
-0.449076
0.503705
0.016995
-0.382971
0.982187
-0.906051
0.164154
-0.076964
-0.846947
-0.571808
0.388484
-0.783343
0.602050
0.250122
-0.798285
-0.426371
-0.725644
0.595203
0.065919
-0.994340
0.085807
-0.034393
0.286153
-0.930312
-0.929148
-0.301264
0.377076
0.333116
-0.443473
-0.567865
0.366251
-0.945775
0.113567
-0.151803
-0.521826
0.040596
-0.565665
0.128643
-0.702052
-0.188614
0.020853
-0.936598
0.221434
0.500631
0.912147
-0.593747
-0.582609
-0.390338
0.781528
-0.186286
-0.396412
0.482362
-0.489722
0.946741
-0.828136
-0.678619
-0.123365
0.575346
0.768718
0.511271
0.952350
-0.966308
0.239013
-0.767308
0.820726
0.870614
-0.393944
0.655417
0.260551
-0.799022
0.205536
0.952114
-0.383812
-0.997718
0.953583
-0.172033
-0.138134
0.425224
0.208771
-0.396027
-0.800044
0.654725
-0.033246
0.344949
0.721009
-0.964555
0.718771
0.503591
0.893643
-0.532818
-0.355155
0.322957
0.851586
0.985339
-0.166525
0.078459
-0.658898
0.387951
0.674741
0.597299
-0.308314
0.926528
-0.759307
-0.012060
0.109194
0.073028
0.515782
0.219214
-0.845741
-0.640297
0.064478
0.389095
0.028349
-0.288984
-0.897731
0.571762
-0.038246
-0.162332
-0.948870
0.455599
0.543151
-0.362085
0.033926
0.212884
-0.264710
0.231164
-0.131746
0.756140
0.437026
-0.779000
0.599206
-0.324989
0.871137
0.206743
-0.944844
0.468725
-0.738531
0.754535
0.896661
0.390512
0.065746
0.204126
-0.142290
-0.832834
0.857687
-0.341627
-0.374304
-0.617350
0.984816
0.885129
-0.301135
-0.479989
0.610739
-0.154780
0.935576
0.802433
0.518903
-0.820151
0.404255
0.974509
-0.253415
0.763138
-0.183716
0.942648
0.307183
-0.806999
-0.041909
-0.900542
-0.209849
0.830762
-0.535596
0.901136
-0.800154
0.329623
0.931371
0.308307
0.798008
0.982061
0.283687
0.564528
-0.532770
-0.581744
-0.976751
-0.436187
-0.506526
0.528713
0.139420
-0.644351
0.136255
-0.549113
-0.148995
0.776416
0.438512
0.302200
-0.437033
-0.750837
0.505898
0.135781
0.245520
0.950227
-0.303358
0.601495
0.117914
-0.529480
-0.894223
0.232022
-0.404768
0.390957
0.401454
-0.089079
0.072794
0.253094
-0.062790
0.754741
-0.848131
0.959636
-0.933098
-0.583807
0.416616
-0.830079
-0.475654
-0.692047
0.447143
0.157867
-0.871043
-0.079732
-0.582994
0.935397
-0.784164
0.196110
-0.036306
0.156169
0.912986
-0.317436
0.497533
-0.105067
0.321523
-0.268685
-0.545756
-0.832767
-0.796498
0.918861
0.576913
-0.510082
-0.091078
-0.359498
0.337559
-0.029314
-0.851774
-0.303858
-0.796075
-0.874169
-0.583387
0.401151
0.392003
0.722778
0.512839
0.070991
-0.374776
-0.988377
0.294275
-0.420574
-0.499800
0.949651
-0.651520
-0.935131
0.898781
-0.387987
-0.213160
-0.838130
-0.191870
0.944443
0.388039
-0.052350
-0.385057
-0.267912
0.222456
-0.491100
-0.696105
0.392457
0.738940
0.803078
0.682837
0.061199
0.577662
0.852711
-0.953275
-0.175804
-0.591749
0.993538
0.859132
0.604372
-0.408240
0.904205
-0.941499
-0.623921
0.233748
0.586013
0.767262
-0.398983
-0.218391
-0.090345
-0.946052
0.727939
-0.324103
-0.601443
-0.181606
0.421127
-0.505693
0.115056
-0.383594
0.457890
0.135879
0.064528
0.902588
-0.355181
0.270540
-0.999899
0.473847
0.005088
-0.583230
-0.996979
0.413888
0.325401
0.330814
-0.125090
0.278595
0.142670
-0.522210
0.037536
0.029186
0.647246
-0.133022
-0.127829
0.968809
0.788928
-0.515428
0.820586
-0.724067
0.706782
-0.633353
-0.148793
0.967843
-0.805902
0.679576
-0.010532
-0.778017
0.904983
0.098463
0.761282
0.738214
-0.970731
-0.470319
-0.326157
0.069728
-0.856268
-0.222066
0.629276
-0.653618
0.402553
-0.079341
-0.858590
-0.645252
-0.717939
0.239436
-0.825351
0.646094
0.613318
-0.839876
0.776394
0.918322
-0.913064
-0.709476
-0.808803
-0.482584
0.214060
0.863366
0.558247
0.491421
-0.339535
-0.776585
0.783879
0.001707
-0.798978
0.069937
0.350820
-0.360200
-0.981502
0.243214
-0.919809
-0.134413
0.649550
0.997695
-0.259394
-0.959746
-0.014194
-0.447449
0.785550
0.423006
-0.191353
0.524056
-0.317588
0.043527
0.845571
-0.599685
-0.373884
0.771187
-0.076243
-0.364222
-0.925403
-0.162094
0.001202
-0.187334
-0.445082
-0.261740
0.284890
0.782559
0.299352
0.292325
0.633750
-0.669714
-0.397805
-0.898818
-0.300724
0.997648
-0.341375
0.719546
-0.828445
-0.080575
-0.297074
-0.596834
-0.254987
0.302556
-0.019384
0.688668
0.809893
0.586604
0.787024
0.771492
-0.324215
-0.490932
0.793179
-0.707986
-0.881312
-0.371514
0.520600
0.388400
0.974111
-0.280933
-0.448305
-0.243585
0.564513
-0.571400
0.895496
0.025099
0.566290
0.654524
-0.042370
0.482743
-0.270611
0.621856
0.647806
0.132412
-0.563704
0.940446
0.893960
0.239641
0.967762
0.005593
-0.249031
-0.078994
-0.908186
0.098244
0.332465
-0.780960
-0.488805
0.442368
0.587180
0.971734
-0.493553
0.682879
-0.655794
-0.738243
0.458407
-0.108255
0.587847
-0.434870
-0.573612
0.097597
-0.769379
-0.442502
-0.667526
-0.359905
0.530997
-0.758515
0.223738
0.169532
0.076261
-0.031505
0.327721
0.962413
-0.939264
0.449934
0.998188
0.594237
0.010714
0.769646
0.415865
-0.415097
-0.551360
0.025089
-0.254019
-0.341064
-0.644150
0.690572
0.410029
-0.337357
-0.524666
-0.743724
-0.774974
0.250956
-0.782366
0.920425
-0.441730
-0.948390
0.710659
-0.264825
-0.314068
-0.762759
0.320844
-0.282413
0.645989
0.261237
0.759825
0.245122
0.558556
0.393079
-0.074815
0.377348
0.327234
-0.986593
0.397276
-0.475681
0.083646
-0.777335
-0.953955
-0.969761
-0.683611
-0.960215
-0.735205
0.118347
-0.199454
0.961496
0.617389
-0.706448
-0.166421
-0.138058
-0.275766
-0.008820
0.339749
0.281779
-0.285802
0.410091
-0.421029
-0.078774
0.091474
-0.778660
-0.692946
0.060488
-0.449130
0.258063
-0.254497
-0.558531
0.312790
-0.212185
-0.684775
0.617618
-0.136483
0.830141
-0.613198
0.752700
0.631820
-0.792168
0.063363
0.307366
-0.009036
-0.219474
0.887684
0.401642
0.931740
0.692461
0.634263
0.451265
0.292158
0.773724
0.226820
-0.849423
0.165127
-0.794330
0.898602
0.293338
0.111293
-0.604358
0.031534
-0.314938
0.350772
0.208820
-0.001386
-0.494518
0.051486
-0.076606
0.702532
0.788675
0.518498
-0.360720
-0.923821
0.850672
0.984025
-0.745958
0.371232
-0.149707
-0.702959
0.996203
0.866458
0.965218
-0.712207
-0.016151
0.791548
-0.390254
-0.194300
-0.400167
0.313426
0.628437
-0.671328
-0.490515
-0.791785
-0.679632
-0.186237
0.551753
0.083236
-0.893447
0.250174
0.590608
-0.213064
-0.509975
0.527875
-0.952188
0.631182
0.608519
0.775972
-0.821040
-0.784483
0.745506
-0.049474
-0.215323
0.146587
-0.882834
0.287432
0.890166
0.351440
-0.070930
0.921762
0.377033
-0.886079
0.340093
-0.880608
-0.385540
0.231367
-0.568768
-0.923622
0.235907
-0.428285
0.065928
-0.477709
0.372858
0.791403
-0.826870
0.572637
-0.687810
-0.341180
-0.285269
-0.587380
-0.849531
0.536973
0.587255
0.993667
0.869209
-0.130715
-0.733224
-0.978600
0.063035
0.721133
-0.974765
0.075804
0.521594
0.937649
0.784454
-0.826018
0.961040
-0.701039
-0.917771
0.497860
0.811773
0.899566
0.649952
-0.590188
-0.691994
-0.882063
0.163938
-0.025558
-0.781433
-0.070346
0.134647
0.445909
-0.171605
-0.363295
0.331358
0.368447
-0.459143
-0.960354
0.891381
0.510573
-0.597791
0.131331
0.189895
-0.748023
-0.616686
0.913413
0.016022
-0.617116
0.595150
-0.058853
0.276824
-0.404997
-0.884192
-0.670112
0.946074
0.247177
0.662170
-0.956961
0.530925
-0.030096
0.330616
-0.283590
0.241738
-0.928760
-0.908823
0.597673
-0.751069
-0.972032
0.824913
-0.468936
0.164764
0.677834
0.491814
-0.906744
-0.373746
0.042866
0.720261
0.936251
-0.437845
0.301116
0.720494
0.976334
-0.858563
0.007244
0.747332
-0.993684
-0.125530
0.168397
0.052981
0.465545
-0.868956
0.570833
-0.433659
0.648459
-0.161024
-0.914163
0.927830
0.561099
-0.304368
-0.459945
0.177927
0.974589
-0.419666
0.896542
-0.339226
0.408196
-0.236531
-0.829896
0.872379
-0.672144
0.889383
-0.793386
-0.466105
0.841847
0.317082
-0.621033
0.184187
-0.639218
0.748884
-0.900343
0.059555
-0.873054
0.390045
0.871594
0.662133
-0.256544
-0.526190
-0.757945
0.747248
-0.837782
0.257658
-0.265465
0.991557
0.017647
0.097582
0.835778
0.939274
0.167273
0.427180
-0.426435
-0.194633
0.091336
0.881520
0.588695
-0.629437
0.766168
0.689535
0.490449
0.033812
-0.860370
0.423010
0.036684
-0.380450
-0.980124
-0.537902
0.211380
-0.775387
0.310837
0.639344
-0.363643
-0.836029
-0.720602
-0.284182
0.626868
0.268557
0.735775
0.988854
-0.594868
0.389643
-0.066967
-0.013044
-0.348837
-0.314976
0.352564
0.241606
-0.362993
-0.762838
0.156483
0.478793
0.117244
-0.992699
-0.435369
0.557159
0.485096
-0.979180
-0.059408
-0.125364
0.304563
-0.750040
0.242830
0.893836
-0.256501
-0.325287
-0.943453
-0.885210
0.863145
0.951004
-0.988717
0.801359
-0.652080
0.122717
0.356282
0.069091
-0.737856
0.227394
0.997849
0.169734
0.055276
0.245266
0.759342
0.891999
-0.917933
-0.590012
-0.768472
0.544708
-0.908874
0.805270
-0.958889
0.205094
-0.448848
-0.058873
-0.116228
0.497787
-0.006716
-0.157558
0.460554
0.851614
0.587845
0.473434
-0.024556
0.800432
-0.027373
0.860572
0.605844
-0.699480
-0.906016
0.481711
0.371678
0.204178
0.952479
0.090806
-0.304200
0.129932
-0.943177
0.158528
0.804860
-0.991340
0.690608
0.603858
-0.787794
0.693661
0.527091
-0.017907
-0.509572
-0.423799
0.224550
-0.507392
-0.349289
0.861677
0.458657
0.472148
0.911873
-0.988412
-0.511028
0.315948
-0.123457