0.27392337 -0.46042657 -0.918053 -0.96694475 0.6265405 0.82551116 0.21327156 0.4589931
0.08724998 0.87014484 0.63170713 -0.994523 0.7148085 -0.93282884 0.4593109 -0.64868873
0.7263578 0.082922444 -0.4005762 -0.15462556 -0.9433607 -0.75143343 0.34124884 0.29437903
0.23077023 -0.23264489 0.9944199 0.9616707 0.37108397 0.30091855 0.37689346 -0.22215715
-0.729807 0.44297668 0.050708644 -0.37951624 -0.028329283 0.77897567 0.86808705 -0.2844096
0.14305966 -0.35626122 0.18860006 -0.32417756 -0.216762 0.7805487 -0.5456848 0.2463743
-0.8319693 0.66528827 0.57419664 -0.5212611 0.7529685 -0.88286394 -0.32776588 -0.6994411
-0.09932127 0.59264857 -0.5387156 -0.8959574 -0.19089632 -0.60297394 -0.8184939 0.16066477
-0.40260774 0.34398976 -0.60096914 0.8842262 -0.26977965 -0.78900945 0.2582163 0.8543091
-0.11924569 0.909181 -0.00020837263 -0.14954275 0.2404269 0.990193 0.89788735 -0.07990972
0.5154577 -0.005154609 0.05862432 0.5715714 -0.1706883 0.46896714 0.42228577 0.86411935
-0.77013475 0.45803022 0.85484785 0.9358524 -0.9705874 0.7272802 0.96239007 0.91442037
-0.702472 0.9452576 0.7798711 0.6447477 -0.040024154 -0.5352542 0.60376114 0.8470603
-0.46773946 0.07786881 -0.11449434 0.8620346 -0.9189786 0.46401238 0.22874649 -0.94326925
0.43843955 -0.96801656 0.515902 0.025517447 0.8582084 -0.867835 0.68263453 -0.86662
-0.31138003 -0.13940254 0.93212414 0.124463685 -0.4822708 -0.5166486 0.77623665 -0.54826117
-0.7508906 -0.42333847 0.17224613 0.10818101 0.61942154 0.120951906 -0.42315757 -0.17420731
0.6362419 0.25301293 0.9181553 -0.2611912 0.10522302 0.1878484 0.69658244 -0.7090529
-0.18697932 0.8199179 -0.9138662 0.64541256 -0.16923192 0.65960795 -0.98009086 -0.26990768
-0.84273994 0.30522916 -0.4523018 0.40530413 0.88760287 -0.7463658 0.7295566 -0.8810717
-0.23845898 -0.14045188 -0.022300906 0.95292467 0.55138236 -0.38228527 -0.46032643 0.7262404
0.76261437 0.021413011 -0.31140855 0.9898347 -0.36811292 -0.63457525 0.76019627 0.6246708
0.3357788 0.91682726 0.85142916 0.496497 0.7214028 -0.50570655 -0.7175069 0.3401237
0.42923707 -0.66589415 -0.20888546 0.8205115 0.122801535 0.15667184 -0.61174047 0.052044496
0.046869453 -0.8221287 0.96388537 0.1427912 -0.98718226 0.5452984 0.9565314 0.17974006
-0.36063674 -0.62498456 0.34505326 -0.6097852 0.15537578 0.20447835 0.9248462 -0.85546947
-5.4352684e-05 0.48819497 -0.6455465 -0.22386654 -0.874209 0.45176172 -0.8244642 -0.20981659
0.7470453 -0.055399325 0.8252439 0.53183424 0.83064795 -0.74519396 -0.85287416 -0.8593475
0.73770857 0.26813996 -0.0068566124 -0.6729132 0.3474669 -0.3639652 0.42175972 -0.07928934
0.014939721 0.57933146 -0.81450903 0.157517 -0.6055301 0.6162735 -0.022307929 0.97739065
-0.6341134 0.92603827 0.60183406 -0.037479006 0.6270681 0.2056978 0.31024212 0.82738155
-0.86945915 0.6699764 -0.23637044 -0.34890878 0.98805356 0.562381 -0.028929722 -0.15474321
0.7550578 -0.82637024 0.4168375 0.57830924 0.5983928 -0.35542655 0.59327835 -0.5493431
-0.2753841 -0.16510378 0.08281997 -0.77477264 -0.1861044 -0.99939865 0.48876145 0.7037518
-0.7221366 0.40757152 0.6422062 0.96365666 0.6875811 -0.15178703 0.9593774 0.9479688
0.007353958 0.5068931 0.82767534 -0.047705855 0.7275725 0.40313712 -0.4121515 0.53530455
0.14136957 -0.8123097 -0.21723914 -0.85251796 -0.047666073 -0.14292078 -0.15252511 0.1726007
-0.7546187 0.8675378 0.36810088 0.64756274 0.79360247 0.16664009 -0.91956353 0.42297366
0.1380517 0.6519144 0.064320944 0.6264882 0.9940206 -0.29889038 -0.65795714 -0.2166504
0.5061 -0.12154213 0.17676021 -0.74528307 0.45224702 -0.4398352 -0.6187649 0.7259
0.12882565 -0.031002115 0.79764754 -0.82797515 0.3923089 -0.34403542 -0.6491805 0.3495973
-0.2743561 -0.34020832 0.8873555 -0.6014033 0.024347316 -0.9519736 -0.6732638 0.7668375
0.5784951 0.11367098 -0.5550932 0.11549517 -0.97570693 0.42598727 0.43350136 0.29209006
0.22267736 -0.85256714 -0.5071881 0.1487561 -0.21162647 0.98404646 0.8474907 -0.6959842
0.17992118 0.39243022 -0.72691315 -0.3748087 0.43183568 0.8022162 -0.3165147 -0.52211255
0.643584 0.16996536 -0.046823155 -0.48769996 -0.8546833 -0.9642172 0.15994036 -0.61777943
0.95106596 -0.78504556 -0.09582242 -0.21068041 -0.535377 0.49751145 0.2874095 0.45151538
-0.83438283 -0.29451317 0.03966615 -0.14655772 -0.9187649 -0.6119451 0.8900493 -0.67486054
