-0.743773
-0.258404
0.287730
-0.113172
0.109170
0.655262
0.516176
0.941396
0.556767
-0.066558
-0.691421
0.489524
-0.348349
-0.060888
-0.740157
-0.546181
-0.125696
0.400530
0.664520
-0.225043
0.364991
-0.600184
0.573849
0.410331
-0.082168
-0.720406
0.336806
0.130472
0.269437
0.118414
-0.938364
-0.570831
0.706806
-0.883395
-0.412812
0.114064
0.328627
0.628041
-0.954576
0.444719
-0.677456
-0.695376
-0.107687
-0.396976
-0.276375
-0.763988
0.817161
-0.468260
0.557502
-0.101277
-0.807218
-0.088447
-0.388087
-0.646454
0.517039
-0.135814
0.168196
-0.831111
-0.916772
-0.340278
-0.793194
-0.658814
0.162122
0.181831
0.917118
0.565470
-0.026683
0.875653
-0.053021
-0.336862
-0.122177
0.652584
-0.719502
-0.782849
-0.437532
0.453989
-0.784518
-0.539572
0.109705
0.659580
-0.365722
-0.418164
-0.488070
-0.670784
-0.129806
0.783355
0.781585
0.037717
0.544025
-0.252685
0.493579
0.873626
-0.754484
-0.693431
0.198766
-0.607131
0.554810
0.001482
-0.972127
-0.736356
-0.756335
0.388525
-0.600449
0.430814
-0.737885
0.855125
-0.398103
0.325728
-0.427108
-0.950281
0.267950
-0.719321
0.932464
0.866046
-0.065237
-0.964326
0.658857
-0.534719
0.212032
0.206214
-0.251632
0.303862
-0.092206
-0.526675
0.633138
-0.866882
-0.707654
-0.379331
0.841941
-0.430560
-0.769020
-0.889209
-0.893236
0.361429
-0.364018
0.750010
-0.913050
-0.526510
0.142465
-0.901492
0.047506
0.666917
0.849684
0.687150
0.959141
0.558955
0.557993
0.072136
0.715144
-0.229821
-0.467073
-0.044245
-0.534860
-0.267215
-0.241072
-0.406247
0.832696
-0.343278
0.697121
0.608784
0.265835
0.469786
0.389596
-0.735794
-0.809808
-0.831014
-0.725184
0.601768
0.565248
0.892054
0.180152
0.232331
0.129901
-0.068030
0.527847
-0.015694
0.862472
-0.765793
0.315727
0.548643
-0.332724
0.525064
-0.271616
-0.684777
0.872255
-0.233360
0.105986
0.560603
-0.247281
0.435520
-0.763043
0.274148
0.176516
-0.975395
0.650799
-0.082904
-0.396145
0.562588
0.994069
-0.432183
-0.787161
0.331369
-0.819119
-0.942001
-0.713956
-0.603592
0.312538
-0.989140
0.211850
-0.522894
-0.885536
0.855591
0.396242
-0.919697
-0.750153
0.490376
0.702262
0.469242
-0.458483
0.960410
-0.890999
-0.915299
0.419157
-0.816558
0.960054
0.568162
0.144826
0.892049
0.156034
0.298466
-0.703122
-0.191931
-0.761565
-0.443849
-0.144194
0.269258
-0.182434
0.176612
-0.927880
-0.051735
0.144916
0.404004
0.304866
0.574864
-0.137164
-0.278685
0.473411
0.842114
0.040550
-0.371099
-0.011717
-0.855882
-0.888864
-0.331740
-0.372213
-0.970634
0.713096
-0.692774
-0.760655
0.916858
0.544210
0.375330
-0.224317
-0.978545
0.050177
-0.668186
0.978266
0.678139
-0.716808
-0.214855
0.510660
-0.061346
-0.638147
-0.910702
-0.415881
0.172890
-0.831769
0.687177
0.298298
0.525806
-0.266783
-0.323087
-0.034855
0.704031
0.819104
0.700549
-0.002366
-0.790041
0.834675
-0.644987
-0.616794
0.854921
-0.384930
-0.985371
0.406067
0.963612
-0.044988
0.806656
0.926422
0.733603
0.464827
0.106208
0.939630
-0.423544
0.499967
-0.752260
0.554686
0.971080
0.955834
0.587364
0.110923
0.849403
-0.926059
-0.902603
0.350611
0.547441
0.478863
-0.902073
0.243796
-0.991000
0.354575
-0.197289
0.343226
0.705562
0.706689
0.180641
-0.450350
-0.624813
-0.316146
0.614863
-0.407276
-0.726357
0.995160
0.190426
0.830598
-0.731266
-0.865667
-0.964662
0.269081
-0.159236
0.503926
-0.430918
-0.529806
0.818130
0.484636
0.306878
-0.517256
-0.689117
-0.433506
0.583949
-0.123227
0.989403
0.629277
0.575180
0.124341
0.305844
0.025464
-0.928315
-0.793995
-0.507867
-0.089764
-0.374860
-0.776799
-0.878943
-0.585959
-0.211748
-0.996679
0.725529
0.016335
-0.333812
0.561162
-0.479303
-0.515034
0.366517
-0.338529
-0.902861
0.423116
-0.905252
0.837646
-0.623356
-0.778741
-0.516722
0.180391
-0.990517
0.238238
0.545875
-0.491473
-0.091085
0.969299
0.626319
0.598427
-0.567289
-0.364729
-0.940330
-0.961932
0.450367
0.477161
0.780039
-0.747947
0.386191
0.014585
-0.991985
0.986169
-0.746180
0.760761
0.243584
-0.898961
-0.410490
0.672490
0.191428
0.747777
0.221540
-0.207667
0.451539
0.516844
-0.161455
-0.975060
0.040460
-0.811856
-0.209986
-0.701252
-0.643116
0.717966
-0.575705
0.466990
-0.241895
0.483433
0.565920
-0.790770
0.731145
-0.800275
0.487201
0.958449
0.438625
-0.210740
0.217482
-0.181720
0.870763
-0.606516
-0.211786
-0.674257
-0.321045
-0.512807
0.507009
-0.443773
-0.628468
-0.063167
-0.909654
0.918665
-0.008987
-0.495127
0.529607
0.803284
0.964733
-0.856356
-0.391067
-0.806044
0.233512
-0.669377
-0.679376
0.168456
-0.407934
-0.190290
0.544706
0.883078
0.792244
-0.470920
-0.641016
-0.100281
0.420490
0.749150
0.061701
-0.510407
0.880038
0.554717
-0.018784
0.073136
-0.736490
0.904499
0.906411
0.108833
-0.493631
-0.762093
-0.356934
-0.069972
0.063772
0.977208
0.483229
-0.694246
-0.317226
-0.315193
0.245417
0.587271
0.847567
0.278027
0.986737
-0.875874
-0.741940
0.264566
0.843705
0.452360
0.319903
-0.054432
-0.314573
0.356188
-0.919493
0.784975
0.983615
0.319991
0.895071
0.477021
0.123638