0.994872
0.786689
0.682119
-0.951673
-0.024113
0.737305
0.254011
-0.171415
0.175327
-0.271121
-0.746791
0.212036
-0.839246
-0.530259
0.519603
0.943806
0.288150
0.635308
0.535237
0.026011
-0.030699
0.227981
0.905171
-0.712165
-0.513040
-0.641132
-0.181017
0.350368
0.154686
0.774369
0.471110
-0.003219
0.107646
0.005738
-0.506463
0.039379
0.272977
-0.473866
-0.373677
-0.620995
-0.980479
0.906552
-0.585866
0.081142
0.283118
-0.264197
0.724793
-0.402347
0.962759
-0.637568
-0.252507
-0.325687
-0.106746
-0.094327
-0.540611
0.726064
0.420331
-0.679083
-0.603317
-0.853314
-0.900194
0.932591
0.118774
0.294408
0.114218
-0.919031
-0.158963
0.170408
0.282775
-0.223994
0.365738
-0.634919
0.365624
-0.265366
0.208605
0.754865
0.937125
0.219339
-0.185643
0.976610
0.315238
0.575821
0.297826
-0.877640
0.924602
0.186753
0.740265
0.618904
0.967676
-0.440819
0.110689
0.108548
-0.893321
0.779888
0.492854
-0.736936
-0.992371
0.716912
-0.331002
0.425078
-0.792259
0.145161
0.347830
-0.777100
0.899308
0.569654
-0.465822
-0.838427
-0.872881
-0.972402
0.069413
-0.222989
0.334280
-0.076964
0.159024
-0.401855
-0.884870
-0.601111
-0.455099
-0.167597
0.131012
-0.200629
0.992034
0.932292
0.596097
-0.217123
0.848992
0.219290
-0.581103
0.878097
0.956444
0.121404
-0.216843
-0.364746
0.879558
0.426506
0.790044
0.324501
-0.367532
0.114287
0.716625
0.585220
-0.787766
-0.756555
-0.030290
0.749789
-0.804208
-0.338575
0.829552
0.676769
0.421521
0.164557
0.011872
-0.513542
-0.318138
-0.113393
-0.671906
-0.499236
0.011738
0.922054
0.024269
0.548883
0.513918
-0.952591
0.437555
-0.590910
0.204777
0.831071
0.107222
0.247121
0.166857
0.177366
-0.436297
0.130312
0.096326
0.613593
-0.169862
-0.592465
0.912563
-0.473719
0.014403
-0.488649
-0.904904
0.109681
0.954643
-0.015340
-0.800792
0.933040
0.133512
-0.596747
0.417565
0.210748
-0.815101
0.343948
0.296260
-0.168162
-0.230368
0.656667
-0.578362
0.697841
-0.835265
0.087192
-0.925456
-0.335364
-0.640517
-0.370172
-0.761900
0.034419
0.013880
-0.121330
0.016238
-0.436794
-0.124832
-0.279067
-0.452673
0.303349
-0.200877
-0.481737
0.954916
0.834472
-0.982096
-0.629644
0.973298
-0.278990
0.400534
-0.747713
-0.890284
-0.387523
0.742804
0.140613
0.320348
0.184442
-0.149839
0.842933
0.197202
0.763031
0.911160
0.778965
-0.402818
0.352931
0.163543
-0.610059
-0.447917
-0.452708
0.129904
-0.285097
0.565706
0.314816
-0.604445
-0.872657
0.107174
0.105670
0.773333
-0.774324
-0.678841
0.529596
-0.586973
0.567202
0.845230
0.193341
0.080138
-0.756400
0.192670
-0.333738
0.335676
0.129984
-0.757903
-0.118602
-0.369771
-0.879158
0.308436
0.187968
0.179074
-0.189703
-0.988116
0.109353
-0.404563
0.626323
-0.089010
-0.051677
0.226778
-0.220072
-0.962297
-0.957729
0.986266
0.257806
-0.537176
0.480276
-0.420354
-0.482975
-0.588998
0.914677
0.850682
0.423362
0.023434
0.535008
-0.059653
-0.060850
0.689496
-0.731237
-0.155365
0.537113
-0.838582
-0.921519
0.911956
-0.781301
-0.808578
0.253388
0.105918
-0.939252
-0.880198
-0.139823
0.670163
0.749233
0.053857
0.479685
0.130261
-0.523087
-0.103487
-0.518369
-0.686284
0.492970
0.535594
-0.234844
0.164040
0.984829
0.277285
-0.653170
-0.524839
0.590176
-0.258558
-0.233815
0.775973
0.887552
-0.582869
0.361327
-0.730012
-0.988665
0.238047
-0.881508
-0.073512
-0.658164
-0.329719
-0.705698
-0.160461
0.224708
0.520615
-0.167316
-0.355215
-0.219730
0.858957
-0.559606
-0.105438
0.348231
0.385361
0.727732
-0.217055
0.445486
-0.235811
0.323379
0.157219
0.732296
0.487816
0.009259
0.089227
-0.264592
-0.837025
0.089992
-0.181962
0.003109
0.397584
-0.458050
-0.244509
-0.284108
0.008868
-0.474196
-0.714676
0.793913
-0.788511
-0.009333
-0.849874
0.275752
-0.421193
0.812465
-0.623245
-0.756231
0.478909
-0.006946
-0.778237
0.013911
-0.877295
0.150712
-0.921654
0.215062
0.275156
0.335874
-0.965511
0.327451
-0.341197
0.050642
-0.276487
0.721324
-0.804801
0.678805
0.202741
0.917681
-0.453170
-0.534786
-0.476361
0.018664
0.933455
0.043155
-0.502938
-0.620409
-0.845900
-0.385137
0.418954
-0.314940
0.628090
0.357912
0.845048
0.554577
0.513662
-0.321570
-0.900196
0.743671
0.743001
-0.323091
-0.981839
0.650427
-0.749876
-0.809485
0.732034
0.268321
-0.952535
-0.765131
0.111492
0.246127
0.205172
-0.448837
-0.366479
-0.371399
0.992419
-0.939918
0.364391
-0.782384
-0.766314
0.889896
-0.723777
0.586593
0.924442
-0.486754
0.717458
0.651094
0.037918
0.135270
0.690783
0.853783
-0.190186
-0.192164
0.326718
-0.756256
-0.311956
-0.507462
-0.881481
-0.638275
-0.343509
0.920114
0.477231
-0.156960
-0.689203
-0.116647
-0.721451
-0.413795
-0.011602
-0.999067
-0.069067
0.321893
0.820109
0.693437
-0.637096
0.202893
-0.325628
-0.399581
-0.724038
-0.983558
0.944808
0.536783
-0.519052
0.543601
0.707918
0.549880
-0.453204
0.727518
-0.166452
0.078580
-0.834883
-0.233561
0.359954
0.970856
-0.894228
0.472256
-0.972989
0.837928
-0.037036
0.348672
0.648756
-0.704775
0.980683
0.498324
-0.079346
0.709221
0.923263
-0.202509
-0.564938
0.685791
-0.444298
0.797753
0.402868
0.156865
-0.874102
0.047401
-0.377209
-0.231171
-0.492351
0.061822
-0.994458
-0.430660
0.035992
-0.183922
0.418944
-0.738602
-0.870478
-0.785460
0.229491
-0.724205
-0.380128
0.829127
0.373681
0.143914
-0.160865
-0.480113
0.369067
0.657681
-0.404799
-0.388488
-0.490366
0.669381
-0.776274
0.617292
-0.848710
-0.078809
0.020579
0.832937
-0.482833
-0.988319
-0.080767
0.480430
-0.725582
0.565809
-0.420299
0.539876
0.877533
-0.726235
-0.070604
-0.730159
0.833720
-0.696284
-0.556353
0.849711
0.408576
-0.149242
-0.326704
-0.623101
0.950833
-0.218570
0.546051
-0.991357
-0.048195
-0.652423
0.711347
0.016474
0.972310
-0.038750
-0.509468
-0.455330
0.934340
0.245538
0.379419
-0.450083
-0.185715
0.904679
-0.676595
0.625816
0.382354
0.178322
0.974174
-0.952058
0.117395
0.679072
-0.774404
0.100723
-0.088222
0.594865
-0.995799
-0.212078
0.956101
0.512117
0.385928
-0.413287
-0.626922
0.968881
-0.788169
-0.304565
0.917877
-0.019102
0.868645
-0.050874
0.918377
-0.355532
-0.556341
0.521642
-0.808857
0.128956
0.198232
-0.294785
-0.911657
0.684073
0.570777
-0.735310
-0.690697
-0.538150
-0.337753
-0.239476
-0.692278
-0.950019
0.220175
0.519628
0.662037
-0.322216
0.410829
0.278787
0.068368
-0.637516
0.392145
0.869599
-0.712648
0.534370
0.218786
0.180972
-0.546571
0.559387
-0.586300
0.440549
-0.387891
0.115431
0.114314
-0.017459
-0.328245
-0.177590
-0.168961
-0.560052
0.260724
-0.952709
-0.917773
0.286117
-0.959437
-0.955901
-0.666433
-0.582751
0.162199
0.102315
-0.851138
-0.475401
-0.848609
-0.851527
0.032292
0.543444
0.683788
-0.602414
0.160332
0.658873
-0.826814
0.770806
-0.287704
-0.774437
-0.014964
0.319356
-0.817439
-0.829932
0.033531
0.985392
-0.158466
-0.363028
-0.883399
0.612337
0.306361
-0.129509
-0.305722
-0.744434
-0.262898
-0.310781
0.810850
0.794454
-0.779905
0.033283
-0.941648
-0.717611
-0.562230
-0.665467
-0.312300
-0.294656
0.511845
0.442197
-0.920434
-0.531779
0.191004
0.864124
-0.054617
-0.957600
0.260757
0.767981
0.698437
-0.073196
-0.313091
0.182291
0.305974
0.664602
-0.640687
0.440600
-0.832870
0.476087
0.448483
0.277923
0.676461
-0.985874
0.726364
0.026849
-0.608440
-0.922055
0.818744
-0.099564
0.676273
-0.035467
0.095102
-0.353775
-0.540415
0.035506
0.753146
0.034296
0.154656
0.981078
-0.549789
-0.239586
-0.470193
0.644612
0.007444
-0.872350
0.028208
0.595121
-0.871601
-0.773172
0.069066
-0.827687
-0.259931
0.341216
-0.571323
0.256226
0.843337
0.252006
-0.647669
-0.259880
-0.451458
-0.109710
-0.424364
0.462914
0.268977
0.686139
0.122336
0.946415
-0.887101
0.088459
-0.060663
-0.823998
0.350248
-0.697094
-0.346063
-0.610866
0.488122
0.278693
-0.077249
0.273730
-0.584198
-0.235281
0.000214
0.995282
-0.572071
-0.161908
-0.681668
0.209733
0.239579
-0.239954
-0.905479
0.591198
-0.818665
0.551102
-0.357551
-0.046457
0.981642
0.740461
-0.304846
0.056884
0.589594
0.842966
0.418292
-0.294765
0.066354
-0.813285
-0.443709
0.645081
-0.570364
0.140546
-0.100315
-0.896302
0.238738
-0.032954
0.456405
0.623227
0.792859
-0.491610
-0.576768
-0.500574
0.341964
0.814818
-0.369485
-0.426554
-0.829527
-0.440025
0.673625
-0.145262
0.859167
-0.749087
0.982188
0.150706
0.352891
0.365500
-0.039349
-0.670650
-0.493552
-0.887774
0.933680
0.661819
-0.483032
-0.408755
-0.097939
0.580334
-0.911699
-0.175854
-0.552096
0.022821
-0.009930
0.636613
-0.437317
0.215170
-0.039443
0.095823
0.355482
-0.029846
0.526077
-0.308254
-0.057574
0.204031
0.969649
0.942947
0.525156
-0.846573
0.525143
-0.597278
-0.131089
0.924158
-0.647658
0.521243
0.646527
-0.131778
-0.138055
-0.101547
0.473086
0.537942
-0.871697
0.498919
-0.531697
-0.572413
-0.380554
-0.150870
0.395762
-0.311089
0.336776
-0.342684
-0.212407
-0.737672
-0.682857
-0.731530
0.038983
-0.899445
-0.144260
-0.862770
-0.387786
0.493682
0.917485
-0.633370
0.962095
0.930655
0.501883
-0.156595
-0.443270
-0.549778
-0.301542
0.125812
0.144509
-0.168350
0.593255
0.800595
-0.385080
-0.147295
-0.108005
0.047468
0.730834
-0.592613
-0.718379
0.555901
0.424582
0.063740
-0.631903
0.857044
0.633743
0.204717
0.427459
0.096468
0.414863
-0.747188
-0.895930
-0.261203
-0.812109
-0.095524
0.482501
0.134154
0.565291
0.408664
-0.802822
0.915131
-0.089704
0.100043
-0.457266
-0.540050
0.951464
-0.544523
-0.676258
-0.626161
0.503959
-0.821204
0.447802
0.153015
0.210918
0.409152
0.314888
-0.573069
-0.124811
0.985400
0.795245
-0.766466
0.937883
0.064811
-0.101827
0.531920
-0.602584
0.657322
-0.148813
-0.557752
0.893548
0.100890
0.053383
0.000879
-0.805533
0.966951
-0.873696
0.674822
0.536858
0.936503
0.023565
-0.913641
-0.740690
-0.953527
0.080239
0.821445
-0.913740
0.943575
0.704580
-0.613244
0.162578
0.529836
-0.310732
0.371523
0.863198
-0.654035
-0.738390
-0.476527
-0.996343
-0.416400
-0.357010
0.534376
0.386884
0.197694
0.845344
-0.055117
-0.601773
0.460222
-0.962560
-0.969083
0.038871
-0.727627
-0.896773
0.719340
0.575811
0.903764
-0.255519
0.940670
0.550260
0.928283
-0.102081
-0.660706
0.055147
0.055787
0.479861
0.234793
-0.344481
0.339731
-0.477226
-0.525901
-0.108496
0.757594
-0.416324
-0.341003
-0.688944
-0.807582
-0.564562
0.651212
-0.692095
0.897328
-0.960634
0.746364
-0.871586
0.549064
-0.187161
0.193050
0.568995
-0.648265
-0.253618
0.892208
-0.990960
-0.687611
0.181220
0.237189
-0.670883
-0.143469
-0.993869
0.224277
0.648167
0.950583
0.516288
-0.903931
-0.329574
0.650277
0.950701
0.823852
0.176881
-0.105992
-0.214117
0.987134
-0.493948
0.402520
0.362250
-0.269958
0.314623
-0.763601
0.416564
0.836498
-0.669545
0.387282
-0.182455
0.878370
-0.031214
0.708529
0.828080
-0.808609
-0.672296
-0.770730
-0.370422
0.430797
-0.046157
-0.722119
-0.031142
-0.509840
-0.172063
-0.033424
0.150430
0.950961
-0.281558
-0.100789
0.506917
-0.184809
-0.955950
-0.414728
-0.886617
0.043183
0.119926
0.130044
0.343429
0.649901
-0.037890
-0.990083
-0.654579
0.902222
-0.002504
0.481494
-0.628762
0.270748
-0.976771
0.144160
-0.320324
0.527373
0.232943
0.184660
0.511048
0.218098
-0.422385
0.954598
-0.308338
0.969511
0.350252
0.403658
0.600941
-0.629142
0.233050
-0.745348
-0.748912
0.898266
-0.070523
-0.532527
-0.622138
-0.773366
-0.428871
0.426330
0.529752
-0.419377
-0.967398
-0.999471
0.026305
0.355388
-0.038866
-0.226674
0.594401
-0.300300
0.750590
-0.294817
-0.893764
0.615576
0.416069
0.521284
-0.859209
-0.819346
-0.275040
-0.952004
-0.285232
-0.897202
0.823187
0.827591
0.136447
0.632415
0.703861
-0.610008
0.331281
0.759664
-0.412955
0.556930
0.896784
0.132680
-0.281891
0.949323
0.867231
-0.691317
-0.161614
0.347519
-0.774340
-0.262342
-0.023634
0.443265
-0.188836
0.340195
0.790107
-0.718418
0.156137
0.294033
-0.141631
0.104707
0.590330
0.060267
0.911939
0.925818
-0.366648
-0.871232
-0.292753
-0.991384
0.879977
0.736451
-0.144686
0.326403
-0.713905
-0.915730
-0.207339
0.504018
-0.535990
-0.942913
-0.877094
0.804425
-0.008413
-0.451176
0.169455
-0.805546
-0.765797
0.809345
-0.079490
-0.915821
-0.343381
-0.306315
-0.803052
-0.157752
0.696865
0.982830
-0.825069
-0.054628
-0.834323
0.878398
0.430203
0.793390
-0.835862
0.843748
0.175379
0.049642
-0.500050
-0.895735
0.735357
0.181971
0.802932
-0.857875
0.234159
0.319831
0.643535
0.977537
-0.775365
-0.272072
-0.019165
0.165747
-0.367441
-0.925083
-0.274572
-0.922735
-0.323852
-0.804151
-0.015234
-0.601654
-0.137365
0.452521
0.664149
0.691891
-0.673535
-0.233559
0.340425
0.767326
0.444612
-0.668952
0.067121
-0.256303
0.881759
-0.689945
-0.130476
0.161960
0.744410
-0.632969
0.780517
0.490273
-0.549699
0.474129
0.983405
-0.970204
0.943958
-0.258448
0.281766
0.567710
-0.670416
0.062030
0.189608
0.537324
-0.098694
0.553381
0.304252
0.780805
0.051264
-0.935164
-0.257602
-0.245305
0.506494
-0.598030
0.584094
-0.369158
-0.950217
-0.526975
0.351996
-0.050492
-0.911646
-0.681221
-0.453214
-0.017483
-0.766957
-0.143131
-0.234569
-0.635495
0.142907
-0.955215
0.642078
-0.286321
-0.669571
0.399689
0.414129
-0.604635
-0.327489
0.264358
-0.593785
-0.737897
-0.214647
-0.956692
0.047758
-0.055211
0.715566
-0.305452
0.331563
0.392903
-0.439591
-0.869866
0.367550
-0.929168
0.783830
-0.662211
-0.170750
-0.771020
-0.570186
-0.420355
-0.175975
0.997663
0.738945
0.908120
0.020393
-0.077948
-0.647551
0.973592
-0.147618
-0.392332
0.408047
-0.433974
0.140298
-0.485165
0.940685
-0.729721
-0.439086
-0.787713
-0.124688
0.151399
0.155209
-0.551099
0.260658
0.824166
-0.675401
-0.744105
0.543182
0.755380
0.440623
0.716389
0.531411
0.762837
0.366168
0.342967
-0.011201
0.256216
0.596058
0.833669
-0.827381
-0.803463
-0.755914
-0.142062
0.914040
0.510580
0.387960
0.435463
-0.170928
0.174376
-0.282488
0.913355
-0.080434
-0.371963
0.781193
-0.796423
-0.026037
0.693497
-0.861069
-0.760906
0.000969
-0.759466
-0.856254
-0.358515
-0.039013
-0.457938
0.343503
0.187112
-0.220203
0.647123
0.091409
-0.603553
-0.549717
-0.841798
0.298587
0.084689
-0.765350
-0.050300
0.724363
0.951083
0.337185
-0.649936
-0.613997
-0.540368
-0.044659
-0.221874
0.753104
-0.940805
-0.377703
0.316687
-0.968962
-0.119287
0.450773
0.127713
-0.016627
0.231457
0.708991
0.251263
0.606357
-0.429222
-0.285969
0.779270
-0.064149
-0.840041
-0.557232
-0.089199
0.970606
-0.780251
-0.333892
-0.186018
0.336827
-0.342486
-0.380755
-0.856651
0.390189
0.222083
-0.769978
0.712841
0.069326
0.636028
0.451486
-0.133741
0.714649
-0.793693
-0.079500
-0.894725
-0.227010
0.969491
0.773545
-0.515636
0.934048
0.462894
0.255573
0.639849
0.319418
-0.918161
0.699160
-0.823179
-0.198794
-0.228677
0.033410
-0.315458
0.820211
0.996488
-0.857023
-0.521512
0.049149
-0.648416
-0.567246
-0.795758
0.830188
-0.282738
-0.949923
0.137749
-0.396910
-0.980016
-0.791766
-0.914826
0.273686
0.265525
0.884893
0.427254
-0.878869
0.127978
0.052524
-0.053157
0.595535
-0.055176
0.479822
0.673113
-0.008940
-0.057999
-0.038290
0.200273
-0.099781
0.858830
-0.956496
0.227972
-0.862912
0.362011
0.517666
0.577455
-0.821796
0.116936
0.881181
-0.243235
0.427264
-0.643475
-0.228697
-0.566293
0.664974
0.294202
0.459278
0.826634
-0.908964
0.379294
0.649446
-0.526316
-0.713392
-0.178248
-0.914268
-0.384707
0.506667
-0.194828
-0.455852
-0.467189
-0.650506
0.947925
0.593228
0.655808
-0.681171
0.712206
-0.786097
0.321327
0.396400
0.404085
0.091809
0.087686
-0.445671
-0.176174
0.122061
0.669085
-0.699809
0.208281
0.725696
0.956901
0.752336
0.321838
0.503576
-0.802203
0.233337
-0.094101
0.594386
0.643529
0.595416
-0.791185
-0.497086
0.266726
0.734336
0.029593
-0.511831
-0.210244
-0.821105
-0.652054
0.330978
-0.001909
-0.703824
0.656564
-0.783462
-0.240217
0.145995
0.296780
0.513701
0.146073
0.734571
0.227608
-0.812676
0.391462
-0.774634
0.391885
0.183434
-0.922212
0.364844
-0.268545
-0.298315
0.891568
-0.234353
-0.086089
0.538261
0.290373
0.244873
0.975840
-0.152343
0.465188
0.459202
-0.419156
0.699215
0.708417
-0.741538
0.950692
0.642202
-0.992927
0.455619
0.856464
-0.359199
-0.584689
-0.562831
0.378058
-0.254047
0.169047
0.170442
-0.985971
-0.167522
-0.701637
0.459083
-0.768487
-0.516546
-0.868368
0.064148
0.720016
0.795621
0.539468
0.940047
-0.859838
0.433041
0.759434
-0.156561
-0.679254
0.121269
-0.274814
0.911599
0.499644
0.198091
-0.939613
-0.635963
0.264147
-0.327154
-0.405583
-0.544926
0.260427
-0.397213
-0.707489
0.798841
0.109115
0.771229
-0.882022
-0.096759
0.841436
0.194727
0.187336
-0.432885
0.704998
-0.400768
-0.409167
-0.126840
0.947624
0.603721
0.110190
0.286795
-0.755267
-0.285969
-0.747237
-0.091893
-0.204095
0.743607
0.813985
0.399821
-0.082117
-0.214835
-0.701822
0.927219
-0.498675
0.520976
0.344511
0.701304
-0.921760
0.802425
-0.461682
0.433573
0.965501
-0.123187
0.143136
-0.879325
0.463316
0.614699
-0.008530
0.302968
0.184715
-0.290704
0.291935
-0.282234
0.861877
0.407038
0.330626
-0.031263
-0.786091
-0.456425
-0.459298
-0.142936
-0.455041
-0.082641
0.718875
-0.786037
0.089822
-0.480232
-0.992156
0.409517
-0.248533
-0.176172
0.723382
-0.945703
0.870333
0.289354
-0.793717
0.701759
-0.802719
0.809482
0.292063
0.649879
-0.643309
-0.196062
0.288217
-0.864228
0.171814
-0.205776
-0.186441
0.163006
-0.525116
0.667189
-0.997456
0.666458
0.166611
0.132701
-0.264095
-0.040847
-0.465035
-0.392411
-0.661458
-0.308852
-0.825491
-0.660861
0.657526
-0.018512
-0.552102
0.616322
-0.166713
0.877994
0.104901
-0.283241
0.294529
0.126551
-0.748625
-0.113527
-0.337658
0.558661
0.138013
-0.987924
0.595397
0.438722
-0.863400
0.856560
-0.139512
-0.091758
-0.497879
-0.935156
0.032221
0.527948
0.274645
-0.103765
0.563948
-0.045650
0.037131
0.832085
0.868577
0.431165
0.258810
-0.958260
0.427399
-0.054092
-0.852813
-0.407665
0.564329
-0.550333
-0.092387
-0.145593
0.071141
-0.609476
0.319791
0.208550
-0.786274
0.832853
-0.413766
-0.382376
0.203812
-0.673768
0.957170
-0.720563
-0.426388
-0.445086
0.166304
0.617998
0.957119
0.661788
-0.847219
0.402999
-0.850623
0.163612
-0.885954
0.853493
-0.672493
-0.979313
-0.391007
-0.973146
-0.756042
-0.820517
0.251120
-0.599080
0.325906
-0.020087
-0.385684
-0.202578
-0.073417
-0.853861
-0.995817
0.007570
0.492310
-0.488441
-0.398481
0.323148
0.414849
-0.013043
-0.053691
-0.969590
0.924687
-0.244320
0.387876
-0.528902
-0.818887
-0.598442
0.321695
-0.735272
0.390136
-0.159798
0.265330
0.087209
-0.542128
0.316507
0.816297
0.124467
-0.537082
-0.454886
0.481999
-0.065247
0.286481
0.596288
-0.442596
0.985031
0.969992
0.020938
0.511265
-0.223366
-0.606896
-0.814432
0.613311
0.120891
-0.722081
0.685608
-0.371202
-0.687228
-0.605497
0.346941
-0.552818
0.407117
-0.340325
0.089966
-0.100464
0.534237
-0.119125
-0.446635
-0.694632
-0.950033
0.034213
0.804814
0.026839
-0.569312
0.246252
0.542865
-0.073608
0.146490
0.770188
-0.352138
-0.288100
-0.304597
-0.287444
-0.752776
0.725946
-0.206719
-0.178286
-0.093102
-0.266887
-0.068803
0.672447
0.374849
-0.178517
-0.494813
0.683885
-0.812266
-0.746065
0.557763
0.520265
-0.949665
0.351249
-0.982931
-0.087717
-0.047647
-0.149211
0.732884
0.885273
-0.699491
0.187483
0.962172
-0.288380
-0.428351
0.214789
-0.909711
0.758586
0.202462
-0.317985
-0.820153
0.467940
0.817992
0.119238
0.480062
-0.535794
0.298430
-0.105701
-0.512534
-0.563107
0.227965
-0.023599
-0.306847
-0.207029
0.431821
-0.072265
0.767951
0.411015
0.280519
0.307251
0.367580
-0.479344
-0.353698
-0.403626
0.091234
0.484795
0.684949
-0.609236
0.516711
0.519486
-0.258523
-0.361552
-0.744885
-0.950831
-0.843519
0.205206
0.381366
0.980759
0.376972
-0.927677
0.781425
0.738482
-0.071941
-0.604279
0.883812
-0.241391
0.050444
0.457548
0.700312
0.693467
-0.279076
-0.174616
-0.417453
0.489952
0.930325
0.530819
-0.347244
0.553992
-0.127805
0.039789
0.124311
0.783020
-0.986730
-0.858526
0.050144
-0.222519
0.749773
-0.435691
0.950630
-0.474260
-0.047379
0.365615
-0.901214
-0.595108
-0.670781
0.130400
-0.950836
0.696567
0.864693
0.735340
0.660518
-0.852844
0.368927
0.004817
0.078769
-0.447986
0.210337
0.921571
0.003948
0.892479
0.568696
0.001434
-0.268856
-0.093154
0.787649
0.124958
-0.275523
0.679415
-0.047343
-0.260777
-0.802449
0.477234
-0.116508
0.027352
-0.597315
-0.623870
-0.034588
0.059294
-0.532476
-0.063018
-0.480465
0.016096
-0.383460
0.489970
-0.014863
-0.295314
0.752670
-0.236608
0.038883
-0.285256
0.937974
0.008890
-0.380244
0.808814
-0.196307
-0.675787
0.149415
-0.831777
0.199012
-0.445068
-0.675417
0.997489
-0.081874
0.013781
-0.451072
-0.812618
-0.442575
-0.935055
-0.583775
0.760616
0.078039
0.278446
0.226418
0.555637
-0.132945
-0.257416
-0.308893
-0.730790
0.544122
-0.636131
-0.440608
0.186241
-0.327447
0.830918
-0.039164
0.901895
0.528208
0.913248
-0.131847
0.675333
-0.511531
-0.049376
-0.292808
0.544128
0.193102
0.302760
-0.921494
-0.621612
-0.660408
0.661826
0.269267
0.744893
-0.210342
-0.426441
-0.099630
0.180294
-0.012992
0.380839
-0.301237
-0.685918
0.035202
-0.451568
0.802833
-0.106976
-0.495119
0.752323
0.598061
0.517036
-0.322928
0.390533
-0.142388
-0.372511
0.713325
-0.463772
-0.174084
-0.985181
-0.335750
-0.984842
-0.385670
-0.167667
-0.198787
-0.061808
0.261675
-0.885210
0.994856
0.051991
-0.382192
0.000351
0.161514
0.525129
-0.261138
0.403233
0.421030
-0.253582
0.383251
0.506044
-0.794411
0.405251
0.098959
-0.074043
0.161987
-0.001741
0.401413
-0.947789
0.433578
-0.764355
0.078979
0.590356
-0.654310
-0.708710
-0.047903
-0.783652
0.637162
-0.177339
0.445135
-0.335191
0.205798
0.134743
0.440488
-0.380908
-0.585404
0.953692
-0.867286
0.617407
-0.680209
0.161512
-0.517106
-0.528449
0.879273
-0.158192
-0.992295
0.730801
0.224548
-0.245241
0.689098
-0.991727
0.223525
0.091597
0.075638
-0.374504
-0.118044
-0.005468
0.681513
-0.163332
0.243293
-0.585386
-0.405091
0.934418
0.225922
0.919133
0.664094
0.865947
-0.016360
-0.927290
-0.439545
-0.382696
-0.210342
0.924609
0.977918
0.135637
0.338880
0.267992
-0.792058
-0.384841
0.444280
0.525631
-0.865964
-0.563900
0.965925
0.727708
0.196436
0.670053
-0.861285
0.010008
0.892060
-0.523413
0.167137
0.168411
-0.447377
0.777635
-0.517001
-0.858983
-0.812037
0.642973
0.393322
-0.968870
-0.367568
0.979904
-0.013311
0.966523
-0.824698
-0.992889
0.830895
0.402242
-0.145123
-0.481589
-0.993659
-0.760687
0.025092
-0.507051
0.178671
-0.175326
0.010747
0.597776
0.496572
0.564822
-0.248259
0.485224
-0.551310
0.091825
-0.367938
-0.369904
-0.938953
0.305523
-0.094461
-0.546762
-0.873116
-0.987308
0.913997
0.389766
0.431996
0.271747
0.794362
-0.413340
0.010064
0.660278
-0.449606
-0.297021
0.836370
0.513499
-0.159151
-0.795012
-0.295482
0.824711
0.666608
-0.582686
0.406406
0.018589
0.262334
0.879314
0.292407
0.123057
0.242756
-0.066424
0.851534
0.219507
-0.748323
-0.615300
0.400015
0.009570
0.974792
-0.444862
0.971421
-0.486768
0.978542
-0.865440
0.630042
0.449307
0.126628
0.075737
-0.917094
-0.669675
0.730484
0.183039
0.829383
0.153909
-0.663761
0.067500
0.102245
0.366717
-0.327157
-0.456361
0.243063
0.713802
0.089070
-0.459951
0.052038
0.425593
0.610668
-0.361899
0.430788
0.536061
-0.377588
0.215808
0.092196
0.360994
0.286844
0.067506
0.170294
0.479727
0.140564
-0.806620
0.495934
-0.888559
-0.995506
-0.696380
0.227019
0.773970
0.153791
0.478389
0.881311
-0.926199
-0.780652
0.851798
-0.305331
0.265305
0.418070
0.005886
0.147968
-0.139209
-0.638171
-0.409136
-0.717642
0.591040
0.074912
0.006726
-0.489919
-0.961701
-0.539689
0.251111
0.331379
-0.885926
-0.683690
-0.306600
-0.604662
0.120313
-0.495149
-0.394779
-0.839066
-0.584194
0.525898
-0.921577
0.301892
0.873529
0.875127
-0.123424
-0.509526
0.781521
0.594762
0.441458
-0.715688
0.583870
-0.831316
-0.530762
-0.178550
0.713941
0.131722
0.003162
0.955190
0.871504
-0.765401
0.829788
0.473026
0.469446
0.451927
-0.447436
-0.988709
0.671925
0.155889
0.387229
-0.067208
-0.492383
-0.977088
-0.480044
0.174575
-0.407945
-0.335733
-0.670780
0.540016
-0.669501
-0.599455
0.372693
0.069064
-0.707774
0.687716
-0.934000
-0.289442
0.059624
-0.367901
0.119042
-0.571095
-0.431875
-0.680830
-0.613169
0.170310
-0.836635
-0.167602
0.826628
-0.876845
-0.089196
0.835891
0.939415
-0.901915
0.523712
-0.446810
-0.785831
-0.895741
0.116274
-0.910928
0.153813
-0.752677
-0.899946
0.957063
0.088174
0.200625
-0.136887
-0.238221
-0.848397
-0.965361
0.954551
0.571673
0.849799
-0.598176
0.177973
-0.741645
-0.732021
0.822689
-0.922643
-0.382829
0.117651
-0.950461
-0.136964
-0.605778
0.622192
-0.701038
0.755157
0.616682
0.008187
0.860339
-0.724360
-0.214132
-0.047583
0.684567
-0.023686
-0.724592
0.893514
0.329087
-0.726184
-0.864752
-0.437631
-0.827494
0.060579
-0.189413
-0.560716
0.578689
-0.044866
0.396519
-0.496051
-0.690288
0.033194
-0.702605
0.826510
-0.264913
-0.365669
-0.033112
0.230483
0.877828
-0.443918
-0.578661
-0.940329
0.468264
-0.128243
0.163899
0.302536
-0.171936
-0.713684
0.945060
-0.611814
-0.314297
-0.941182
-0.916014
-0.789492
0.360801
-0.152967
-0.678142
0.129960
0.928337
-0.051256
-0.698300
-0.875661
0.470071
-0.962137
-0.753732
-0.600965
0.971356
-0.701692
0.913182
0.123500
-0.856950
0.880234
-0.768383
-0.442374
0.607305
-0.494852
-0.143854
-0.992705
0.938183
-0.708746
0.526285
0.135307
0.958128
-0.609461
0.328428
-0.831976
-0.694908
0.285454
0.800820
0.462459
-0.933061
-0.004873
-0.077705
-0.999957
-0.724365
-0.071833
-0.798596
-0.264710
-0.700038
-0.353235
-0.397142
-0.323972
0.244654
0.848162
0.728213
-0.256339
0.127601
0.893989
0.001513
-0.455523
-0.311290
0.897271
-0.726989
0.048498
0.712065
0.974187
0.616851
-0.488609
0.653241
-0.648048
0.096631
0.634672
-0.310125
-0.975110
-0.784559
0.568482
0.349766
0.521448
-0.249240
0.710809
0.588600
-0.989169
-0.000953
0.442173
0.746628
0.708449
0.565111
-0.428499
-0.151450
0.621059
-0.836067
-0.117273
-0.668524
-0.956914
0.685662
0.530289
0.681423
-0.073085
0.810089
-0.407681
-0.673706
-0.739265
0.843563
-0.673572
0.232201
0.631364
0.048617
0.781783
0.311348
-0.353458
-0.024445
-0.241499
0.414322
-0.204141
-0.547674
-0.684163
0.429846
0.838710
0.520333
0.532105
-0.796048
0.347785
-0.022337
-0.184496
0.137626
0.243385
0.009970
0.411520
0.620299
-0.186364
-0.925157
0.251590
-0.464025
0.431596
0.512066
0.080463
0.663060
-0.700745
-0.495839
0.231849
-0.133016
-0.644258
0.073056
0.462450
-0.162480
-0.968798
0.216279
-0.857631
0.023279
0.838094
0.629060
0.934753
-0.406594
0.160528
0.983320
-0.542348
0.419934
-0.314064
-0.791541
-0.623322
0.296786
-0.793265
-0.522677
-0.571122
-0.777028
0.418344
0.639590
0.698481
0.249661
-0.598063
0.560278
-0.344380
0.579900
0.087275
0.468263
-0.439377
0.316329
-0.005471
0.127503
-0.190683
0.028116
0.909282
0.256965
-0.957269
-0.609430
0.334068
-0.525442
0.832633
0.367907
0.583220
-0.573125
0.828824
0.992747
0.185344
-0.604052
-0.527344
0.794582
-0.924632
-0.873237
0.775613
-0.581515
-0.431296
-0.422052
0.183237
-0.840729
0.203646
0.348246
0.509489
0.891547
-0.375955
0.557642
0.373582
0.325208
0.655462
-0.194262
0.081564
0.560698
0.067926
-0.272986
0.913367
-0.122918
-0.527965
0.282510
0.028668
-0.322315
0.060626
0.781721
-0.351589
0.593526
0.588652
-0.288110
-0.456485
-0.042943
-0.437162
0.391336
-0.598657
-0.085551
-0.857176
-0.393922
0.552324
0.144257
0.108245
0.381415
-0.175682
-0.507451
-0.505749
0.861347
0.657889
-0.718201
0.287803
-0.713587
0.935986
0.380876
0.106572
0.309474
-0.462726
-0.302312
0.291264
-0.576568
0.397002
-0.123243
0.326308
0.987160
0.408651
-0.798474
0.775222
-0.845094
0.085571
-0.856951
0.219315
0.881464
-0.612861
0.228067
0.163114
-0.854353
0.712392
-0.191634
-0.914574
-0.979807
-0.654533
0.940262
0.157051
-0.186140
0.481732
-0.416988
0.045049
-0.910488
0.829115
-0.795800
0.414677
0.673097
-0.059651
-0.246670
-0.597648
-0.347098
0.357791
-0.860047
0.334575
-0.278671
0.900199
0.026142
-0.198400
-0.389847
0.130452
0.567374
-0.670338
-0.581625
-0.482355
0.346810
0.077019
-0.168744
-0.654567
0.903099
0.162106
-0.163613
0.431848
-0.196520
0.460429
-0.188624
-0.242274
-0.648067
-0.148619
0.415064
-0.839871
-0.113975
-0.909865
-0.114789
-0.155138
-0.725567
-0.300716
-0.053141
-0.707907
-0.081190
-0.492304
0.982754
-0.393855
-0.675980
-0.253492
0.147916
0.687734
0.283550
0.088478
0.455656
0.172594
0.107421
0.489460
0.323889
-0.534772
-0.917745
0.176182
0.928407
-0.067509
0.485680
-0.261274
-0.964379
0.973534
0.279922
-0.757025
-0.695679
-0.995119
0.501670
0.770284
0.013366
-0.834124
0.839583
0.863287
0.038448
0.007019
0.069213
-0.075651
0.815319
0.385756
0.885836
-0.654788
0.028574
-0.117167
-0.629290
-0.485565
-0.589963
-0.709307
0.818444
-0.531880
-0.527485
-0.853430
0.472805
0.260643
-0.735425
0.593100
0.711160
0.381025
0.176911
0.663866
-0.052367
0.088418
-0.761068
0.801900
-0.076653
-0.940462
-0.505470
-0.118537
-0.458028
-0.327891
-0.036805
-0.187281
-0.058895
-0.398387
0.765932
-0.835304
0.018071
0.803356
-0.778235
0.771333
-0.116746
-0.063463
0.715713
0.444938
-0.098422
-0.669386
0.475660
-0.336549
0.290034
-0.563924
0.377972
-0.667752
0.894942
-0.311899
0.890532
0.497457
0.999208
-0.519853
-0.642927
0.912876
-0.534043
0.212943
-0.951445
0.250882
0.383286
0.756070
-0.523405
0.773100
-0.276179
0.921010
0.933650
-0.563509
0.753758
0.764558
0.160643
-0.172337
0.231842
-0.391173
-0.292874
-0.778806
-0.265959
-0.794420
-0.370603
-0.010080
0.187198
-0.329038
0.979383
-0.830169
-0.826752
-0.544462
-0.591281
-0.703473
-0.044424
-0.621727
-0.269864
-0.911689
-0.468575
-0.937067
-0.152847
-0.017928
0.795088
-0.579550
-0.663135
0.457035
0.431996
-0.499913
0.306685
0.437961
0.841339
-0.990446
0.837276
-0.220710
-0.877150
0.836065
0.044200
-0.779060
0.343324
0.121471
0.091740
-0.076292
0.619259
-0.662094
-0.788729
-0.979300
-0.911979
0.810444
-0.140379
0.263989
-0.627007
-0.918564
-0.969215
-0.421478
0.241985
0.324142
0.864775
0.132053
0.344707
0.175216
-0.982375
0.039103
-0.851187
-0.424954
0.633730
-0.850074
-0.734777
-0.639150
-0.038992
0.186027
-0.148635
-0.112213
0.285640
-0.731239
0.467886
0.175282
0.141579
0.522820
-0.991279
-0.843251
-0.737769
-0.398604
-0.046991
0.247706
0.969243
0.903170
-0.250589
-0.373679
0.571867
-0.650184
0.894491
-0.299246
0.357102
-0.185704
-0.421426
-0.202009
-0.487372
0.848131
0.543124
0.947711
0.449546
-0.834634
0.003138
-0.990233
-0.609105
-0.600195
0.722744
0.492419
0.210027
0.210647
0.268089
0.466792
0.635984
0.340427
0.103293
0.744335
0.033749
0.736650
-0.224724
0.683809
-0.894742
-0.289291
-0.077842
0.524752
0.740719
0.726779
-0.143473
-0.731807
0.157443
-0.988067
0.469823
0.359307
0.295247
0.555921
-0.269703
-0.404069
0.204984
0.038128
-0.216477
0.667830
0.572891
0.162333
-0.517858
0.868378
0.879492
-0.113973
0.280052
-0.536392
0.795033
-0.239121
0.250001
0.710556
-0.707197
-0.784532
0.690837
0.195081
-0.006430
-0.284969
-0.645447
0.376368
0.778037
-0.451531
-0.403115
-0.376016
-0.306345
-0.186509
-0.244039
0.613356
-0.992992
-0.516376
-0.185068
-0.290474
0.730550
0.812753
0.854734
-0.277424
0.301863
-0.246063
-0.440001
-0.965177
-0.181704
-0.228377
-0.349606
0.555912
0.069445
-0.432592
0.245421
-0.714959
-0.199287
-0.245329
-0.166116
-0.426373
0.469925
-0.193046
-0.374656
0.286484
0.996137
-0.786751
0.902572
0.411752
0.598229
0.291574
-0.399514
0.204107
0.936550
-0.378623
-0.723744
0.004814
-0.122506
-0.946245
0.621608
-0.939171
-0.971662
-0.302266
-0.623764
-0.092311
-0.844431
0.846033
-0.266971
-0.903870
-0.649505
0.098141
0.605307
-0.914807
-0.170927
-0.790746
0.650192
0.048752
0.177739
0.839475
-0.963746
0.247793
0.194513
0.568803
-0.400877
0.426700
-0.363695
0.048280
-0.930293
-0.840095
-0.161972
-0.881352
0.526101
-0.013747
-0.312749
-0.816439
0.961384
-0.965326
0.215811
-0.710945
0.657060
0.937496
-0.800275
0.757705
0.521910
-0.218178
0.251151
-0.728782
0.636982
-0.610550
-0.635799
-0.599602
-0.889726
0.259336
-0.585745
0.200048
0.311025
-0.404403
0.369961
-0.861831
0.144962
-0.583488
0.982771
-0.393442
-0.668612
-0.417093
-0.456765
0.721378
0.201285
0.038170
0.453705
0.796270
0.963219
-0.710006
-0.581659
-0.109625
0.090602
-0.716015
0.410986
0.784018
0.414285
-0.367977
0.064808
-0.017495
-0.723667
0.207256
0.655743
0.335409
0.741948
-0.955116
0.465418
-0.686622
0.950820
0.939344
0.396559
0.631531
0.919671
-0.753587
0.890101
-0.214585
0.094778
0.167002
0.113104
-0.430225
0.044649
-0.687825
-0.855339
-0.456310
-0.210693
-0.112430
-0.949956
0.558517
0.345407
-0.814865
-0.199439
-0.469584
-0.275933
0.085398
-0.549530
-0.878401
0.867072
0.453393
-0.549131
-0.088800
0.754824
0.067793
0.112553
0.252614
-0.058341
0.339630
0.123770
0.561863
-0.609142
-0.731959
-0.030946
0.268720
0.248265
0.699784
0.645059
0.735712
0.698904
0.242850
-0.020946
0.379268
0.976980
0.235453
0.034430
0.702004
0.889259
0.976671
0.802632
0.128483
0.456430
0.093710
0.423806
-0.771043
0.220366
0.130835
-0.418635
-0.045340
-0.442009
0.548307
-0.436130
-0.127912
-0.080681
-0.453549
0.116125
0.486782
-0.372798
-0.104397
-0.278764
0.917149
0.913164
0.048127
-0.752810
0.222144
-0.144737
-0.043992
-0.707579
0.923454
-0.083619
-0.443353
-0.968789
0.878786
0.105912
0.626491
-0.068063
-0.240271
0.401650
0.228094
0.131344
0.365219
-0.097669
-0.842631
0.665180
-0.331027
0.694028
-0.182949
-0.202323
-0.652623
-0.147791
0.988992
-0.168122
-0.034550
0.903977
-0.166247
0.834802
-0.930249
0.103934
0.361433
-0.724826
0.482986
-0.650805
-0.458881
0.413021
0.222632
0.451299
-0.644043
-0.498167
-0.158397
-0.292925
0.272015
-0.900956
-0.377488
-0.514295
-0.390550
0.516336
-0.208161
-0.216369
-0.942230
0.423211
0.525132
0.908619
0.906471
0.548408
-0.682139
0.155809
0.197449
-0.256703
-0.572110
-0.450639
-0.426008
0.740531
0.855060
0.633233
0.790710
-0.238527
0.007516
0.273242
0.307684
0.810631
-0.710711
-0.799075
-0.234904
-0.414284
0.691796
-0.754896
-0.179764
-0.657550
0.600636
-0.421825
-0.717389
0.958337
-0.285291
0.129622
0.545450
0.135774
-0.317468
0.461106
-0.760722
0.240103
-0.756929
0.621005
0.438427
-0.753713
0.940361
0.484405
0.653393
-0.139087
-0.819832
0.030087
0.735140
0.353751
0.019347
0.821528
0.116113
0.476533
-0.885975
-0.048734
0.718656
0.482604
-0.458708
0.118060
-0.544784
-0.124074
-0.430120
0.714792
-0.024127
0.552731
-0.947239
0.264127
-0.974154
0.704109
-0.041479
-0.660225
-0.841259
0.176190
0.906215
-0.593132
0.760836
-0.904908
0.067883
0.756914
-0.697321
-0.873245
-0.850599
0.611516
-0.457259
-0.275058
0.131496
0.666471
-0.794841
-0.094618
0.377119
-0.826384
-0.518927
0.864261
0.542634
-0.743521
-0.696731
0.055755
-0.648210
-0.532540
0.160252
-0.700213
-0.817591
0.947176
0.035842
-0.003842
0.930160
-0.985424
-0.252733
-0.517217
-0.730480
-0.742928
0.447114
-0.851947
0.180661
-0.255142
0.171767
0.774825
-0.145510
-0.921620
-0.397679
0.668660
-0.189310
0.719937
-0.922002
-0.675266
0.096162
0.036077
0.276540
0.737508
-0.662730
-0.322308
0.541286
0.307752
0.794596
0.862270
0.672506
0.329175
-0.229958
-0.350229
0.584109
0.654297
-0.088229
0.972963
-0.883304
-0.362824
-0.123034
-0.585969
-0.838830
-0.986818
-0.501905
0.186658
0.622714
0.123936
0.387764
0.060417
0.659735
-0.171505
0.445620
0.981189
0.097697
0.377885
-0.228563
0.467782
-0.382077
-0.896794
-0.756107
0.415045
-0.127531
0.230453
-0.194294
0.756330
-0.088183
-0.023511
-0.334402
-0.334041
-0.665946
0.522015
-0.340219
0.813467
-0.211240
0.560161
-0.816172
0.310795
-0.702122
-0.495558
-0.813448
0.843259
0.845571
0.938224
-0.082450
0.580455
0.018104
-0.932998
0.250990
-0.759076
-0.188752
-0.372975
0.804006
-0.512323
-0.337197
-0.688272
0.333888
0.375288
0.459308
-0.439209
0.526062
-0.235157
-0.543953
-0.745711
0.809290
-0.213019
0.854160
0.181721
0.516750
-0.864253
-0.355554
0.644223
0.746342
0.145795
0.433242
0.849603
-0.934899
0.090539
0.682050
-0.980322
-0.805034
-0.369331
0.061114
0.449063
0.653754
-0.405622
0.398560
0.297184
-0.684319
-0.533133
0.566782
0.136896
-0.715963
0.483631
0.019844
0.303259
0.377704
0.699466
0.973005
0.347327
0.496477
0.935679
0.151771
-0.407267
-0.088847
0.791886
0.306924
0.090638
0.319140
0.328931
0.571308
-0.508249
0.211393
-0.815865
-0.762993
0.575770
0.036450
-0.135289
-0.135577
0.572621
0.777086
0.311915
0.678582
-0.300383
-0.010817
0.868336
0.946203
-0.124734
0.372834
-0.411147
-0.678195
-0.138192
0.858769
0.325574
0.012947
0.671458
0.432127
0.425804
0.996261
-0.529661
-0.688174
-0.479697
-0.713468
0.342119
0.146692
-0.117744
-0.437698
-0.718778
-0.749298
-0.712817
-0.637686
0.068371
0.699882
-0.039192
0.272593
0.620620
0.015549
0.768615
-0.187909
0.956343
0.986459
-0.641473
-0.804161
-0.967621
-0.430286
0.876950
-0.330230
-0.888017
-0.222617
-0.454651
-0.705521
-0.509030
0.547526
0.075476
0.421683
-0.064348
-0.306891
-0.008760
-0.036455
-0.519790
0.232451
-0.427506
-0.246845
0.118655
0.882924
-0.971875
-0.781029
0.630237
-0.232673
-0.339746
0.802390
-0.337723
0.077625
-0.110823
0.303761
0.385751
-0.365356
0.779307
-0.521414
0.785754
0.995290
0.364798
0.317339
0.793571
0.188214
0.388456
-0.896185
-0.481714
0.086048
0.257456
0.707915
0.512194
0.860008
-0.840077
-0.677210
-0.525849
-0.973960
-0.806328
0.588450
-0.435676
-0.597176
0.390228
0.394972
-0.548951
-0.198009
-0.375514
0.087266
-0.160247
-0.378112
0.447427
0.636485
-0.615309
-0.958171
0.615868
-0.779627
-0.480894
-0.157262
-0.373880
-0.223330
-0.754187
-0.382693
-0.656202
-0.634058
0.391816
-0.812003
-0.380662
0.253764
-0.674591
-0.087599
-0.693258
0.409067
-0.395592
0.797886
-0.076626
0.498504
0.795914
0.468374
-0.337101
0.611787
0.827246
-0.149082
-0.606958
0.860284
0.281093
-0.944712
-0.638697
0.066959
0.103686
-0.279917
-0.032431
0.465510
0.413342
0.086749
0.119281
-0.943631
-0.165749
0.391387
0.853811
0.735302
-0.888582
-0.849717
0.055215
0.310352
-0.303686
-0.507321
0.049568
0.057753
-0.649523
0.497088
0.943421
-0.553718
0.790319
-0.665320
-0.467634
-0.811163
-0.961118
0.539647
0.146893
0.626489
-0.675995
0.571134
0.500473
0.624382
0.176825
0.182290
0.141280
-0.920953
0.005744
0.997977
0.550861
-0.591281
-0.133461
-0.906392
-0.584523
-0.411375
-0.789843
0.623045
0.284562
-0.728172
0.294891
-0.590790
-0.348433
-0.233337
0.132732
-0.941788
0.852418
-0.394248
-0.236903
0.424882
0.430213
0.802479
0.973894
-0.208760
0.877146
-0.027059
0.180376
0.937546
0.632472
-0.580709
0.676353
-0.383014
-0.076860
-0.806741
0.051156
-0.470137
-0.808284
-0.125953
0.552902
-0.533813
-0.814129
0.356836
-0.806307
-0.468407
-0.937819
-0.618708
0.567373
-0.627113
-0.204492
0.793824
0.409219
-0.010138
0.872702
-0.065330
-0.550214
-0.684708
0.398483
0.417771
-0.934903
-0.388529
-0.362520
0.953148
0.187753
0.806331
-0.613542
-0.148427
-0.722941
0.440661
-0.995983
0.776635
0.111101
-0.898995
0.013434
0.164043
0.767102
0.625188
0.089954
-0.399922
-0.886252
-0.235284
0.496685
0.507420
0.993812
0.988991
0.642677
0.270925
-0.333142
-0.342549
-0.890914
-0.483489
0.585591
-0.500626
-0.030810
-0.864079
-0.099935
-0.820865
0.706842
-0.177853
0.032815
0.698089
0.070389
-0.407934
0.349112
-0.739408
-0.493527
0.271334
-0.718253
-0.599633
-0.463496
-0.905061
0.502871
-0.163343
-0.094631
0.871217
-0.559364
-0.877176
-0.526112
0.480195
-0.915555
0.995262
0.981625
0.353430
0.714528
0.632234
-0.264585
0.788297
0.853549
-0.990074
0.799707
0.919566
0.337946
0.974905
0.872320
-0.187183
-0.619794
-0.356470
0.006475
0.107199
-0.718756
-0.328146
-0.412322
0.448744
-0.391938
0.589194
0.050072
-0.372239
-0.855977
0.521741
-0.480191
-0.090247
0.308295
0.060920
0.023574
0.865081
0.166470
-0.626698
-0.303229
-0.755784
-0.891909
0.167986
-0.590700
-0.390043
0.756033
0.764721
0.589627
0.169633
0.709230
-0.299067
0.121209
0.513152
-0.082264
0.077105
0.264027
0.888590
0.183522
0.348954
-0.517057
-0.065119
0.282639
-0.849954
0.404983
-0.383159
0.152464
0.895058
0.515533
0.206558
0.206423
0.499277
0.073281
-0.610609
-0.817881
-0.741701
0.802480
0.561083
0.913621
0.379509
0.148663
0.795110
0.267116
-0.233973
-0.015878
0.592751
-0.481036
0.878728
0.865330
0.344987
-0.178387
-0.369505
-0.955110
-0.287546
-0.804416
-0.378590
0.186974
0.941774
0.316420
-0.845775
0.388057
-0.687890
0.512953
-0.719792
-0.817568
-0.187020
-0.706568
-0.155482
-0.847914
0.969322
0.098220
-0.445080
-0.425395
-0.569660
-0.414898
0.504077
0.365053
-0.181693
-0.751604
0.489899
0.278800
0.835954
0.623811
-0.932686
0.319795
0.310084
0.113832
0.065236
0.212352
0.804296
-0.784909
0.979413
0.228587
-0.593000
0.663472
-0.301347
-0.398886
0.615435
-0.079082
-0.907639
-0.051945
0.280344
0.086329
0.680994
-0.580835
-0.896616
0.239629
0.826055
0.550000
-0.351508
-0.815524
0.030764
0.746722
0.962512
0.126489
-0.470707
-0.555322
-0.230661
-0.060312
0.550874
-0.651116
0.944636
-0.433945
-0.080114
0.938335
0.925183
-0.530751
-0.521574
0.789679
-0.028713
-0.380821
0.380922
-0.765330
0.110105
0.999742
0.571968
-0.883911
0.135216
-0.145472
-0.658986
0.702724
-0.116248
-0.032525
-0.858053
0.794415
0.357207
0.651754
0.714208
-0.656161
0.353179
-0.424264
-0.596358
-0.670246
0.699717
-0.330491
0.893994
0.778954
0.625699
0.768402
0.195377
-0.908143
-0.852219
-0.304331
-0.876213
-0.614069
-0.474393
-0.913299
0.238706
0.909101
0.760075
-0.717997
0.393661
0.242384
-0.305207
-0.364022
0.297734
-0.970362
0.770915
-0.535504
0.152133
-0.867938
-0.966286
0.595326
0.222883
0.676003
-0.729455
-0.237861
0.394933
-0.286736
0.062012
0.314536
0.905487
0.955972
-0.633682
-0.503728
-0.206595
-0.176871
-0.949995
0.981597
0.550068
0.346740
0.554733
0.740335
-0.246227
0.293692
-0.812406
-0.414958
-0.070272
-0.609994
-0.415904
0.491109
-0.782722
-0.003050
-0.059756
0.886531
0.241507
-0.759154
-0.888333
0.422355
0.867721
0.733069
0.113629
-0.441127
-0.810227
0.157894
0.705123
0.167019
0.713677
0.502004
-0.818487
0.196662
-0.661762
0.900057
-0.385014
-0.176102
-0.474399
0.893108
-0.988712
0.520103
-0.729395
0.390621
0.829701
0.170925
-0.159394
0.953708
0.518667
-0.198551
-0.268503
0.722225
-0.805178
-0.152483
0.966816
-0.030001
0.405369
-0.038289
-0.608878
0.442181
-0.624028
0.696550
-0.925408
-0.810018
0.224903
0.394974
-0.428899
-0.750519
0.138720
-0.426737
0.706567
0.226098
-0.063761
0.990573
0.569947
0.099519
0.649403
-0.044599
-0.069256
0.470747
0.039828
-0.740472
0.998137
0.732006
-0.849733
-0.076503
-0.281531
0.556370
0.289683
-0.336684
-0.489766
0.309283
-0.671664
0.688648
0.315485
-0.469800
-0.158676
-0.161301
-0.458629
0.645962
0.510947
0.593170
-0.333284
0.292972
0.963360
-0.275885
0.393409
0.165037
0.805443
-0.333748
0.207307
-0.955752
-0.654701
-0.330421
0.677286
0.051006
0.941781
-0.288135
-0.909879
-0.900094
-0.002932
-0.446705
0.502850
0.806181
0.719965
0.426707
0.322125
-0.517994
-0.026400
-0.553457
0.396310
0.794804
0.969058
0.385592
0.521100
0.668147
-0.394054
0.639551
0.609792
0.539206
-0.778640
0.775815
-0.613165
-0.709156
-0.199202
-0.715990
-0.326639
-0.618483
-0.360886
0.045427
0.862817
0.296857
0.006533
-0.788469
0.101041
-0.824358
0.795108
-0.174000
-0.877965
0.648026
0.036829
0.043998
-0.487948
-0.900874
-0.412273
-0.551456
0.535073
0.978856
0.938289
-0.972197
0.033947
-0.119963
-0.370775
-0.043455
0.691344
0.612269
0.543953
-0.737452
0.460683
-0.662172
0.408078
0.446639
0.028264
0.237111
0.676532
0.549702
-0.668172
-0.605613
0.536467
0.234043
0.974222
-0.139856
0.152340
0.653987
-0.853170
0.033293
-0.488051
0.502742
0.771590
-0.076751
0.042749
0.866486
0.753806
-0.214152
0.133810
-0.632843
-0.037320
-0.706261
0.645461
0.698399
-0.149202
0.169509
-0.014660
-0.123719
0.029572
-0.157671
0.449323
-0.936951
-0.626081
-0.688490
0.055289
0.626296
0.987830
0.443507
0.769463
-0.752173
-0.412745
-0.850546
0.518736
-0.609868
0.319360
0.974920
-0.544137
0.447782
0.267886
-0.189309
0.467527
-0.732453
-0.807784
-0.243759
0.933272
-0.758742
0.355785
-0.841497
-0.078135
-0.801407
0.480391
-0.044834
-0.888706
0.917406
0.026923
0.474460
-0.021000
0.353521
0.401697
0.522307
0.973141
-0.894286
0.926463
-0.565139
-0.091067
0.413150
0.114928
-0.146885
-0.539086
-0.300679
-0.471177
0.845742
-0.372839
-0.635538
0.080503
0.146732
-0.614213
0.421555
0.469796
-0.077677
-0.296503
-0.678945
-0.514784
0.180803
-0.265580
-0.390693
-0.601985
-0.292929
-0.799193
-0.691552
-0.971231
-0.356371
-0.383420
0.565818
-0.149396
-0.676318
0.527036
-0.731003
-0.511604
-0.029271
-0.336838
-0.569943
0.594917
-0.861452
-0.056238
-0.621455
0.462126
0.808017
0.266638
0.032285
-0.589740
0.708399
-0.994702
-0.643883
-0.194399
-0.572181
-0.207408
-0.728550
0.860867
-0.441720
0.143909
0.450096
-0.599636
-0.101450
-0.799347
0.024459
0.690044
-0.838032
-0.278629
0.080063
0.211457
0.598364
-0.243264
-0.959144
0.708133
0.812079
0.651583
-0.794440
0.853748
0.770205
-0.265902
0.668619
0.567322
-0.208781
0.253071
0.675407
-0.838475
0.514082
0.132753
0.371971
-0.166839
-0.175431
0.221124
0.114349
-0.778668
-0.843840
0.003508
0.210483
-0.859731
-0.208860
0.527837
-0.941053
-0.919448
-0.111417
0.034733
-0.259364
0.711114
0.223947
0.999362
-0.039414
0.687958
-0.994700
0.094258
0.411259
0.234257
0.828955
-0.215575
-0.482245
-0.144548
0.000441
-0.445667
-0.420909
-0.571162
0.148210
0.262194
0.727072
0.998598
0.737887
-0.683781
-0.331994
-0.527460
-0.628244
0.456599
-0.240179
-0.579200
0.057171
-0.870840
-0.363978
-0.973017
0.698508
-0.495108
0.191487
0.604891
-0.121051
0.403267
-0.460997
-0.878002
0.830906
-0.108626
0.247731
0.381563
-0.895609
0.264242
-0.575998
-0.625127
-0.169098
-0.372506
-0.216279
-0.401656
0.816145
0.636773
0.152706
0.826382
0.768988
-0.711601
-0.175685
-0.986634
0.775608
-0.493693
0.176072
-0.260410
-0.741622
-0.553952
-0.051859
-0.159585
-0.615522
0.984369
0.455583
0.802496
0.864569
-0.973085
0.681803
0.346995
0.069941
-0.784123
0.631296
0.295377
-0.457297
-0.844499
0.995378
-0.474505
-0.959223
0.863858
0.255391
0.429302
0.714882
0.220856
-0.595890
0.987676
0.194000
-0.071707
-0.319813
-0.335964
-0.933507
0.552097
-0.939638
-0.534375
-0.126787
-0.851353
-0.894787
-0.370921
-0.644045
0.493108
-0.090694
0.782302
0.476403
-0.522879
0.023166
0.157752
-0.544306
-0.718688
-0.952084
0.500854
0.257533
-0.737259
-0.237836
0.349862
0.312457
-0.865812
-0.230727
-0.629475
0.219047
0.165803
-0.998536
-0.324619
0.268335
-0.185827
0.630094
0.480114
-0.631352
-0.486782
-0.875208
-0.918319
-0.439341
-0.521716
-0.527576
0.297833
-0.570274
-0.812476
-0.161160
-0.729149
-0.861427
0.811156
-0.509904
-0.969519
0.927286
-0.107031
-0.085824
0.452257
0.229463
-0.199981
-0.916886
-0.955638
-0.722582
0.727950
-0.029046
0.951659
0.807043
-0.165615
0.058554
-0.899550
0.661024
0.718603
-0.603666
0.665532
0.364281
0.251048
-0.372038
-0.206970
-0.671261
-0.170401
-0.070044
-0.062305
0.786075
0.327875
-0.046634
-0.263182
-0.639022
-0.856811
-0.805386
-0.497656
-0.851811
0.720155
0.686765
0.458981
-0.715280
-0.914157
0.479592
0.583574
-0.152025
-0.926848
0.726099
0.765348
0.219895
0.423812
-0.359172
-0.868542
0.000801
0.386206
-0.481310
0.739721
0.772833
-0.503608
-0.680084
-0.318339
0.828395
0.965100
0.177636
-0.028740
-0.323220
-0.311725
-0.925744
0.184550
0.065347
-0.558594
-0.189701
-0.874422
0.731755
-0.412025
-0.159334
-0.728076
-0.694948
-0.700840
0.739498
0.054383
0.229823
0.012394
0.854687
0.765455
0.752287
-0.968281
-0.966907
-0.726144
0.968380
-0.734940
0.295009
-0.939280
0.882609
0.950103
-0.359784
0.447482
-0.710542
-0.356675
-0.069789
-0.884040
0.923821
-0.124516
0.846091
0.452517
-0.009146
-0.236419
0.369721
-0.409104
-0.066760
0.317923
-0.200437
-0.698304
0.341823
-0.459709
0.277054
-0.733643
0.748265
-0.348262
0.774729
-0.326140
-0.560185
-0.500678
-0.130510
-0.129613
0.280488
0.231004
0.517504
-0.952453
0.010589
-0.909516
-0.979859
0.984307
-0.388527
0.904408
0.064303
0.483059
0.300219
-0.057532
0.379522
-0.781777
-0.611425
0.207326
-0.016717
0.316414
-0.615779
0.551343
-0.826884
0.956411
-0.493313
-0.901788
-0.967797
0.532290
0.734976
0.201936
-0.463009
-0.237085
0.456300
-0.504021
-0.613671
-0.589938
-0.231212
0.652344
-0.506138
0.220812
0.463283
0.837753
0.881756
-0.954001
0.295775
0.940989
0.175579
0.851864
0.264716
-0.507920
-0.023780
0.152070
-0.129622
-0.442609
0.530724
-0.293066
0.425886
0.342367
0.688878
0.228681
-0.332587
-0.203119
-0.617663
-0.969687
-0.783610
-0.735700
0.594657
0.450327
0.612378
-0.919557
-0.949836
0.317021
-0.725255
0.200040
-0.197941
0.763063
0.598317
0.543680
0.956808
-0.377356
0.072108
0.425958
-0.765857
-0.223156
0.998451
0.680494
-0.508016
-0.799414
0.798363
-0.567163
0.979136
0.124186
0.690619
-0.659759
-0.300495
-0.195010
0.250040
-0.990131
0.275053
-0.596070
0.279764
0.439661
0.454177
0.942198
-0.875567
-0.834231
-0.339516
-0.361429
-0.192345
-0.989795
-0.676806
0.426810
-0.362031
-0.741887
-0.945672
0.562814
0.543838
0.664488
-0.475256
0.216499
-0.325321
-0.330241
-0.143777
-0.509542
-0.269455
0.933611
-0.626131
0.984873
-0.440064
0.147872
0.382795
0.053729
-0.101864
0.593505
-0.485420
0.080513
0.329855
0.343138
-0.244176
-0.203988
0.216527
-0.496396
0.200743
-0.950041
-0.655171
-0.017583
0.857207
-0.078245
0.049691
-0.019478
0.416416
-0.552104
0.180446
-0.142439
-0.693253
-0.590730
0.110310
0.733787
0.501196
0.956279
0.425390
0.736022
0.376127
0.016761
0.033763
-0.154941
-0.526069
0.445858
-0.845665
0.231411
-0.426312
0.436022
0.969702
0.454608
-0.867338
-0.685423
-0.425008
-0.266614
0.075887
0.210741
0.831361
-0.612313
-0.477834
0.146135
0.740866
-0.378070
0.743580
-0.970303
-0.255619
-0.219421
-0.796000
-0.204176
0.259055
0.029393
0.638939
0.618217
-0.705526
0.357865
-0.614095
-0.620985
0.432314
0.589008
0.586074
-0.124293
0.074276
-0.754501
-0.413320
-0.628391
-0.706362
-0.257136
0.534661
0.756082
-0.756858
0.808763
-0.728691
-0.629776
0.819715
-0.330074
0.484960
-0.175627
0.629678
-0.126759
-0.804992
-0.854848
0.696000
-0.466174
-0.207022
0.408389
-0.442633
0.101564
0.427350
-0.431113
0.383459
-0.771128
0.748935
0.269555
0.345664
0.722864
-0.742752
0.627934
0.647760
0.929309
0.885019
-0.556000
-0.762723
-0.776877
-0.237459
0.856422
0.288612
-0.063158
-0.150099
0.241825
-0.479384
-0.198235
0.785913
0.181352
0.398546
-0.634103
0.926208
0.279493
0.785147
-0.740948
0.455699
0.089317
0.811886
0.710619
0.889036
0.217214
-0.558056
0.471977
0.050668
-0.692378
-0.218263
0.928670
-0.296633
0.078679
0.869768
-0.233183
0.625721
-0.412639
0.385766
-0.677107
-0.173525
0.730050
-0.300436
-0.007114
-0.964326
0.834893
0.125729
-0.069993
-0.070456
-0.824259
0.729770
-0.448374
-0.476877
-0.423863
-0.368926
0.139975
0.209282
-0.111971
0.659570
-0.200993
-0.585736
0.654278
0.673010
-0.265360
-0.121106
-0.697480
0.034417
-0.687429
0.177139
0.332207
-0.994426
0.979918
-0.237374
-0.195930
0.473513
-0.853261
0.882357
-0.828574
-0.824537
-0.974716
0.314679
-0.638650
-0.867449
-0.268758
-0.942521
0.197978
-0.909671
0.587973
0.197467
-0.270296
-0.237284
0.148684
-0.788637
-0.049033
-0.993650
-0.777612
-0.551287
-0.635162
-0.970950
-0.075372
-0.499358
-0.431861
-0.518089
-0.743843
-0.882907
-0.909165
0.112902
0.914613
0.728769
-0.970468
-0.520644
-0.140229
-0.935763
-0.661235
0.967017
0.706981
-0.343867
-0.488851
-0.599457
0.100317
-0.639367
0.397796
-0.324952
0.627581
-0.062898
0.746074
-0.586122
-0.662077
-0.979787
0.850074
-0.095151
-0.948586
0.141734
-0.971077
-0.644506
0.110211
0.673280
0.748396
0.105060
0.899421
0.678556
0.946300
-0.909323
-0.393553
0.548201
0.980840
-0.895272
0.795324
-0.689925
0.186362
0.762205
0.837580
0.969183
0.563311
0.470766
-0.452879
0.180705
-0.233740
-0.143976
0.941076
0.232116
0.657947
-0.587932
0.870009
0.354065
0.624116
-0.873525
-0.594166
-0.719758
-0.873393
0.503895
0.639702
-0.377916
0.758950
0.061453
0.898776
-0.763855
-0.674515
0.418864
0.404536
0.469319
0.961024
-0.791440
-0.497130
0.351052
0.754258
-0.075652
-0.631822
-0.561392
-0.836930
-0.828794
0.934991
-0.535828
-0.108217
0.155398
-0.491957
-0.617280
-0.972656
0.399385
0.558641
-0.803684
-0.207567
0.297885
0.585741
-0.583097
-0.142688
0.056474
-0.603449
-0.589403
-0.976641
0.293225
-0.451408
0.296316
-0.797706
0.349291
0.586126
-0.115225
-0.261245
-0.442159
0.814078
-0.883671
0.207055
0.024865
-0.054596
0.331536
-0.833834
-0.007642
-0.954438
0.461127
-0.964103
0.856886
-0.279650
0.908426
0.244878
0.927876
0.292747
-0.238355
0.141541
-0.894812
0.957102
-0.528772
-0.591473
-0.597319
0.954836
0.100159
0.173694
0.479552
0.594478
0.104202
-0.765165
0.300787
0.244438
0.294181
-0.842031
0.136902
0.912777
0.940378
0.013007
0.167780
-0.050204
0.883723
0.980272
-0.440065
-0.281502
-0.863803
0.076952
0.476759
0.567051
-0.304002
-0.750504
-0.978000
-0.663279
0.553533
-0.797281
0.168432
-0.398459
-0.267574
0.121239
0.330256
0.006746
0.778716
0.847800
0.636490
0.743896
-0.419634
-0.722887
0.152142
0.959850
-0.077298
0.275954
-0.559946
0.127755
0.350881
0.043189
0.220318
0.686201
-0.881788
0.020016
-0.822817
0.496178
-0.013322
0.637755
0.230615
-0.306799
0.101014
-0.877344
0.445842
0.042035
0.066955
-0.958165
-0.912254
0.816473
-0.784458
-0.226146
-0.166027
-0.743592
0.432938
0.620503
0.011077
0.349024
-0.654331
-0.105413
0.406586
0.213267
-0.666591
-0.778449
0.100256
-0.189919
-0.341099
-0.044932
0.295721
0.509056
-0.133803
-0.025775
0.944089
0.473306
-0.562328
-0.932822
-0.392035
0.488729
-0.985980
0.403480
0.176583
0.837452
0.120293
-0.442171
0.946159
-0.453315
0.019968
-0.202461
-0.194304
0.915470
-0.527100
-0.863547
0.563707
-0.547723
0.673413
0.571112
-0.100881
-0.508290
-0.380862
0.401819
0.336229
-0.898591
0.972331
0.311423
0.174846
-0.453188
-0.639557
-0.915562
-0.404217
0.011337
-0.227368
0.261224
-0.599656
0.023948
0.609055
-0.382886
0.101557
0.710568
0.587863
-0.902146
-0.565040
-0.656953
-0.348196
-0.637010
-0.755694
-0.032584
-0.878784
-0.756844
-0.564543
0.265734
0.935368
0.055812
-0.919884
0.852954
0.265784
-0.399416
-0.198741
0.003382
0.973687
0.000426
-0.512761
0.537895
0.626999
0.397505
0.709185
-0.149747
-0.042930
0.033953
0.768703
0.403819
-0.306957
0.711309
0.008089
0.379097
0.623759
0.123705
-0.790026
0.672486
0.700119
-0.102911
0.787640
0.434403
0.493726
-0.790120
0.468615
0.640178
0.914749
-0.972322
0.630958
-0.075178
-0.012046
-0.326660
0.557243
-0.746553
-0.164874
0.384336
-0.734835
-0.010333
-0.795809
-0.224811
0.522848
0.644558
0.302659
-0.514968
-0.207564
0.226252
-0.497178
-0.139464
0.890667
0.645458
-0.268193
-0.572728
-0.330284
0.599928
0.567094
0.709638
-0.201537
-0.091630
-0.033167
-0.692758
-0.534797
-0.061371
-0.767179
0.033184
0.273427
0.648631
0.612181
0.375215
-0.133572
0.944308
0.753855
-0.780741
0.799448
0.867236
-0.282042
-0.298885
0.683741
-0.522611
0.611469
0.191837
0.699634
0.532159
0.521566
0.876041
0.973768
-0.808809
-0.909744
0.305409
-0.631234
-0.495360
-0.938677
0.371085
0.999257
0.969745
0.362559
-0.848891
-0.689916
0.380523
-0.459565
0.188391
0.037607
0.159002
-0.445628
-0.227056
0.267861
-0.423136
0.401641
0.390819
-0.063081
0.415075
0.700549
0.611889
-0.530909
0.808371
-0.135654
-0.344008
-0.815174
0.368884
0.927996
-0.659240
0.522966
0.572259
0.936456
0.097628
0.142406
0.719617
-0.704890
0.310522
0.703592
-0.069565
-0.678669
0.999899
-0.736903
0.652779
-0.647692
-0.981540
-0.475246
0.802774
0.994020
-0.669761
0.457299
-0.787259
-0.892116
0.393772
-0.707319
-0.080291
0.755326
-0.378033
0.964677
0.086056
-0.410536
0.062911
0.117286
0.466696
0.039397
-0.086277
-0.006778
0.627758
0.910130
0.067246
-0.608121
0.165316
-0.975675
0.550402
0.252110
-0.358833
-0.777828
0.423290
0.634045
0.451898
-0.256080
0.819653
-0.362840
-0.587466
-0.792757
0.807048
0.251410
-0.549276
-0.158759
-0.975700
-0.817449
0.926733
-0.562847
-0.430655
0.288778
-0.599736
-0.869472
-0.018603
-0.676723
-0.106265
0.371446
0.303622
0.019697
0.430410
0.345781
-0.141368
0.843569
0.178938
-0.479613
-0.030495
-0.411424
0.359296
0.624951
-0.051059
0.224248
0.717072
0.455153
-0.141638
0.976091
0.241298
0.619303
-0.555044
0.073695
0.752405
-0.510254
0.530669
0.852869
-0.869105
0.409191
-0.393620
0.635590
0.671686
0.349721
-0.105790
-0.476080
0.968480
0.626765
-0.566354
0.243360
-0.503695
0.097207
0.172562
0.228105
-0.819528
-0.655803
-0.651440
0.015467
0.460254
-0.443178
0.673410
0.833868
0.546378
-0.251796
-0.344115
-0.469615
0.040588
0.084667
-0.446867
0.711383
0.373816
-0.176955
0.242703
0.744572
0.493339
0.282727
0.069741
0.042897
-0.579072
-0.543865
0.392149
0.217039
0.644583
-0.582443
-0.030947
-0.748398
0.888535
-0.733829
0.522368
0.421125
-0.155793
0.196471
0.842493
-0.764568
0.822641
0.556637
-0.146856
-0.336845
0.877069
0.849918
0.740480
-0.273222
-0.996485
-0.639078
-0.236735
-0.375798
0.150879
-0.421519
-0.517680
0.444480
0.309665
0.020366
0.533939
0.825926
-0.282552
0.611495
-0.984278
0.779634
0.067063
0.702958
0.559742
0.358901
0.100417
0.692706
0.846263
-0.101694
0.233196
0.861510
0.507267
-0.846265
0.372525
0.652545
-0.082293
0.256759
0.282382
0.001290
-0.699463
-0.792600
-0.984623
0.529129
0.833957
-0.370901
0.491899
0.632321
0.699973
-0.561464
0.333486
0.758789
0.126745
-0.168769
-0.494539
-0.013106
0.526970
0.893668
0.495104
-0.058202
-0.942177
-0.004241
0.249554
-0.017614
0.564608
0.646454
-0.481943
-0.566273
0.197041
0.512884
0.525183
0.198286
0.840104
-0.297964
-0.037602
-0.749956
-0.450794
-0.254556
-0.355103
0.178172
0.492328
-0.195684
-0.235686
0.478762
0.875086
0.592942
-0.780108
0.067139
0.625237
-0.889677
0.594136
0.765363
-0.355626
0.625149
0.595870
0.697201
-0.841455
0.583681
-0.115481
0.114131
-0.617881
0.804052
0.041512
-0.792952
0.221700
0.256589
0.569140
0.101861
0.417957
0.028466
0.798689
-0.145589
0.883481
-0.897578
0.368845
-0.300898
0.316979
0.992506
-0.658379
0.427294
0.719233
-0.189697
-0.305657
-0.417613
0.358382
-0.749154
-0.870768
0.047884
0.621843
0.343991
-0.394844
-0.541078
0.589799
0.780450
0.043111
0.832402
-0.228092
-0.104219
0.371402
0.894152
-0.420757
0.610155
-0.811351
0.178958
-0.347498
-0.063607
0.339358
0.184961
0.355310
-0.170343
-0.346518
-0.130483
0.438138
0.001875
0.574690
0.614719
-0.856134
0.244151
-0.151576
0.959496
0.205937
-0.882666
0.116772
0.755670
0.605959
-0.175240
-0.038997
-0.983986
0.126995
-0.350433
0.861222
-0.188190
-0.454961
-0.564259
0.127504
-0.838653
-0.545503
0.341199
0.001590
0.579389
0.153731
-0.149244
-0.937248
0.306885
-0.778270
-0.752035
-0.613972
-0.279434
0.644140
0.034590
0.046192
0.578014
-0.829919
0.502416
-0.334887
-0.289700
-0.220318
-0.898147
0.200139
-0.837048
-0.497846
-0.010298
0.141378
-0.844111
-0.278951
0.176267
0.491753
0.034226
0.531689
-0.292119
-0.416868
-0.909155
0.180445
0.106954
-0.843091
0.672112
-0.829092
0.824807
0.196024
-0.979580
-0.648818
0.197975
-0.520287
0.055084
0.227922
-0.090758
-0.335285
-0.493340
0.907827
0.392564
0.182869
-0.853135
-0.899052
-0.991708
-0.672678
-0.529395
0.936272
-0.865038
0.500198
0.724782
0.268828
-0.860170
-0.945965
-0.163595
0.539876
-0.316147
-0.451460
0.728836
0.495925
-0.335913
-0.129045
0.094203
-0.162181
-0.176637
0.140751
-0.500421
-0.570187
-0.765591
-0.236644
0.165919
-0.006204
-0.532559
0.369483
0.482491
0.324900
-0.943723
-0.153395
0.389959
0.243588
-0.084624
-0.574945
-0.626480
-0.247221
0.696643
-0.456560
0.687492
0.022348
-0.666819
0.123076
-0.618805
0.191549
-0.480644
-0.928717
0.268266
0.425630
0.059682
-0.706398
-0.117298
-0.560273
-0.187945
-0.616882
0.079893
-0.350170
0.971405
0.311697
-0.443430
-0.919585
0.521434
-0.153762
0.589346
0.299483
-0.479256
0.132894
0.603303
-0.256213
-0.543640
-0.488115
0.950901
0.011711
-0.214391
0.093242
0.471199
-0.547046
0.946633
-0.353361
-0.947515
-0.881896
-0.062892
-0.004698
0.702437
0.067085
0.883378
0.426600
-0.420299
0.914041
-0.891095
0.525371
-0.420799
0.317135
-0.230941
-0.243144
0.195731
0.983470
0.176178
0.009581
0.703217
-0.675285
0.015904
0.159243
0.854522
0.270067
-0.414934
0.830865
0.261378
-0.427312
-0.840512
0.783645
0.234707
-0.381092
0.207643
-0.274333
0.925900
0.709898
-0.561909
0.041699
0.288591
0.126769
0.194870
0.805665
-0.293891
-0.162518
0.203010
0.027494
0.794508
0.809568
-0.524911
-0.943564
0.301255
0.785360
0.115214
-0.715103
-0.396701
0.448210
-0.890085
-0.695432
0.986311
0.840890
0.610011
-0.551799
0.315431
0.677057
0.422146
0.729802
-0.822488
-0.133442
-0.435671
0.533301
-0.642355
0.357490
0.995941
0.666914
0.417548
0.665312
0.580164
-0.020173
-0.265665
-0.261058
-0.898219
0.646627
0.379891
0.159423
-0.949277
0.465160
-0.160343
0.732823
0.071130
0.186174
-0.208469
0.075575
-0.760223
-0.232780
-0.410761
-0.001210
-0.003837
-0.416545
0.304762
0.621962
0.760660
-0.794369
-0.381918
-0.912270
-0.975051
-0.563489
-0.589661
-0.034951
-0.895242
-0.219842
0.084773
-0.911608
-0.095092
-0.205814
-0.977710
-0.477532
-0.590796
-0.248204
-0.183560
-0.136118
-0.940572
-0.470633
-0.344295
0.230818
0.412759
0.474297
0.188732
0.341294
0.009445
0.476048
-0.453442
0.381909
-0.580330
0.290750
-0.971384
0.538089
-0.647842
0.945204
0.224284
0.106645
0.529679
-0.830448
-0.372395
0.768079
0.793700
-0.307199
0.101795
-0.668573
0.802693
-0.105829
-0.475695
-0.357118
0.469416
-0.227576
0.515495
0.221492
0.930891
0.947105
-0.274819
-0.029744
0.482573
-0.911996
0.111337
0.469190
-0.422958
-0.304239
0.279865
-0.602371
-0.425196
0.183120
0.522263
-0.519391
-0.315709
-0.743598
-0.634046
-0.532746
0.068030
-0.707737
-0.695819
0.641375
-0.421729
0.228713
0.621064
-0.695648
-0.906848
-0.172969
-0.119821
-0.702015
0.245006
-0.587492
0.990794
-0.596803
-0.315511
-0.895262
-0.892428
-0.905237
0.274768
0.005192
-0.164855
-0.874722
-0.830638
-0.538090
-0.918885
-0.269768
0.963778
0.792882
0.920080
-0.424877
-0.751492
-0.307160
-0.777793
-0.319548
0.180256
-0.894818
0.344979
0.156974
-0.493455
0.849881
-0.601645
-0.685601
0.379077
-0.107464
-0.397573
-0.647970
0.941792
-0.973613
-0.132035
0.369144
0.698760
-0.693322
-0.355570
0.585465
0.740927
0.047705
0.414040
0.546707
0.347736
-0.615253
-0.517510
-0.109319
-0.652580
-0.891342
-0.444343
0.616610
0.608098
-0.257858
-0.224069
0.705484
-0.140292
0.571776
-0.089545
-0.871163
-0.075461
0.961572
0.796673
-0.055182
-0.337575
0.182963
-0.336357
0.392298
-0.865042
-0.073763
0.539198
0.175632
0.262294
0.930366
0.797858
0.755030
-0.688532
-0.839059
0.706823
-0.397784
0.066034
0.353378
-0.379467
0.819380
-0.584902
-0.511095
0.836769
0.559286
-0.856473
0.830090
-0.974211
-0.652391
0.829494
0.433122
0.022966
-0.895271
0.075425
-0.823914
0.006097
0.883288
0.268559
0.763531
0.433745
0.063035
0.827715
0.641068
-0.948986
0.569263
-0.145828
0.603092
-0.128711
-0.155454
-0.784038
0.007376
-0.438502
0.280044
0.451908
0.131253
-0.199515
-0.380322
-0.952078
0.433774
-0.035798
0.565110
0.850714
-0.183806
0.263143
-0.596895
-0.621123
0.753020
-0.893502
-0.347691
-0.875949
-0.100385
-0.377618
-0.901920
-0.219308
0.265111
0.345148
0.806769
0.000895
-0.734113
-0.094195
0.948131
-0.921764
-0.788124
0.883772
-0.063698
0.733531
0.246352
-0.394254
-0.369865
0.672800
0.078453
0.596416
0.380960
-0.089527
0.536553
-0.130929
-0.715085
0.704165
0.475219
-0.130815
0.069552
-0.362067
0.198756
0.591644
-0.551015
-0.536567
0.905010
-0.889264
0.680322
0.778959
-0.916199
0.799737
0.203359
-0.358568
-0.811754
0.144313
0.751519
-0.032081
-0.264705
0.014131
0.447543
-0.761106
-0.484370
0.807067
-0.963547
-0.371600
0.370049
0.066597
-0.410049
0.659959
-0.274496
-0.133103
-0.486768
-0.136316
-0.775990
0.942060
-0.597506
-0.427104
0.976127
-0.847505
-0.049470
-0.437338
-0.383055
-0.469816
0.423203
-0.711131
-0.422423
-0.675856
-0.785123
0.418531
0.599292
-0.889581
-0.152547
0.662069
-0.592464
-0.401253
0.769873
0.824077
-0.021943
-0.460070
-0.629434
0.364033
0.621058
0.423176
-0.656871
0.043053
0.601098
-0.707942
-0.049544
0.031877
0.702542
0.811347
-0.964206
-0.339556
-0.321471
0.085989
0.964246
0.817919
0.640604
0.260790
-0.463191
-0.216277
0.845050
-0.818588
0.842261
-0.268012
-0.491137
-0.716186
0.649582
-0.913208
-0.561439
0.434579
0.283905
0.949977
0.627762
0.732667
-0.245713
-0.753370
-0.598728
-0.745084
0.715924
-0.359118
-0.859813
0.668585
-0.601929
-0.098342
0.385750
-0.335519
-0.352686
0.321626
0.648081
-0.912183
-0.457675
0.827924
0.663481
-0.351354
-0.672713
0.041863
-0.721151
-0.231155
-0.844788
0.707763
0.626460
-0.369106
0.702878
-0.527813
-0.717947
-0.815673
-0.523768
-0.254058
0.084997
0.326831
0.847597
0.622510
-0.878847
-0.584044
-0.289189
0.077992
-0.039087
0.817512
-0.979306
0.913637
-0.636028
0.646600
0.150854
-0.945863
-0.545051
-0.658311
0.295577
0.896544
-0.188494
0.896829
-0.226523
0.840746
0.430519
0.914852
-0.623614
0.625205
0.248862
-0.874812
-0.975666
0.067312
-0.263963
-0.726867
-0.549443
-0.604582
0.025988
0.337995
0.710809
-0.164436
-0.479518
-0.127866
-0.440731
-0.079049
0.991477
-0.896727
0.285267
-0.970570
-0.857499
0.052240
0.178530
0.375310
-0.571898
0.595757
0.711902
-0.261404
-0.128903
-0.944830
0.939731
-0.789934
-0.983812
-0.870230
-0.791267
-0.209964
0.176040
0.944938
0.194707
-0.041123
0.381115
-0.568289
-0.752634
0.580600
-0.829415
-0.787810
-0.829547
0.447030
0.237106
-0.190395
-0.341091
-0.203795
0.244390
-0.656540
-0.743625
-0.309106
-0.728568
-0.289584
0.776777
0.710976
0.302907
-0.381306
0.392143
0.049093
-0.992842
-0.789223
0.785358
0.973768
0.396271
0.929389
-0.963782
-0.239200
0.720711
-0.404131
-0.411197
0.076749
0.831422
0.572336
0.397818
-0.515922
0.460825
-0.534357
-0.586915
0.272562
-0.609598
-0.918323
0.455162
-0.839129
0.613246
-0.205026
0.457217
-0.788719
0.619890
-0.143416
-0.089634
0.182677
0.807119
-0.570100
0.154078
0.142191
-0.476047
0.401859
-0.615151
-0.944937
-0.818690
-0.887071
-0.861077
-0.332511
-0.730096
-0.908615
0.128339
0.013159
-0.693689
-0.059391
-0.933808
0.418644
0.722705
-0.955190
-0.995056
0.093808
-0.902707
0.883543
-0.569876
0.451479
-0.825120
-0.960812
-0.034777
0.996888
-0.522608
-0.891608
0.593562
-0.081917
-0.112646
-0.968459
-0.315737
-0.005988
0.067833
0.808748
-0.842505
0.934328
0.146140
-0.436414
0.250658
-0.219341
-0.305743
0.333899
0.044175
0.306595
0.003728
-0.723707
-0.296002
-0.601875
-0.589728
0.016427
0.023788
-0.731933
0.125468
-0.018982
0.150825
0.337964
0.179850
-0.260569
0.653185
0.663313
0.236594
0.774970
-0.397575
-0.294210
0.416022
0.205587
0.057473
0.401894
0.909171
-0.572958
-0.284333
0.754271
-0.275072
-0.304619
0.138406
0.008398
-0.521074
0.008517
0.344697
0.424354
-0.496218
-0.382995
-0.595690
0.179200
-0.438227
-0.737116
-0.717385
0.875192
-0.573260
0.185827
-0.678664
0.376706
0.744265
0.681418
-0.815711
-0.589391
-0.608863
0.308959
0.615815
-0.414284
-0.518216
0.265626
-0.590725
0.385737
-0.210180
-0.047198
0.140071
-0.135429
0.030035
0.949540
-0.053608
0.819010
-0.071638
0.655744
0.448176
0.907147
-0.729574
0.066962
-0.565829
0.272385
0.444913
-0.221614
0.454173
0.910078
0.167362
-0.268926
0.441113
-0.932651
0.511610
0.299127
-0.582908
-0.477173
-0.058842
-0.539237
-0.763809
-0.083494
-0.741222
-0.662346
0.210538
0.793726
0.097524
-0.907273
-0.573343
-0.346982
-0.556125
0.759169
0.457524
0.244112
0.274325
0.057405
0.372399
0.282938
0.758083
0.595463
0.596099
0.139970
0.012277
0.245883
-0.524656
-0.441614
0.554530
-0.243110
-0.674826
0.531552
-0.868817
-0.975762
-0.066303
-0.110679
-0.669400
-0.132634
0.127811
-0.175846
-0.419488
0.852944
0.590340
0.977090
-0.464014
0.946722
-0.171207
-0.173576
-0.126235
0.329573
-0.454868
-0.950275
0.458242
0.074994
-0.344992
0.872787
0.360516
-0.424543
0.699882
-0.919423
0.019913
0.969723
-0.993116
0.539124
0.134338
-0.926735
0.876908
0.580436
-0.717517
0.917387
0.047512
0.490223
-0.219436
0.827451
-0.797553
0.262628
0.155497
-0.362917
0.834804
0.851103
-0.706286
-0.271277
0.694922
-0.545866
0.138066
0.590707
0.201586
-0.118735
-0.970561
-0.998139
-0.798443
0.811248
0.757506
-0.989042
0.742458
0.388283
0.321939
0.182299
-0.657422
-0.914882
-0.239460
0.995369
-0.320082
-0.595039
0.969046
0.803692
0.893139
0.169204
0.607748
0.316187
-0.603827
-0.173703
0.284991
0.382262
0.889093
-0.524885
-0.870590
0.414171
0.521968
-0.775566
0.116023
-0.373915
-0.579427
0.058365
-0.047912
0.111393
0.343317
-0.190396
-0.072774
-0.478204
-0.863684
-0.455803
0.321589
-0.103438
0.884510
0.329952
-0.116188
-0.557525
0.548979
0.874135
-0.261390
-0.805514
-0.032717
-0.475845
-0.445502
0.226724
0.432031
0.710110
0.894085
0.254823
0.911196
0.187205
0.876979
-0.498886
0.965516
-0.711694
0.463908
-0.379143
0.236294
-0.194417
0.774078
-0.233806
-0.976315
0.625461
0.576165
0.198780
-0.265090
0.850382
0.464685
-0.889718
-0.196282
-0.248433
0.068901
-0.806055
0.276375
-0.489264
-0.868662
0.497307
0.184276
-0.694430
0.329820
0.637103
-0.287099
-0.966145
0.290325
0.541852
0.472173
0.683496
-0.393662
0.933781
-0.312936
0.292756
0.320921
0.939125
-0.271545
-0.216566
0.039429
0.167660
-0.840485
0.420919
-0.426089
-0.851433
0.847178
-0.219457
0.462981
0.136179
-0.826883
-0.377472
0.881745
0.823320
0.268065
0.692338
0.853965
0.129920
0.271624
0.472401
-0.238548
0.304968
0.645728
-0.554250
0.890548
-0.139052
0.969537
0.386456
-0.658248
-0.623034
-0.154699
-0.340320
-0.148389
0.471748
0.976241
-0.326654
-0.012243
0.382874
0.514755
0.451224
-0.269802
0.384655
-0.519666
-0.807033
-0.389456
-0.512863
-0.260124
0.668069
-0.496321
0.369880
0.270865
0.964715
0.338700
0.860824
0.828221
-0.168192
0.048723
-0.929841
-0.334156
0.074915
0.176741
0.071722
-0.804855
0.751779
-0.099245
-0.883402
0.068501
0.682908
0.726833
-0.861459
0.542463
-0.667226
-0.860503
-0.960920
0.390700
-0.241050
-0.800230
0.952734
0.425721
-0.138475
0.225264
-0.306489
0.068650
-0.837510
0.521389
-0.202777
0.000577
0.116646
0.252247
-0.064737
0.129591
0.796295
0.150155
-0.033467
-0.373134
-0.573437
0.240693
-0.190008
-0.394128
0.490894
-0.915422
0.961129
0.180341
-0.909813
0.154882
0.971490
-0.617230
-0.744515
0.076781
-0.020409
-0.048465
0.224850
-0.219509
0.614879
0.460813
-0.847944
0.645186
0.325488
-0.046477
0.742191
-0.614904
0.935334
0.414312
-0.089979
-0.220465
-0.360291
0.221147
-0.447668
-0.546063
0.773759
0.731227
-0.693374
-0.386189
0.206995
0.923252
0.710982
0.858403
-0.507759
0.487982
0.510007
-0.294674
-0.464759
0.640261
0.887560
-0.054681
0.456253
-0.367831
0.339542
0.048000
0.908195
0.086545
-0.928909
0.175775
0.822351
-0.557023
-0.120232
0.010196
-0.610064
0.159062
-0.102756
-0.801967
0.739582
0.957196
0.824991
-0.549636
0.878341
0.876679
-0.761124
-0.959554
-0.812693
0.524995
0.011239
-0.649512
-0.207513
-0.641771
-0.482019
0.373807
-0.116500
0.461218
0.386858
0.656028
-0.869733
-0.143390
0.183944
-0.148186
0.347572
0.422442
-0.385757
0.018828
0.796360
0.345924
-0.000424
-0.971850
-0.677393
0.094332
0.051522
-0.605998
-0.373507
0.051397
0.798833
0.649264
-0.624946
0.632914
-0.600096
0.849254
-0.453786
0.049743
0.228602
0.075167
0.209118
-0.322223
-0.284954
0.419242
0.101835
-0.154293
0.314311
-0.370571
0.880270
0.506960
0.427837
0.058169
0.121383
-0.693787
-0.980939
0.687112
0.857350
0.973435
-0.855785
-0.929872
-0.135114
0.579679
-0.145148
0.547289
-0.018948
0.896347
0.983142
-0.400908
-0.591043
-0.115853
-0.953937
-0.986575
-0.244687
-0.878209
0.523923
0.985772
-0.024598
0.442376
0.825863
0.210927
-0.156077
-0.428145
-0.581838
0.158961
0.990085
-0.935002
-0.503955
-0.236434
0.102274
-0.586290
0.566566
0.179410
0.031074
-0.362604
-0.728693
-0.539300
-0.428196
-0.585425
0.704536
-0.401420
0.807854
-0.165262
0.768797
-0.270055
0.108507
-0.000431
-0.945537
-0.034458
-0.986556
-0.348132
-0.518359
0.089144
-0.031440
-0.279714
-0.789817
0.971187
-0.872354
0.905661
-0.749948
0.615811
-0.758505
-0.395387
-0.459886
-0.266553
-0.412224
0.612192
0.671053
-0.323686
-0.037735
-0.029461
0.049405
-0.766820
-0.371145
-0.636608
-0.008665
-0.878775
-0.465140
0.949611
0.470362
-0.144171
0.859500
0.509385
0.271525
0.154448
-0.895277
0.959392
0.399467
0.615958
0.954312
0.978518
-0.065136
-0.354130
-0.457200
-0.330968
0.501827
-0.313340
0.503080
0.283302
0.561424
-0.120196
-0.034554
0.008653
0.666871
0.653887
-0.143631
-0.450445
0.916456
-0.218390
0.519662
0.725618
-0.715183
-0.312407
-0.728849
0.359616
0.575851
-0.726726
0.678846
0.559215
-0.097689
-0.347012
0.407245
-0.186089
0.781044
-0.979086
0.353064
-0.743068
0.285668
0.458130
0.506852
-0.936914
-0.592297
0.355804
-0.188372
-0.747716
0.064513
0.722959
-0.229371
0.772858
-0.685656
-0.896630
-0.229443
0.359942
0.327130
0.795709
0.127415
-0.898168
0.680897
-0.908467
-0.297968
0.777654
-0.217725
-0.469377
0.430380
-0.983298
0.863031
0.276608
-0.245972
-0.679167
0.744520
0.027276
0.567097
0.373814
0.056199
0.059252
0.918054
-0.581346
-0.880951
0.869812
-0.899385
-0.486582
-0.158817
-0.297153
0.171332
-0.469924
0.040541
0.616817
0.430948
0.402048
-0.003608
-0.922237
0.993485
0.903091
0.570610
-0.668114
0.685688
0.974388
0.833555
0.704317
-0.689256
-0.743328
0.641828
0.217341
0.972498
-0.834089
0.826429
-0.906696
-0.610843
0.582714
0.698812
-0.504131
0.833467
-0.777269
0.123620
-0.955871
0.229773
0.064875
-0.968393
0.623064
0.035502
0.923961
-0.668303
-0.902067
0.690929
0.482360
0.078175
-0.520144
0.037268
-0.079796
-0.348076
0.834898
-0.667403
-0.439537
-0.356437
0.830057
0.108459
0.803970
0.264122
-0.901304
-0.871296
0.558149
0.282519
-0.048022
0.557368
-0.957484
0.084432
-0.631074
0.128274
-0.885573
0.512067
0.165996
0.400658
-0.095440
-0.417664
-0.074415
0.429493
0.419194
-0.011166
0.543113
0.081636
-0.596612
0.592814
0.680417
0.986121
0.974936
-0.794648
0.361206
-0.361791
0.093048
0.879353
0.179919
-0.795006
-0.796130
-0.694462
0.426445
-0.085048
0.679570
-0.801310
0.243382
0.995505
-0.621714
-0.320593
0.191961
-0.868275
-0.311482
0.009680
0.131334
-0.631862
-0.483954
-0.306831
0.469615
0.220800
0.868490
0.100563
-0.478264
-0.017349
-0.150812
0.115838
-0.978725
0.316142
-0.123581
-0.288498
0.706359
-0.284106
-0.898332
0.673822
0.241175
0.055030
-0.049366
0.585563
-0.178923
-0.637674
0.388438
0.640905
0.016472
-0.372974
0.810493
-0.265689
0.079668
-0.310304
-0.821004
-0.790475
-0.920529
-0.824422
0.422871
0.864891
0.504636
-0.479311
-0.361402
-0.411567
-0.245935
-0.981258
-0.567078
0.144805
0.852793
-0.542089
0.202814
0.147728
-0.539956
-0.658777
-0.823951
0.146810
0.704924
0.615756
-0.549305
0.609606
0.841585
0.706588
0.843051
-0.620679
-0.855942
-0.890435
-0.642551
0.543492
0.249428
-0.844149
-0.398356
0.557448
0.491637
0.786406
-0.194537
-0.321821
-0.817489
0.876514
-0.751902
0.237364
-0.719162
-0.011706
0.727487
-0.908456
-0.169645
0.505141
0.770899
-0.780326
-0.945487
0.146937
-0.499609
-0.081618
-0.341058
-0.051564
0.037453
0.165490
-0.430582
-0.738200
0.132963
0.852370
-0.975910
-0.240064
-0.743858
0.806132
0.493906
-0.376427
0.079430
0.549345
0.608649
0.595112
0.171328
0.464627
-0.148850
-0.000890
0.922769
0.863420
-0.197267
0.296612
-0.549383
0.361816
0.158298
0.187234
0.709981
-0.049401
0.511810
-0.525002
0.131400
-0.926836
0.979851
-0.002219
-0.150111
0.594906
-0.632050
-0.844309
0.985745
0.310551
-0.121778
-0.065822
0.756376
-0.188457
0.971845
0.863773
0.046756
-0.417116
0.058900
-0.922668
0.408619
0.828359
0.872623
-0.890904
0.101460
0.940649
-0.644327
0.997694
0.816248
-0.603684
-0.098664
0.639527
-0.614179
0.041529
0.242435
-0.559903
-0.775895
0.071110
-0.404630
0.691661
0.944898
0.229858
-0.479215
0.399905
0.962635
-0.421280
-0.514985
-0.107149
-0.278469
-0.599679
0.183357
-0.574693
0.485363
-0.780621
0.625525
-0.067393
0.908217
0.208437
0.161450
0.409762
-0.736025
-0.077965
-0.348162
0.929131
-0.411422
0.489887
-0.109961
-0.930922
0.876880
0.255724
0.342724
-0.744637
-0.698427
0.656654
-0.012671
0.505193
0.291146
0.418825
-0.767573
0.173890
-0.410989
-0.667786
-0.684909
-0.816505
0.854065
-0.320921
0.204989
0.964351
0.819180
-0.544401
0.674916
0.444299
-0.394662
-0.015606
0.581285
0.799892
0.689030
0.188499
-0.723239
0.225582
-0.841246
-0.796300
0.195900
-0.576106
-0.598169
-0.753128
-0.679091
0.017287
0.997129
0.459149
-0.150253
0.651688
0.521746
-0.091798
-0.562203
-0.798843
0.795416
-0.231339
-0.634218
-0.942887
-0.831187
-0.737454
-0.742649
0.918445
-0.993670
0.529164
-0.810706
-0.374944
0.351370
0.176647
0.311583
0.028678
-0.344385
-0.814042
0.654531
-0.862565
-0.609092
0.824366
0.567207
-0.138193
-0.261734
-0.986610
0.129641
0.796232
-0.313089
-0.682518
-0.581687
0.860314
0.841137
-0.637212
0.824845
0.371069
-0.047240
0.093865
0.870002
0.356019
0.650431
0.998769
-0.143930
-0.621447
-0.453297
-0.383645
-0.099238
0.821660
0.533042
-0.409553
-0.692293
0.998381
-0.427594
-0.187493
-0.637341
-0.630473
0.943487
0.820471
0.549500
-0.327994
0.063523
0.148762
-0.228701
-0.245041
-0.368581
-0.750843
-0.898885
0.688206
-0.496798
-0.190375
-0.433908
0.494257
-0.581892
0.474976
-0.611289
-0.954259
0.549513
-0.842667
-0.218169
-0.696241
-0.619356
0.835029
0.787954
0.136480
0.488595
0.536601
0.952737
-0.874930
0.697296
0.809588
-0.935550
-0.118909
0.941939
-0.566643
-0.474023
0.732261
0.587418
0.991880
-0.937039
-0.656737
0.093142
0.101492
-0.894714
0.788252
-0.762412
0.212928
0.516255
-0.911138
-0.549355
0.441020
0.448478
-0.251819
0.307890
0.199457
-0.085332
-0.987152
0.532227
0.721671
0.711029
0.089222
0.741441
0.204914
-0.810172
-0.033175
0.296915
0.755428
0.584057
-0.566929
-0.603467
0.626641
0.330124
0.643661
0.084447
-0.958225
-0.078237
0.239050
-0.576484
-0.726869
0.616546
-0.016975
0.270006
-0.856703
-0.810784
-0.948232
0.337579
-0.358678
-0.495317
0.699225
-0.625493
-0.603447
0.978247
0.656304
-0.287889
-0.870345
0.873876
0.516717
0.565639
-0.522232
-0.069953
-0.067368
-0.092214
0.217323
0.324797
0.788275
0.618776
0.280710
-0.159991
-0.762894
-0.243400
0.941732
0.890343
-0.213789
0.196868
0.941165
-0.177253
-0.686828
0.805953
0.385773
-0.735882
0.991299
-0.018471
0.595029
-0.660040
0.892886
0.624531
-0.410314
0.666912
-0.877396
0.604117
-0.802900
-0.649177
0.221174
0.898208
-0.106700
-0.736582
0.392926
-0.860348
-0.829804
0.675344
0.234629
-0.667678
-0.669133
0.081058
-0.509775
-0.899651
0.436430
0.789858
0.544334
-0.363987
-0.226730
-0.798170
0.369252
0.729406
0.429707
0.779303
-0.513613
-0.760804
0.632581
-0.285492
0.831504
-0.401466
0.225145
-0.529149
0.510864
0.666261
0.271734
-0.613309
0.734188
-0.462111
-0.920950
-0.109651
0.931516
0.074975
0.889006
0.104945
-0.463212
-0.191169
0.210154
0.503162
0.718868
0.493307
0.427223
-0.247475
0.133959
-0.618200
0.309879
0.665747
0.198725
0.805203
-0.746423
-0.661192
0.468944
0.754679
-0.085095
0.657810
-0.448590
-0.766649
0.697945
-0.807507
-0.696643
-0.520660
-0.304543
-0.123288
0.524896
0.675430
0.924063
0.676142
0.059474
-0.634480
0.680131
-0.633824
-0.952566
-0.561666
0.344613
-0.378860
0.716723
0.760723
-0.110027
0.021944
-0.542084
0.680091
-0.987876
-0.284292
0.365368
-0.647045
-0.080154
0.630432
-0.065454
0.360446
0.189609
-0.260834
0.165560
0.907446
-0.239487
-0.768244
0.321397
-0.028277
0.502652
-0.405055
0.856207
0.048498
-0.348318
0.658292
0.741178
0.141654
-0.609095
0.712112
0.555338
0.074437
0.868330
-0.534425
0.792417
-0.334928
0.699083
-0.763696
-0.642110
0.936675
-0.550970
0.117094
0.599705
0.629852
-0.757862
0.078648
-0.542007
-0.042420
0.961199
-0.274241
-0.602316
-0.197372
-0.840001
-0.173633
0.419161
0.651730
-0.125013
0.185411
-0.469497
0.168291
0.956688
0.464865
0.568057
0.554178
-0.983040
-0.377308
-0.871955
0.690701
-0.909324
-0.350433
-0.162190
0.700359
0.956949
-0.247303
-0.503409
0.217940
-0.458587
0.860498
0.323462
-0.859493
0.224677
0.798984
0.655854
-0.197228
-0.815713
0.436339
0.333087
0.292185
-0.039851
-0.456291
-0.501308
-0.404737
-0.925722
0.071378
0.724541
-0.857232
-0.568515
-0.048562
-0.915257
0.594129
-0.023261
0.254769