0.47143555
-0.4152832
0.19519043
-0.013786316
0.0088043213
0.31713867
-0.27587891
-0.14978027
0.56640625
0.26416016
-0.42797852
0.24194336
0.11828613
0.12841797
0.15576172
0.45458984
0.14916992
0.32202148
0.10455322
-0.36572266
0.29589844
0.88964844
0.54052734
0.048553467
-0.31298828
-0.10186768
-0.20446777
-0.14538574
0.073120117
-0.029403687
0.28686523
-0.19714355
-0.13110352
-0.0091400146
0.036071777
0.19995117
-0.39355469
0.10595703
0.22998047
-0.00024557114
0.50488281
-0.092346191
0.15429688
0.45825195
0.50830078
-0.069335938
0.15283203
-0.359375
0.54101562
-0.057067871
0.1005249
-0.043304443
0.16894531
0.051330566
0.38769531
-0.0058288574
-0.45166016
-0.45947266
0.57128906
-0.34643555
-0.084533691
0.43139648
0.51074219
0.13513184
-0.1796875
0.51660156
0.032104492
0.65136719
0.21728516
-0.12341309
-0.28344727
0.090637207
-0.00077152252
-0.099304199
0.034545898
-0.094238281
0.11083984
-0.15612793
0.094238281
-0.15441895
-0.23400879
0.36523438
-0.19458008
0.34179688
-0.092285156
0.25073242
-0.099365234
-0.095458984
0.10406494
0.40185547
0.16320801
-0.21350098
0.24865723
-0.053344727
-0.082824707
0.2076416
0.33520508
-0.21557617
-0.13793945
-0.37670898
-0.13781738
0.18359375
0.13305664
0.18261719
-0.27978516
-0.019317627
-0.19555664
-0.20117188
0.15515137
-0.39233398
0.052185059
0.011634827
-0.38891602
0.030975342
0.33496094
-0.0047607422
0.68554688
-0.036407471
0.2980957
0.44360352
0.036773682
-0.094116211
-0.28857422
0.4140625
-0.15466309
-0.22888184
0.065734863
0.18054199
0.27416992
-0.31884766
0.085571289
-0.033203125
-0.056365967
0.15454102
-0.11621094
-0.08581543
0.32861328
0.28125
-0.26269531
0.17749023
0.17541504
0.063659668
0.1697998
0.28662109
0.19262695
0.18054199
0.041412354
-0.23901367
0.18481445
0.49316406
0.39038086
0.05670166
-0.22253418
-0.09197998
-0.11791992
-0.057769775
0.092590332
-0.0066375732
0.13391113
-0.10314941
-0.08392334
-0.01108551
0.062683105
0.12023926
-0.21240234
0.092285156
0.15637207
0.10791016
0.4621582
0.013961792
0.15429688
0.23632812
0.33520508
-0.046203613
0.13012695
-0.23730469
0.41259766
0.029464722
-0.024154663
-0.017074585
0.12634277
-0.029373169
0.25146484
-0.013427734
-0.31640625
-0.20849609
0.36450195
-0.31005859
0.05355835
0.25512695
0.26977539
0.057312012
0.0047111511
0.2208252
0.13598633
0.33520508
0.045013428
0.011054993
-0.16955566
0.11932373
-0.045715332
-0.12976074
0.14147949
-0.046905518
0.097167969
-0.12176514
0.080932617
0.067077637
-0.1027832
0.21130371
-0.081054688
0.14624023
-0.060424805
0.14526367
0.04498291
0.029647827
0.028488159
0.22094727
-0.025527954
-0.080932617
0.14208984
0.027984619
-0.18103027
0.23999023
0.16162109
-0.085998535
-0.1550293
-0.31835938
-0.072021484
0.11199951
0.063659668
0.1361084
-0.17614746
0.069763184
-0.17590332
-0.043304443
0.043121338
-0.19030762
0.069335938
-0.0095596313
-0.1907959
0.026153564
0.14489746
0.097351074
0.35620117
-0.090637207
0.14648438
0.32299805
0.01386261
0.03604126
-0.15625
0.26123047
-0.012710571
-0.17175293
0.080993652
0.11450195
0.14477539
-0.29907227
-0.01890564
-0.074829102
-0.041015625
0.049530029
0.0030441284
-0.069091797
0.1340332
0.16442871
-0.16308594
0.067382812
0.21398926
-0.037841797
0.23217773
0.086303711
0.18762207
0.14807129
0.098449707
-0.1842041
0.065490723
0.25244141
0.22119141
0.04107666
-0.26123047
-0.10089111
-0.060119629
-0.023864746
0.066345215
-0.044708252
0.08795166
0.01461792
-0.00039601326
-0.07800293
0.058990479
0.0440979
-0.067260742
0.088012695
0.082397461
0.091186523
0.37817383
0.13708496
0.062683105
0.16479492
0.17492676
0.024261475
-0.011619568
-0.12902832
0.29150391
0.17834473
-0.095092773
0.012161255
0.040039062
-0.04888916
0.2322998
-0.055297852
-0.28417969
-0.047332764
0.22595215
-0.1998291
0.15795898
0.11804199
0.21105957
0.010314941
0.22497559
0.042541504
0.32714844
0.079223633
0.040222168
0.046600342
-0.02633667
0.21020508
-0.049438477
-0.14746094
0.23425293
-0.04788208
-0.023880005
-0.084960938
0.2130127
0.22460938
-0.066894531
0.1328125
0.038543701
0.066162109
-0.0047988892
0.040618896
0.17700195
0.13012695
-0.016143799
0.22692871
-0.12646484
-0.082763672
0.04385376
0.054016113
-0.26171875
0.29614258
0.0072593689
-0.064575195
-0.10070801
-0.1809082
-0.0024642944
0.066162109
-0.11529541
0.067749023
0.004108429
0.3190918
-0.15649414
-0.0035800934
0.0026302338
-0.07623291
0.041748047
-0.086791992
0.0010452271
0.12072754
0.030944824
0.2298584
0.1505127
-0.1574707
0.032470703
0.10235596
0.052978516
0.25927734
-0.10375977
0.18444824
0.073059082
-0.089904785
0.22399902
0.017593384
0.14477539
-0.29907227
-0.01890564
-0.074829102
-0.041015625
0.049530029
0.0030441284
-0.069091797
0.1340332
0.16442871
-0.16308594
0.067382812
0.21398926
-0.037841797
0.23217773
0.086303711
0.18762207
0.14807129
0.098449707
-0.1842041
0.065490723
0.25244141
0.22119141
0.04107666
-0.26123047
-0.10089111
-0.060119629
-0.023864746
0.066345215
-0.044708252
0.08795166
0.01461792
-0.00039601326
-0.07800293
0.058990479
0.0440979
-0.067260742
0.088012695
0.082397461
0.091186523
0.37817383
0.13708496
0.062683105
0.16479492
0.17492676
0.024261475
-0.011619568
-0.12902832
0.29150391
0.17834473
-0.095092773
0.012161255
0.040039062
-0.04888916
0.2322998
-0.055297852
-0.28417969
-0.047332764
0.22595215
-0.1998291
0.15795898
0.11804199
0.21105957
0.010314941
0.22497559
0.042541504
0.32714844
0.079223633
0.040222168
0.046600342
-0.02633667
0.21020508
-0.049438477
-0.14746094
0.23425293
-0.04788208
-0.023880005
-0.084960938
0.2130127
0.22460938
-0.066894531
0.1328125
0.038543701
0.066162109
-0.0047988892
0.040618896
0.17700195
0.13012695
-0.016143799
0.22692871
-0.12646484
-0.082763672
0.04385376
0.054016113
-0.26171875
0.29614258
0.0072593689
-0.064575195
-0.10070801
-0.1809082
-0.0024642944
0.066162109
-0.11529541
0.067749023
0.004108429
0.3190918
-0.15649414
-0.0035800934
0.0026302338
-0.07623291
0.041748047
-0.086791992
0.0010452271
0.12072754
0.030944824
0.2298584
0.1505127
-0.1574707
0.032470703
0.10235596
0.052978516
0.25927734
-0.10375977
0.18444824
0.073059082
-0.089904785
0.22399902
0.017593384
0.14477539
-0.29907227
-0.01890564
-0.074829102
-0.041015625
0.049530029
0.0030441284
-0.069091797
0.1340332
0.16442871
-0.16308594
0.067382812
0.21398926
-0.037841797
0.23217773
0.086303711
0.18762207
0.14807129
0.098449707
-0.1842041
0.065490723
0.25244141
0.22119141
0.04107666
-0.26123047
-0.10089111
-0.060119629
-0.023864746
0.066345215
-0.044708252
0.08795166
0.01461792
-0.00039601326
-0.07800293
0.058990479
0.0440979
-0.067260742
0.088012695
0.082397461
0.091186523
0.37817383
0.13708496
0.062683105
0.16479492
0.17492676
0.024261475
-0.011619568
-0.12902832
0.29150391
0.17834473
-0.095092773
0.012161255
0.040039062
-0.04888916
0.2322998
-0.055297852
-0.28417969
-0.047332764
0.22595215
-0.1998291
0.15795898
0.11804199
0.21105957
0.010314941
0.22497559
0.042541504
0.32714844
0.079223633
0.040222168
0.046600342
-0.02633667
0.21020508
-0.049438477
-0.14746094
0.23425293
-0.04788208
-0.023880005
-0.084960938
0.2130127
0.22460938
-0.066894531
0.1328125
0.038543701
0.066162109
-0.0047988892
0.040618896
0.17700195
0.13012695
-0.016143799
0.22692871
-0.12646484
-0.082763672
0.04385376
0.054016113
-0.26171875
0.29614258
0.0072593689
-0.064575195
-0.10070801
-0.1809082
-0.0024642944
0.066162109
-0.11529541
0.067749023
0.004108429
0.3190918
-0.15649414
-0.0035800934
0.0026302338
-0.07623291
0.041748047
-0.086791992
0.0010452271
0.12072754
0.030944824
0.2298584
0.1505127
-0.1574707
0.032470703
0.10235596
0.052978516
0.25927734
-0.10375977
0.18444824
0.073059082
-0.089904785
0.22399902
0.017593384
0.14477539
-0.29907227
-0.01890564
-0.074829102
-0.041015625
0.049530029
0.0030441284
-0.069091797
0.1340332
0.16442871
-0.16308594
0.067382812
0.21398926
-0.037841797
0.23217773
0.086303711
0.18762207
0.14807129
0.098449707
-0.1842041
0.065490723
0.25244141
0.22119141
0.04107666
-0.26123047
-0.10089111
-0.060119629
-0.023864746
0.066345215
-0.044708252
0.08795166
0.01461792
-0.00039601326
-0.07800293
0.058990479
0.0440979
-0.067260742
0.088012695
0.082397461
0.091186523
0.37817383
0.13708496
0.062683105
0.16479492
0.17492676
0.024261475
-0.011619568
-0.12902832
0.29150391
0.17834473
-0.095092773
0.012161255
0.040039062
-0.04888916
0.2322998
-0.055297852
-0.28417969
-0.047332764
0.22595215
-0.1998291
0.15795898
0.11804199
0.21105957
0.010314941
0.22497559
0.042541504
0.32714844
0.079223633
0.040222168
0.046600342
-0.02633667
0.21020508
-0.049438477
-0.14746094
0.23425293
-0.04788208
-0.023880005
-0.084960938
0.2130127
0.22460938
-0.066894531
0.1328125
0.038543701
0.066162109
-0.0047988892
0.040618896
0.17700195
0.13012695
-0.016143799
0.22692871
-0.12646484
-0.082763672
0.04385376
0.054016113
-0.26171875
0.29614258
0.0072593689
-0.064575195
-0.10070801
-0.1809082
-0.0024642944
0.066162109
-0.11529541
0.067749023
0.004108429
0.3190918
-0.15649414
-0.0035800934
0.0026302338
-0.07623291
0.041748047
-0.086791992
0.0010452271
0.12072754
0.030944824
0.2298584
0.1505127
-0.1574707
0.032470703
0.10235596
0.052978516
0.25927734
-0.10375977
0.18444824
0.073059082
-0.089904785
0.22399902
0.017593384
0.14477539
-0.29907227
-0.01890564
-0.074829102
-0.041015625
0.049530029
0.0030441284
-0.069091797
0.1340332
0.16442871
-0.16308594
0.067382812
0.21398926
-0.037841797
0.23217773
0.086303711
0.18762207
0.14807129
0.098449707
-0.1842041
0.065490723
0.25244141
0.22119141
0.04107666
-0.26123047
-0.10089111
-0.060119629
-0.023864746
0.066345215
-0.044708252
0.08795166
0.01461792
-0.00039601326
-0.07800293
0.058990479
0.0440979
-0.067260742
0.088012695
0.082397461
0.091186523
0.37817383
0.13708496
0.062683105
0.16479492
0.17492676
0.024261475
-0.011619568
-0.12902832
0.29150391
0.17834473
-0.095092773
0.012161255
0.040039062
-0.04888916
0.2322998
-0.055297852
-0.28417969
-0.047332764
0.22595215
-0.1998291
0.15795898
0.11804199
0.21105957
0.010314941
0.22497559
0.042541504
0.32714844
0.079223633
0.040222168
0.046600342
-0.02633667
0.21020508
-0.049438477
-0.14746094
0.23425293
-0.04788208
-0.023880005
-0.084960938
0.2130127
0.22460938
-0.066894531
0.1328125
0.038543701
0.066162109
-0.0047988892
0.040618896
0.17700195
0.13012695
-0.016143799
0.22692871
-0.12646484
-0.082763672
0.04385376
0.054016113
-0.26171875
0.29614258
0.0072593689
-0.064575195
-0.10070801
-0.1809082
-0.0024642944
0.066162109
-0.11529541
0.067749023
0.004108429
0.3190918
-0.15649414
-0.0035800934
0.0026302338
-0.07623291
0.041748047
-0.086791992
0.0010452271
0.12072754
0.030944824
0.2298584
0.1505127
-0.1574707
0.032470703
0.10235596
0.052978516
0.25927734
-0.10375977
0.18444824
0.073059082
-0.089904785
0.22399902
0.017593384
0.14477539
-0.29907227
-0.01890564
-0.074829102
-0.041015625
0.049530029
0.0030441284
-0.069091797
0.1340332
0.16442871
-0.16308594
0.067382812
0.21398926
-0.037841797
0.23217773
0.086303711
0.18762207
0.14807129
0.098449707
-0.1842041
0.065490723
0.25244141
0.22119141
0.04107666
-0.26123047
-0.10089111
-0.060119629
-0.023864746
0.066345215
-0.044708252
0.08795166
0.01461792
-0.00039601326
-0.07800293
0.058990479
0.0440979
-0.067260742
0.088012695
0.082397461
0.091186523
0.37817383
0.13708496
0.062683105
0.16479492
0.17492676
0.024261475
-0.011619568
-0.12902832
0.29150391
0.17834473
-0.095092773
0.012161255
0.040039062
-0.04888916
0.2322998
-0.055297852
-0.28417969
-0.047332764
0.22595215
-0.1998291
0.15795898
0.11804199
0.21105957
0.010314941
0.22497559
0.042541504
0.32714844
0.079223633
0.040222168
0.046600342
-0.02633667
0.21020508
-0.049438477
-0.14746094
0.23425293
-0.04788208
-0.023880005
-0.084960938
0.2130127
0.22460938
-0.066894531
0.1328125
0.038543701
0.066162109
-0.0047988892
0.040618896
0.17700195
0.13012695
-0.016143799
0.22692871
-0.12646484
-0.082763672
0.04385376
0.054016113
-0.26171875
0.29614258
0.0072593689
-0.064575195
-0.10070801
-0.1809082
-0.0024642944
0.066162109
-0.11529541
0.067749023
0.004108429
0.3190918
-0.15649414
-0.0035800934
0.0026302338
-0.07623291
0.041748047
-0.086791992
0.0010452271
0.12072754
0.030944824
0.2298584
0.1505127
-0.1574707
0.032470703
0.10235596
0.052978516
0.25927734
-0.10375977
0.18444824
0.073059082
-0.089904785
0.22399902
0.017593384
0.024398804
-0.16210938
-0.0027656555
-0.019744873
-0.026489258
0.0092697144
-0.024200439
-0.020858765
0.049926758
0.076904297
-0.11889648
0.034912109
0.11877441
-0.026290894
0.17700195
-0.0075416565
0.081420898
0.095214844
0.022918701
-0.092651367
-0.034301758
0.098388672
0.058563232
0.047637939
-0.1496582
-0.083190918
-0.010597229
0.042907715
-0.03024292
0.030548096
0.075866699
0.039154053
0.044219971
-0.022445679
0.062744141
0.00058412552
-0.024291992
0.045043945
0.029647827
0.067932129
0.16931152
0.081970215
0.036315918
0.048706055
0.091674805
-0.038696289
0.028747559
-0.085571289
0.12139893
0.084289551
-0.081481934
0.024032593
0.049560547
0.012199402
0.11828613
-0.06060791
-0.15515137
-0.025115967
0.1307373
-0.14428711
0.12097168
0.073669434
0.067260742
-0.057067871
0.10241699
0.026046753
0.17211914
0.067199707
0.047912598
0.039276123
0.034790039
0.11773682
-0.031402588
-0.11834717
0.10327148
-0.0085144043
0.0064849854
-0.078735352
0.14501953
0.11358643
-0.027648926
0.071777344
0.0080184937
-0.030593872
0.0050315857
0.057891846
0.11633301
0.10913086
-0.031677246
0.1307373
-0.076171875
-0.048156738
0.020446777
0.045776367
-0.12200928
0.13598633
-0.020935059
-0.054473877
-0.035125732
-0.11785889
-0.045715332
-0.0016403198
-0.096130371
0.074829102
-0.011306763
0.18041992
-0.091491699
-0.022064209
-0.0067443848
0.040283203
0.010726929
-0.064941406
-0.016983032
0.040893555
-0.01007843
0.13366699
0.020645142
-0.10174561
-0.036682129
-0.0017681122
0.054107666
0.16748047
-0.04397583
0.096557617
0.0076408386
-0.0519104
0.077514648
-0.046813965
-0.038299561
-0.10876465
0.015106201
0.0010242462
-0.009803772
0.0030975342
-0.049835205
0.005695343
0.01411438
0.028518677
-0.092407227
0.021728516
0.066345215
-0.01499176
0.14172363
-0.042358398
0.031219482
0.079040527
-0.0083847046
-0.068664551
-0.06427002
0.030426025
-0.018463135
0.059295654
-0.082397461
-0.079589844
0.012519836
0.064758301
-0.06652832
0.051147461
0.079467773
0.052429199
0.050720215
-0.00031685829
0.04989624
-0.0081710815
-0.0021572113
0.026855469
0.003156662
0.04486084
0.06842041
0.034362793
0.020904541
0.0087051392
0.045379639
-0.063171387
0.031799316
-0.054718018
0.036865234
0.036712646
-0.070007324
0.036224365
0.056854248
0.034576416
0.07623291
-0.075439453
-0.10223389
-0.026504517
0.091308594
-0.11419678
0.10058594
0.062164307
0.022567749
-0.07800293
0.043609619
0.024612427
0.10931396
0.060241699
0.05166626
0.041412354
0.059509277
0.058898926
-0.022293091
-0.10638428
0.04119873
0.010444641
0.020355225
-0.092712402
0.10345459
0.071228027
-0.0033187866
0.051757812
-0.012611389
-0.058227539
0.0087051392
0.067199707
0.089904785
0.10357666
-0.018325806
0.090698242
-0.053527832
-0.036468506
0.020858765
0.03793335
-0.052764893
0.051361084
-0.026611328
-0.039703369
-0.010887146
-0.090759277
-0.04977417
-0.034759521
-0.098571777
0.07019043
-0.025878906
0.1027832
-0.063964844
-0.039123535
-0.012565613
0.071899414
-0.018173218
-0.051055908
-0.031982422
0.0050010681
-0.016464233
0.09185791
-0.014427185
-0.073364258
-0.056121826
-0.043334961
0.062805176
0.11462402
-0.0068473816
0.061248779
-0.021560669
-0.022186279
0.028793335
-0.06652832
-0.038299561
-0.10876465
0.015106201
0.0010242462
-0.009803772
0.0030975342
-0.049835205
0.005695343
0.01411438
0.028518677
-0.092407227
0.021728516
0.066345215
-0.01499176
0.14172363
-0.042358398
0.031219482
0.079040527
-0.0083847046
-0.068664551
-0.06427002
0.030426025
-0.018463135
0.059295654
-0.082397461
-0.079589844
0.012519836
0.064758301
-0.06652832
0.051147461
0.079467773
0.052429199
0.050720215
-0.00031685829
0.04989624
-0.0081710815
-0.0021572113
0.026855469
0.003156662
0.04486084
0.06842041
0.034362793
0.020904541
0.0087051392
0.045379639
-0.063171387
0.031799316
-0.054718018
0.036865234
0.036712646
-0.070007324
0.036224365
0.056854248
0.034576416
0.07623291
-0.075439453
-0.10223389
-0.026504517
0.091308594
-0.11419678
0.10058594
0.062164307
0.022567749
-0.07800293
0.043609619
0.024612427
0.10931396
0.060241699
0.05166626
0.041412354
0.059509277
0.058898926
-0.022293091
-0.10638428
0.04119873
0.010444641
0.020355225
-0.092712402
0.10345459
0.071228027
-0.0033187866
0.051757812
-0.012611389
-0.058227539
0.0087051392
0.067199707
0.089904785
0.10357666
-0.018325806
0.090698242
-0.053527832
-0.036468506
0.020858765
0.03793335
-0.052764893
0.051361084
-0.026611328
-0.039703369
-0.010887146
-0.090759277
-0.04977417
-0.034759521
-0.098571777
0.07019043
-0.025878906
0.1027832
-0.063964844
-0.039123535
-0.012565613
0.071899414
-0.018173218
-0.051055908
-0.031982422
0.0050010681
-0.016464233
0.09185791
-0.014427185
-0.073364258
-0.056121826
-0.043334961
0.062805176
0.11462402
-0.0068473816
0.061248779
-0.021560669
-0.022186279
0.028793335
-0.06652832
-0.038299561
-0.10876465
0.015106201
0.0010242462
-0.009803772
0.0030975342
-0.049835205
0.005695343
0.01411438
0.028518677
-0.092407227
0.021728516
0.066345215
-0.01499176
0.14172363
-0.042358398
0.031219482
0.079040527
-0.0083847046
-0.068664551
-0.06427002
0.030426025
-0.018463135
0.059295654
-0.082397461
-0.079589844
0.012519836
0.064758301
-0.06652832
0.051147461
0.079467773
0.052429199
0.050720215
-0.00031685829
0.04989624
-0.0081710815
-0.0021572113
0.026855469
0.003156662
0.04486084
0.06842041
0.034362793
0.020904541
0.0087051392
0.045379639
-0.063171387
0.031799316
-0.054718018
0.036865234
0.036712646
-0.070007324
0.036224365
0.056854248
0.034576416
0.07623291
-0.075439453
-0.10223389
-0.026504517
0.091308594
-0.11419678
0.10058594
0.062164307
0.022567749
-0.07800293
0.043609619
0.024612427
0.10931396
0.060241699
0.05166626
0.041412354
0.059509277
0.058898926
-0.022293091
-0.10638428
0.04119873
0.010444641
0.020355225
-0.092712402
0.10345459
0.071228027
-0.0033187866
0.051757812
-0.012611389
-0.058227539
0.0087051392
0.067199707
0.089904785
0.10357666
-0.018325806
0.090698242
-0.053527832
-0.036468506
0.020858765
0.03793335
-0.052764893
0.051361084
-0.026611328
-0.039703369
-0.010887146
-0.090759277
-0.04977417
-0.034759521
-0.098571777
0.07019043
-0.025878906
0.1027832
-0.063964844
-0.039123535
-0.012565613
0.071899414
-0.018173218
-0.051055908
-0.031982422
0.0050010681
-0.016464233
0.09185791
-0.014427185
-0.073364258
-0.056121826
-0.043334961
0.062805176
0.11462402
-0.0068473816
0.061248779
-0.021560669
-0.022186279
0.028793335
-0.06652832
-0.038299561
-0.10876465
0.015106201
0.0010242462
-0.009803772
0.0030975342
-0.049835205
0.005695343
0.01411438
0.028518677
-0.092407227
0.021728516
0.066345215
-0.01499176
0.14172363
-0.042358398
0.031219482
0.079040527
-0.0083847046
-0.068664551
-0.06427002
0.030426025
-0.018463135
0.059295654
-0.082397461
-0.079589844
0.012519836
0.064758301
-0.06652832
0.051147461
0.079467773
0.052429199
0.050720215
-0.00031685829
0.04989624
-0.0081710815
-0.0021572113
0.026855469
0.003156662
0.04486084
0.06842041
0.034362793
0.020904541
0.0087051392
0.045379639
-0.063171387
0.031799316
-0.054718018
0.036865234
0.036712646
-0.070007324
0.036224365
0.056854248
0.034576416
0.07623291
-0.075439453
-0.10223389
-0.026504517
0.091308594
-0.11419678
0.10058594
0.062164307
0.022567749
-0.07800293
0.043609619
0.024612427
0.10931396
0.060241699
0.05166626
0.041412354
0.059509277
0.058898926
-0.022293091
-0.10638428
0.04119873
0.010444641
0.020355225
-0.092712402
0.10345459
0.071228027
-0.0033187866
0.051757812
-0.012611389
-0.058227539
0.0087051392
0.067199707
0.089904785
0.10357666
-0.018325806
0.090698242
-0.053527832
-0.036468506
0.020858765
0.03793335
-0.052764893
0.051361084
-0.026611328
-0.039703369
-0.010887146
-0.090759277
-0.04977417
-0.034759521
-0.098571777
0.07019043
-0.025878906
0.1027832
-0.063964844
-0.039123535
-0.012565613
0.071899414
-0.018173218
-0.051055908
-0.031982422
0.0050010681
-0.016464233
0.09185791
-0.014427185
-0.073364258
-0.056121826
-0.043334961
0.062805176
0.11462402
-0.0068473816
0.061248779
-0.021560669
-0.022186279
0.028793335
-0.06652832
-0.038299561
-0.10876465
0.015106201
0.0010242462
-0.009803772
0.0030975342
-0.049835205
0.005695343
0.01411438
0.028518677
-0.092407227
0.021728516
0.066345215
-0.01499176
0.14172363
-0.042358398
0.031219482
0.079040527
-0.0083847046
-0.068664551
-0.06427002
0.030426025
-0.018463135
0.059295654
-0.082397461
-0.079589844
0.012519836
0.064758301
-0.06652832
0.051147461
0.079467773
0.052429199
0.050720215
-0.00031685829
0.04989624
-0.0081710815
-0.0021572113
0.026855469
0.003156662
0.04486084
0.06842041
0.034362793
0.020904541
0.0087051392
0.045379639
-0.063171387
0.031799316
-0.054718018
0.036865234
0.036712646
-0.070007324
0.036224365
0.056854248
0.034576416
0.07623291
-0.075439453
-0.10223389
-0.026504517
0.091308594
-0.11419678
0.10058594
0.062164307
0.022567749
-0.07800293
0.043609619
0.024612427
0.10931396
0.060241699
0.05166626
0.041412354
0.059509277
0.058898926
-0.022293091
-0.10638428
0.04119873
0.010444641
0.020355225
-0.092712402
0.10345459
0.071228027
-0.0033187866
0.051757812
-0.012611389
-0.058227539
0.0087051392
0.067199707
0.089904785
0.10357666
-0.018325806
0.090698242
-0.053527832
-0.036468506
0.020858765
0.03793335
-0.052764893
0.051361084
-0.026611328
-0.039703369
-0.010887146
-0.090759277
-0.04977417
-0.034759521
-0.098571777
0.07019043
-0.025878906
0.1027832
-0.063964844
-0.039123535
-0.012565613
0.071899414
-0.018173218
-0.051055908
-0.031982422
0.0050010681
-0.016464233
0.09185791
-0.014427185
-0.073364258
-0.056121826
-0.043334961
0.062805176
0.11462402
-0.0068473816
0.061248779
-0.021560669
-0.022186279
0.028793335
-0.06652832
-0.038299561
-0.10876465
0.015106201
0.0010242462
-0.009803772
0.0030975342
-0.049835205
0.005695343
0.01411438
0.028518677
-0.092407227
0.021728516
0.066345215
-0.01499176
0.14172363
-0.042358398
0.031219482
0.079040527
-0.0083847046
-0.068664551
-0.06427002
0.030426025
-0.018463135
0.059295654
-0.082397461
-0.079589844
0.012519836
0.064758301
-0.06652832
0.051147461
0.079467773
0.052429199
0.050720215
-0.00031685829
0.04989624
-0.0081710815
-0.0021572113
0.026855469
0.003156662
0.04486084
0.06842041
0.034362793
0.020904541
0.0087051392
0.045379639
-0.063171387
0.031799316
-0.054718018
0.036865234
0.036712646
-0.070007324
0.036224365
0.056854248
0.034576416
0.07623291
-0.075439453
-0.10223389
-0.026504517
0.091308594
-0.11419678
0.10058594
0.062164307
0.022567749
-0.07800293
0.043609619
0.024612427
0.10931396
0.060241699
0.05166626
0.041412354
0.059509277
0.058898926
-0.022293091
-0.10638428
0.04119873
0.010444641
0.020355225
-0.092712402
0.10345459
0.071228027
-0.0033187866
0.051757812
-0.012611389
-0.058227539
0.0087051392
0.067199707
0.089904785
0.10357666
-0.018325806
0.090698242
-0.053527832
-0.036468506
0.020858765
0.03793335
-0.052764893
0.051361084
-0.026611328
-0.039703369
-0.010887146
-0.090759277
-0.04977417
-0.034759521
-0.098571777
0.07019043
-0.025878906
0.1027832
-0.063964844
-0.039123535
-0.012565613
0.071899414
-0.018173218
-0.051055908
-0.031982422
0.0050010681
-0.016464233
0.09185791
-0.014427185
-0.073364258
-0.056121826
-0.043334961
0.062805176
0.11462402
-0.0068473816
0.061248779
-0.021560669
-0.022186279
0.028793335
-0.06652832
-0.038299561
-0.10876465
0.015106201
0.0010242462
-0.009803772
0.0030975342
-0.049835205
0.005695343
0.01411438
0.028518677
-0.092407227
0.021728516
0.066345215
-0.01499176
0.14172363
-0.042358398
0.031219482
0.079040527
-0.0083847046
-0.068664551
-0.06427002
0.030426025
-0.018463135
0.059295654
-0.082397461
-0.079589844
0.012519836
0.064758301
-0.06652832
0.051147461
0.079467773
0.052429199
0.050720215
-0.00031685829
0.04989624
-0.0081710815
-0.0021572113
0.026855469
0.003156662
0.04486084
0.06842041
0.034362793
0.020904541
0.0087051392
0.045379639
-0.063171387
0.031799316
-0.054718018
0.036865234
0.036712646
-0.070007324
0.036224365
0.056854248
0.034576416
0.07623291
-0.075439453
-0.10223389
-0.026504517
0.091308594
-0.11419678
0.10058594
0.062164307
0.022567749
-0.07800293
0.043609619
0.024612427
0.10931396
0.060241699
0.05166626
0.041412354
0.059509277
0.058898926
-0.022293091
-0.10638428
0.04119873
0.010444641
0.020355225
-0.092712402
0.10345459
0.071228027
-0.0033187866
0.051757812
-0.012611389
-0.058227539
0.0087051392
0.067199707
0.089904785
0.10357666
-0.018325806
0.090698242
-0.053527832
-0.036468506
0.020858765
0.03793335
-0.052764893
0.051361084
-0.026611328
-0.039703369
-0.010887146
-0.090759277
-0.04977417
-0.034759521
-0.098571777
0.07019043
-0.025878906
0.1027832
-0.063964844
-0.039123535
-0.012565613
0.071899414
-0.018173218
-0.051055908
-0.031982422
0.0050010681
-0.016464233
0.09185791
-0.014427185
-0.073364258
-0.056121826
-0.043334961
0.062805176
0.11462402
-0.0068473816
0.061248779
-0.021560669
-0.022186279
0.028793335
-0.06652832
-0.038299561
-0.10876465
0.015106201
0.0010242462
-0.009803772
0.0030975342
-0.049835205
0.005695343
0.01411438
0.028518677
-0.092407227
0.021728516
0.066345215
-0.01499176
0.14172363
-0.042358398
0.031219482
0.079040527
-0.0083847046
-0.068664551
-0.06427002
0.030426025
-0.018463135
0.059295654
-0.082397461
-0.079589844
0.012519836
0.064758301
-0.06652832
0.051147461
0.079467773
0.052429199
0.050720215
-0.00031685829
0.04989624
-0.0081710815
-0.0021572113
0.026855469
0.003156662
0.04486084
0.06842041
0.034362793
0.020904541
0.0087051392
0.045379639
-0.063171387
0.031799316
-0.054718018
0.036865234
0.036712646
-0.070007324
0.036224365
0.056854248
0.034576416
0.07623291
-0.075439453
-0.10223389
-0.026504517
0.091308594
-0.11419678
0.10058594
0.062164307
0.022567749
-0.07800293
0.043609619
0.024612427
0.10931396
0.060241699
0.05166626
0.041412354
0.059509277
0.058898926
-0.022293091
-0.10638428
0.04119873
0.010444641
0.020355225
-0.092712402
0.10345459
0.071228027
-0.0033187866
0.051757812
-0.012611389
-0.058227539
0.0087051392
0.067199707
0.089904785
0.10357666
-0.018325806
0.090698242
-0.053527832
-0.036468506
0.020858765
0.03793335
-0.052764893
0.051361084
-0.026611328
-0.039703369
-0.010887146
-0.090759277
-0.04977417
-0.034759521
-0.098571777
0.07019043
-0.025878906
0.1027832
-0.063964844
-0.039123535
-0.012565613
0.071899414
-0.018173218
-0.051055908
-0.031982422
0.0050010681
-0.016464233
0.09185791
-0.014427185
-0.073364258
-0.056121826
-0.043334961
0.062805176
0.11462402
-0.0068473816
0.061248779
-0.021560669
-0.022186279
0.028793335
-0.06652832
-0.038299561
-0.10876465
0.015106201
0.0010242462
-0.009803772
0.0030975342
-0.049835205
0.005695343
0.01411438
0.028518677
-0.092407227
0.021728516
0.066345215
-0.01499176
0.14172363
-0.042358398
0.031219482
0.079040527
-0.0083847046
-0.068664551
-0.06427002
0.030426025
-0.018463135
0.059295654
-0.082397461
-0.079589844
0.012519836
0.064758301
-0.06652832
0.051147461
0.079467773
0.052429199
0.050720215
-0.00031685829
0.04989624
-0.0081710815
-0.0021572113
0.026855469
0.003156662
0.04486084
0.06842041
0.034362793
0.020904541
0.0087051392
0.045379639
-0.063171387
0.031799316
-0.054718018
0.036865234
0.036712646
-0.070007324
0.036224365
0.056854248
0.034576416
0.07623291
-0.075439453
-0.10223389
-0.026504517
0.091308594
-0.11419678
0.10058594
0.062164307
0.022567749
-0.07800293
0.043609619
0.024612427
0.10931396
0.060241699
0.05166626
0.041412354
0.059509277
0.058898926
-0.022293091
-0.10638428
0.04119873
0.010444641
0.020355225
-0.092712402
0.10345459
0.071228027
-0.0033187866
0.051757812
-0.012611389
-0.058227539
0.0087051392
0.067199707
0.089904785
0.10357666
-0.018325806
0.090698242
-0.053527832
-0.036468506
0.020858765
0.03793335
-0.052764893
0.051361084
-0.026611328
-0.039703369
-0.010887146
-0.090759277
-0.04977417
-0.034759521
-0.098571777
0.07019043
-0.025878906
0.1027832
-0.063964844
-0.039123535
-0.012565613
0.071899414
-0.018173218
-0.051055908
-0.031982422
0.0050010681
-0.016464233
0.09185791
-0.014427185
-0.073364258
-0.056121826
-0.043334961
0.062805176
0.11462402
-0.0068473816
0.061248779
-0.021560669
-0.022186279
0.028793335
-0.06652832
-0.038299561
-0.10876465
0.015106201
0.0010242462
-0.009803772
0.0030975342
-0.049835205
0.005695343
0.01411438
0.028518677
-0.092407227
0.021728516
0.066345215
-0.01499176
0.14172363
-0.042358398
0.031219482
0.079040527
-0.0083847046
-0.068664551
-0.06427002
0.030426025
-0.018463135
0.059295654
-0.082397461
-0.079589844
0.012519836
0.064758301
-0.06652832
0.051147461
0.079467773
0.052429199
0.050720215
-0.00031685829
0.04989624
-0.0081710815
-0.0021572113
0.026855469
0.003156662
0.04486084
0.06842041
0.034362793
0.020904541
0.0087051392
0.045379639
-0.063171387
0.031799316
-0.054718018
0.036865234
0.036712646
-0.070007324
0.036224365
0.056854248
0.034576416
0.07623291
-0.075439453
-0.10223389
-0.026504517
0.091308594
-0.11419678
0.10058594
0.062164307
0.022567749
-0.07800293
0.043609619
0.024612427
0.10931396
0.060241699
0.05166626
0.041412354
0.059509277
0.058898926
-0.022293091
-0.10638428
0.04119873
0.010444641
0.020355225
-0.092712402
0.10345459
0.071228027
-0.0033187866
0.051757812
-0.012611389
-0.058227539
0.0087051392
0.067199707
0.089904785
0.10357666
-0.018325806
0.090698242
-0.053527832
-0.036468506
0.020858765
0.03793335
-0.052764893
0.051361084
-0.026611328
-0.039703369
-0.010887146
-0.090759277
-0.04977417
-0.034759521
-0.098571777
0.07019043
-0.025878906
0.1027832
-0.063964844
-0.039123535
-0.012565613
0.071899414
-0.018173218
-0.051055908
-0.031982422
0.0050010681
-0.016464233
0.09185791
-0.014427185
-0.073364258
-0.056121826
-0.043334961
0.062805176
0.11462402
-0.0068473816
0.061248779
-0.021560669
-0.022186279
0.028793335
-0.06652832
-0.038299561
-0.10876465
0.015106201
0.0010242462
-0.009803772
0.0030975342
-0.049835205
0.005695343
0.01411438
0.028518677
-0.092407227
0.021728516
0.066345215
-0.01499176
0.14172363
-0.042358398
0.031219482
0.079040527
-0.0083847046
-0.068664551
-0.06427002
0.030426025
-0.018463135
0.059295654
-0.082397461
-0.079589844
0.012519836
0.064758301
-0.06652832
0.051147461
0.079467773
0.052429199
0.050720215
-0.00031685829
0.04989624
-0.0081710815
-0.0021572113
0.026855469
0.003156662
0.04486084
0.06842041
0.034362793
0.020904541
0.0087051392
0.045379639
-0.063171387
0.031799316
-0.054718018
0.036865234
0.036712646
-0.070007324
0.036224365
0.056854248
0.034576416
0.07623291
-0.075439453
-0.10223389
-0.026504517
0.091308594
-0.11419678
0.10058594
0.062164307
0.022567749
-0.07800293
0.043609619
0.024612427
0.10931396
0.060241699
0.05166626
0.041412354
0.059509277
0.058898926
-0.022293091
-0.10638428
0.04119873
0.010444641
0.020355225
-0.092712402
0.10345459
0.071228027
-0.0033187866
0.051757812
-0.012611389
-0.058227539
0.0087051392
0.067199707
0.089904785
0.10357666
-0.018325806
0.090698242
-0.053527832
-0.036468506
0.020858765
0.03793335
-0.052764893
0.051361084
-0.026611328
-0.039703369
-0.010887146
-0.090759277
-0.04977417
-0.034759521
-0.098571777
0.07019043
-0.025878906
0.1027832
-0.063964844
-0.039123535
-0.012565613
0.071899414
-0.018173218
-0.051055908
-0.031982422
0.0050010681
-0.016464233
0.09185791
-0.014427185
-0.073364258
-0.056121826
-0.043334961
0.062805176
0.11462402
-0.0068473816
0.061248779
-0.021560669
-0.022186279
0.028793335
-0.06652832
-0.038299561
-0.10876465
0.015106201
0.0010242462
-0.009803772
0.0030975342
-0.049835205
0.005695343
0.01411438
0.028518677
-0.092407227
0.021728516
0.066345215
-0.01499176
0.14172363
-0.042358398
0.031219482
0.079040527
-0.0083847046
-0.068664551
-0.06427002
0.030426025
-0.018463135
0.059295654
-0.082397461
-0.079589844
0.012519836
0.064758301
-0.06652832
0.051147461
0.079467773
0.052429199
0.050720215
-0.00031685829
0.04989624
-0.0081710815
-0.0021572113
0.026855469
0.003156662
0.04486084
0.06842041
0.034362793
0.020904541
0.0087051392
0.045379639
-0.063171387
0.031799316
-0.054718018
0.036865234
0.036712646
-0.070007324
0.036224365
0.056854248
0.034576416
0.07623291
-0.075439453
-0.10223389
-0.026504517
0.091308594
-0.11419678
0.10058594
0.062164307
0.022567749
-0.07800293
0.043609619
0.024612427
0.10931396
0.060241699
0.05166626
0.041412354
0.059509277
0.058898926
-0.022293091
-0.10638428
0.04119873
0.010444641
0.020355225
-0.092712402
0.10345459
0.071228027
-0.0033187866
0.051757812
-0.012611389
-0.058227539
0.0087051392
0.067199707
0.089904785
0.10357666
-0.018325806
0.090698242
-0.053527832
-0.036468506
0.020858765
0.03793335
-0.052764893
0.051361084
-0.026611328
-0.039703369
-0.010887146
-0.090759277
-0.04977417
-0.034759521
-0.098571777
0.07019043
-0.025878906
0.1027832
-0.063964844
-0.039123535
-0.012565613
0.071899414
-0.018173218
-0.051055908
-0.031982422
0.0050010681
-0.016464233
0.09185791
-0.014427185
-0.073364258
-0.056121826
-0.043334961
0.062805176
0.11462402
-0.0068473816
0.061248779
-0.021560669
-0.022186279
0.028793335
-0.06652832
-0.038299561
-0.10876465
0.015106201
0.0010242462
-0.009803772
0.0030975342
-0.049835205
0.005695343
0.01411438
0.028518677
-0.092407227
0.021728516
0.066345215
-0.01499176
0.14172363
-0.042358398
0.031219482
0.079040527
-0.0083847046
-0.068664551
-0.06427002
0.030426025
-0.018463135
0.059295654
-0.082397461
-0.079589844
0.012519836
0.064758301
-0.06652832
0.051147461
0.079467773
0.052429199
0.050720215
-0.00031685829
0.04989624
-0.0081710815
-0.0021572113
0.026855469
0.003156662
0.04486084
0.06842041
0.034362793
0.020904541
0.0087051392
0.045379639
-0.063171387
0.031799316
-0.054718018
0.036865234
0.036712646
-0.070007324
0.036224365
0.056854248
0.034576416
0.07623291
-0.075439453
-0.10223389
-0.026504517
0.091308594
-0.11419678
0.10058594
0.062164307
0.022567749
-0.07800293
0.043609619
0.024612427
0.10931396
0.060241699
0.05166626
0.041412354
0.059509277
0.058898926
-0.022293091
-0.10638428
0.04119873
0.010444641
0.020355225
-0.092712402
0.10345459
0.071228027
-0.0033187866
0.051757812
-0.012611389
-0.058227539
0.0087051392
0.067199707
0.089904785
0.10357666
-0.018325806
0.090698242
-0.053527832
-0.036468506
0.020858765
0.03793335
-0.052764893
0.051361084
-0.026611328
-0.039703369
-0.010887146
-0.090759277
-0.04977417
-0.034759521
-0.098571777
0.07019043
-0.025878906
0.1027832
-0.063964844
-0.039123535
-0.012565613
0.071899414
-0.018173218
-0.051055908
-0.031982422
0.0050010681
-0.016464233
0.09185791
-0.014427185
-0.073364258
-0.056121826
-0.043334961
0.062805176
0.11462402
-0.0068473816
0.061248779
-0.021560669
-0.022186279
0.028793335
-0.06652832
-0.038299561
-0.10876465
0.015106201
0.0010242462
-0.009803772
0.0030975342
-0.049835205
0.005695343
0.01411438
0.028518677
-0.092407227
0.021728516
0.066345215
-0.01499176
0.14172363
-0.042358398
0.031219482
0.079040527
-0.0083847046
-0.068664551
-0.06427002
0.030426025
-0.018463135
0.059295654
-0.082397461
-0.079589844
0.012519836
0.064758301
-0.06652832
0.051147461
0.079467773
0.052429199
0.050720215
-0.00031685829
0.04989624
-0.0081710815
-0.0021572113
0.026855469
0.003156662
0.04486084
0.06842041
0.034362793
0.020904541
0.0087051392
0.045379639
-0.063171387
0.031799316
-0.054718018
0.036865234
0.036712646
-0.070007324
0.036224365
0.056854248
0.034576416
0.07623291
-0.075439453
-0.10223389
-0.026504517
0.091308594
-0.11419678
0.10058594
0.062164307
0.022567749
-0.07800293
0.043609619
0.024612427
0.10931396
0.060241699
0.05166626
0.041412354
0.059509277
0.058898926
-0.022293091
-0.10638428
0.04119873
0.010444641
0.020355225
-0.092712402
0.10345459
0.071228027
-0.0033187866
0.051757812
-0.012611389
-0.058227539
0.0087051392
0.067199707
0.089904785
0.10357666
-0.018325806
0.090698242
-0.053527832
-0.036468506
0.020858765
0.03793335
-0.052764893
0.051361084
-0.026611328
-0.039703369
-0.010887146
-0.090759277
-0.04977417
-0.034759521
-0.098571777
0.07019043
-0.025878906
0.1027832
-0.063964844
-0.039123535
-0.012565613
0.071899414
-0.018173218
-0.051055908
-0.031982422
0.0050010681
-0.016464233
0.09185791
-0.014427185
-0.073364258
-0.056121826
-0.043334961
0.062805176
0.11462402
-0.0068473816
0.061248779
-0.021560669
-0.022186279
0.028793335
-0.06652832
-0.038299561
-0.10876465
0.015106201
0.0010242462
-0.009803772
0.0030975342
-0.049835205
0.005695343
0.01411438
0.028518677
-0.092407227
0.021728516
0.066345215
-0.01499176
0.14172363
-0.042358398
0.031219482
0.079040527
-0.0083847046
-0.068664551
-0.06427002
0.030426025
-0.018463135
0.059295654
-0.082397461
-0.079589844
0.012519836
0.064758301
-0.06652832
0.051147461
0.079467773
0.052429199
0.050720215
-0.00031685829
0.04989624
-0.0081710815
-0.0021572113
0.026855469
0.003156662
0.04486084
0.06842041
0.034362793
0.020904541
0.0087051392
0.045379639
-0.063171387
0.031799316
-0.054718018
0.036865234
0.036712646
-0.070007324
0.036224365
0.056854248
0.034576416
0.07623291
-0.075439453
-0.10223389
-0.026504517
0.091308594
-0.11419678
0.10058594
0.062164307
0.022567749
-0.07800293
0.043609619
0.024612427
0.10931396
0.060241699
0.05166626
0.041412354
0.059509277
0.058898926
-0.022293091
-0.10638428
0.04119873
0.010444641
0.020355225
-0.092712402
0.10345459
0.071228027
-0.0033187866
0.051757812
-0.012611389
-0.058227539
0.0087051392
0.067199707
0.089904785
0.10357666
-0.018325806
0.090698242
-0.053527832
-0.036468506
0.020858765
0.03793335
-0.052764893
0.051361084
-0.026611328
-0.039703369
-0.010887146
-0.090759277
-0.04977417
-0.034759521
-0.098571777
0.07019043
-0.025878906
0.1027832
-0.063964844
-0.039123535
-0.012565613
0.071899414
-0.018173218
-0.051055908
-0.031982422
0.0050010681
-0.016464233
0.09185791
-0.014427185
-0.073364258
-0.056121826
-0.043334961
0.062805176
0.11462402
-0.0068473816
0.061248779
-0.021560669
-0.022186279
0.028793335
-0.06652832
-0.038299561
-0.10876465
0.015106201
0.0010242462
-0.009803772
0.0030975342
-0.049835205
0.005695343
0.01411438
0.028518677
-0.092407227
0.021728516
0.066345215
-0.01499176
0.14172363
-0.042358398
0.031219482
0.079040527
-0.0083847046
-0.068664551
-0.06427002
0.030426025
-0.018463135
0.059295654
-0.082397461
-0.079589844
0.012519836
0.064758301
-0.06652832
0.051147461
0.079467773
0.052429199
0.050720215
-0.00031685829
0.04989624
-0.0081710815
-0.0021572113
0.026855469
0.003156662
0.04486084
0.06842041
0.034362793
0.020904541
0.0087051392
0.045379639
-0.063171387
0.031799316
-0.054718018
0.036865234
0.036712646
-0.070007324
0.036224365
0.056854248
0.034576416
0.07623291
-0.075439453
-0.10223389
-0.026504517
0.091308594
-0.11419678
0.10058594
0.062164307
0.022567749
-0.07800293
0.043609619
0.024612427
0.10931396
0.060241699
0.05166626
0.041412354
0.059509277
0.058898926
-0.022293091
-0.10638428
0.04119873
0.010444641
0.020355225
-0.092712402
0.10345459
0.071228027
-0.0033187866
0.051757812
-0.012611389
-0.058227539
0.0087051392
0.067199707
0.089904785
0.10357666
-0.018325806
0.090698242
-0.053527832
-0.036468506
0.020858765
0.03793335
-0.052764893
0.051361084
-0.026611328
-0.039703369
-0.010887146
-0.090759277
-0.04977417
-0.034759521
-0.098571777
0.07019043
-0.025878906
0.1027832
-0.063964844
-0.039123535
-0.012565613
0.071899414
-0.018173218
-0.051055908
-0.031982422
0.0050010681
-0.016464233
0.09185791
-0.014427185
-0.073364258
-0.056121826
-0.043334961
0.062805176
0.11462402
-0.0068473816
0.061248779
-0.021560669
-0.022186279
0.028793335
-0.06652832
-0.038299561
-0.10876465
0.015106201
0.0010242462
-0.009803772
0.0030975342
-0.049835205
0.005695343
0.01411438
0.028518677
-0.092407227
0.021728516
0.066345215
-0.01499176
0.14172363
-0.042358398
0.031219482
0.079040527
-0.0083847046
-0.068664551
-0.06427002
0.030426025
-0.018463135
0.059295654
-0.082397461
-0.079589844
0.012519836
0.064758301
-0.06652832
0.051147461
0.079467773
0.052429199
0.050720215
-0.00031685829
0.04989624
-0.0081710815
-0.0021572113
0.026855469
0.003156662
0.04486084
0.06842041
0.034362793
0.020904541
0.0087051392
0.045379639
-0.063171387
0.031799316
-0.054718018
0.036865234
0.036712646
-0.070007324
0.036224365
0.056854248
0.034576416
0.07623291
-0.075439453
-0.10223389
-0.026504517
0.091308594
-0.11419678
0.10058594
0.062164307
0.022567749
-0.07800293
0.043609619
0.024612427
0.10931396
0.060241699
0.05166626
0.041412354
0.059509277
0.058898926
-0.022293091
-0.10638428
0.04119873
0.010444641
0.020355225
-0.092712402
0.10345459
0.071228027
-0.0033187866
0.051757812
-0.012611389
-0.058227539
0.0087051392
0.067199707
0.089904785
0.10357666
-0.018325806
0.090698242
-0.053527832
-0.036468506
0.020858765
0.03793335
-0.052764893
0.051361084
-0.026611328
-0.039703369
-0.010887146
-0.090759277
-0.04977417
-0.034759521
-0.098571777
0.07019043
-0.025878906
0.1027832
-0.063964844
-0.039123535
-0.012565613
0.071899414
-0.018173218
-0.051055908
-0.031982422
0.0050010681
-0.016464233
0.09185791
-0.014427185
-0.073364258
-0.056121826
-0.043334961
0.062805176
0.11462402
-0.0068473816
0.061248779
-0.021560669
-0.022186279
0.028793335
-0.06652832
-0.038299561
-0.10876465
0.015106201
0.0010242462
-0.009803772
0.0030975342
-0.049835205
0.005695343
0.01411438
0.028518677
-0.092407227
0.021728516
0.066345215
-0.01499176
0.14172363
-0.042358398
0.031219482
0.079040527
-0.0083847046
-0.068664551
-0.06427002
0.030426025
-0.018463135
0.059295654
-0.082397461
-0.079589844
0.012519836
0.064758301
-0.06652832
0.051147461
0.079467773
0.052429199
0.050720215
-0.00031685829
0.04989624
-0.0081710815
-0.0021572113
0.026855469
0.003156662
0.04486084
0.06842041
0.034362793
0.020904541
0.0087051392
0.045379639
-0.063171387
0.031799316
-0.054718018
0.036865234
0.036712646
-0.070007324
0.036224365
0.056854248
0.034576416
0.07623291
-0.075439453
-0.10223389
-0.026504517
0.091308594
-0.11419678
0.10058594
0.062164307
0.022567749
-0.07800293
0.043609619
0.024612427
0.10931396
0.060241699
0.05166626
0.041412354
0.059509277
0.058898926
-0.022293091
-0.10638428
0.04119873
0.010444641
0.020355225
-0.092712402
0.10345459
0.071228027
-0.0033187866
0.051757812
-0.012611389
-0.058227539
0.0087051392
0.067199707
0.089904785
0.10357666
-0.018325806
0.090698242
-0.053527832
-0.036468506
0.020858765
0.03793335
-0.052764893
0.051361084
-0.026611328
-0.039703369
-0.010887146
-0.090759277
-0.04977417
-0.034759521
-0.098571777
0.07019043
-0.025878906
0.1027832
-0.063964844
-0.039123535
-0.012565613
0.071899414
-0.018173218
-0.051055908
-0.031982422
0.0050010681
-0.016464233
0.09185791
-0.014427185
-0.073364258
-0.056121826
-0.043334961
0.062805176
0.11462402
-0.0068473816
0.061248779
-0.021560669
-0.022186279
0.028793335
-0.06652832
-0.038299561
-0.10876465
0.015106201
0.0010242462
-0.009803772
0.0030975342
-0.049835205
0.005695343
0.01411438
0.028518677
-0.092407227
0.021728516
0.066345215
-0.01499176
0.14172363
-0.042358398
0.031219482
0.079040527
-0.0083847046
-0.068664551
-0.06427002
0.030426025
-0.018463135
0.059295654
-0.082397461
-0.079589844
0.012519836
0.064758301
-0.06652832
0.051147461
0.079467773
0.052429199
0.050720215
-0.00031685829
0.04989624
-0.0081710815
-0.0021572113
0.026855469
0.003156662
0.04486084
0.06842041
0.034362793
0.020904541
0.0087051392
0.045379639
-0.063171387
0.031799316
-0.054718018
0.036865234
0.036712646
-0.070007324
0.036224365
0.056854248
0.034576416
0.07623291
-0.075439453
-0.10223389
-0.026504517
0.091308594
-0.11419678
0.10058594
0.062164307
0.022567749
-0.07800293
0.043609619
0.024612427
0.10931396
0.060241699
0.05166626
0.041412354
0.059509277
0.058898926
-0.022293091
-0.10638428
0.04119873
0.010444641
0.020355225
-0.092712402
0.10345459
0.071228027
-0.0033187866
0.051757812
-0.012611389
-0.058227539
0.0087051392
0.067199707
0.089904785
0.10357666
-0.018325806
0.090698242
-0.053527832
-0.036468506
0.020858765
0.03793335
-0.052764893
0.051361084
-0.026611328
-0.039703369
-0.010887146
-0.090759277
-0.04977417
-0.034759521
-0.098571777
0.07019043
-0.025878906
0.1027832
-0.063964844
-0.039123535
-0.012565613
0.071899414
-0.018173218
-0.051055908
-0.031982422
0.0050010681
-0.016464233
0.09185791
-0.014427185
-0.073364258
-0.056121826
-0.043334961
0.062805176
0.11462402
-0.0068473816
0.061248779
-0.021560669
-0.022186279
0.028793335
-0.06652832
-0.038299561
-0.10876465
0.015106201
0.0010242462
-0.009803772
0.0030975342
-0.049835205
0.005695343
0.01411438
0.028518677
-0.092407227
0.021728516
0.066345215
-0.01499176
0.14172363
-0.042358398
0.031219482
0.079040527
-0.0083847046
-0.068664551
-0.06427002
0.030426025
-0.018463135
0.059295654
-0.082397461
-0.079589844
0.012519836
0.064758301
-0.06652832
0.051147461
0.079467773
0.052429199
0.050720215
-0.00031685829
0.04989624
-0.0081710815
-0.0021572113
0.026855469
0.003156662
0.04486084
0.06842041
0.034362793
0.020904541
0.0087051392
0.045379639
-0.063171387
0.031799316
-0.054718018
0.036865234
0.036712646
-0.070007324
0.036224365
0.056854248
0.034576416
0.07623291
-0.075439453
-0.10223389
-0.026504517
0.091308594
-0.11419678
0.10058594
0.062164307
0.022567749
-0.07800293
0.043609619
0.024612427
0.10931396
0.060241699
0.05166626
0.041412354
0.059509277
0.058898926
-0.022293091
-0.10638428
0.04119873
0.010444641
0.020355225
-0.092712402
0.10345459
0.071228027
-0.0033187866
0.051757812
-0.012611389
-0.058227539
0.0087051392
0.067199707
0.089904785
0.10357666
-0.018325806
0.090698242
-0.053527832
-0.036468506
0.020858765
0.03793335
-0.052764893
0.051361084
-0.026611328
-0.039703369
-0.010887146
-0.090759277
-0.04977417
-0.034759521
-0.098571777
0.07019043
-0.025878906
0.1027832
-0.063964844
-0.039123535
-0.012565613
0.071899414
-0.018173218
-0.051055908
-0.031982422
0.0050010681
-0.016464233
0.09185791
-0.014427185
-0.073364258
-0.056121826
-0.043334961
0.062805176
0.11462402
-0.0068473816
0.061248779
-0.021560669
-0.022186279
0.028793335
-0.06652832
-0.038299561
-0.10876465
0.015106201
0.0010242462
-0.009803772
0.0030975342
-0.049835205
0.005695343
0.01411438
0.028518677
-0.092407227
0.021728516
0.066345215
-0.01499176
0.14172363
-0.042358398
0.031219482
0.079040527
-0.0083847046
-0.068664551
-0.06427002
0.030426025
-0.018463135
0.059295654
-0.082397461
-0.079589844
0.012519836
0.064758301
-0.06652832
0.051147461
0.079467773
0.052429199
0.050720215
-0.00031685829
0.04989624
-0.0081710815
-0.0021572113
0.026855469
0.003156662
0.04486084
0.06842041
0.034362793
0.020904541
0.0087051392
0.045379639
-0.063171387
0.031799316
-0.054718018
0.036865234
0.036712646
-0.070007324
0.036224365
0.056854248
0.034576416
0.07623291
-0.075439453
-0.10223389
-0.026504517
0.091308594
-0.11419678
0.10058594
0.062164307
0.022567749
-0.07800293
0.043609619
0.024612427
0.10931396
0.060241699
0.05166626
0.041412354
0.059509277
0.058898926
-0.022293091
-0.10638428
0.04119873
0.010444641
0.020355225
-0.092712402
0.10345459
0.071228027
-0.0033187866
0.051757812
-0.012611389
-0.058227539
0.0087051392
0.067199707
0.089904785
0.10357666
-0.018325806
0.090698242
-0.053527832
-0.036468506
0.020858765
0.03793335
-0.052764893
0.051361084
-0.026611328
-0.039703369
-0.010887146
-0.090759277
-0.04977417
-0.034759521
-0.098571777
0.07019043
-0.025878906
0.1027832
-0.063964844
-0.039123535
-0.012565613
0.071899414
-0.018173218
-0.051055908
-0.031982422
0.0050010681
-0.016464233
0.09185791
-0.014427185
-0.073364258
-0.056121826
-0.043334961
0.062805176
0.11462402
-0.0068473816
0.061248779
-0.021560669
-0.022186279
0.028793335
-0.06652832
-0.038299561
-0.10876465
0.015106201
0.0010242462
-0.009803772
0.0030975342
-0.049835205
0.005695343
0.01411438
0.028518677
-0.092407227
0.021728516
0.066345215
-0.01499176
0.14172363
-0.042358398
0.031219482
0.079040527
-0.0083847046
-0.068664551
-0.06427002
0.030426025
-0.018463135
0.059295654
-0.082397461
-0.079589844
0.012519836
0.064758301
-0.06652832
0.051147461
0.079467773
0.052429199
0.050720215
-0.00031685829
0.04989624
-0.0081710815
-0.0021572113
0.026855469
0.003156662
0.04486084
0.06842041
0.034362793
0.020904541
0.0087051392
0.045379639
-0.063171387
0.031799316
-0.054718018
0.036865234
0.036712646
-0.070007324
0.036224365
0.056854248
0.034576416
0.07623291
-0.075439453
-0.10223389
-0.026504517
0.091308594
-0.11419678
0.10058594
0.062164307
0.022567749
-0.07800293
0.043609619
0.024612427
0.10931396
0.060241699
0.05166626
0.041412354
0.059509277
0.058898926
-0.022293091
-0.10638428
0.04119873
0.010444641
0.020355225
-0.092712402
0.10345459
0.071228027
-0.0033187866
0.051757812
-0.012611389
-0.058227539
0.0087051392
0.067199707
0.089904785
0.10357666
-0.018325806
0.090698242
-0.053527832
-0.036468506
0.020858765
0.03793335
-0.052764893
0.051361084
-0.026611328
-0.039703369
-0.010887146
-0.090759277
-0.04977417
-0.034759521
-0.098571777
0.07019043
-0.025878906
0.1027832
-0.063964844
-0.039123535
-0.012565613
0.071899414
-0.018173218
-0.051055908
-0.031982422
0.0050010681
-0.016464233
0.09185791
-0.014427185
-0.073364258
-0.056121826
-0.043334961
0.062805176
0.11462402
-0.0068473816
0.061248779
-0.021560669
-0.022186279
0.028793335
-0.06652832
-0.038299561
-0.10876465
0.015106201
0.0010242462
-0.009803772
0.0030975342
-0.049835205
0.005695343
0.01411438
0.028518677
-0.092407227
0.021728516
0.066345215
-0.01499176
0.14172363
-0.042358398
0.031219482
0.079040527
-0.0083847046
-0.068664551
-0.06427002
0.030426025
-0.018463135
0.059295654
-0.082397461
-0.079589844
0.012519836
0.064758301
-0.06652832
0.051147461
0.079467773
0.052429199
0.050720215
-0.00031685829
0.04989624
-0.0081710815
-0.0021572113
0.026855469
0.003156662
0.04486084
0.06842041
0.034362793
0.020904541
0.0087051392
0.045379639
-0.063171387
0.031799316
-0.054718018
0.036865234
0.036712646
-0.070007324
0.036224365
0.056854248
0.034576416
0.07623291
-0.075439453
-0.10223389
-0.026504517
0.091308594
-0.11419678
0.10058594
0.062164307
0.022567749
-0.07800293
0.043609619
0.024612427
0.10931396
0.060241699
0.05166626
0.041412354
0.059509277
0.058898926
-0.022293091
-0.10638428
0.04119873
0.010444641
0.020355225
-0.092712402
0.10345459
0.071228027
-0.0033187866
0.051757812
-0.012611389
-0.058227539
0.0087051392
0.067199707
0.089904785
0.10357666
-0.018325806
0.090698242
-0.053527832
-0.036468506
0.020858765
0.03793335
-0.052764893
0.051361084
-0.026611328
-0.039703369
-0.010887146
-0.090759277
-0.04977417
-0.034759521
-0.098571777
0.07019043
-0.025878906
0.1027832
-0.063964844
-0.039123535
-0.012565613
0.071899414
-0.018173218
-0.051055908
-0.031982422
0.0050010681
-0.016464233
0.09185791
-0.014427185
-0.073364258
-0.056121826
-0.043334961
0.062805176
0.11462402
-0.0068473816
0.061248779
-0.021560669
-0.022186279
0.028793335
-0.06652832
-0.038299561
-0.10876465
0.015106201
0.0010242462
-0.009803772
0.0030975342
-0.049835205
0.005695343
0.01411438
0.028518677
-0.092407227
0.021728516
0.066345215
-0.01499176
0.14172363
-0.042358398
0.031219482
0.079040527
-0.0083847046
-0.068664551
-0.06427002
0.030426025
-0.018463135
0.059295654
-0.082397461
-0.079589844
0.012519836
0.064758301
-0.06652832
0.051147461
0.079467773
0.052429199
0.050720215
-0.00031685829
0.04989624
-0.0081710815
-0.0021572113
0.026855469
0.003156662
0.04486084
0.06842041
0.034362793
0.020904541
0.0087051392
0.045379639
-0.063171387
0.031799316
-0.054718018
0.036865234
0.036712646
-0.070007324
0.036224365
0.056854248
0.034576416
0.07623291
-0.075439453
-0.10223389
-0.026504517
0.091308594
-0.11419678
0.10058594
0.062164307
0.022567749
-0.07800293
0.043609619
0.024612427
0.10931396
0.060241699
0.05166626
0.041412354
0.059509277
0.058898926
-0.022293091
-0.10638428
0.04119873
0.010444641
0.020355225
-0.092712402
0.10345459
0.071228027
-0.0033187866
0.051757812
-0.012611389
-0.058227539
0.0087051392
0.067199707
0.089904785
0.10357666
-0.018325806
0.090698242
-0.053527832
-0.036468506
0.020858765
0.03793335
-0.052764893
0.051361084
-0.026611328
-0.039703369
-0.010887146
-0.090759277
-0.04977417
-0.034759521
-0.098571777
0.07019043
-0.025878906
0.1027832
-0.063964844
-0.039123535
-0.012565613
0.071899414
-0.018173218
-0.051055908
-0.031982422
0.0050010681
-0.016464233
0.09185791
-0.014427185
-0.073364258
-0.056121826
-0.043334961
0.062805176
0.11462402
-0.0068473816
0.061248779
-0.021560669
-0.022186279
0.028793335
-0.06652832
-0.038299561
-0.10876465
0.015106201
0.0010242462
-0.009803772
0.0030975342
-0.049835205
0.005695343
0.01411438
0.028518677
-0.092407227
0.021728516
0.066345215
-0.01499176
0.14172363
-0.042358398
0.031219482
0.079040527
-0.0083847046
-0.068664551
-0.06427002
0.030426025
-0.018463135
0.059295654
-0.082397461
-0.079589844
0.012519836
0.064758301
-0.06652832
0.051147461
0.079467773
0.052429199
0.050720215
-0.00031685829
0.04989624
-0.0081710815
-0.0021572113
0.026855469
0.003156662
0.04486084
0.06842041
0.034362793
0.020904541
0.0087051392
0.045379639
-0.063171387
0.031799316
-0.054718018
0.036865234
0.036712646
-0.070007324
0.036224365
0.056854248
0.034576416
0.07623291
-0.075439453
-0.10223389
-0.026504517
0.091308594
-0.11419678
0.10058594
0.062164307
0.022567749
-0.07800293
0.043609619
0.024612427
0.10931396
0.060241699
0.05166626
0.041412354
0.059509277
0.058898926
-0.022293091
-0.10638428
0.04119873
0.010444641
0.020355225
-0.092712402
0.10345459
0.071228027
-0.0033187866
0.051757812
-0.012611389
-0.058227539
0.0087051392
0.067199707
0.089904785
0.10357666
-0.018325806
0.090698242
-0.053527832
-0.036468506
0.020858765
0.03793335
-0.052764893
0.051361084
-0.026611328
-0.039703369
-0.010887146
-0.090759277
-0.04977417
-0.034759521
-0.098571777
0.07019043
-0.025878906
0.1027832
-0.063964844
-0.039123535
-0.012565613
0.071899414
-0.018173218
-0.051055908
-0.031982422
0.0050010681
-0.016464233
0.09185791
-0.014427185
-0.073364258
-0.056121826
-0.043334961
0.062805176
0.11462402
-0.0068473816
0.061248779
-0.021560669
-0.022186279
0.028793335
-0.06652832
-0.038299561
-0.10876465
0.015106201
0.0010242462
-0.009803772
0.0030975342
-0.049835205
0.005695343
0.01411438
0.028518677
-0.092407227
0.021728516
0.066345215
-0.01499176
0.14172363
-0.042358398
0.031219482
0.079040527
-0.0083847046
-0.068664551
-0.06427002
0.030426025
-0.018463135
0.059295654
-0.082397461
-0.079589844
0.012519836
0.064758301
-0.06652832
0.051147461
0.079467773
0.052429199
0.050720215
-0.00031685829
0.04989624
-0.0081710815
-0.0021572113
0.026855469
0.003156662
0.04486084
0.06842041
0.034362793
0.020904541
0.0087051392
0.045379639
-0.063171387
0.031799316
-0.054718018
0.036865234
0.036712646
-0.070007324
0.036224365
0.056854248
0.034576416
0.07623291
-0.075439453
-0.10223389
-0.026504517
0.091308594
-0.11419678
0.10058594
0.062164307
0.022567749
-0.07800293
0.043609619
0.024612427
0.10931396
0.060241699
0.05166626
0.041412354
0.059509277
0.058898926
-0.022293091
-0.10638428
0.04119873
0.010444641
0.020355225
-0.092712402
0.10345459
0.071228027
-0.0033187866
0.051757812
-0.012611389
-0.058227539
0.0087051392
0.067199707
0.089904785
0.10357666
-0.018325806
0.090698242
-0.053527832
-0.036468506
0.020858765
0.03793335
-0.052764893
0.051361084
-0.026611328
-0.039703369
-0.010887146
-0.090759277
-0.04977417
-0.034759521
-0.098571777
0.07019043
-0.025878906
0.1027832
-0.063964844
-0.039123535
-0.012565613
0.071899414
-0.018173218
-0.051055908
-0.031982422
0.0050010681
-0.016464233
0.09185791
-0.014427185
-0.073364258
-0.056121826
-0.043334961
0.062805176
0.11462402
-0.0068473816
0.061248779
-0.021560669
-0.022186279
0.028793335
-0.06652832
-0.038299561
-0.10876465
0.015106201
0.0010242462
-0.009803772
0.0030975342
-0.049835205
0.005695343
0.01411438
0.028518677
-0.092407227
0.021728516
0.066345215
-0.01499176
0.14172363
-0.042358398
0.031219482
0.079040527
-0.0083847046
-0.068664551
-0.06427002
0.030426025
-0.018463135
0.059295654
-0.082397461
-0.079589844
0.012519836
0.064758301
-0.06652832
0.051147461
0.079467773
0.052429199
0.050720215
-0.00031685829
0.04989624
-0.0081710815
-0.0021572113
0.026855469
0.003156662
0.04486084
0.06842041
0.034362793
0.020904541
0.0087051392
0.045379639
-0.063171387
0.031799316
-0.054718018
0.036865234
0.036712646
-0.070007324
0.036224365
0.056854248
0.034576416
0.07623291
-0.075439453
-0.10223389
-0.026504517
0.091308594
-0.11419678
0.10058594
0.062164307
0.022567749
-0.07800293
0.043609619
0.024612427
0.10931396
0.060241699
0.05166626
0.041412354
0.059509277
0.058898926
-0.022293091
-0.10638428
0.04119873
0.010444641
0.020355225
-0.092712402
0.10345459
0.071228027
-0.0033187866
0.051757812
-0.012611389
-0.058227539
0.0087051392
0.067199707
0.089904785
0.10357666
-0.018325806
0.090698242
-0.053527832
-0.036468506
0.020858765
0.03793335
-0.052764893
0.051361084
-0.026611328
-0.039703369
-0.010887146
-0.090759277
-0.04977417
-0.034759521
-0.098571777
0.07019043
-0.025878906
0.1027832
-0.063964844
-0.039123535
-0.012565613
0.071899414
-0.018173218
-0.051055908
-0.031982422
0.0050010681
-0.016464233
0.09185791
-0.014427185
-0.073364258
-0.056121826
-0.043334961
0.062805176
0.11462402
-0.0068473816
0.061248779
-0.021560669
-0.022186279
0.028793335
-0.06652832
-0.038299561
-0.10876465
0.015106201
0.0010242462
-0.009803772
0.0030975342
-0.049835205
0.005695343
0.01411438
0.028518677
-0.092407227
0.021728516
0.066345215
-0.01499176
0.14172363
-0.042358398
0.031219482
0.079040527
-0.0083847046
-0.068664551
-0.06427002
0.030426025
-0.018463135
0.059295654
-0.082397461
-0.079589844
0.012519836
0.064758301
-0.06652832
0.051147461
0.079467773
0.052429199
0.050720215
-0.00031685829
0.04989624
-0.0081710815
-0.0021572113
0.026855469
0.003156662
0.04486084
0.06842041
0.034362793
0.020904541
0.0087051392
0.045379639
-0.063171387
0.031799316
-0.054718018
0.036865234
0.036712646
-0.070007324
0.036224365
0.056854248
0.034576416
0.07623291
-0.075439453
-0.10223389
-0.026504517
0.091308594
-0.11419678
0.10058594
0.062164307
0.022567749
-0.07800293
0.043609619
0.024612427
0.10931396
0.060241699
0.05166626
0.041412354
0.059509277
0.058898926
-0.022293091
-0.10638428
0.04119873
0.010444641
0.020355225
-0.092712402
0.10345459
0.071228027
-0.0033187866
0.051757812
-0.012611389
-0.058227539
0.0087051392
0.067199707
0.089904785
0.10357666
-0.018325806
0.090698242
-0.053527832
-0.036468506
0.020858765
0.03793335
-0.052764893
0.051361084
-0.026611328
-0.039703369
-0.010887146
-0.090759277
-0.04977417
-0.034759521
-0.098571777
0.07019043
-0.025878906
0.1027832
-0.063964844
-0.039123535
-0.012565613
0.071899414
-0.018173218
-0.051055908
-0.031982422
0.0050010681
-0.016464233
0.09185791
-0.014427185
-0.073364258
-0.056121826
-0.043334961
0.062805176
0.11462402
-0.0068473816
0.061248779
-0.021560669
-0.022186279
0.028793335
-0.06652832
-0.038299561
-0.10876465
0.015106201
0.0010242462
-0.009803772
0.0030975342
-0.049835205
0.005695343
0.01411438
0.028518677
-0.092407227
0.021728516
0.066345215
-0.01499176
0.14172363
-0.042358398
0.031219482
0.079040527
-0.0083847046
-0.068664551
-0.06427002
0.030426025
-0.018463135
0.059295654
-0.082397461
-0.079589844
0.012519836
0.064758301
-0.06652832
0.051147461
0.079467773
0.052429199
0.050720215
-0.00031685829
0.04989624
-0.0081710815
-0.0021572113
0.026855469
0.003156662
0.04486084
0.06842041
0.034362793
0.020904541
0.0087051392
0.045379639
-0.063171387
0.031799316
-0.054718018
0.036865234
0.036712646
-0.070007324
0.036224365
0.056854248
0.034576416
0.07623291
-0.075439453
-0.10223389
-0.026504517
0.091308594
-0.11419678
0.10058594
0.062164307
0.022567749
-0.07800293
0.043609619
0.024612427
0.10931396
0.060241699
0.05166626
0.041412354
0.059509277
0.058898926
-0.022293091
-0.10638428
0.04119873
0.010444641
0.020355225
-0.092712402
0.10345459
0.071228027
-0.0033187866
0.051757812
-0.012611389
-0.058227539
0.0087051392
0.067199707
0.089904785
0.10357666
-0.018325806
0.090698242
-0.053527832
-0.036468506
0.020858765
0.03793335
-0.052764893
0.051361084
-0.026611328
-0.039703369
-0.010887146
-0.090759277
-0.04977417
-0.034759521
-0.098571777
0.07019043
-0.025878906
0.1027832
-0.063964844
-0.039123535
-0.012565613
0.071899414
-0.018173218
-0.051055908
-0.031982422
0.0050010681
-0.016464233
0.09185791
-0.014427185
-0.073364258
-0.056121826
-0.043334961
0.062805176
0.11462402
-0.0068473816
0.061248779
-0.021560669
-0.022186279
0.028793335
-0.06652832
-0.038299561
-0.10876465
0.015106201
0.0010242462
-0.009803772
0.0030975342
-0.049835205
0.005695343
0.01411438
0.028518677
-0.092407227
0.021728516
0.066345215
-0.01499176
0.14172363
-0.042358398
0.031219482
0.079040527
-0.0083847046
-0.068664551
-0.06427002
0.030426025
-0.018463135
0.059295654
-0.082397461
-0.079589844
0.012519836
0.064758301
-0.06652832
0.051147461
0.079467773
0.052429199
0.050720215
-0.00031685829
0.04989624
-0.0081710815
-0.0021572113
0.026855469
0.003156662
0.04486084
0.06842041
0.034362793
0.020904541
0.0087051392
0.045379639
-0.063171387
0.031799316
-0.054718018
0.036865234
0.036712646
-0.070007324
0.036224365
0.056854248
0.034576416
0.07623291
-0.075439453
-0.10223389
-0.026504517
0.091308594
-0.11419678
0.10058594
0.062164307
0.022567749
-0.07800293
0.043609619
0.024612427
0.10931396
0.060241699
0.05166626
0.041412354
0.059509277
0.058898926
-0.022293091
-0.10638428
0.04119873
0.010444641
0.020355225
-0.092712402
0.10345459
0.071228027
-0.0033187866
0.051757812
-0.012611389
-0.058227539
0.0087051392
0.067199707
0.089904785
0.10357666
-0.018325806
0.090698242
-0.053527832
-0.036468506
0.020858765
0.03793335
-0.052764893
0.051361084
-0.026611328
-0.039703369
-0.010887146
-0.090759277
-0.04977417
-0.034759521
-0.098571777
0.07019043
-0.025878906
0.1027832
-0.063964844
-0.039123535
-0.012565613
0.071899414
-0.018173218
-0.051055908
-0.031982422
0.0050010681
-0.016464233
0.09185791
-0.014427185
-0.073364258
-0.056121826
-0.043334961
0.062805176
0.11462402
-0.0068473816
0.061248779
-0.021560669
-0.022186279
0.028793335
-0.06652832
-0.038299561
-0.10876465
0.015106201
0.0010242462
-0.009803772
0.0030975342
-0.049835205
0.005695343
0.01411438
0.028518677
-0.092407227
0.021728516
0.066345215
-0.01499176
0.14172363
-0.042358398
0.031219482
0.079040527
-0.0083847046
-0.068664551
-0.06427002
0.030426025
-0.018463135
0.059295654
-0.082397461
-0.079589844
0.012519836
0.064758301
-0.06652832
0.051147461
0.079467773
0.052429199
0.050720215
-0.00031685829
0.04989624
-0.0081710815
-0.0021572113
0.026855469
0.003156662
0.04486084
0.06842041
0.034362793
0.020904541
0.0087051392
0.045379639
-0.063171387
0.031799316
-0.054718018
0.036865234
0.036712646
-0.070007324
0.036224365
0.056854248
0.034576416
0.07623291
-0.075439453
-0.10223389
-0.026504517
0.091308594
-0.11419678
0.10058594
0.062164307
0.022567749
-0.07800293
0.043609619
0.024612427
0.10931396
0.060241699
0.05166626
0.041412354
0.059509277
0.058898926
-0.022293091
-0.10638428
0.04119873
0.010444641
0.020355225
-0.092712402
0.10345459
0.071228027
-0.0033187866
0.051757812
-0.012611389
-0.058227539
0.0087051392
0.067199707
0.089904785
0.10357666
-0.018325806
0.090698242
-0.053527832
-0.036468506
0.020858765
0.03793335
-0.052764893
0.051361084
-0.026611328
-0.039703369
-0.010887146
-0.090759277
-0.04977417
-0.034759521
-0.098571777
0.07019043
-0.025878906
0.1027832
-0.063964844
-0.039123535
-0.012565613
0.071899414
-0.018173218
-0.051055908
-0.031982422
0.0050010681
-0.016464233
0.09185791
-0.014427185
-0.073364258
-0.056121826
-0.043334961
0.062805176
0.11462402
-0.0068473816
0.061248779
-0.021560669
-0.022186279
0.028793335
-0.06652832
-0.038299561
-0.10876465
0.015106201
0.0010242462
-0.009803772
0.0030975342
-0.049835205
0.005695343
0.01411438
0.028518677
-0.092407227
0.021728516
0.066345215
-0.01499176
0.14172363
-0.042358398
0.031219482
0.079040527
-0.0083847046
-0.068664551
-0.06427002
0.030426025
-0.018463135
0.059295654
-0.082397461
-0.079589844
0.012519836
0.064758301
-0.06652832
0.051147461
0.079467773
0.052429199
0.050720215
-0.00031685829
0.04989624
-0.0081710815
-0.0021572113
0.026855469
0.003156662
0.04486084
0.06842041
0.034362793
0.020904541
0.0087051392
0.045379639
-0.063171387
0.031799316
-0.054718018
0.036865234
0.036712646
-0.070007324
0.036224365
0.056854248
0.034576416
0.07623291
-0.075439453
-0.10223389
-0.026504517
0.091308594
-0.11419678
0.10058594
0.062164307
0.022567749
-0.07800293
0.043609619
0.024612427
0.10931396
0.060241699
0.05166626
0.041412354
0.059509277
0.058898926
-0.022293091
-0.10638428
0.04119873
0.010444641
0.020355225
-0.092712402
0.10345459
0.071228027
-0.0033187866
0.051757812
-0.012611389
-0.058227539
0.0087051392
0.067199707
0.089904785
0.10357666
-0.018325806
0.090698242
-0.053527832
-0.036468506
0.020858765
0.03793335
-0.052764893
0.051361084
-0.026611328
-0.039703369
-0.010887146
-0.090759277
-0.04977417
-0.034759521
-0.098571777
0.07019043
-0.025878906
0.1027832
-0.063964844
-0.039123535
-0.012565613
0.071899414
-0.018173218
-0.051055908
-0.031982422
0.0050010681
-0.016464233
0.09185791
-0.014427185
-0.073364258
-0.056121826
-0.043334961
0.062805176
0.11462402
-0.0068473816
0.061248779
-0.021560669
-0.022186279
0.028793335
-0.06652832
-0.038299561
-0.10876465
0.015106201
0.0010242462
-0.009803772
0.0030975342
-0.049835205
0.005695343
0.01411438
0.028518677
-0.092407227
0.021728516
0.066345215
-0.01499176
0.14172363
-0.042358398
0.031219482
0.079040527
-0.0083847046
-0.068664551
-0.06427002
0.030426025
-0.018463135
0.059295654
-0.082397461
-0.079589844
0.012519836
0.064758301
-0.06652832
0.051147461
0.079467773
0.052429199
0.050720215
-0.00031685829
0.04989624
-0.0081710815
-0.0021572113
0.026855469
0.003156662
0.04486084
0.06842041
0.034362793
0.020904541
0.0087051392
0.045379639
-0.063171387
0.031799316
-0.054718018
0.036865234
0.036712646
-0.070007324
0.036224365
0.056854248
0.034576416
0.07623291
-0.075439453
-0.10223389
-0.026504517
0.091308594
-0.11419678
0.10058594
0.062164307
0.022567749
-0.07800293
0.043609619
0.024612427
0.10931396
0.060241699
0.05166626
0.041412354
0.059509277
0.058898926
-0.022293091
-0.10638428
0.04119873
0.010444641
0.020355225
-0.092712402
0.10345459
0.071228027
-0.0033187866
0.051757812
-0.012611389
-0.058227539
0.0087051392
0.067199707
0.089904785
0.10357666
-0.018325806
0.090698242
-0.053527832
-0.036468506
0.020858765
0.03793335
-0.052764893
0.051361084
-0.026611328
-0.039703369
-0.010887146
-0.090759277
-0.04977417
-0.034759521
-0.098571777
0.07019043
-0.025878906
0.1027832
-0.063964844
-0.039123535
-0.012565613
0.071899414
-0.018173218
-0.051055908
-0.031982422
0.0050010681
-0.016464233
0.09185791
-0.014427185
-0.073364258
-0.056121826
-0.043334961
0.062805176
0.11462402
-0.0068473816
0.061248779
-0.021560669
-0.022186279
0.028793335
-0.06652832
-0.038299561
-0.10876465
0.015106201
0.0010242462
-0.009803772
0.0030975342
-0.049835205
0.005695343
0.01411438
0.028518677
-0.092407227
0.021728516
0.066345215
-0.01499176
0.14172363
-0.042358398
0.031219482
0.079040527
-0.0083847046
-0.068664551
-0.06427002
0.030426025
-0.018463135
0.059295654
-0.082397461
-0.079589844
0.012519836
0.064758301
-0.06652832
0.051147461
0.079467773
0.052429199
0.050720215
-0.00031685829
0.04989624
-0.0081710815
-0.0021572113
0.026855469
0.003156662
0.04486084
0.06842041
0.034362793
0.020904541
0.0087051392
0.045379639
-0.063171387
0.031799316
-0.054718018
0.036865234
0.036712646
-0.070007324
0.036224365
0.056854248
0.034576416
0.07623291
-0.075439453
-0.10223389
-0.026504517
0.091308594
-0.11419678
0.10058594
0.062164307
0.022567749
-0.07800293
0.043609619
0.024612427
0.10931396
0.060241699
0.05166626
0.041412354
0.059509277
0.058898926
-0.022293091
-0.10638428
0.04119873
0.010444641
0.020355225
-0.092712402
0.10345459
0.071228027
-0.0033187866
0.051757812
-0.012611389
-0.058227539
0.0087051392
0.067199707
0.089904785
0.10357666
-0.018325806
0.090698242
-0.053527832
-0.036468506
0.020858765
0.03793335
-0.052764893
0.051361084
-0.026611328
-0.039703369
-0.010887146
-0.090759277
-0.04977417
-0.034759521
-0.098571777
0.07019043
-0.025878906
0.1027832
-0.063964844
-0.039123535
-0.012565613
0.071899414
-0.018173218
-0.051055908
-0.031982422
0.0050010681
-0.016464233
0.09185791
-0.014427185
-0.073364258
-0.056121826
-0.043334961
0.062805176
0.11462402
-0.0068473816
0.061248779
-0.021560669
-0.022186279
0.028793335
-0.06652832
-0.038299561
-0.10876465
0.015106201
0.0010242462
-0.009803772
0.0030975342
-0.049835205
0.005695343
0.01411438
0.028518677
-0.092407227
0.021728516
0.066345215
-0.01499176
0.14172363
-0.042358398
0.031219482
0.079040527
-0.0083847046
-0.068664551
-0.06427002
0.030426025
-0.018463135
0.059295654
-0.082397461
-0.079589844
0.012519836
0.064758301
-0.06652832
0.051147461
0.079467773
0.052429199
0.050720215
-0.00031685829
0.04989624
-0.0081710815
-0.0021572113
0.026855469
0.003156662
0.04486084
0.06842041
0.034362793
0.020904541
0.0087051392
0.045379639
-0.063171387
0.031799316
-0.054718018
0.036865234
0.036712646
-0.070007324
0.036224365
0.056854248
0.034576416
0.07623291
-0.075439453
-0.10223389
-0.026504517
0.091308594
-0.11419678
0.10058594
0.062164307
0.022567749
-0.07800293
0.043609619
0.024612427
0.10931396
0.060241699
0.05166626
0.041412354
0.059509277
0.058898926
-0.022293091
-0.10638428
0.04119873
0.010444641
0.020355225
-0.092712402
0.10345459
0.071228027
-0.0033187866
0.051757812
-0.012611389
-0.058227539
0.0087051392
0.067199707
0.089904785
0.10357666
-0.018325806
0.090698242
-0.053527832
-0.036468506
0.020858765
0.03793335
-0.052764893
0.051361084
-0.026611328
-0.039703369
-0.010887146
-0.090759277
-0.04977417
-0.034759521
-0.098571777
0.07019043
-0.025878906
0.1027832
-0.063964844
-0.039123535
-0.012565613
0.071899414
-0.018173218
-0.051055908
-0.031982422
0.0050010681
-0.016464233
0.09185791
-0.014427185
-0.073364258
-0.056121826
-0.043334961
0.062805176
0.11462402
-0.0068473816
0.061248779
-0.021560669
-0.022186279
0.028793335
-0.06652832
-0.038299561
-0.10876465
0.015106201
0.0010242462
-0.009803772
0.0030975342
-0.049835205
0.005695343
0.01411438
0.028518677
-0.092407227
0.021728516
0.066345215
-0.01499176
0.14172363
-0.042358398
0.031219482
0.079040527
-0.0083847046
-0.068664551
-0.06427002
0.030426025
-0.018463135
0.059295654
-0.082397461
-0.079589844
0.012519836
0.064758301
-0.06652832
0.051147461
0.079467773
0.052429199
0.050720215
-0.00031685829
0.04989624
-0.0081710815
-0.0021572113
0.026855469
0.003156662
0.04486084
0.06842041
0.034362793
0.020904541
0.0087051392
0.045379639
-0.063171387
0.031799316
-0.054718018
0.036865234
0.036712646
-0.070007324
0.036224365
0.056854248
0.034576416
0.07623291
-0.075439453
-0.10223389
-0.026504517
0.091308594
-0.11419678
0.10058594
0.062164307
0.022567749
-0.07800293
0.043609619
0.024612427
0.10931396
0.060241699
0.05166626
0.041412354
0.059509277
0.058898926
-0.022293091
-0.10638428
0.04119873
0.010444641
0.020355225
-0.092712402
0.10345459
0.071228027
-0.0033187866
0.051757812
-0.012611389
-0.058227539
0.0087051392
0.067199707
0.089904785
0.10357666
-0.018325806
0.090698242
-0.053527832
-0.036468506
0.020858765
0.03793335
-0.052764893
0.051361084
-0.026611328
-0.039703369
-0.010887146
-0.090759277
-0.04977417
-0.034759521
-0.098571777
0.07019043
-0.025878906
0.1027832
-0.063964844
-0.039123535
-0.012565613
0.071899414
-0.018173218
-0.051055908
-0.031982422
0.0050010681
-0.016464233
0.09185791
-0.014427185
-0.073364258
-0.056121826
-0.043334961
0.062805176
0.11462402
-0.0068473816
0.061248779
-0.021560669
-0.022186279
0.028793335
-0.06652832
-0.038299561
-0.10876465
0.015106201
0.0010242462
-0.009803772
0.0030975342
-0.049835205
0.005695343
0.01411438
0.028518677
-0.092407227
0.021728516
0.066345215
-0.01499176
0.14172363
-0.042358398
0.031219482
0.079040527
-0.0083847046
-0.068664551
-0.06427002
0.030426025
-0.018463135
0.059295654
-0.082397461
-0.079589844
0.012519836
0.064758301
-0.06652832
0.051147461
0.079467773
0.052429199
0.050720215
-0.00031685829
0.04989624
-0.0081710815
-0.0021572113
0.026855469
0.003156662
0.04486084
0.06842041
0.034362793
0.020904541
0.0087051392
0.045379639
-0.063171387
0.031799316
-0.054718018
0.036865234
0.036712646
-0.070007324
0.036224365
0.056854248
0.034576416
0.07623291
-0.075439453
-0.10223389
-0.026504517
0.091308594
-0.11419678
0.10058594
0.062164307
0.022567749
-0.07800293
0.043609619
0.024612427
0.10931396
0.060241699
0.05166626
0.041412354
0.059509277
0.058898926
-0.022293091
-0.10638428
0.04119873
0.010444641
0.020355225
-0.092712402
0.10345459
0.071228027
-0.0033187866
0.051757812
-0.012611389
-0.058227539
0.0087051392
0.067199707
0.089904785
0.10357666
-0.018325806
0.090698242
-0.053527832
-0.036468506
0.020858765
0.03793335
-0.052764893
0.051361084
-0.026611328
-0.039703369
-0.010887146
-0.090759277
-0.04977417
-0.034759521
-0.098571777
0.07019043
-0.025878906
0.1027832
-0.063964844
-0.039123535
-0.012565613
0.071899414
-0.018173218
-0.051055908
-0.031982422
0.0050010681
-0.016464233
0.09185791
-0.014427185
-0.073364258
-0.056121826
-0.043334961
0.062805176
0.11462402
-0.0068473816
0.061248779
-0.021560669
-0.022186279
0.028793335
-0.06652832
-0.038299561
-0.10876465
0.015106201
0.0010242462
-0.009803772
0.0030975342
-0.049835205
0.005695343
0.01411438
0.028518677
-0.092407227
0.021728516
0.066345215
-0.01499176
0.14172363
-0.042358398
0.031219482
0.079040527
-0.0083847046
-0.068664551
-0.06427002
0.030426025
-0.018463135
0.059295654
-0.082397461
-0.079589844
0.012519836
0.064758301
-0.06652832
0.051147461
0.079467773
0.052429199
0.050720215
-0.00031685829
0.04989624
-0.0081710815
-0.0021572113
0.026855469
0.003156662
0.04486084
0.06842041
0.034362793
0.020904541
0.0087051392
0.045379639
-0.063171387
0.031799316
-0.054718018
0.036865234
0.036712646
-0.070007324
0.036224365
0.056854248
0.034576416
0.07623291
-0.075439453
-0.10223389
-0.026504517
0.091308594
-0.11419678
0.10058594
0.062164307
0.022567749
-0.07800293
0.043609619
0.024612427
0.10931396
0.060241699
0.05166626
0.041412354
0.059509277
0.058898926
-0.022293091
-0.10638428
0.04119873
0.010444641
0.020355225
-0.092712402
0.10345459
0.071228027
-0.0033187866
0.051757812
-0.012611389
-0.058227539
0.0087051392
0.067199707
0.089904785
0.10357666
-0.018325806
0.090698242
-0.053527832
-0.036468506
0.020858765
0.03793335
-0.052764893
0.051361084
-0.026611328
-0.039703369
-0.010887146
-0.090759277
-0.04977417
-0.034759521
-0.098571777
0.07019043
-0.025878906
0.1027832
-0.063964844
-0.039123535
-0.012565613
0.071899414
-0.018173218
-0.051055908
-0.031982422
0.0050010681
-0.016464233
0.09185791
-0.014427185
-0.073364258
-0.056121826
-0.043334961
0.062805176
0.11462402
-0.0068473816
0.061248779
-0.021560669
-0.022186279
0.028793335
-0.06652832
-0.038299561
-0.10876465
0.015106201
0.0010242462
-0.009803772
0.0030975342
-0.049835205
0.005695343
0.01411438
0.028518677
-0.092407227
0.021728516
0.066345215
-0.01499176
0.14172363
-0.042358398
0.031219482
0.079040527
-0.0083847046
-0.068664551
-0.06427002
0.030426025
-0.018463135
0.059295654
-0.082397461
-0.079589844
0.012519836
0.064758301
-0.06652832
0.051147461
0.079467773
0.052429199
0.050720215
-0.00031685829
0.04989624
-0.0081710815
-0.0021572113
0.026855469
0.003156662
0.04486084
0.06842041
0.034362793
0.020904541
0.0087051392
0.045379639
-0.063171387
0.031799316
-0.054718018
0.036865234
0.036712646
-0.070007324
0.036224365
0.056854248
0.034576416
0.07623291
-0.075439453
-0.10223389
-0.026504517
0.091308594
-0.11419678
0.10058594
0.062164307
0.022567749
-0.07800293
0.043609619
0.024612427
0.10931396
0.060241699
0.05166626
0.041412354
0.059509277
0.058898926
-0.022293091
-0.10638428
0.04119873
0.010444641
0.020355225
-0.092712402
0.10345459
0.071228027
-0.0033187866
0.051757812
-0.012611389
-0.058227539
0.0087051392
0.067199707
0.089904785
0.10357666
-0.018325806
0.090698242
-0.053527832
-0.036468506
0.020858765
0.03793335
-0.052764893
0.051361084
-0.026611328
-0.039703369
-0.010887146
-0.090759277
-0.04977417
-0.034759521
-0.098571777
0.07019043
-0.025878906
0.1027832
-0.063964844
-0.039123535
-0.012565613
0.071899414
-0.018173218
-0.051055908
-0.031982422
0.0050010681
-0.016464233
0.09185791
-0.014427185
-0.073364258
-0.056121826
-0.043334961
0.062805176
0.11462402
-0.0068473816
0.061248779
-0.021560669
-0.022186279
0.028793335
-0.06652832
-0.038299561
-0.10876465
0.015106201
0.0010242462
-0.009803772
0.0030975342
-0.049835205
0.005695343
0.01411438
0.028518677
-0.092407227
0.021728516
0.066345215
-0.01499176
0.14172363
-0.042358398
0.031219482
0.079040527
-0.0083847046
-0.068664551
-0.06427002
0.030426025
-0.018463135
0.059295654
-0.082397461
-0.079589844
0.012519836
0.064758301
-0.06652832
0.051147461
0.079467773
0.052429199
0.050720215
-0.00031685829
0.04989624
-0.0081710815
-0.0021572113
0.026855469
0.003156662
0.04486084
0.06842041
0.034362793
0.020904541
0.0087051392
0.045379639
-0.063171387
0.031799316
-0.054718018
0.036865234
0.036712646
-0.070007324
0.036224365
0.056854248
0.034576416
0.07623291
-0.075439453
-0.10223389
-0.026504517
0.091308594
-0.11419678
0.10058594
0.062164307
0.022567749
-0.07800293
0.043609619
0.024612427
0.10931396
0.060241699
0.05166626
0.041412354
0.059509277
0.058898926
-0.022293091
-0.10638428
0.04119873
0.010444641
0.020355225
-0.092712402
0.10345459
0.071228027
-0.0033187866
0.051757812
-0.012611389
-0.058227539
0.0087051392
0.067199707
0.089904785
0.10357666
-0.018325806
0.090698242
-0.053527832
-0.036468506
0.020858765
0.03793335
-0.052764893
0.051361084
-0.026611328
-0.039703369
-0.010887146
-0.090759277
-0.04977417
-0.034759521
-0.098571777
0.07019043
-0.025878906
0.1027832
-0.063964844
-0.039123535
-0.012565613
0.071899414
-0.018173218
-0.051055908
-0.031982422
0.0050010681
-0.016464233
0.09185791
-0.014427185
-0.073364258
-0.056121826
-0.043334961
0.062805176
0.11462402
-0.0068473816
0.061248779
-0.021560669
-0.022186279
0.028793335
-0.06652832
-0.038299561
-0.10876465
0.015106201
0.0010242462
-0.009803772
0.0030975342
-0.049835205
0.005695343
0.01411438
0.028518677
-0.092407227
0.021728516
0.066345215
-0.01499176
0.14172363
-0.042358398
0.031219482
0.079040527
-0.0083847046
-0.068664551
-0.06427002
0.030426025
-0.018463135
0.059295654
-0.082397461
-0.079589844
0.012519836
0.064758301
-0.06652832
0.051147461
0.079467773
0.052429199
0.050720215
-0.00031685829
0.04989624
-0.0081710815
-0.0021572113
0.026855469
0.003156662
0.04486084
0.06842041
0.034362793
0.020904541
0.0087051392
0.045379639
-0.063171387
0.031799316
-0.054718018
0.036865234
0.036712646
-0.070007324
0.036224365
0.056854248
0.034576416
0.07623291
-0.075439453
-0.10223389
-0.026504517
0.091308594
-0.11419678
0.10058594
0.062164307
0.022567749
-0.07800293
0.043609619
0.024612427
0.10931396
0.060241699
0.05166626
0.041412354
0.059509277
0.058898926
-0.022293091
-0.10638428
0.04119873
0.010444641
0.020355225
-0.092712402
0.10345459
0.071228027
-0.0033187866
0.051757812
-0.012611389
-0.058227539
0.0087051392
0.067199707
0.089904785
0.10357666
-0.018325806
0.090698242
-0.053527832
-0.036468506
0.020858765
0.03793335
-0.052764893
0.051361084
-0.026611328
-0.039703369
-0.010887146
-0.090759277
-0.04977417
-0.034759521
-0.098571777
0.07019043
-0.025878906
0.1027832
-0.063964844
-0.039123535
-0.012565613
0.071899414
-0.018173218
-0.051055908
-0.031982422
0.0050010681
-0.016464233
0.09185791
-0.014427185
-0.073364258
-0.056121826
-0.043334961
0.062805176
0.11462402
-0.0068473816
0.061248779
-0.021560669
-0.022186279
0.028793335
-0.06652832
