0.30175781
0.35717773
-0.36181641
0.26635742
0.63623047
0.15917969
0.64355469
-0.1427002
0.59326172
0.43432617
0.66015625
-0.038665771
0.86865234
0.54345703
0.21044922
-0.27978516
0.11212158
0.31152344
-0.078491211
0.14404297
-0.1887207
-0.11230469
-0.50976562
0.79785156
0.52539062
0.077758789
-0.18652344
0.60693359
-0.23217773
0.58251953
0.28076172
-0.045196533
0.22827148
0.025283813
0.030014038
0.61474609
-0.18664551
-0.046630859
0.33251953
0.10675049
0.19140625
-0.2130127
-0.0011796951
0.73974609
-0.17346191
0.40161133
0.58251953
0.57568359
0.71533203
-0.32910156
0.27514648
-0.04864502
0.59179688
0.027832031
-0.13879395
0.14819336
0.25439453
0.62451172
-0.90234375
0.75439453
-0.20666504
0.39160156
0.30737305
-0.85107422
-0.55371094
-0.14672852
-0.30834961
-0.68847656
0.37207031
-0.10443115
0.34448242
0.082824707
-0.60058594
-0.22680664
0.40625
0.91162109
0.76708984
0.2355957
0.72167969
0.53955078
-0.067016602
0.090454102
0.35620117
0.40576172
-0.62060547
0.58984375
0.37402344
0.36694336
1.0566406
0.42407227
0.13024902
0.55859375
0.060455322
-0.20825195
0.8359375
0.34057617
0.66992188
0.067138672
0.40185547
0.10766602
0.69970703
0.58203125
0.55957031
0.4765625
-0.12438965
0.60644531
-0.19641113
-0.21276855
-0.052429199
-0.38793945
-0.56835938
0.57617188
0.78173828
-0.50341797
-0.25805664
0.77490234
-0.27124023
0.11065674
0.48974609
-0.27636719
0.38256836
-0.30444336
0.17382812
1.4609375
0.17321777
0.83691406
0.38134766
0.54882812
0.28955078
0.11413574
-0.27856445
0.2644043
0.19274902
0.077392578
0.30078125
0.10229492
0.1685791
0.24572754
0.38061523
0.087280273
0.3371582
0.28051758
0.14672852
-0.0082931519
0.019470215
0.25952148
-0.030059814
0.20153809
-0.050018311
0.015319824
-0.29125977
0.5703125
0.25268555
-0.015579224
-0.16162109
0.31884766
-0.13598633
0.24963379
0.2746582
0.098999023
0.1739502
0.13012695
0.087158203
0.31396484
-0.082824707
0.22497559
0.25024414
0.13537598
0.10632324
-0.089050293
0.17236328
0.43994141
-0.018951416
0.22473145
0.26293945
0.28637695
0.38623047
0.086425781
0.26928711
0.043212891
0.29785156
0.035247803
0.15234375
0.19055176
0.20361328
0.34106445
-0.31860352
0.38427734
0.12451172
0.38745117
0.093811035
-0.31860352
-0.27416992
0.027938843
-0.02897644
-0.21203613
0.099914551
0.052368164
0.23449707
0.13891602
-0.30517578
-0.051757812
0.1973877
0.35229492
0.30615234
0.20568848
0.34326172
0.23181152
-0.054626465
0.17480469
0.082641602
0.24145508
-0.32446289
0.22949219
0.27075195
0.3581543
0.66992188
0.23583984
0.022872925
0.50292969
0.23132324
-0.072265625
0.56103516
0.21154785
0.38598633
0.22546387
0.54101562
0.010246277
0.35229492
0.26782227
0.40625
0.19775391
-0.041320801
0.29174805
-0.18701172
-0.091918945
0.28222656
-0.030593872
-0.067932129
0.22155762
0.40380859
-0.14257812
0.090209961
0.47705078
0.021820068
0.17138672
0.23364258
0.12805176
0.24133301
-0.06854248
0.18322754
0.71923828
0.33032227
0.49707031
0.18383789
0.32202148
0.12298584
0.025024414
-0.1328125
0.30908203
0.06451416
0.011871338
0.046234131
0.28564453
0.10235596
0.10705566
0.20324707
-0.037231445
0.050750732
0.14196777
0.054931641
0.085632324
-0.014732361
0.24621582
-0.011535645
0.091491699
-0.003288269
0.047790527
-0.25634766
0.28710938
0.16943359
-0.083618164
-0.045196533
0.083251953
-0.058166504
0.16149902
0.19934082
0.1887207
0.054931641
0.17224121
0.10577393
0.15759277
0.0076713562
0.17565918
0.22424316
0.13977051
0.077148438
0.055938721
0.13452148
0.23620605
0.08215332
0.16369629
0.097167969
0.093383789
0.13085938
0.10095215
0.17138672
0.11505127
0.087036133
-0.084777832
0.25048828
0.24682617
0.063354492
0.16638184
-0.054504395
0.13391113
0.32397461
0.25878906
0.069641113
-0.075561523
0.088867188
0.16894531
0.073913574
0.087280273
0.017593384
0.086730957
0.1385498
0.096679688
-0.14611816
0.14648438
0.082763672
0.19189453
0.1887207
0.23974609
0.18273926
0.14013672
-0.017623901
0.23535156
0.078430176
0.11920166
-0.0703125
0.16125488
0.28125
0.2512207
0.31591797
0.10272217
0.076416016
0.30004883
0.30664062
-0.054626465
0.32055664
0.066467285
0.24645996
0.10919189
0.44018555
-0.010261536
0.20080566
0.063720703
0.11920166
0.12731934
0.10980225
0.10723877
-0.11938477
0.00072574615
0.39160156
0.26098633
0.12939453
0.13781738
0.21838379
0.095031738
0.12463379
0.28662109
0.055053711
0.075012207
0.121521
0.26928711
0.091125488
0.058959961
0.10974121
0.37915039
0.27294922
0.27783203
0.09387207
0.14355469
0.12298584
0.025024414
-0.1328125
0.30908203
0.06451416
0.011871338
0.046234131
0.28564453
0.10235596
0.10705566
0.20324707
-0.037231445
0.050750732
0.14196777
0.054931641
0.085632324
-0.014732361
0.24621582
-0.011535645
0.091491699
-0.003288269
0.047790527
-0.25634766
0.28710938
0.16943359
-0.083618164
-0.045196533
0.083251953
-0.058166504
0.16149902
0.19934082
0.1887207
0.054931641
0.17224121
0.10577393
0.15759277
0.0076713562
0.17565918
0.22424316
0.13977051
0.077148438
0.055938721
0.13452148
0.23620605
0.08215332
0.16369629
0.097167969
0.093383789
0.13085938
0.10095215
0.17138672
0.11505127
0.087036133
-0.084777832
0.25048828
0.24682617
0.063354492
0.16638184
-0.054504395
0.13391113
0.32397461
0.25878906
0.069641113
-0.075561523
0.088867188
0.16894531
0.073913574
0.087280273
0.017593384
0.086730957
0.1385498
0.096679688
-0.14611816
0.14648438
0.082763672
0.19189453
0.1887207
0.23974609
0.18273926
0.14013672
-0.017623901
0.23535156
0.078430176
0.11920166
-0.0703125
0.16125488
0.28125
0.2512207
0.31591797
0.10272217
0.076416016
0.30004883
0.30664062
-0.054626465
0.32055664
0.066467285
0.24645996
0.10919189
0.44018555
-0.010261536
0.20080566
0.063720703
0.11920166
0.12731934
0.10980225
0.10723877
-0.11938477
0.00072574615
0.39160156
0.26098633
0.12939453
0.13781738
0.21838379
0.095031738
0.12463379
0.28662109
0.055053711
0.075012207
0.121521
0.26928711
0.091125488
0.058959961
0.10974121
0.37915039
0.27294922
0.27783203
0.09387207
0.14355469
0.12298584
0.025024414
-0.1328125
0.30908203
0.06451416
0.011871338
0.046234131
0.28564453
0.10235596
0.10705566
0.20324707
-0.037231445
0.050750732
0.14196777
0.054931641
0.085632324
-0.014732361
0.24621582
-0.011535645
0.091491699
-0.003288269
0.047790527
-0.25634766
0.28710938
0.16943359
-0.083618164
-0.045196533
0.083251953
-0.058166504
0.16149902
0.19934082
0.1887207
0.054931641
0.17224121
0.10577393
0.15759277
0.0076713562
0.17565918
0.22424316
0.13977051
0.077148438
0.055938721
0.13452148
0.23620605
0.08215332
0.16369629
0.097167969
0.093383789
0.13085938
0.10095215
0.17138672
0.11505127
0.087036133
-0.084777832
0.25048828
0.24682617
0.063354492
0.16638184
-0.054504395
0.13391113
0.32397461
0.25878906
0.069641113
-0.075561523
0.088867188
0.16894531
0.073913574
0.087280273
0.017593384
0.086730957
0.1385498
0.096679688
-0.14611816
0.14648438
0.082763672
0.19189453
0.1887207
0.23974609
0.18273926
0.14013672
-0.017623901
0.23535156
0.078430176
0.11920166
-0.0703125
0.16125488
0.28125
0.2512207
0.31591797
0.10272217
0.076416016
0.30004883
0.30664062
-0.054626465
0.32055664
0.066467285
0.24645996
0.10919189
0.44018555
-0.010261536
0.20080566
0.063720703
0.11920166
0.12731934
0.10980225
0.10723877
-0.11938477
0.00072574615
0.39160156
0.26098633
0.12939453
0.13781738
0.21838379
0.095031738
0.12463379
0.28662109
0.055053711
0.075012207
0.121521
0.26928711
0.091125488
0.058959961
0.10974121
0.37915039
0.27294922
0.27783203
0.09387207
0.14355469
0.12298584
0.025024414
-0.1328125
0.30908203
0.06451416
0.011871338
0.046234131
0.28564453
0.10235596
0.10705566
0.20324707
-0.037231445
0.050750732
0.14196777
0.054931641
0.085632324
-0.014732361
0.24621582
-0.011535645
0.091491699
-0.003288269
0.047790527
-0.25634766
0.28710938
0.16943359
-0.083618164
-0.045196533
0.083251953
-0.058166504
0.16149902
0.19934082
0.1887207
0.054931641
0.17224121
0.10577393
0.15759277
0.0076713562
0.17565918
0.22424316
0.13977051
0.077148438
0.055938721
0.13452148
0.23620605
0.08215332
0.16369629
0.097167969
0.093383789
0.13085938
0.10095215
0.17138672
0.11505127
0.087036133
-0.084777832
0.25048828
0.24682617
0.063354492
0.16638184
-0.054504395
0.13391113
0.32397461
0.25878906
0.069641113
-0.075561523
0.088867188
0.16894531
0.073913574
0.087280273
0.017593384
0.086730957
0.1385498
0.096679688
-0.14611816
0.14648438
0.082763672
0.19189453
0.1887207
0.23974609
0.18273926
0.14013672
-0.017623901
0.23535156
0.078430176
0.11920166
-0.0703125
0.16125488
0.28125
0.2512207
0.31591797
0.10272217
0.076416016
0.30004883
0.30664062
-0.054626465
0.32055664
0.066467285
0.24645996
0.10919189
0.44018555
-0.010261536
0.20080566
0.063720703
0.11920166
0.12731934
0.10980225
0.10723877
-0.11938477
0.00072574615
0.39160156
0.26098633
0.12939453
0.13781738
0.21838379
0.095031738
0.12463379
0.28662109
0.055053711
0.075012207
0.121521
0.26928711
0.091125488
0.058959961
0.10974121
0.37915039
0.27294922
0.27783203
0.09387207
0.14355469
0.12298584
0.025024414
-0.1328125
0.30908203
0.06451416
0.011871338
0.046234131
0.28564453
0.10235596
0.10705566
0.20324707
-0.037231445
0.050750732
0.14196777
0.054931641
0.085632324
-0.014732361
0.24621582
-0.011535645
0.091491699
-0.003288269
0.047790527
-0.25634766
0.28710938
0.16943359
-0.083618164
-0.045196533
0.083251953
-0.058166504
0.16149902
0.19934082
0.1887207
0.054931641
0.17224121
0.10577393
0.15759277
0.0076713562
0.17565918
0.22424316
0.13977051
0.077148438
0.055938721
0.13452148
0.23620605
0.08215332
0.16369629
0.097167969
0.093383789
0.13085938
0.10095215
0.17138672
0.11505127
0.087036133
-0.084777832
0.25048828
0.24682617
0.063354492
0.16638184
-0.054504395
0.13391113
0.32397461
0.25878906
0.069641113
-0.075561523
0.088867188
0.16894531
0.073913574
0.087280273
0.017593384
0.086730957
0.1385498
0.096679688
-0.14611816
0.14648438
0.082763672
0.19189453
0.1887207
0.23974609
0.18273926
0.14013672
-0.017623901
0.23535156
0.078430176
0.11920166
-0.0703125
0.16125488
0.28125
0.2512207
0.31591797
0.10272217
0.076416016
0.30004883
0.30664062
-0.054626465
0.32055664
0.066467285
0.24645996
0.10919189
0.44018555
-0.010261536
0.20080566
0.063720703
0.11920166
0.12731934
0.10980225
0.10723877
-0.11938477
0.00072574615
0.39160156
0.26098633
0.12939453
0.13781738
0.21838379
0.095031738
0.12463379
0.28662109
0.055053711
0.075012207
0.121521
0.26928711
0.091125488
0.058959961
0.10974121
0.37915039
0.27294922
0.27783203
0.09387207
0.14355469
0.12298584
0.025024414
-0.1328125
0.30908203
0.06451416
0.011871338
0.046234131
0.28564453
0.10235596
0.10705566
0.20324707
-0.037231445
0.050750732
0.14196777
0.054931641
0.085632324
-0.014732361
0.24621582
-0.011535645
0.091491699
-0.003288269
0.047790527
-0.25634766
0.28710938
0.16943359
-0.083618164
-0.045196533
0.083251953
-0.058166504
0.16149902
0.19934082
0.1887207
0.054931641
0.17224121
0.10577393
0.15759277
0.0076713562
0.17565918
0.22424316
0.13977051
0.077148438
0.055938721
0.13452148
0.23620605
0.08215332
0.16369629
0.097167969
0.093383789
0.13085938
0.10095215
0.17138672
0.11505127
0.087036133
-0.084777832
0.25048828
0.24682617
0.063354492
0.16638184
-0.054504395
0.13391113
0.32397461
0.25878906
0.069641113
-0.075561523
0.088867188
0.16894531
0.073913574
0.087280273
0.017593384
0.086730957
0.1385498
0.096679688
-0.14611816
0.14648438
0.082763672
0.19189453
0.1887207
0.23974609
0.18273926
0.14013672
-0.017623901
0.23535156
0.078430176
0.11920166
-0.0703125
0.16125488
0.28125
0.2512207
0.31591797
0.10272217
0.076416016
0.30004883
0.30664062
-0.054626465
0.32055664
0.066467285
0.24645996
0.10919189
0.44018555
-0.010261536
0.20080566
0.063720703
0.11920166
0.12731934
0.10980225
0.10723877
-0.11938477
0.00072574615
0.39160156
0.26098633
0.12939453
0.13781738
0.21838379
0.095031738
0.12463379
0.28662109
0.055053711
0.075012207
0.121521
0.26928711
0.091125488
0.058959961
0.10974121
0.37915039
0.27294922
0.27783203
0.09387207
0.14355469
0.056549072
0.01663208
-0.06640625
0.12353516
0.036224365
-0.0020694733
0.026763916
0.11328125
0.00053358078
0.042694092
0.10302734
-0.011230469
-0.0003464222
0.059539795
-0.00029706955
-0.0029525757
-0.022903442
0.10046387
-0.016616821
0.04876709
-0.017745972
0.015762329
-0.11248779
0.11151123
0.044158936
-0.017791748
-0.04284668
0.023986816
-0.053955078
0.054016113
0.084777832
0.071044922
0.033874512
0.057617188
0.060150146
0.063049316
0.019943237
0.076171875
0.071594238
0.089660645
0.059326172
0.0083694458
0.031585693
0.10473633
-0.0030879974
0.071289062
0.03604126
0.0075798035
0.05368042
0.036895752
0.076416016
0.048522949
0.051818848
-0.0072784424
0.092834473
0.10827637
0.0083236694
0.031463623
-0.014976501
0.058624268
0.10449219
0.12817383
0.023986816
-0.053222656
0.019973755
0.073181152
0.028121948
0.030136108
0.020492554
0.065490723
0.075317383
0.035980225
-0.08026123
0.072265625
0.039489746
0.065551758
0.066955566
0.1295166
0.054504395
0.038513184
-0.021011353
0.083984375
-0.017059326
0.07244873
-0.013214111
0.043701172
0.12408447
0.083190918
0.13537598
0.015701294
-0.011398315
0.092895508
0.11254883
-0.010063171
0.085998535
0.032073975
0.12731934
0.079284668
0.1574707
-0.0039043427
0.056793213
0.03125
0.024368286
0.025604248
0.057678223
0.053375244
-0.038787842
0.03604126
0.17138672
0.086303711
0.06237793
0.027023315
0.049438477
0.058227539
0.071105957
0.1151123
0.0097045898
0.061523438
0.042785645
0.10394287
0.051025391
-0.018966675
0.04095459
0.13061523
0.10321045
0.13366699
0.021789551
0.044921875
0.012802124
0.022720337
-0.041442871
0.017196655
0.013442993
0.03326416
0.0091705322
0.043823242
-0.023544312
0.0018911362
0.035827637
-0.0052604675
-0.016082764
0.0071868896
-0.015808105
-0.037902832
-0.0048370361
-0.018966675
-0.020446777
0.019989014
-0.037750244
-0.0054092407
-0.043731689
-0.016021729
-0.0029964447
-0.015007019
-0.042816162
0.026535034
-0.012771606
-0.010032654
0.027603149
0.032897949
0.029800415
0.0027294159
0.040008545
0.0090713501
-0.014785767
0.015037537
0.011299133
0.039489746
0.036560059
-0.019348145
-0.025405884
0.039703369
-0.025527954
0.027923584
-0.015640259
-0.018386841
0.024978638
-0.025512695
0.0065078735
-0.027770996
0.021652222
0.010124207
0.019607544
0.030456543
0.010368347
-0.0093002319
-0.014053345
0.033355713
0.015151978
0.041259766
0.0082702637
-0.020309448
-0.0068054199
0.019302368
-0.0089874268
-0.004699707
0.023712158
0.014610291
0.036254883
0.019134521
-0.037139893
0.035339355
0.012443542
0.0021858215
0.0094528198
0.033508301
0.018859863
-0.0097122192
-0.017364502
0.015327454
-0.025299072
0.036895752
0.0093307495
-0.0086898804
0.026000977
-0.015380859
0.01512146
-0.010147095
-0.032745361
-0.023696899
0.00018131733
0.014770508
0.0082550049
-0.011810303
0.016189575
0.009552002
0.010391235
-0.0010986328
0.0034885406
0.00050544739
0.019744873
-0.014213562
0.021392822
0.019775391
-0.0067214966
0.030685425
0.042297363
0.0046157837
0.028152466
0.032501221
-0.018920898
0.036743164
0.012176514
0.030731201
-0.026977539
0.031005859
0.0058250427
0.027420044
0.033599854
-0.029037476
0.0074615479
0.033325195
-0.0068016052
0.045898438
-0.0036830902
0.0044555664
0.012802124
0.022720337
-0.041442871
0.017196655
0.013442993
0.03326416
0.0091705322
0.043823242
-0.023544312
0.0018911362
0.035827637
-0.0052604675
-0.016082764
0.0071868896
-0.015808105
-0.037902832
-0.0048370361
-0.018966675
-0.020446777
0.019989014
-0.037750244
-0.0054092407
-0.043731689
-0.016021729
-0.0029964447
-0.015007019
-0.042816162
0.026535034
-0.012771606
-0.010032654
0.027603149
0.032897949
0.029800415
0.0027294159
0.040008545
0.0090713501
-0.014785767
0.015037537
0.011299133
0.039489746
0.036560059
-0.019348145
-0.025405884
0.039703369
-0.025527954
0.027923584
-0.015640259
-0.018386841
0.024978638
-0.025512695
0.0065078735
-0.027770996
0.021652222
0.010124207
0.019607544
0.030456543
0.010368347
-0.0093002319
-0.014053345
0.033355713
0.015151978
0.041259766
0.0082702637
-0.020309448
-0.0068054199
0.019302368
-0.0089874268
-0.004699707
0.023712158
0.014610291
0.036254883
0.019134521
-0.037139893
0.035339355
0.012443542
0.0021858215
0.0094528198
0.033508301
0.018859863
-0.0097122192
-0.017364502
0.015327454
-0.025299072
0.036895752
0.0093307495
-0.0086898804
0.026000977
-0.015380859
0.01512146
-0.010147095
-0.032745361
-0.023696899
0.00018131733
0.014770508
0.0082550049
-0.011810303
0.016189575
0.009552002
0.010391235
-0.0010986328
0.0034885406
0.00050544739
0.019744873
-0.014213562
0.021392822
0.019775391
-0.0067214966
0.030685425
0.042297363
0.0046157837
0.028152466
0.032501221
-0.018920898
0.036743164
0.012176514
0.030731201
-0.026977539
0.031005859
0.0058250427
0.027420044
0.033599854
-0.029037476
0.0074615479
0.033325195
-0.0068016052
0.045898438
-0.0036830902
0.0044555664
0.012802124
0.022720337
-0.041442871
0.017196655
0.013442993
0.03326416
0.0091705322
0.043823242
-0.023544312
0.0018911362
0.035827637
-0.0052604675
-0.016082764
0.0071868896
-0.015808105
-0.037902832
-0.0048370361
-0.018966675
-0.020446777
0.019989014
-0.037750244
-0.0054092407
-0.043731689
-0.016021729
-0.0029964447
-0.015007019
-0.042816162
0.026535034
-0.012771606
-0.010032654
0.027603149
0.032897949
0.029800415
0.0027294159
0.040008545
0.0090713501
-0.014785767
0.015037537
0.011299133
0.039489746
0.036560059
-0.019348145
-0.025405884
0.039703369
-0.025527954
0.027923584
-0.015640259
-0.018386841
0.024978638
-0.025512695
0.0065078735
-0.027770996
0.021652222
0.010124207
0.019607544
0.030456543
0.010368347
-0.0093002319
-0.014053345
0.033355713
0.015151978
0.041259766
0.0082702637
-0.020309448
-0.0068054199
0.019302368
-0.0089874268
-0.004699707
0.023712158
0.014610291
0.036254883
0.019134521
-0.037139893
0.035339355
0.012443542
0.0021858215
0.0094528198
0.033508301
0.018859863
-0.0097122192
-0.017364502
0.015327454
-0.025299072
0.036895752
0.0093307495
-0.0086898804
0.026000977
-0.015380859
0.01512146
-0.010147095
-0.032745361
-0.023696899
0.00018131733
0.014770508
0.0082550049
-0.011810303
0.016189575
0.009552002
0.010391235
-0.0010986328
0.0034885406
0.00050544739
0.019744873
-0.014213562
0.021392822
0.019775391
-0.0067214966
0.030685425
0.042297363
0.0046157837
0.028152466
0.032501221
-0.018920898
0.036743164
0.012176514
0.030731201
-0.026977539
0.031005859
0.0058250427
0.027420044
0.033599854
-0.029037476
0.0074615479
0.033325195
-0.0068016052
0.045898438
-0.0036830902
0.0044555664
0.012802124
0.022720337
-0.041442871
0.017196655
0.013442993
0.03326416
0.0091705322
0.043823242
-0.023544312
0.0018911362
0.035827637
-0.0052604675
-0.016082764
0.0071868896
-0.015808105
-0.037902832
-0.0048370361
-0.018966675
-0.020446777
0.019989014
-0.037750244
-0.0054092407
-0.043731689
-0.016021729
-0.0029964447
-0.015007019
-0.042816162
0.026535034
-0.012771606
-0.010032654
0.027603149
0.032897949
0.029800415
0.0027294159
0.040008545
0.0090713501
-0.014785767
0.015037537
0.011299133
0.039489746
0.036560059
-0.019348145
-0.025405884
0.039703369
-0.025527954
0.027923584
-0.015640259
-0.018386841
0.024978638
-0.025512695
0.0065078735
-0.027770996
0.021652222
0.010124207
0.019607544
0.030456543
0.010368347
-0.0093002319
-0.014053345
0.033355713
0.015151978
0.041259766
0.0082702637
-0.020309448
-0.0068054199
0.019302368
-0.0089874268
-0.004699707
0.023712158
0.014610291
0.036254883
0.019134521
-0.037139893
0.035339355
0.012443542
0.0021858215
0.0094528198
0.033508301
0.018859863
-0.0097122192
-0.017364502
0.015327454
-0.025299072
0.036895752
0.0093307495
-0.0086898804
0.026000977
-0.015380859
0.01512146
-0.010147095
-0.032745361
-0.023696899
0.00018131733
0.014770508
0.0082550049
-0.011810303
0.016189575
0.009552002
0.010391235
-0.0010986328
0.0034885406
0.00050544739
0.019744873
-0.014213562
0.021392822
0.019775391
-0.0067214966
0.030685425
0.042297363
0.0046157837
0.028152466
0.032501221
-0.018920898
0.036743164
0.012176514
0.030731201
-0.026977539
0.031005859
0.0058250427
0.027420044
0.033599854
-0.029037476
0.0074615479
0.033325195
-0.0068016052
0.045898438
-0.0036830902
0.0044555664
0.012802124
0.022720337
-0.041442871
0.017196655
0.013442993
0.03326416
0.0091705322
0.043823242
-0.023544312
0.0018911362
0.035827637
-0.0052604675
-0.016082764
0.0071868896
-0.015808105
-0.037902832
-0.0048370361
-0.018966675
-0.020446777
0.019989014
-0.037750244
-0.0054092407
-0.043731689
-0.016021729
-0.0029964447
-0.015007019
-0.042816162
0.026535034
-0.012771606
-0.010032654
0.027603149
0.032897949
0.029800415
0.0027294159
0.040008545
0.0090713501
-0.014785767
0.015037537
0.011299133
0.039489746
0.036560059
-0.019348145
-0.025405884
0.039703369
-0.025527954
0.027923584
-0.015640259
-0.018386841
0.024978638
-0.025512695
0.0065078735
-0.027770996
0.021652222
0.010124207
0.019607544
0.030456543
0.010368347
-0.0093002319
-0.014053345
0.033355713
0.015151978
0.041259766
0.0082702637
-0.020309448
-0.0068054199
0.019302368
-0.0089874268
-0.004699707
0.023712158
0.014610291
0.036254883
0.019134521
-0.037139893
0.035339355
0.012443542
0.0021858215
0.0094528198
0.033508301
0.018859863
-0.0097122192
-0.017364502
0.015327454
-0.025299072
0.036895752
0.0093307495
-0.0086898804
0.026000977
-0.015380859
0.01512146
-0.010147095
-0.032745361
-0.023696899
0.00018131733
0.014770508
0.0082550049
-0.011810303
0.016189575
0.009552002
0.010391235
-0.0010986328
0.0034885406
0.00050544739
0.019744873
-0.014213562
0.021392822
0.019775391
-0.0067214966
0.030685425
0.042297363
0.0046157837
0.028152466
0.032501221
-0.018920898
0.036743164
0.012176514
0.030731201
-0.026977539
0.031005859
0.0058250427
0.027420044
0.033599854
-0.029037476
0.0074615479
0.033325195
-0.0068016052
0.045898438
-0.0036830902
0.0044555664
0.012802124
0.022720337
-0.041442871
0.017196655
0.013442993
0.03326416
0.0091705322
0.043823242
-0.023544312
0.0018911362
0.035827637
-0.0052604675
-0.016082764
0.0071868896
-0.015808105
-0.037902832
-0.0048370361
-0.018966675
-0.020446777
0.019989014
-0.037750244
-0.0054092407
-0.043731689
-0.016021729
-0.0029964447
-0.015007019
-0.042816162
0.026535034
-0.012771606
-0.010032654
0.027603149
0.032897949
0.029800415
0.0027294159
0.040008545
0.0090713501
-0.014785767
0.015037537
0.011299133
0.039489746
0.036560059
-0.019348145
-0.025405884
0.039703369
-0.025527954
0.027923584
-0.015640259
-0.018386841
0.024978638
-0.025512695
0.0065078735
-0.027770996
0.021652222
0.010124207
0.019607544
0.030456543
0.010368347
-0.0093002319
-0.014053345
0.033355713
0.015151978
0.041259766
0.0082702637
-0.020309448
-0.0068054199
0.019302368
-0.0089874268
-0.004699707
0.023712158
0.014610291
0.036254883
0.019134521
-0.037139893
0.035339355
0.012443542
0.0021858215
0.0094528198
0.033508301
0.018859863
-0.0097122192
-0.017364502
0.015327454
-0.025299072
0.036895752
0.0093307495
-0.0086898804
0.026000977
-0.015380859
0.01512146
-0.010147095
-0.032745361
-0.023696899
0.00018131733
0.014770508
0.0082550049
-0.011810303
0.016189575
0.009552002
0.010391235
-0.0010986328
0.0034885406
0.00050544739
0.019744873
-0.014213562
0.021392822
0.019775391
-0.0067214966
0.030685425
0.042297363
0.0046157837
0.028152466
0.032501221
-0.018920898
0.036743164
0.012176514
0.030731201
-0.026977539
0.031005859
0.0058250427
0.027420044
0.033599854
-0.029037476
0.0074615479
0.033325195
-0.0068016052
0.045898438
-0.0036830902
0.0044555664
0.012802124
0.022720337
-0.041442871
0.017196655
0.013442993
0.03326416
0.0091705322
0.043823242
-0.023544312
0.0018911362
0.035827637
-0.0052604675
-0.016082764
0.0071868896
-0.015808105
-0.037902832
-0.0048370361
-0.018966675
-0.020446777
0.019989014
-0.037750244
-0.0054092407
-0.043731689
-0.016021729
-0.0029964447
-0.015007019
-0.042816162
0.026535034
-0.012771606
-0.010032654
0.027603149
0.032897949
0.029800415
0.0027294159
0.040008545
0.0090713501
-0.014785767
0.015037537
0.011299133
0.039489746
0.036560059
-0.019348145
-0.025405884
0.039703369
-0.025527954
0.027923584
-0.015640259
-0.018386841
0.024978638
-0.025512695
0.0065078735
-0.027770996
0.021652222
0.010124207
0.019607544
0.030456543
0.010368347
-0.0093002319
-0.014053345
0.033355713
0.015151978
0.041259766
0.0082702637
-0.020309448
-0.0068054199
0.019302368
-0.0089874268
-0.004699707
0.023712158
0.014610291
0.036254883
0.019134521
-0.037139893
0.035339355
0.012443542
0.0021858215
0.0094528198
0.033508301
0.018859863
-0.0097122192
-0.017364502
0.015327454
-0.025299072
0.036895752
0.0093307495
-0.0086898804
0.026000977
-0.015380859
0.01512146
-0.010147095
-0.032745361
-0.023696899
0.00018131733
0.014770508
0.0082550049
-0.011810303
0.016189575
0.009552002
0.010391235
-0.0010986328
0.0034885406
0.00050544739
0.019744873
-0.014213562
0.021392822
0.019775391
-0.0067214966
0.030685425
0.042297363
0.0046157837
0.028152466
0.032501221
-0.018920898
0.036743164
0.012176514
0.030731201
-0.026977539
0.031005859
0.0058250427
0.027420044
0.033599854
-0.029037476
0.0074615479
0.033325195
-0.0068016052
0.045898438
-0.0036830902
0.0044555664
0.012802124
0.022720337
-0.041442871
0.017196655
0.013442993
0.03326416
0.0091705322
0.043823242
-0.023544312
0.0018911362
0.035827637
-0.0052604675
-0.016082764
0.0071868896
-0.015808105
-0.037902832
-0.0048370361
-0.018966675
-0.020446777
0.019989014
-0.037750244
-0.0054092407
-0.043731689
-0.016021729
-0.0029964447
-0.015007019
-0.042816162
0.026535034
-0.012771606
-0.010032654
0.027603149
0.032897949
0.029800415
0.0027294159
0.040008545
0.0090713501
-0.014785767
0.015037537
0.011299133
0.039489746
0.036560059
-0.019348145
-0.025405884
0.039703369
-0.025527954
0.027923584
-0.015640259
-0.018386841
0.024978638
-0.025512695
0.0065078735
-0.027770996
0.021652222
0.010124207
0.019607544
0.030456543
0.010368347
-0.0093002319
-0.014053345
0.033355713
0.015151978
0.041259766
0.0082702637
-0.020309448
-0.0068054199
0.019302368
-0.0089874268
-0.004699707
0.023712158
0.014610291
0.036254883
0.019134521
-0.037139893
0.035339355
0.012443542
0.0021858215
0.0094528198
0.033508301
0.018859863
-0.0097122192
-0.017364502
0.015327454
-0.025299072
0.036895752
0.0093307495
-0.0086898804
0.026000977
-0.015380859
0.01512146
-0.010147095
-0.032745361
-0.023696899
0.00018131733
0.014770508
0.0082550049
-0.011810303
0.016189575
0.009552002
0.010391235
-0.0010986328
0.0034885406
0.00050544739
0.019744873
-0.014213562
0.021392822
0.019775391
-0.0067214966
0.030685425
0.042297363
0.0046157837
0.028152466
0.032501221
-0.018920898
0.036743164
0.012176514
0.030731201
-0.026977539
0.031005859
0.0058250427
0.027420044
0.033599854
-0.029037476
0.0074615479
0.033325195
-0.0068016052
0.045898438
-0.0036830902
0.0044555664
0.012802124
0.022720337
-0.041442871
0.017196655
0.013442993
0.03326416
0.0091705322
0.043823242
-0.023544312
0.0018911362
0.035827637
-0.0052604675
-0.016082764
0.0071868896
-0.015808105
-0.037902832
-0.0048370361
-0.018966675
-0.020446777
0.019989014
-0.037750244
-0.0054092407
-0.043731689
-0.016021729
-0.0029964447
-0.015007019
-0.042816162
0.026535034
-0.012771606
-0.010032654
0.027603149
0.032897949
0.029800415
0.0027294159
0.040008545
0.0090713501
-0.014785767
0.015037537
0.011299133
0.039489746
0.036560059
-0.019348145
-0.025405884
0.039703369
-0.025527954
0.027923584
-0.015640259
-0.018386841
0.024978638
-0.025512695
0.0065078735
-0.027770996
0.021652222
0.010124207
0.019607544
0.030456543
0.010368347
-0.0093002319
-0.014053345
0.033355713
0.015151978
0.041259766
0.0082702637
-0.020309448
-0.0068054199
0.019302368
-0.0089874268
-0.004699707
0.023712158
0.014610291
0.036254883
0.019134521
-0.037139893
0.035339355
0.012443542
0.0021858215
0.0094528198
0.033508301
0.018859863
-0.0097122192
-0.017364502
0.015327454
-0.025299072
0.036895752
0.0093307495
-0.0086898804
0.026000977
-0.015380859
0.01512146
-0.010147095
-0.032745361
-0.023696899
0.00018131733
0.014770508
0.0082550049
-0.011810303
0.016189575
0.009552002
0.010391235
-0.0010986328
0.0034885406
0.00050544739
0.019744873
-0.014213562
0.021392822
0.019775391
-0.0067214966
0.030685425
0.042297363
0.0046157837
0.028152466
0.032501221
-0.018920898
0.036743164
0.012176514
0.030731201
-0.026977539
0.031005859
0.0058250427
0.027420044
0.033599854
-0.029037476
0.0074615479
0.033325195
-0.0068016052
0.045898438
-0.0036830902
0.0044555664
0.012802124
0.022720337
-0.041442871
0.017196655
0.013442993
0.03326416
0.0091705322
0.043823242
-0.023544312
0.0018911362
0.035827637
-0.0052604675
-0.016082764
0.0071868896
-0.015808105
-0.037902832
-0.0048370361
-0.018966675
-0.020446777
0.019989014
-0.037750244
-0.0054092407
-0.043731689
-0.016021729
-0.0029964447
-0.015007019
-0.042816162
0.026535034
-0.012771606
-0.010032654
0.027603149
0.032897949
0.029800415
0.0027294159
0.040008545
0.0090713501
-0.014785767
0.015037537
0.011299133
0.039489746
0.036560059
-0.019348145
-0.025405884
0.039703369
-0.025527954
0.027923584
-0.015640259
-0.018386841
0.024978638
-0.025512695
0.0065078735
-0.027770996
0.021652222
0.010124207
0.019607544
0.030456543
0.010368347
-0.0093002319
-0.014053345
0.033355713
0.015151978
0.041259766
0.0082702637
-0.020309448
-0.0068054199
0.019302368
-0.0089874268
-0.004699707
0.023712158
0.014610291
0.036254883
0.019134521
-0.037139893
0.035339355
0.012443542
0.0021858215
0.0094528198
0.033508301
0.018859863
-0.0097122192
-0.017364502
0.015327454
-0.025299072
0.036895752
0.0093307495
-0.0086898804
0.026000977
-0.015380859
0.01512146
-0.010147095
-0.032745361
-0.023696899
0.00018131733
0.014770508
0.0082550049
-0.011810303
0.016189575
0.009552002
0.010391235
-0.0010986328
0.0034885406
0.00050544739
0.019744873
-0.014213562
0.021392822
0.019775391
-0.0067214966
0.030685425
0.042297363
0.0046157837
0.028152466
0.032501221
-0.018920898
0.036743164
0.012176514
0.030731201
-0.026977539
0.031005859
0.0058250427
0.027420044
0.033599854
-0.029037476
0.0074615479
0.033325195
-0.0068016052
0.045898438
-0.0036830902
0.0044555664
0.012802124
0.022720337
-0.041442871
0.017196655
0.013442993
0.03326416
0.0091705322
0.043823242
-0.023544312
0.0018911362
0.035827637
-0.0052604675
-0.016082764
0.0071868896
-0.015808105
-0.037902832
-0.0048370361
-0.018966675
-0.020446777
0.019989014
-0.037750244
-0.0054092407
-0.043731689
-0.016021729
-0.0029964447
-0.015007019
-0.042816162
0.026535034
-0.012771606
-0.010032654
0.027603149
0.032897949
0.029800415
0.0027294159
0.040008545
0.0090713501
-0.014785767
0.015037537
0.011299133
0.039489746
0.036560059
-0.019348145
-0.025405884
0.039703369
-0.025527954
0.027923584
-0.015640259
-0.018386841
0.024978638
-0.025512695
0.0065078735
-0.027770996
0.021652222
0.010124207
0.019607544
0.030456543
0.010368347
-0.0093002319
-0.014053345
0.033355713
0.015151978
0.041259766
0.0082702637
-0.020309448
-0.0068054199
0.019302368
-0.0089874268
-0.004699707
0.023712158
0.014610291
0.036254883
0.019134521
-0.037139893
0.035339355
0.012443542
0.0021858215
0.0094528198
0.033508301
0.018859863
-0.0097122192
-0.017364502
0.015327454
-0.025299072
0.036895752
0.0093307495
-0.0086898804
0.026000977
-0.015380859
0.01512146
-0.010147095
-0.032745361
-0.023696899
0.00018131733
0.014770508
0.0082550049
-0.011810303
0.016189575
0.009552002
0.010391235
-0.0010986328
0.0034885406
0.00050544739
0.019744873
-0.014213562
0.021392822
0.019775391
-0.0067214966
0.030685425
0.042297363
0.0046157837
0.028152466
0.032501221
-0.018920898
0.036743164
0.012176514
0.030731201
-0.026977539
0.031005859
0.0058250427
0.027420044
0.033599854
-0.029037476
0.0074615479
0.033325195
-0.0068016052
0.045898438
-0.0036830902
0.0044555664
0.012802124
0.022720337
-0.041442871
0.017196655
0.013442993
0.03326416
0.0091705322
0.043823242
-0.023544312
0.0018911362
0.035827637
-0.0052604675
-0.016082764
0.0071868896
-0.015808105
-0.037902832
-0.0048370361
-0.018966675
-0.020446777
0.019989014
-0.037750244
-0.0054092407
-0.043731689
-0.016021729
-0.0029964447
-0.015007019
-0.042816162
0.026535034
-0.012771606
-0.010032654
0.027603149
0.032897949
0.029800415
0.0027294159
0.040008545
0.0090713501
-0.014785767
0.015037537
0.011299133
0.039489746
0.036560059
-0.019348145
-0.025405884
0.039703369
-0.025527954
0.027923584
-0.015640259
-0.018386841
0.024978638
-0.025512695
0.0065078735
-0.027770996
0.021652222
0.010124207
0.019607544
0.030456543
0.010368347
-0.0093002319
-0.014053345
0.033355713
0.015151978
0.041259766
0.0082702637
-0.020309448
-0.0068054199
0.019302368
-0.0089874268
-0.004699707
0.023712158
0.014610291
0.036254883
0.019134521
-0.037139893
0.035339355
0.012443542
0.0021858215
0.0094528198
0.033508301
0.018859863
-0.0097122192
-0.017364502
0.015327454
-0.025299072
0.036895752
0.0093307495
-0.0086898804
0.026000977
-0.015380859
0.01512146
-0.010147095
-0.032745361
-0.023696899
0.00018131733
0.014770508
0.0082550049
-0.011810303
0.016189575
0.009552002
0.010391235
-0.0010986328
0.0034885406
0.00050544739
0.019744873
-0.014213562
0.021392822
0.019775391
-0.0067214966
0.030685425
0.042297363
0.0046157837
0.028152466
0.032501221
-0.018920898
0.036743164
0.012176514
0.030731201
-0.026977539
0.031005859
0.0058250427
0.027420044
0.033599854
-0.029037476
0.0074615479
0.033325195
-0.0068016052
0.045898438
-0.0036830902
0.0044555664
0.012802124
0.022720337
-0.041442871
0.017196655
0.013442993
0.03326416
0.0091705322
0.043823242
-0.023544312
0.0018911362
0.035827637
-0.0052604675
-0.016082764
0.0071868896
-0.015808105
-0.037902832
-0.0048370361
-0.018966675
-0.020446777
0.019989014
-0.037750244
-0.0054092407
-0.043731689
-0.016021729
-0.0029964447
-0.015007019
-0.042816162
0.026535034
-0.012771606
-0.010032654
0.027603149
0.032897949
0.029800415
0.0027294159
0.040008545
0.0090713501
-0.014785767
0.015037537
0.011299133
0.039489746
0.036560059
-0.019348145
-0.025405884
0.039703369
-0.025527954
0.027923584
-0.015640259
-0.018386841
0.024978638
-0.025512695
0.0065078735
-0.027770996
0.021652222
0.010124207
0.019607544
0.030456543
0.010368347
-0.0093002319
-0.014053345
0.033355713
0.015151978
0.041259766
0.0082702637
-0.020309448
-0.0068054199
0.019302368
-0.0089874268
-0.004699707
0.023712158
0.014610291
0.036254883
0.019134521
-0.037139893
0.035339355
0.012443542
0.0021858215
0.0094528198
0.033508301
0.018859863
-0.0097122192
-0.017364502
0.015327454
-0.025299072
0.036895752
0.0093307495
-0.0086898804
0.026000977
-0.015380859
0.01512146
-0.010147095
-0.032745361
-0.023696899
0.00018131733
0.014770508
0.0082550049
-0.011810303
0.016189575
0.009552002
0.010391235
-0.0010986328
0.0034885406
0.00050544739
0.019744873
-0.014213562
0.021392822
0.019775391
-0.0067214966
0.030685425
0.042297363
0.0046157837
0.028152466
0.032501221
-0.018920898
0.036743164
0.012176514
0.030731201
-0.026977539
0.031005859
0.0058250427
0.027420044
0.033599854
-0.029037476
0.0074615479
0.033325195
-0.0068016052
0.045898438
-0.0036830902
0.0044555664
0.012802124
0.022720337
-0.041442871
0.017196655
0.013442993
0.03326416
0.0091705322
0.043823242
-0.023544312
0.0018911362
0.035827637
-0.0052604675
-0.016082764
0.0071868896
-0.015808105
-0.037902832
-0.0048370361
-0.018966675
-0.020446777
0.019989014
-0.037750244
-0.0054092407
-0.043731689
-0.016021729
-0.0029964447
-0.015007019
-0.042816162
0.026535034
-0.012771606
-0.010032654
0.027603149
0.032897949
0.029800415
0.0027294159
0.040008545
0.0090713501
-0.014785767
0.015037537
0.011299133
0.039489746
0.036560059
-0.019348145
-0.025405884
0.039703369
-0.025527954
0.027923584
-0.015640259
-0.018386841
0.024978638
-0.025512695
0.0065078735
-0.027770996
0.021652222
0.010124207
0.019607544
0.030456543
0.010368347
-0.0093002319
-0.014053345
0.033355713
0.015151978
0.041259766
0.0082702637
-0.020309448
-0.0068054199
0.019302368
-0.0089874268
-0.004699707
0.023712158
0.014610291
0.036254883
0.019134521
-0.037139893
0.035339355
0.012443542
0.0021858215
0.0094528198
0.033508301
0.018859863
-0.0097122192
-0.017364502
0.015327454
-0.025299072
0.036895752
0.0093307495
-0.0086898804
0.026000977
-0.015380859
0.01512146
-0.010147095
-0.032745361
-0.023696899
0.00018131733
0.014770508
0.0082550049
-0.011810303
0.016189575
0.009552002
0.010391235
-0.0010986328
0.0034885406
0.00050544739
0.019744873
-0.014213562
0.021392822
0.019775391
-0.0067214966
0.030685425
0.042297363
0.0046157837
0.028152466
0.032501221
-0.018920898
0.036743164
0.012176514
0.030731201
-0.026977539
0.031005859
0.0058250427
0.027420044
0.033599854
-0.029037476
0.0074615479
0.033325195
-0.0068016052
0.045898438
-0.0036830902
0.0044555664
0.012802124
0.022720337
-0.041442871
0.017196655
0.013442993
0.03326416
0.0091705322
0.043823242
-0.023544312
0.0018911362
0.035827637
-0.0052604675
-0.016082764
0.0071868896
-0.015808105
-0.037902832
-0.0048370361
-0.018966675
-0.020446777
0.019989014
-0.037750244
-0.0054092407
-0.043731689
-0.016021729
-0.0029964447
-0.015007019
-0.042816162
0.026535034
-0.012771606
-0.010032654
0.027603149
0.032897949
0.029800415
0.0027294159
0.040008545
0.0090713501
-0.014785767
0.015037537
0.011299133
0.039489746
0.036560059
-0.019348145
-0.025405884
0.039703369
-0.025527954
0.027923584
-0.015640259
-0.018386841
0.024978638
-0.025512695
0.0065078735
-0.027770996
0.021652222
0.010124207
0.019607544
0.030456543
0.010368347
-0.0093002319
-0.014053345
0.033355713
0.015151978
0.041259766
0.0082702637
-0.020309448
-0.0068054199
0.019302368
-0.0089874268
-0.004699707
0.023712158
0.014610291
0.036254883
0.019134521
-0.037139893
0.035339355
0.012443542
0.0021858215
0.0094528198
0.033508301
0.018859863
-0.0097122192
-0.017364502
0.015327454
-0.025299072
0.036895752
0.0093307495
-0.0086898804
0.026000977
-0.015380859
0.01512146
-0.010147095
-0.032745361
-0.023696899
0.00018131733
0.014770508
0.0082550049
-0.011810303
0.016189575
0.009552002
0.010391235
-0.0010986328
0.0034885406
0.00050544739
0.019744873
-0.014213562
0.021392822
0.019775391
-0.0067214966
0.030685425
0.042297363
0.0046157837
0.028152466
0.032501221
-0.018920898
0.036743164
0.012176514
0.030731201
-0.026977539
0.031005859
0.0058250427
0.027420044
0.033599854
-0.029037476
0.0074615479
0.033325195
-0.0068016052
0.045898438
-0.0036830902
0.0044555664
0.012802124
0.022720337
-0.041442871
0.017196655
0.013442993
0.03326416
0.0091705322
0.043823242
-0.023544312
0.0018911362
0.035827637
-0.0052604675
-0.016082764
0.0071868896
-0.015808105
-0.037902832
-0.0048370361
-0.018966675
-0.020446777
0.019989014
-0.037750244
-0.0054092407
-0.043731689
-0.016021729
-0.0029964447
-0.015007019
-0.042816162
0.026535034
-0.012771606
-0.010032654
0.027603149
0.032897949
0.029800415
0.0027294159
0.040008545
0.0090713501
-0.014785767
0.015037537
0.011299133
0.039489746
0.036560059
-0.019348145
-0.025405884
0.039703369
-0.025527954
0.027923584
-0.015640259
-0.018386841
0.024978638
-0.025512695
0.0065078735
-0.027770996
0.021652222
0.010124207
0.019607544
0.030456543
0.010368347
-0.0093002319
-0.014053345
0.033355713
0.015151978
0.041259766
0.0082702637
-0.020309448
-0.0068054199
0.019302368
-0.0089874268
-0.004699707
0.023712158
0.014610291
0.036254883
0.019134521
-0.037139893
0.035339355
0.012443542
0.0021858215
0.0094528198
0.033508301
0.018859863
-0.0097122192
-0.017364502
0.015327454
-0.025299072
0.036895752
0.0093307495
-0.0086898804
0.026000977
-0.015380859
0.01512146
-0.010147095
-0.032745361
-0.023696899
0.00018131733
0.014770508
0.0082550049
-0.011810303
0.016189575
0.009552002
0.010391235
-0.0010986328
0.0034885406
0.00050544739
0.019744873
-0.014213562
0.021392822
0.019775391
-0.0067214966
0.030685425
0.042297363
0.0046157837
0.028152466
0.032501221
-0.018920898
0.036743164
0.012176514
0.030731201
-0.026977539
0.031005859
0.0058250427
0.027420044
0.033599854
-0.029037476
0.0074615479
0.033325195
-0.0068016052
0.045898438
-0.0036830902
0.0044555664
0.012802124
0.022720337
-0.041442871
0.017196655
0.013442993
0.03326416
0.0091705322
0.043823242
-0.023544312
0.0018911362
0.035827637
-0.0052604675
-0.016082764
0.0071868896
-0.015808105
-0.037902832
-0.0048370361
-0.018966675
-0.020446777
0.019989014
-0.037750244
-0.0054092407
-0.043731689
-0.016021729
-0.0029964447
-0.015007019
-0.042816162
0.026535034
-0.012771606
-0.010032654
0.027603149
0.032897949
0.029800415
0.0027294159
0.040008545
0.0090713501
-0.014785767
0.015037537
0.011299133
0.039489746
0.036560059
-0.019348145
-0.025405884
0.039703369
-0.025527954
0.027923584
-0.015640259
-0.018386841
0.024978638
-0.025512695
0.0065078735
-0.027770996
0.021652222
0.010124207
0.019607544
0.030456543
0.010368347
-0.0093002319
-0.014053345
0.033355713
0.015151978
0.041259766
0.0082702637
-0.020309448
-0.0068054199
0.019302368
-0.0089874268
-0.004699707
0.023712158
0.014610291
0.036254883
0.019134521
-0.037139893
0.035339355
0.012443542
0.0021858215
0.0094528198
0.033508301
0.018859863
-0.0097122192
-0.017364502
0.015327454
-0.025299072
0.036895752
0.0093307495
-0.0086898804
0.026000977
-0.015380859
0.01512146
-0.010147095
-0.032745361
-0.023696899
0.00018131733
0.014770508
0.0082550049
-0.011810303
0.016189575
0.009552002
0.010391235
-0.0010986328
0.0034885406
0.00050544739
0.019744873
-0.014213562
0.021392822
0.019775391
-0.0067214966
0.030685425
0.042297363
0.0046157837
0.028152466
0.032501221
-0.018920898
0.036743164
0.012176514
0.030731201
-0.026977539
0.031005859
0.0058250427
0.027420044
0.033599854
-0.029037476
0.0074615479
0.033325195
-0.0068016052
0.045898438
-0.0036830902
0.0044555664
0.012802124
0.022720337
-0.041442871
0.017196655
0.013442993
0.03326416
0.0091705322
0.043823242
-0.023544312
0.0018911362
0.035827637
-0.0052604675
-0.016082764
0.0071868896
-0.015808105
-0.037902832
-0.0048370361
-0.018966675
-0.020446777
0.019989014
-0.037750244
-0.0054092407
-0.043731689
-0.016021729
-0.0029964447
-0.015007019
-0.042816162
0.026535034
-0.012771606
-0.010032654
0.027603149
0.032897949
0.029800415
0.0027294159
0.040008545
0.0090713501
-0.014785767
0.015037537
0.011299133
0.039489746
0.036560059
-0.019348145
-0.025405884
0.039703369
-0.025527954
0.027923584
-0.015640259
-0.018386841
0.024978638
-0.025512695
0.0065078735
-0.027770996
0.021652222
0.010124207
0.019607544
0.030456543
0.010368347
-0.0093002319
-0.014053345
0.033355713
0.015151978
0.041259766
0.0082702637
-0.020309448
-0.0068054199
0.019302368
-0.0089874268
-0.004699707
0.023712158
0.014610291
0.036254883
0.019134521
-0.037139893
0.035339355
0.012443542
0.0021858215
0.0094528198
0.033508301
0.018859863
-0.0097122192
-0.017364502
0.015327454
-0.025299072
0.036895752
0.0093307495
-0.0086898804
0.026000977
-0.015380859
0.01512146
-0.010147095
-0.032745361
-0.023696899
0.00018131733
0.014770508
0.0082550049
-0.011810303
0.016189575
0.009552002
0.010391235
-0.0010986328
0.0034885406
0.00050544739
0.019744873
-0.014213562
0.021392822
0.019775391
-0.0067214966
0.030685425
0.042297363
0.0046157837
0.028152466
0.032501221
-0.018920898
0.036743164
0.012176514
0.030731201
-0.026977539
0.031005859
0.0058250427
0.027420044
0.033599854
-0.029037476
0.0074615479
0.033325195
-0.0068016052
0.045898438
-0.0036830902
0.0044555664
0.012802124
0.022720337
-0.041442871
0.017196655
0.013442993
0.03326416
0.0091705322
0.043823242
-0.023544312
0.0018911362
0.035827637
-0.0052604675
-0.016082764
0.0071868896
-0.015808105
-0.037902832
-0.0048370361
-0.018966675
-0.020446777
0.019989014
-0.037750244
-0.0054092407
-0.043731689
-0.016021729
-0.0029964447
-0.015007019
-0.042816162
0.026535034
-0.012771606
-0.010032654
0.027603149
0.032897949
0.029800415
0.0027294159
0.040008545
0.0090713501
-0.014785767
0.015037537
0.011299133
0.039489746
0.036560059
-0.019348145
-0.025405884
0.039703369
-0.025527954
0.027923584
-0.015640259
-0.018386841
0.024978638
-0.025512695
0.0065078735
-0.027770996
0.021652222
0.010124207
0.019607544
0.030456543
0.010368347
-0.0093002319
-0.014053345
0.033355713
0.015151978
0.041259766
0.0082702637
-0.020309448
-0.0068054199
0.019302368
-0.0089874268
-0.004699707
0.023712158
0.014610291
0.036254883
0.019134521
-0.037139893
0.035339355
0.012443542
0.0021858215
0.0094528198
0.033508301
0.018859863
-0.0097122192
-0.017364502
0.015327454
-0.025299072
0.036895752
0.0093307495
-0.0086898804
0.026000977
-0.015380859
0.01512146
-0.010147095
-0.032745361
-0.023696899
0.00018131733
0.014770508
0.0082550049
-0.011810303
0.016189575
0.009552002
0.010391235
-0.0010986328
0.0034885406
0.00050544739
0.019744873
-0.014213562
0.021392822
0.019775391
-0.0067214966
0.030685425
0.042297363
0.0046157837
0.028152466
0.032501221
-0.018920898
0.036743164
0.012176514
0.030731201
-0.026977539
0.031005859
0.0058250427
0.027420044
0.033599854
-0.029037476
0.0074615479
0.033325195
-0.0068016052
0.045898438
-0.0036830902
0.0044555664
0.012802124
0.022720337
-0.041442871
0.017196655
0.013442993
0.03326416
0.0091705322
0.043823242
-0.023544312
0.0018911362
0.035827637
-0.0052604675
-0.016082764
0.0071868896
-0.015808105
-0.037902832
-0.0048370361
-0.018966675
-0.020446777
0.019989014
-0.037750244
-0.0054092407
-0.043731689
-0.016021729
-0.0029964447
-0.015007019
-0.042816162
0.026535034
-0.012771606
-0.010032654
0.027603149
0.032897949
0.029800415
0.0027294159
0.040008545
0.0090713501
-0.014785767
0.015037537
0.011299133
0.039489746
0.036560059
-0.019348145
-0.025405884
0.039703369
-0.025527954
0.027923584
-0.015640259
-0.018386841
0.024978638
-0.025512695
0.0065078735
-0.027770996
0.021652222
0.010124207
0.019607544
0.030456543
0.010368347
-0.0093002319
-0.014053345
0.033355713
0.015151978
0.041259766
0.0082702637
-0.020309448
-0.0068054199
0.019302368
-0.0089874268
-0.004699707
0.023712158
0.014610291
0.036254883
0.019134521
-0.037139893
0.035339355
0.012443542
0.0021858215
0.0094528198
0.033508301
0.018859863
-0.0097122192
-0.017364502
0.015327454
-0.025299072
0.036895752
0.0093307495
-0.0086898804
0.026000977
-0.015380859
0.01512146
-0.010147095
-0.032745361
-0.023696899
0.00018131733
0.014770508
0.0082550049
-0.011810303
0.016189575
0.009552002
0.010391235
-0.0010986328
0.0034885406
0.00050544739
0.019744873
-0.014213562
0.021392822
0.019775391
-0.0067214966
0.030685425
0.042297363
0.0046157837
0.028152466
0.032501221
-0.018920898
0.036743164
0.012176514
0.030731201
-0.026977539
0.031005859
0.0058250427
0.027420044
0.033599854
-0.029037476
0.0074615479
0.033325195
-0.0068016052
0.045898438
-0.0036830902
0.0044555664
0.012802124
0.022720337
-0.041442871
0.017196655
0.013442993
0.03326416
0.0091705322
0.043823242
-0.023544312
0.0018911362
0.035827637
-0.0052604675
-0.016082764
0.0071868896
-0.015808105
-0.037902832
-0.0048370361
-0.018966675
-0.020446777
0.019989014
-0.037750244
-0.0054092407
-0.043731689
-0.016021729
-0.0029964447
-0.015007019
-0.042816162
0.026535034
-0.012771606
-0.010032654
0.027603149
0.032897949
0.029800415
0.0027294159
0.040008545
0.0090713501
-0.014785767
0.015037537
0.011299133
0.039489746
0.036560059
-0.019348145
-0.025405884
0.039703369
-0.025527954
0.027923584
-0.015640259
-0.018386841
0.024978638
-0.025512695
0.0065078735
-0.027770996
0.021652222
0.010124207
0.019607544
0.030456543
0.010368347
-0.0093002319
-0.014053345
0.033355713
0.015151978
0.041259766
0.0082702637
-0.020309448
-0.0068054199
0.019302368
-0.0089874268
-0.004699707
0.023712158
0.014610291
0.036254883
0.019134521
-0.037139893
0.035339355
0.012443542
0.0021858215
0.0094528198
0.033508301
0.018859863
-0.0097122192
-0.017364502
0.015327454
-0.025299072
0.036895752
0.0093307495
-0.0086898804
0.026000977
-0.015380859
0.01512146
-0.010147095
-0.032745361
-0.023696899
0.00018131733
0.014770508
0.0082550049
-0.011810303
0.016189575
0.009552002
0.010391235
-0.0010986328
0.0034885406
0.00050544739
0.019744873
-0.014213562
0.021392822
0.019775391
-0.0067214966
0.030685425
0.042297363
0.0046157837
0.028152466
0.032501221
-0.018920898
0.036743164
0.012176514
0.030731201
-0.026977539
0.031005859
0.0058250427
0.027420044
0.033599854
-0.029037476
0.0074615479
0.033325195
-0.0068016052
0.045898438
-0.0036830902
0.0044555664
0.012802124
0.022720337
-0.041442871
0.017196655
0.013442993
0.03326416
0.0091705322
0.043823242
-0.023544312
0.0018911362
0.035827637
-0.0052604675
-0.016082764
0.0071868896
-0.015808105
-0.037902832
-0.0048370361
-0.018966675
-0.020446777
0.019989014
-0.037750244
-0.0054092407
-0.043731689
-0.016021729
-0.0029964447
-0.015007019
-0.042816162
0.026535034
-0.012771606
-0.010032654
0.027603149
0.032897949
0.029800415
0.0027294159
0.040008545
0.0090713501
-0.014785767
0.015037537
0.011299133
0.039489746
0.036560059
-0.019348145
-0.025405884
0.039703369
-0.025527954
0.027923584
-0.015640259
-0.018386841
0.024978638
-0.025512695
0.0065078735
-0.027770996
0.021652222
0.010124207
0.019607544
0.030456543
0.010368347
-0.0093002319
-0.014053345
0.033355713
0.015151978
0.041259766
0.0082702637
-0.020309448
-0.0068054199
0.019302368
-0.0089874268
-0.004699707
0.023712158
0.014610291
0.036254883
0.019134521
-0.037139893
0.035339355
0.012443542
0.0021858215
0.0094528198
0.033508301
0.018859863
-0.0097122192
-0.017364502
0.015327454
-0.025299072
0.036895752
0.0093307495
-0.0086898804
0.026000977
-0.015380859
0.01512146
-0.010147095
-0.032745361
-0.023696899
0.00018131733
0.014770508
0.0082550049
-0.011810303
0.016189575
0.009552002
0.010391235
-0.0010986328
0.0034885406
0.00050544739
0.019744873
-0.014213562
0.021392822
0.019775391
-0.0067214966
0.030685425
0.042297363
0.0046157837
0.028152466
0.032501221
-0.018920898
0.036743164
0.012176514
0.030731201
-0.026977539
0.031005859
0.0058250427
0.027420044
0.033599854
-0.029037476
0.0074615479
0.033325195
-0.0068016052
0.045898438
-0.0036830902
0.0044555664
0.012802124
0.022720337
-0.041442871
0.017196655
0.013442993
0.03326416
0.0091705322
0.043823242
-0.023544312
0.0018911362
0.035827637
-0.0052604675
-0.016082764
0.0071868896
-0.015808105
-0.037902832
-0.0048370361
-0.018966675
-0.020446777
0.019989014
-0.037750244
-0.0054092407
-0.043731689
-0.016021729
-0.0029964447
-0.015007019
-0.042816162
0.026535034
-0.012771606
-0.010032654
0.027603149
0.032897949
0.029800415
0.0027294159
0.040008545
0.0090713501
-0.014785767
0.015037537
0.011299133
0.039489746
0.036560059
-0.019348145
-0.025405884
0.039703369
-0.025527954
0.027923584
-0.015640259
-0.018386841
0.024978638
-0.025512695
0.0065078735
-0.027770996
0.021652222
0.010124207
0.019607544
0.030456543
0.010368347
-0.0093002319
-0.014053345
0.033355713
0.015151978
0.041259766
0.0082702637
-0.020309448
-0.0068054199
0.019302368
-0.0089874268
-0.004699707
0.023712158
0.014610291
0.036254883
0.019134521
-0.037139893
0.035339355
0.012443542
0.0021858215
0.0094528198
0.033508301
0.018859863
-0.0097122192
-0.017364502
0.015327454
-0.025299072
0.036895752
0.0093307495
-0.0086898804
0.026000977
-0.015380859
0.01512146
-0.010147095
-0.032745361
-0.023696899
0.00018131733
0.014770508
0.0082550049
-0.011810303
0.016189575
0.009552002
0.010391235
-0.0010986328
0.0034885406
0.00050544739
0.019744873
-0.014213562
0.021392822
0.019775391
-0.0067214966
0.030685425
0.042297363
0.0046157837
0.028152466
0.032501221
-0.018920898
0.036743164
0.012176514
0.030731201
-0.026977539
0.031005859
0.0058250427
0.027420044
0.033599854
-0.029037476
0.0074615479
0.033325195
-0.0068016052
0.045898438
-0.0036830902
0.0044555664
0.012802124
0.022720337
-0.041442871
0.017196655
0.013442993
0.03326416
0.0091705322
0.043823242
-0.023544312
0.0018911362
0.035827637
-0.0052604675
-0.016082764
0.0071868896
-0.015808105
-0.037902832
-0.0048370361
-0.018966675
-0.020446777
0.019989014
-0.037750244
-0.0054092407
-0.043731689
-0.016021729
-0.0029964447
-0.015007019
-0.042816162
0.026535034
-0.012771606
-0.010032654
0.027603149
0.032897949
0.029800415
0.0027294159
0.040008545
0.0090713501
-0.014785767
0.015037537
0.011299133
0.039489746
0.036560059
-0.019348145
-0.025405884
0.039703369
-0.025527954
0.027923584
-0.015640259
-0.018386841
0.024978638
-0.025512695
0.0065078735
-0.027770996
0.021652222
0.010124207
0.019607544
0.030456543
0.010368347
-0.0093002319
-0.014053345
0.033355713
0.015151978
0.041259766
0.0082702637
-0.020309448
-0.0068054199
0.019302368
-0.0089874268
-0.004699707
0.023712158
0.014610291
0.036254883
0.019134521
-0.037139893
0.035339355
0.012443542
0.0021858215
0.0094528198
0.033508301
0.018859863
-0.0097122192
-0.017364502
0.015327454
-0.025299072
0.036895752
0.0093307495
-0.0086898804
0.026000977
-0.015380859
0.01512146
-0.010147095
-0.032745361
-0.023696899
0.00018131733
0.014770508
0.0082550049
-0.011810303
0.016189575
0.009552002
0.010391235
-0.0010986328
0.0034885406
0.00050544739
0.019744873
-0.014213562
0.021392822
0.019775391
-0.0067214966
0.030685425
0.042297363
0.0046157837
0.028152466
0.032501221
-0.018920898
0.036743164
0.012176514
0.030731201
-0.026977539
0.031005859
0.0058250427
0.027420044
0.033599854
-0.029037476
0.0074615479
0.033325195
-0.0068016052
0.045898438
-0.0036830902
0.0044555664
0.012802124
0.022720337
-0.041442871
0.017196655
0.013442993
0.03326416
0.0091705322
0.043823242
-0.023544312
0.0018911362
0.035827637
-0.0052604675
-0.016082764
0.0071868896
-0.015808105
-0.037902832
-0.0048370361
-0.018966675
-0.020446777
0.019989014
-0.037750244
-0.0054092407
-0.043731689
-0.016021729
-0.0029964447
-0.015007019
-0.042816162
0.026535034
-0.012771606
-0.010032654
0.027603149
0.032897949
0.029800415
0.0027294159
0.040008545
0.0090713501
-0.014785767
0.015037537
0.011299133
0.039489746
0.036560059
-0.019348145
-0.025405884
0.039703369
-0.025527954
0.027923584
-0.015640259
-0.018386841
0.024978638
-0.025512695
0.0065078735
-0.027770996
0.021652222
0.010124207
0.019607544
0.030456543
0.010368347
-0.0093002319
-0.014053345
0.033355713
0.015151978
0.041259766
0.0082702637
-0.020309448
-0.0068054199
0.019302368
-0.0089874268
-0.004699707
0.023712158
0.014610291
0.036254883
0.019134521
-0.037139893
0.035339355
0.012443542
0.0021858215
0.0094528198
0.033508301
0.018859863
-0.0097122192
-0.017364502
0.015327454
-0.025299072
0.036895752
0.0093307495
-0.0086898804
0.026000977
-0.015380859
0.01512146
-0.010147095
-0.032745361
-0.023696899
0.00018131733
0.014770508
0.0082550049
-0.011810303
0.016189575
0.009552002
0.010391235
-0.0010986328
0.0034885406
0.00050544739
0.019744873
-0.014213562
0.021392822
0.019775391
-0.0067214966
0.030685425
0.042297363
0.0046157837
0.028152466
0.032501221
-0.018920898
0.036743164
0.012176514
0.030731201
-0.026977539
0.031005859
0.0058250427
0.027420044
0.033599854
-0.029037476
0.0074615479
0.033325195
-0.0068016052
0.045898438
-0.0036830902
0.0044555664
0.012802124
0.022720337
-0.041442871
0.017196655
0.013442993
0.03326416
0.0091705322
0.043823242
-0.023544312
0.0018911362
0.035827637
-0.0052604675
-0.016082764
0.0071868896
-0.015808105
-0.037902832
-0.0048370361
-0.018966675
-0.020446777
0.019989014
-0.037750244
-0.0054092407
-0.043731689
-0.016021729
-0.0029964447
-0.015007019
-0.042816162
0.026535034
-0.012771606
-0.010032654
0.027603149
0.032897949
0.029800415
0.0027294159
0.040008545
0.0090713501
-0.014785767
0.015037537
0.011299133
0.039489746
0.036560059
-0.019348145
-0.025405884
0.039703369
-0.025527954
0.027923584
-0.015640259
-0.018386841
0.024978638
-0.025512695
0.0065078735
-0.027770996
0.021652222
0.010124207
0.019607544
0.030456543
0.010368347
-0.0093002319
-0.014053345
0.033355713
0.015151978
0.041259766
0.0082702637
-0.020309448
-0.0068054199
0.019302368
-0.0089874268
-0.004699707
0.023712158
0.014610291
0.036254883
0.019134521
-0.037139893
0.035339355
0.012443542
0.0021858215
0.0094528198
0.033508301
0.018859863
-0.0097122192
-0.017364502
0.015327454
-0.025299072
0.036895752
0.0093307495
-0.0086898804
0.026000977
-0.015380859
0.01512146
-0.010147095
-0.032745361
-0.023696899
0.00018131733
0.014770508
0.0082550049
-0.011810303
0.016189575
0.009552002
0.010391235
-0.0010986328
0.0034885406
0.00050544739
0.019744873
-0.014213562
0.021392822
0.019775391
-0.0067214966
0.030685425
0.042297363
0.0046157837
0.028152466
0.032501221
-0.018920898
0.036743164
0.012176514
0.030731201
-0.026977539
0.031005859
0.0058250427
0.027420044
0.033599854
-0.029037476
0.0074615479
0.033325195
-0.0068016052
0.045898438
-0.0036830902
0.0044555664
0.012802124
0.022720337
-0.041442871
0.017196655
0.013442993
0.03326416
0.0091705322
0.043823242
-0.023544312
0.0018911362
0.035827637
-0.0052604675
-0.016082764
0.0071868896
-0.015808105
-0.037902832
-0.0048370361
-0.018966675
-0.020446777
0.019989014
-0.037750244
-0.0054092407
-0.043731689
-0.016021729
-0.0029964447
-0.015007019
-0.042816162
0.026535034
-0.012771606
-0.010032654
0.027603149
0.032897949
0.029800415
0.0027294159
0.040008545
0.0090713501
-0.014785767
0.015037537
0.011299133
0.039489746
0.036560059
-0.019348145
-0.025405884
0.039703369
-0.025527954
0.027923584
-0.015640259
-0.018386841
0.024978638
-0.025512695
0.0065078735
-0.027770996
0.021652222
0.010124207
0.019607544
0.030456543
0.010368347
-0.0093002319
-0.014053345
0.033355713
0.015151978
0.041259766
0.0082702637
-0.020309448
-0.0068054199
0.019302368
-0.0089874268
-0.004699707
0.023712158
0.014610291
0.036254883
0.019134521
-0.037139893
0.035339355
0.012443542
0.0021858215
0.0094528198
0.033508301
0.018859863
-0.0097122192
-0.017364502
0.015327454
-0.025299072
0.036895752
0.0093307495
-0.0086898804
0.026000977
-0.015380859
0.01512146
-0.010147095
-0.032745361
-0.023696899
0.00018131733
0.014770508
0.0082550049
-0.011810303
0.016189575
0.009552002
0.010391235
-0.0010986328
0.0034885406
0.00050544739
0.019744873
-0.014213562
0.021392822
0.019775391
-0.0067214966
0.030685425
0.042297363
0.0046157837
0.028152466
0.032501221
-0.018920898
0.036743164
0.012176514
0.030731201
-0.026977539
0.031005859
0.0058250427
0.027420044
0.033599854
-0.029037476
0.0074615479
0.033325195
-0.0068016052
0.045898438
-0.0036830902
0.0044555664
0.012802124
0.022720337
-0.041442871
0.017196655
0.013442993
0.03326416
0.0091705322
0.043823242
-0.023544312
0.0018911362
0.035827637
-0.0052604675
-0.016082764
0.0071868896
-0.015808105
-0.037902832
-0.0048370361
-0.018966675
-0.020446777
0.019989014
-0.037750244
-0.0054092407
-0.043731689
-0.016021729
-0.0029964447
-0.015007019
-0.042816162
0.026535034
-0.012771606
-0.010032654
0.027603149
0.032897949
0.029800415
0.0027294159
0.040008545
0.0090713501
-0.014785767
0.015037537
0.011299133
0.039489746
0.036560059
-0.019348145
-0.025405884
0.039703369
-0.025527954
0.027923584
-0.015640259
-0.018386841
0.024978638
-0.025512695
0.0065078735
-0.027770996
0.021652222
0.010124207
0.019607544
0.030456543
0.010368347
-0.0093002319
-0.014053345
0.033355713
0.015151978
0.041259766
0.0082702637
-0.020309448
-0.0068054199
0.019302368
-0.0089874268
-0.004699707
0.023712158
0.014610291
0.036254883
0.019134521
-0.037139893
0.035339355
0.012443542
0.0021858215
0.0094528198
0.033508301
0.018859863
-0.0097122192
-0.017364502
0.015327454
-0.025299072
0.036895752
0.0093307495
-0.0086898804
0.026000977
-0.015380859
0.01512146
-0.010147095
-0.032745361
-0.023696899
0.00018131733
0.014770508
0.0082550049
-0.011810303
0.016189575
0.009552002
0.010391235
-0.0010986328
0.0034885406
0.00050544739
0.019744873
-0.014213562
0.021392822
0.019775391
-0.0067214966
0.030685425
0.042297363
0.0046157837
0.028152466
0.032501221
-0.018920898
0.036743164
0.012176514
0.030731201
-0.026977539
0.031005859
0.0058250427
0.027420044
0.033599854
-0.029037476
0.0074615479
0.033325195
-0.0068016052
0.045898438
-0.0036830902
0.0044555664
0.012802124
0.022720337
-0.041442871
0.017196655
0.013442993
0.03326416
0.0091705322
0.043823242
-0.023544312
0.0018911362
0.035827637
-0.0052604675
-0.016082764
0.0071868896
-0.015808105
-0.037902832
-0.0048370361
-0.018966675
-0.020446777
0.019989014
-0.037750244
-0.0054092407
-0.043731689
-0.016021729
-0.0029964447
-0.015007019
-0.042816162
0.026535034
-0.012771606
-0.010032654
0.027603149
0.032897949
0.029800415
0.0027294159
0.040008545
0.0090713501
-0.014785767
0.015037537
0.011299133
0.039489746
0.036560059
-0.019348145
-0.025405884
0.039703369
-0.025527954
0.027923584
-0.015640259
-0.018386841
0.024978638
-0.025512695
0.0065078735
-0.027770996
0.021652222
0.010124207
0.019607544
0.030456543
0.010368347
-0.0093002319
-0.014053345
0.033355713
0.015151978
0.041259766
0.0082702637
-0.020309448
-0.0068054199
0.019302368
-0.0089874268
-0.004699707
0.023712158
0.014610291
0.036254883
0.019134521
-0.037139893
0.035339355
0.012443542
0.0021858215
0.0094528198
0.033508301
0.018859863
-0.0097122192
-0.017364502
0.015327454
-0.025299072
0.036895752
0.0093307495
-0.0086898804
0.026000977
-0.015380859
0.01512146
-0.010147095
-0.032745361
-0.023696899
0.00018131733
0.014770508
0.0082550049
-0.011810303
0.016189575
0.009552002
0.010391235
-0.0010986328
0.0034885406
0.00050544739
0.019744873
-0.014213562
0.021392822
0.019775391
-0.0067214966
0.030685425
0.042297363
0.0046157837
0.028152466
0.032501221
-0.018920898
0.036743164
0.012176514
0.030731201
-0.026977539
0.031005859
0.0058250427
0.027420044
0.033599854
-0.029037476
0.0074615479
0.033325195
-0.0068016052
0.045898438
-0.0036830902
0.0044555664
0.012802124
0.022720337
-0.041442871
0.017196655
0.013442993
0.03326416
0.0091705322
0.043823242
-0.023544312
0.0018911362
0.035827637
-0.0052604675
-0.016082764
0.0071868896
-0.015808105
-0.037902832
-0.0048370361
-0.018966675
-0.020446777
0.019989014
-0.037750244
-0.0054092407
-0.043731689
-0.016021729
-0.0029964447
-0.015007019
-0.042816162
0.026535034
-0.012771606
-0.010032654
0.027603149
0.032897949
0.029800415
0.0027294159
0.040008545
0.0090713501
-0.014785767
0.015037537
0.011299133
0.039489746
0.036560059
-0.019348145
-0.025405884
0.039703369
-0.025527954
0.027923584
-0.015640259
-0.018386841
0.024978638
-0.025512695
0.0065078735
-0.027770996
0.021652222
0.010124207
0.019607544
0.030456543
0.010368347
-0.0093002319
-0.014053345
0.033355713
0.015151978
0.041259766
0.0082702637
-0.020309448
-0.0068054199
0.019302368
-0.0089874268
-0.004699707
0.023712158
0.014610291
0.036254883
0.019134521
-0.037139893
0.035339355
0.012443542
0.0021858215
0.0094528198
0.033508301
0.018859863
-0.0097122192
-0.017364502
0.015327454
-0.025299072
0.036895752
0.0093307495
-0.0086898804
0.026000977
-0.015380859
0.01512146
-0.010147095
-0.032745361
-0.023696899
0.00018131733
0.014770508
0.0082550049
-0.011810303
0.016189575
0.009552002
0.010391235
-0.0010986328
0.0034885406
0.00050544739
0.019744873
-0.014213562
0.021392822
0.019775391
-0.0067214966
0.030685425
0.042297363
0.0046157837
0.028152466
0.032501221
-0.018920898
0.036743164
0.012176514
0.030731201
-0.026977539
0.031005859
0.0058250427
0.027420044
0.033599854
-0.029037476
0.0074615479
0.033325195
-0.0068016052
0.045898438
-0.0036830902
0.0044555664
0.012802124
0.022720337
-0.041442871
0.017196655
0.013442993
0.03326416
0.0091705322
0.043823242
-0.023544312
0.0018911362
0.035827637
-0.0052604675
-0.016082764
0.0071868896
-0.015808105
-0.037902832
-0.0048370361
-0.018966675
-0.020446777
0.019989014
-0.037750244
-0.0054092407
-0.043731689
-0.016021729
-0.0029964447
-0.015007019
-0.042816162
0.026535034
-0.012771606
-0.010032654
0.027603149
0.032897949
0.029800415
0.0027294159
0.040008545
0.0090713501
-0.014785767
0.015037537
0.011299133
0.039489746
0.036560059
-0.019348145
-0.025405884
0.039703369
-0.025527954
0.027923584
-0.015640259
-0.018386841
0.024978638
-0.025512695
0.0065078735
-0.027770996
0.021652222
0.010124207
0.019607544
0.030456543
0.010368347
-0.0093002319
-0.014053345
0.033355713
0.015151978
0.041259766
0.0082702637
-0.020309448
-0.0068054199
0.019302368
-0.0089874268
-0.004699707
0.023712158
0.014610291
0.036254883
0.019134521
-0.037139893
0.035339355
0.012443542
0.0021858215
0.0094528198
0.033508301
0.018859863
-0.0097122192
-0.017364502
0.015327454
-0.025299072
0.036895752
0.0093307495
-0.0086898804
0.026000977
-0.015380859
0.01512146
-0.010147095
-0.032745361
-0.023696899
0.00018131733
0.014770508
0.0082550049
-0.011810303
0.016189575
0.009552002
0.010391235
-0.0010986328
0.0034885406
0.00050544739
0.019744873
-0.014213562
0.021392822
0.019775391
-0.0067214966
0.030685425
0.042297363
0.0046157837
0.028152466
0.032501221
-0.018920898
0.036743164
0.012176514
0.030731201
-0.026977539
0.031005859
0.0058250427
0.027420044
0.033599854
-0.029037476
0.0074615479
0.033325195
-0.0068016052
0.045898438
-0.0036830902
0.0044555664
0.012802124
0.022720337
-0.041442871
0.017196655
0.013442993
0.03326416
0.0091705322
0.043823242
-0.023544312
0.0018911362
0.035827637
-0.0052604675
-0.016082764
0.0071868896
-0.015808105
-0.037902832
-0.0048370361
-0.018966675
-0.020446777
0.019989014
-0.037750244
-0.0054092407
-0.043731689
-0.016021729
-0.0029964447
-0.015007019
-0.042816162
0.026535034
-0.012771606
-0.010032654
0.027603149
0.032897949
0.029800415
0.0027294159
0.040008545
0.0090713501
-0.014785767
0.015037537
0.011299133
0.039489746
0.036560059
-0.019348145
-0.025405884
0.039703369
-0.025527954
0.027923584
-0.015640259
-0.018386841
0.024978638
-0.025512695
0.0065078735
-0.027770996
0.021652222
0.010124207
0.019607544
0.030456543
0.010368347
-0.0093002319
-0.014053345
0.033355713
0.015151978
0.041259766
0.0082702637
-0.020309448
-0.0068054199
0.019302368
-0.0089874268
-0.004699707
0.023712158
0.014610291
0.036254883
0.019134521
-0.037139893
0.035339355
0.012443542
0.0021858215
0.0094528198
0.033508301
0.018859863
-0.0097122192
-0.017364502
0.015327454
-0.025299072
0.036895752
0.0093307495
-0.0086898804
0.026000977
-0.015380859
0.01512146
-0.010147095
-0.032745361
-0.023696899
0.00018131733
0.014770508
0.0082550049
-0.011810303
0.016189575
0.009552002
0.010391235
-0.0010986328
0.0034885406
0.00050544739
0.019744873
-0.014213562
0.021392822
0.019775391
-0.0067214966
0.030685425
0.042297363
0.0046157837
0.028152466
0.032501221
-0.018920898
0.036743164
0.012176514
0.030731201
-0.026977539
0.031005859
0.0058250427
0.027420044
0.033599854
-0.029037476
0.0074615479
0.033325195
-0.0068016052
0.045898438
-0.0036830902
0.0044555664
0.012802124
0.022720337
-0.041442871
0.017196655
0.013442993
0.03326416
0.0091705322
0.043823242
-0.023544312
0.0018911362
0.035827637
-0.0052604675
-0.016082764
0.0071868896
-0.015808105
-0.037902832
-0.0048370361
-0.018966675
-0.020446777
0.019989014
-0.037750244
-0.0054092407
-0.043731689
-0.016021729
-0.0029964447
-0.015007019
-0.042816162
0.026535034
-0.012771606
-0.010032654
0.027603149
0.032897949
0.029800415
0.0027294159
0.040008545
0.0090713501
-0.014785767
0.015037537
0.011299133
0.039489746
0.036560059
-0.019348145
-0.025405884
0.039703369
-0.025527954
0.027923584
-0.015640259
-0.018386841
0.024978638
-0.025512695
0.0065078735
-0.027770996
0.021652222
0.010124207
0.019607544
0.030456543
0.010368347
-0.0093002319
-0.014053345
0.033355713
0.015151978
0.041259766
0.0082702637
-0.020309448
-0.0068054199
0.019302368
-0.0089874268
-0.004699707
0.023712158
0.014610291
0.036254883
0.019134521
-0.037139893
0.035339355
0.012443542
0.0021858215
0.0094528198
0.033508301
0.018859863
-0.0097122192
-0.017364502
0.015327454
-0.025299072
0.036895752
0.0093307495
-0.0086898804
0.026000977
-0.015380859
0.01512146
-0.010147095
-0.032745361
-0.023696899
0.00018131733
0.014770508
0.0082550049
-0.011810303
0.016189575
0.009552002
0.010391235
-0.0010986328
0.0034885406
0.00050544739
0.019744873
-0.014213562
0.021392822
0.019775391
-0.0067214966
0.030685425
0.042297363
0.0046157837
0.028152466
0.032501221
-0.018920898
0.036743164
0.012176514
0.030731201
-0.026977539
0.031005859
0.0058250427
0.027420044
0.033599854
-0.029037476
0.0074615479
0.033325195
-0.0068016052
0.045898438
-0.0036830902
0.0044555664
0.012802124
0.022720337
-0.041442871
0.017196655
0.013442993
0.03326416
0.0091705322
0.043823242
-0.023544312
0.0018911362
0.035827637
-0.0052604675
-0.016082764
0.0071868896
-0.015808105
-0.037902832
-0.0048370361
-0.018966675
-0.020446777
0.019989014
-0.037750244
-0.0054092407
-0.043731689
-0.016021729
-0.0029964447
-0.015007019
-0.042816162
0.026535034
-0.012771606
-0.010032654
0.027603149
0.032897949
0.029800415
0.0027294159
0.040008545
0.0090713501
-0.014785767
0.015037537
0.011299133
0.039489746
0.036560059
-0.019348145
-0.025405884
0.039703369
-0.025527954
0.027923584
-0.015640259
-0.018386841
0.024978638
-0.025512695
0.0065078735
-0.027770996
0.021652222
0.010124207
0.019607544
0.030456543
0.010368347
-0.0093002319
-0.014053345
0.033355713
0.015151978
0.041259766
0.0082702637
-0.020309448
-0.0068054199
0.019302368
-0.0089874268
-0.004699707
0.023712158
0.014610291
0.036254883
0.019134521
-0.037139893
0.035339355
0.012443542
0.0021858215
0.0094528198
0.033508301
0.018859863
-0.0097122192
-0.017364502
0.015327454
-0.025299072
0.036895752
0.0093307495
-0.0086898804
0.026000977
-0.015380859
0.01512146
-0.010147095
-0.032745361
-0.023696899
0.00018131733
0.014770508
0.0082550049
-0.011810303
0.016189575
0.009552002
0.010391235
-0.0010986328
0.0034885406
0.00050544739
0.019744873
-0.014213562
0.021392822
0.019775391
-0.0067214966
0.030685425
0.042297363
0.0046157837
0.028152466
0.032501221
-0.018920898
0.036743164
0.012176514
0.030731201
-0.026977539
0.031005859
0.0058250427
0.027420044
0.033599854
-0.029037476
0.0074615479
0.033325195
-0.0068016052
0.045898438
-0.0036830902
0.0044555664
0.012802124
0.022720337
-0.041442871
0.017196655
0.013442993
0.03326416
0.0091705322
0.043823242
-0.023544312
0.0018911362
0.035827637
-0.0052604675
-0.016082764
0.0071868896
-0.015808105
-0.037902832
-0.0048370361
-0.018966675
-0.020446777
0.019989014
-0.037750244
-0.0054092407
-0.043731689
-0.016021729
-0.0029964447
-0.015007019
-0.042816162
0.026535034
-0.012771606
-0.010032654
0.027603149
0.032897949
0.029800415
0.0027294159
0.040008545
0.0090713501
-0.014785767
0.015037537
0.011299133
0.039489746
0.036560059
-0.019348145
-0.025405884
0.039703369
-0.025527954
0.027923584
-0.015640259
-0.018386841
0.024978638
-0.025512695
0.0065078735
-0.027770996
0.021652222
0.010124207
0.019607544
0.030456543
0.010368347
-0.0093002319
-0.014053345
0.033355713
0.015151978
0.041259766
0.0082702637
-0.020309448
-0.0068054199
0.019302368
-0.0089874268
-0.004699707
0.023712158
0.014610291
0.036254883
0.019134521
-0.037139893
0.035339355
0.012443542
0.0021858215
0.0094528198
0.033508301
0.018859863
-0.0097122192
-0.017364502
0.015327454
-0.025299072
0.036895752
0.0093307495
-0.0086898804
0.026000977
-0.015380859
0.01512146
-0.010147095
-0.032745361
-0.023696899
0.00018131733
0.014770508
0.0082550049
-0.011810303
0.016189575
0.009552002
0.010391235
-0.0010986328
0.0034885406
0.00050544739
0.019744873
-0.014213562
0.021392822
0.019775391
-0.0067214966
0.030685425
0.042297363
0.0046157837
0.028152466
0.032501221
-0.018920898
0.036743164
0.012176514
0.030731201
-0.026977539
0.031005859
0.0058250427
0.027420044
0.033599854
-0.029037476
0.0074615479
0.033325195
-0.0068016052
0.045898438
-0.0036830902
0.0044555664
0.012802124
0.022720337
-0.041442871
0.017196655
0.013442993
0.03326416
0.0091705322
0.043823242
-0.023544312
0.0018911362
0.035827637
-0.0052604675
-0.016082764
0.0071868896
-0.015808105
-0.037902832
-0.0048370361
-0.018966675
-0.020446777
0.019989014
-0.037750244
-0.0054092407
-0.043731689
-0.016021729
-0.0029964447
-0.015007019
-0.042816162
0.026535034
-0.012771606
-0.010032654
0.027603149
0.032897949
0.029800415
0.0027294159
0.040008545
0.0090713501
-0.014785767
0.015037537
0.011299133
0.039489746
0.036560059
-0.019348145
-0.025405884
0.039703369
-0.025527954
0.027923584
-0.015640259
-0.018386841
0.024978638
-0.025512695
0.0065078735
-0.027770996
0.021652222
0.010124207
0.019607544
0.030456543
0.010368347
-0.0093002319
-0.014053345
0.033355713
0.015151978
0.041259766
0.0082702637
-0.020309448
-0.0068054199
0.019302368
-0.0089874268
-0.004699707
0.023712158
0.014610291
0.036254883
0.019134521
-0.037139893
0.035339355
0.012443542
0.0021858215
0.0094528198
0.033508301
0.018859863
-0.0097122192
-0.017364502
0.015327454
-0.025299072
0.036895752
0.0093307495
-0.0086898804
0.026000977
-0.015380859
0.01512146
-0.010147095
-0.032745361
-0.023696899
0.00018131733
0.014770508
0.0082550049
-0.011810303
0.016189575
0.009552002
0.010391235
-0.0010986328
0.0034885406
0.00050544739
0.019744873
-0.014213562
0.021392822
0.019775391
-0.0067214966
0.030685425
0.042297363
0.0046157837
0.028152466
0.032501221
-0.018920898
0.036743164
0.012176514
0.030731201
-0.026977539
0.031005859
0.0058250427
0.027420044
0.033599854
-0.029037476
0.0074615479
0.033325195
-0.0068016052
0.045898438
-0.0036830902
0.0044555664
0.012802124
0.022720337
-0.041442871
0.017196655
0.013442993
0.03326416
0.0091705322
0.043823242
-0.023544312
0.0018911362
0.035827637
-0.0052604675
-0.016082764
0.0071868896
-0.015808105
-0.037902832
-0.0048370361
-0.018966675
-0.020446777
0.019989014
-0.037750244
-0.0054092407
-0.043731689
-0.016021729
-0.0029964447
-0.015007019
-0.042816162
0.026535034
-0.012771606
-0.010032654
0.027603149
0.032897949
0.029800415
0.0027294159
0.040008545
0.0090713501
-0.014785767
0.015037537
0.011299133
0.039489746
0.036560059
-0.019348145
-0.025405884
0.039703369
-0.025527954
0.027923584
-0.015640259
-0.018386841
0.024978638
-0.025512695
0.0065078735
-0.027770996
0.021652222
0.010124207
0.019607544
0.030456543
0.010368347
-0.0093002319
-0.014053345
0.033355713
0.015151978
0.041259766
0.0082702637
-0.020309448
-0.0068054199
0.019302368
-0.0089874268
-0.004699707
0.023712158
0.014610291
0.036254883
0.019134521
-0.037139893
0.035339355
0.012443542
0.0021858215
0.0094528198
0.033508301
0.018859863
-0.0097122192
-0.017364502
0.015327454
-0.025299072
0.036895752
0.0093307495
-0.0086898804
0.026000977
-0.015380859
0.01512146
-0.010147095
-0.032745361
-0.023696899
0.00018131733
0.014770508
0.0082550049
-0.011810303
0.016189575
0.009552002
0.010391235
-0.0010986328
0.0034885406
0.00050544739
0.019744873
-0.014213562
0.021392822
0.019775391
-0.0067214966
0.030685425
0.042297363
0.0046157837
0.028152466
0.032501221
-0.018920898
0.036743164
0.012176514
0.030731201
-0.026977539
0.031005859
0.0058250427
0.027420044
0.033599854
-0.029037476
0.0074615479
0.033325195
-0.0068016052
0.045898438
-0.0036830902
0.0044555664
0.012802124
0.022720337
-0.041442871
0.017196655
0.013442993
0.03326416
0.0091705322
0.043823242
-0.023544312
0.0018911362
0.035827637
-0.0052604675
-0.016082764
0.0071868896
-0.015808105
-0.037902832
-0.0048370361
-0.018966675
-0.020446777
0.019989014
-0.037750244
-0.0054092407
-0.043731689
-0.016021729
-0.0029964447
-0.015007019
-0.042816162
0.026535034
-0.012771606
-0.010032654
0.027603149
0.032897949
0.029800415
0.0027294159
0.040008545
0.0090713501
-0.014785767
0.015037537
0.011299133
0.039489746
0.036560059
-0.019348145
-0.025405884
0.039703369
-0.025527954
0.027923584
-0.015640259
-0.018386841
0.024978638
-0.025512695
0.0065078735
-0.027770996
0.021652222
0.010124207
0.019607544
0.030456543
0.010368347
-0.0093002319
-0.014053345
0.033355713
0.015151978
0.041259766
0.0082702637
-0.020309448
-0.0068054199
0.019302368
-0.0089874268
-0.004699707
0.023712158
0.014610291
0.036254883
0.019134521
-0.037139893
0.035339355
0.012443542
0.0021858215
0.0094528198
0.033508301
0.018859863
-0.0097122192
-0.017364502
0.015327454
-0.025299072
0.036895752
0.0093307495
-0.0086898804
0.026000977
-0.015380859
0.01512146
-0.010147095
-0.032745361
-0.023696899
0.00018131733
0.014770508
0.0082550049
-0.011810303
0.016189575
0.009552002
0.010391235
-0.0010986328
0.0034885406
0.00050544739
0.019744873
-0.014213562
0.021392822
0.019775391
-0.0067214966
0.030685425
0.042297363
0.0046157837
0.028152466
0.032501221
-0.018920898
0.036743164
0.012176514
0.030731201
-0.026977539
0.031005859
0.0058250427
0.027420044
0.033599854
-0.029037476
0.0074615479
0.033325195
-0.0068016052
0.045898438
-0.0036830902
0.0044555664
0.012802124
0.022720337
-0.041442871
0.017196655
0.013442993
0.03326416
0.0091705322
0.043823242
-0.023544312
0.0018911362
0.035827637
-0.0052604675
-0.016082764
0.0071868896
-0.015808105
-0.037902832
-0.0048370361
-0.018966675
-0.020446777
0.019989014
-0.037750244
-0.0054092407
-0.043731689
-0.016021729
-0.0029964447
-0.015007019
-0.042816162
0.026535034
-0.012771606
-0.010032654
0.027603149
0.032897949
0.029800415
0.0027294159
0.040008545
0.0090713501
-0.014785767
0.015037537
0.011299133
0.039489746
0.036560059
-0.019348145
-0.025405884
0.039703369
-0.025527954
0.027923584
-0.015640259
-0.018386841
0.024978638
-0.025512695
0.0065078735
-0.027770996
0.021652222
0.010124207
0.019607544
0.030456543
0.010368347
-0.0093002319
-0.014053345
0.033355713
0.015151978
0.041259766
0.0082702637
-0.020309448
-0.0068054199
0.019302368
-0.0089874268
-0.004699707
0.023712158
0.014610291
0.036254883
0.019134521
-0.037139893
0.035339355
0.012443542
0.0021858215
0.0094528198
0.033508301
0.018859863
-0.0097122192
-0.017364502
0.015327454
-0.025299072
0.036895752
0.0093307495
-0.0086898804
0.026000977
-0.015380859
0.01512146
-0.010147095
-0.032745361
-0.023696899
0.00018131733
0.014770508
0.0082550049
-0.011810303
0.016189575
0.009552002
0.010391235
-0.0010986328
0.0034885406
0.00050544739
0.019744873
-0.014213562
0.021392822
0.019775391
-0.0067214966
0.030685425
0.042297363
0.0046157837
0.028152466
0.032501221
-0.018920898
0.036743164
0.012176514
0.030731201
-0.026977539
0.031005859
0.0058250427
0.027420044
0.033599854
-0.029037476
0.0074615479
0.033325195
-0.0068016052
0.045898438
-0.0036830902
0.0044555664
0.012802124
0.022720337
-0.041442871
0.017196655
0.013442993
0.03326416
0.0091705322
0.043823242
-0.023544312
0.0018911362
0.035827637
-0.0052604675
-0.016082764
0.0071868896
-0.015808105
-0.037902832
-0.0048370361
-0.018966675
-0.020446777
0.019989014
-0.037750244
-0.0054092407
-0.043731689
-0.016021729
-0.0029964447
-0.015007019
-0.042816162
0.026535034
-0.012771606
-0.010032654
0.027603149
0.032897949
0.029800415
0.0027294159
0.040008545
0.0090713501
-0.014785767
0.015037537
0.011299133
0.039489746
0.036560059
-0.019348145
-0.025405884
0.039703369
-0.025527954
0.027923584
-0.015640259
-0.018386841
0.024978638
-0.025512695
0.0065078735
-0.027770996
0.021652222
0.010124207
0.019607544
0.030456543
0.010368347
-0.0093002319
-0.014053345
0.033355713
0.015151978
0.041259766
0.0082702637
-0.020309448
-0.0068054199
0.019302368
-0.0089874268
-0.004699707
0.023712158
0.014610291
0.036254883
0.019134521
-0.037139893
0.035339355
0.012443542
0.0021858215
0.0094528198
0.033508301
0.018859863
-0.0097122192
-0.017364502
0.015327454
-0.025299072
0.036895752
0.0093307495
-0.0086898804
0.026000977
-0.015380859
0.01512146
-0.010147095
-0.032745361
-0.023696899
0.00018131733
0.014770508
0.0082550049
-0.011810303
0.016189575
0.009552002
0.010391235
-0.0010986328
0.0034885406
0.00050544739
0.019744873
-0.014213562
0.021392822
0.019775391
-0.0067214966
0.030685425
0.042297363
0.0046157837
0.028152466
0.032501221
-0.018920898
0.036743164
0.012176514
0.030731201
-0.026977539
0.031005859
0.0058250427
0.027420044
0.033599854
-0.029037476
0.0074615479
0.033325195
-0.0068016052
0.045898438
-0.0036830902
0.0044555664
0.012802124
0.022720337
-0.041442871
0.017196655
0.013442993
0.03326416
0.0091705322
0.043823242
-0.023544312
0.0018911362
0.035827637
-0.0052604675
-0.016082764
0.0071868896
-0.015808105
-0.037902832
-0.0048370361
-0.018966675
-0.020446777
0.019989014
-0.037750244
-0.0054092407
-0.043731689
-0.016021729
-0.0029964447
-0.015007019
-0.042816162
0.026535034
-0.012771606
-0.010032654
0.027603149
0.032897949
0.029800415
0.0027294159
0.040008545
0.0090713501
-0.014785767
0.015037537
0.011299133
0.039489746
0.036560059
-0.019348145
-0.025405884
0.039703369
-0.025527954
0.027923584
-0.015640259
-0.018386841
0.024978638
-0.025512695
0.0065078735
-0.027770996
0.021652222
0.010124207
0.019607544
0.030456543
0.010368347
-0.0093002319
-0.014053345
0.033355713
0.015151978
0.041259766
0.0082702637
-0.020309448
-0.0068054199
0.019302368
-0.0089874268
-0.004699707
0.023712158
0.014610291
0.036254883
0.019134521
-0.037139893
0.035339355
0.012443542
0.0021858215
0.0094528198
0.033508301
0.018859863
-0.0097122192
-0.017364502
0.015327454
-0.025299072
0.036895752
0.0093307495
-0.0086898804
0.026000977
-0.015380859
0.01512146
-0.010147095
-0.032745361
-0.023696899
0.00018131733
0.014770508
0.0082550049
-0.011810303
0.016189575
0.009552002
0.010391235
-0.0010986328
0.0034885406
0.00050544739
0.019744873
-0.014213562
0.021392822
0.019775391
-0.0067214966
0.030685425
0.042297363
0.0046157837
0.028152466
0.032501221
-0.018920898
0.036743164
0.012176514
0.030731201
-0.026977539
0.031005859
0.0058250427
0.027420044
0.033599854
-0.029037476
0.0074615479
0.033325195
-0.0068016052
0.045898438
-0.0036830902
0.0044555664
