0.69189453
-0.24951172
0.51171875
-0.24865723
0.32324219
-0.27319336
-0.026885986
0.61425781
-0.24047852
0.53613281
-0.49975586
0.77880859
-0.46044922
0.15124512
-0.23742676
-0.16674805
-0.35229492
0.19177246
0.11096191
0.70996094
-0.26831055
0.56884766
-0.23498535
0.076843262
0.31616211
-0.15527344
0.020477295
-0.073425293
0.33837891
0.048522949
0.49707031
0.33666992
0.36694336
0.13793945
0.028060913
0.081726074
0.26977539
0.41210938
-0.65039062
-0.1640625
-0.24108887
0.52539062
0.8203125
0.24182129
0.73291016
-0.083190918
0.17346191
0.27587891
-0.26220703
0.4909668
0.045959473
0.43798828
-0.085693359
0.50146484
0.13098145
0.18432617
0.53710938
0.41137695
0.079711914
0.40185547
0.52929688
0.48120117
0.16162109
0.47949219
0.061859131
0.23083496
0.48974609
-0.39868164
-0.48706055
0.29248047
0.21398926
-0.026779175
0.20654297
0.18774414
1.03125
0.69482422
-0.11560059
0.23583984
0.171875
0.1529541
0.49731445
0.35131836
0.31323242
-0.61474609
-0.019424438
0.36254883
0.58300781
0.5
0.14648438
-0.34692383
-0.29492188
0.20922852
-0.453125
-0.00048279762
-0.1661377
0.1817627
0.80712891
0.71044922
0.84130859
-0.22998047
-0.12017822
-0.24438477
0.14001465
0.10809326
0.44287109
0.035980225
-0.20300293
0.21374512
0.1472168
0.11022949
-0.016372681
-0.024291992
0.44140625
-0.24487305
0.33251953
0.14599609
0.23840332
-0.21679688
-0.26098633
0.12646484
-0.1809082
0.50195312
0.38476562
0.10528564
-0.28759766
0.83056641
-0.20068359
-0.11138916
0.43041992
-0.053985596
0.17492676
-0.27319336
0.094299316
-0.033233643
0.04675293
0.31079102
0.016601562
0.37548828
-0.26318359
0.38574219
-0.11517334
0.096923828
0.050323486
-0.024932861
-0.1763916
0.15808105
0.14355469
0.36523438
-0.043334961
0.37939453
-0.14660645
0.14294434
0.16821289
0.080688477
0.16784668
-0.077758789
0.20300293
0.13891602
0.33447266
0.24145508
0.21789551
0.23498535
0.11206055
0.087280273
0.053894043
0.21472168
-0.42993164
-0.12042236
-0.018707275
0.36474609
0.47119141
0.13500977
0.39477539
-0.038543701
0.029418945
0.25341797
-0.10516357
0.19848633
0.078796387
0.19018555
-0.01600647
0.34008789
0.30200195
0.2454834
0.31591797
0.27368164
0.08972168
0.29418945
0.33032227
0.34301758
0.072021484
0.44165039
-0.086364746
-0.0072517395
0.28710938
-0.054229736
-0.2364502
0.24694824
0.055969238
0.022720337
0.10467529
0.085510254
0.61035156
0.48242188
0.11206055
0.17260742
0.20275879
0.19824219
0.35351562
0.27978516
0.15722656
-0.38671875
-0.06427002
0.11798096
0.25268555
0.43896484
0.071899414
-0.30493164
0.02166748
0.12426758
-0.13769531
0.03225708
-0.059936523
0.16723633
0.40063477
0.38525391
0.55664062
-0.039611816
-0.0090179443
-0.1451416
0.21228027
0.017745972
0.22180176
0.068481445
0.091796875
0.16174316
0.10064697
0.16931152
0.0061836243
0.14550781
0.26318359
-0.21801758
0.12207031
0.14147949
0.12658691
0.068481445
0.042022705
-0.009727478
-0.21179199
0.34838867
0.34521484
-0.041107178
-0.072998047
0.31542969
-0.057830811
0.17431641
0.15466309
-0.033569336
-0.0064582825
-0.2401123
0.037963867
0.15319824
0.066833496
0.1463623
0.032836914
0.37109375
-0.13317871
0.20983887
0.094787598
0.055145264
0.1673584
0.057922363
0.020278931
0.065734863
0.090637207
0.10943604
0.092224121
0.20410156
-0.093811035
0.032226562
0.061645508
0.14978027
0.2388916
-0.16601562
0.085327148
0.20935059
0.1998291
0.055236816
0.11779785
0.38500977
0.24377441
0.014808655
-0.063659668
0.086425781
-0.33129883
-0.035003662
0.06829834
0.20251465
0.35668945
0.15185547
0.15332031
0.024368286
-0.075622559
0.11029053
-0.029510498
0.14318848
0.026733398
0.015556335
0.036560059
0.23693848
0.30444336
0.23840332
0.18762207
0.046630859
0.13244629
0.21838379
0.1862793
0.14331055
0.023696899
0.27734375
-0.050476074
0.0027809143
0.10870361
0.24353027
-0.053924561
0.27783203
0.078735352
0.030914307
-0.049438477
0.13122559
0.32568359
0.29736328
0.2154541
0.12176514
0.23083496
0.13110352
0.19470215
0.17382812
0.053710938
-0.2421875
-0.0011329651
0.034179688
0.16467285
0.3762207
0.08996582
-0.22338867
0.14099121
0.083190918
-0.0015382767
0.016067505
0.064086914
0.072265625
0.18579102
0.33105469
0.28808594
0.063842773
0.14245605
-0.096069336
0.28173828
-0.0085983276
0.055664062
0.030471802
0.24475098
0.1940918
-0.015083313
0.18225098
-0.029647827
0.2121582
0.11895752
-0.23071289
-0.028823853
0.047119141
-0.018356323
0.30200195
0.26074219
-0.069274902
-0.20129395
0.29223633
0.32202148
0.0013027191
0.044281006
-0.0042991638
0.033691406
0.13769531
0.15466309
-0.033569336
-0.0064582825
-0.2401123
0.037963867
0.15319824
0.066833496
0.1463623
0.032836914
0.37109375
-0.13317871
0.20983887
0.094787598
0.055145264
0.1673584
0.057922363
0.020278931
0.065734863
0.090637207
0.10943604
0.092224121
0.20410156
-0.093811035
0.032226562
0.061645508
0.14978027
0.2388916
-0.16601562
0.085327148
0.20935059
0.1998291
0.055236816
0.11779785
0.38500977
0.24377441
0.014808655
-0.063659668
0.086425781
-0.33129883
-0.035003662
0.06829834
0.20251465
0.35668945
0.15185547
0.15332031
0.024368286
-0.075622559
0.11029053
-0.029510498
0.14318848
0.026733398
0.015556335
0.036560059
0.23693848
0.30444336
0.23840332
0.18762207
0.046630859
0.13244629
0.21838379
0.1862793
0.14331055
0.023696899
0.27734375
-0.050476074
0.0027809143
0.10870361
0.24353027
-0.053924561
0.27783203
0.078735352
0.030914307
-0.049438477
0.13122559
0.32568359
0.29736328
0.2154541
0.12176514
0.23083496
0.13110352
0.19470215
0.17382812
0.053710938
-0.2421875
-0.0011329651
0.034179688
0.16467285
0.3762207
0.08996582
-0.22338867
0.14099121
0.083190918
-0.0015382767
0.016067505
0.064086914
0.072265625
0.18579102
0.33105469
0.28808594
0.063842773
0.14245605
-0.096069336
0.28173828
-0.0085983276
0.055664062
0.030471802
0.24475098
0.1940918
-0.015083313
0.18225098
-0.029647827
0.2121582
0.11895752
-0.23071289
-0.028823853
0.047119141
-0.018356323
0.30200195
0.26074219
-0.069274902
-0.20129395
0.29223633
0.32202148
0.0013027191
0.044281006
-0.0042991638
0.033691406
0.13769531
0.15466309
-0.033569336
-0.0064582825
-0.2401123
0.037963867
0.15319824
0.066833496
0.1463623
0.032836914
0.37109375
-0.13317871
0.20983887
0.094787598
0.055145264
0.1673584
0.057922363
0.020278931
0.065734863
0.090637207
0.10943604
0.092224121
0.20410156
-0.093811035
0.032226562
0.061645508
0.14978027
0.2388916
-0.16601562
0.085327148
0.20935059
0.1998291
0.055236816
0.11779785
0.38500977
0.24377441
0.014808655
-0.063659668
0.086425781
-0.33129883
-0.035003662
0.06829834
0.20251465
0.35668945
0.15185547
0.15332031
0.024368286
-0.075622559
0.11029053
-0.029510498
0.14318848
0.026733398
0.015556335
0.036560059
0.23693848
0.30444336
0.23840332
0.18762207
0.046630859
0.13244629
0.21838379
0.1862793
0.14331055
0.023696899
0.27734375
-0.050476074
0.0027809143
0.10870361
0.24353027
-0.053924561
0.27783203
0.078735352
0.030914307
-0.049438477
0.13122559
0.32568359
0.29736328
0.2154541
0.12176514
0.23083496
0.13110352
0.19470215
0.17382812
0.053710938
-0.2421875
-0.0011329651
0.034179688
0.16467285
0.3762207
0.08996582
-0.22338867
0.14099121
0.083190918
-0.0015382767
0.016067505
0.064086914
0.072265625
0.18579102
0.33105469
0.28808594
0.063842773
0.14245605
-0.096069336
0.28173828
-0.0085983276
0.055664062
0.030471802
0.24475098
0.1940918
-0.015083313
0.18225098
-0.029647827
0.2121582
0.11895752
-0.23071289
-0.028823853
0.047119141
-0.018356323
0.30200195
0.26074219
-0.069274902
-0.20129395
0.29223633
0.32202148
0.0013027191
0.044281006
-0.0042991638
0.033691406
0.13769531
0.15466309
-0.033569336
-0.0064582825
-0.2401123
0.037963867
0.15319824
0.066833496
0.1463623
0.032836914
0.37109375
-0.13317871
0.20983887
0.094787598
0.055145264
0.1673584
0.057922363
0.020278931
0.065734863
0.090637207
0.10943604
0.092224121
0.20410156
-0.093811035
0.032226562
0.061645508
0.14978027
0.2388916
-0.16601562
0.085327148
0.20935059
0.1998291
0.055236816
0.11779785
0.38500977
0.24377441
0.014808655
-0.063659668
0.086425781
-0.33129883
-0.035003662
0.06829834
0.20251465
0.35668945
0.15185547
0.15332031
0.024368286
-0.075622559
0.11029053
-0.029510498
0.14318848
0.026733398
0.015556335
0.036560059
0.23693848
0.30444336
0.23840332
0.18762207
0.046630859
0.13244629
0.21838379
0.1862793
0.14331055
0.023696899
0.27734375
-0.050476074
0.0027809143
0.10870361
0.24353027
-0.053924561
0.27783203
0.078735352
0.030914307
-0.049438477
0.13122559
0.32568359
0.29736328
0.2154541
0.12176514
0.23083496
0.13110352
0.19470215
0.17382812
0.053710938
-0.2421875
-0.0011329651
0.034179688
0.16467285
0.3762207
0.08996582
-0.22338867
0.14099121
0.083190918
-0.0015382767
0.016067505
0.064086914
0.072265625
0.18579102
0.33105469
0.28808594
0.063842773
0.14245605
-0.096069336
0.28173828
-0.0085983276
0.055664062
0.030471802
0.24475098
0.1940918
-0.015083313
0.18225098
-0.029647827
0.2121582
0.11895752
-0.23071289
-0.028823853
0.047119141
-0.018356323
0.30200195
0.26074219
-0.069274902
-0.20129395
0.29223633
0.32202148
0.0013027191
0.044281006
-0.0042991638
0.033691406
0.13769531
0.15466309
-0.033569336
-0.0064582825
-0.2401123
0.037963867
0.15319824
0.066833496
0.1463623
0.032836914
0.37109375
-0.13317871
0.20983887
0.094787598
0.055145264
0.1673584
0.057922363
0.020278931
0.065734863
0.090637207
0.10943604
0.092224121
0.20410156
-0.093811035
0.032226562
0.061645508
0.14978027
0.2388916
-0.16601562
0.085327148
0.20935059
0.1998291
0.055236816
0.11779785
0.38500977
0.24377441
0.014808655
-0.063659668
0.086425781
-0.33129883
-0.035003662
0.06829834
0.20251465
0.35668945
0.15185547
0.15332031
0.024368286
-0.075622559
0.11029053
-0.029510498
0.14318848
0.026733398
0.015556335
0.036560059
0.23693848
0.30444336
0.23840332
0.18762207
0.046630859
0.13244629
0.21838379
0.1862793
0.14331055
0.023696899
0.27734375
-0.050476074
0.0027809143
0.10870361
0.24353027
-0.053924561
0.27783203
0.078735352
0.030914307
-0.049438477
0.13122559
0.32568359
0.29736328
0.2154541
0.12176514
0.23083496
0.13110352
0.19470215
0.17382812
0.053710938
-0.2421875
-0.0011329651
0.034179688
0.16467285
0.3762207
0.08996582
-0.22338867
0.14099121
0.083190918
-0.0015382767
0.016067505
0.064086914
0.072265625
0.18579102
0.33105469
0.28808594
0.063842773
0.14245605
-0.096069336
0.28173828
-0.0085983276
0.055664062
0.030471802
0.24475098
0.1940918
-0.015083313
0.18225098
-0.029647827
0.2121582
0.11895752
-0.23071289
-0.028823853
0.047119141
-0.018356323
0.30200195
0.26074219
-0.069274902
-0.20129395
0.29223633
0.32202148
0.0013027191
0.044281006
-0.0042991638
0.033691406
0.13769531
0.15466309
-0.033569336
-0.0064582825
-0.2401123
0.037963867
0.15319824
0.066833496
0.1463623
0.032836914
0.37109375
-0.13317871
0.20983887
0.094787598
0.055145264
0.1673584
0.057922363
0.020278931
0.065734863
0.090637207
0.10943604
0.092224121
0.20410156
-0.093811035
0.032226562
0.061645508
0.14978027
0.2388916
-0.16601562
0.085327148
0.20935059
0.1998291
0.055236816
0.11779785
0.38500977
0.24377441
0.014808655
-0.063659668
0.086425781
-0.33129883
-0.035003662
0.06829834
0.20251465
0.35668945
0.15185547
0.15332031
0.024368286
-0.075622559
0.11029053
-0.029510498
0.14318848
0.026733398
0.015556335
0.036560059
0.23693848
0.30444336
0.23840332
0.18762207
0.046630859
0.13244629
0.21838379
0.1862793
0.14331055
0.023696899
0.27734375
-0.050476074
0.0027809143
0.10870361
0.24353027
-0.053924561
0.27783203
0.078735352
0.030914307
-0.049438477
0.13122559
0.32568359
0.29736328
0.2154541
0.12176514
0.23083496
0.13110352
0.19470215
0.17382812
0.053710938
-0.2421875
-0.0011329651
0.034179688
0.16467285
0.3762207
0.08996582
-0.22338867
0.14099121
0.083190918
-0.0015382767
0.016067505
0.064086914
0.072265625
0.18579102
0.33105469
0.28808594
0.063842773
0.14245605
-0.096069336
0.28173828
-0.0085983276
0.055664062
0.030471802
0.24475098
0.1940918
-0.015083313
0.18225098
-0.029647827
0.2121582
0.11895752
-0.23071289
-0.028823853
0.047119141
-0.018356323
0.30200195
0.26074219
-0.069274902
-0.20129395
0.29223633
0.32202148
0.0013027191
0.044281006
-0.0042991638
0.033691406
0.13769531
0.074645996
-0.012260437
-0.039489746
-0.14477539
0.065673828
0.090881348
0.067199707
0.087341309
0.021789551
0.10516357
-0.080932617
0.10595703
0.015556335
0.015441895
0.10388184
0.0011844635
0.056762695
0.04397583
0.060241699
0.053649902
0.041503906
0.053833008
-0.066833496
0.056304932
0.014091492
0.064880371
0.1427002
-0.087524414
0.022628784
0.14501953
0.031234741
-0.010307312
-0.014663696
0.20666504
0.16052246
0.011489868
-0.063720703
0.054077148
-0.16699219
-0.0056190491
0.077575684
0.05090332
0.18786621
0.04776001
0.019668579
0.014526367
-0.062561035
0.048400879
-0.014038086
0.024017334
0.0004940033
0.040985107
0.066467285
0.081604004
0.16223145
0.12792969
0.05758667
0.044006348
0.063537598
0.13256836
0.037536621
0.0080108643
-0.021560669
0.12005615
-0.013168335
-0.038482666
0.093017578
0.11529541
-0.028137207
0.14526367
-0.0086288452
-0.012496948
0.038818359
0.086486816
0.11199951
0.10449219
0.06854248
0.055725098
0.043426514
0.065551758
0.051727295
0.11053467
0.069946289
-0.094787598
0.017700195
-0.0091629028
0.084228516
0.12512207
0.015945435
-0.096435547
0.073059082
0.025253296
0.017425537
0.049835205
0.053771973
0.027282715
0.12286377
0.10229492
0.078063965
0.042236328
0.067321777
-0.09942627
0.16821289
-0.02633667
0.0056152344
0.015991211
0.14709473
0.089599609
-0.051940918
0.1050415
-0.031066895
0.12670898
0.059631348
-0.14025879
-0.048461914
-0.0021476746
0.011871338
0.15490723
0.14233398
-0.059692383
-0.082458496
0.1361084
0.16333008
0.020996094
0.04510498
-0.065307617
-0.017669678
0.090026855
0.026580811
0.0030174255
-0.036956787
-0.095275879
0.069030762
0.037628174
0.061737061
0.058837891
0.0064544678
-0.015533447
-0.062316895
0.073730469
-0.046386719
0.0050849915
0.051727295
-0.035675049
0.073425293
0.042175293
0.028518677
0.015640259
0.01410675
-0.021652222
-0.061035156
0.062561035
-0.010696411
0.01663208
0.10003662
-0.063659668
-0.0073318481
0.10076904
-0.051574707
-0.045776367
-0.070373535
0.1104126
0.10778809
0.0023002625
-0.07598877
0.037322998
-0.079711914
0.014198303
0.063598633
-0.023986816
0.10675049
0.013885498
-0.049316406
-0.010871887
-0.050170898
0.0058746338
-0.0029945374
-0.029769897
-0.028686523
0.046539307
0.078369141
0.016693115
0.082946777
0.069824219
-0.0026779175
0.026107788
0.034484863
0.084899902
-0.041381836
-0.05178833
-0.049285889
0.033172607
0.021865845
-0.042541504
0.074462891
0.068054199
-0.028198242
0.09375
-0.030502319
-0.047607422
0.072021484
0.076538086
-0.00049543381
-0.0089874268
-0.019241333
0.036071777
-0.038665771
-0.003194809
-0.030609131
0.067443848
0.07598877
-0.026138306
0.025939941
-0.050476074
0.053436279
0.0020103455
-0.023117065
-0.040924072
0.021316528
-0.014907837
0.0082397461
0.072753906
0.0519104
-0.0080795288
0.088623047
0.0015230179
-0.028991699
0.037445068
0.016860962
-0.08392334
0.10229492
-0.047210693
-0.016418457
-0.0086975098
0.086547852
0.057067871
-0.067687988
0.058044434
-0.032440186
0.085571289
0.03704834
-0.087524414
-0.046905518
-0.029342651
0.037719727
0.063842773
0.076538086
-0.063659668
-0.02772522
0.059112549
0.088745117
0.059051514
0.024124146
-0.063598633
-0.034301758
0.057189941
0.026580811
0.0030174255
-0.036956787
-0.095275879
0.069030762
0.037628174
0.061737061
0.058837891
0.0064544678
-0.015533447
-0.062316895
0.073730469
-0.046386719
0.0050849915
0.051727295
-0.035675049
0.073425293
0.042175293
0.028518677
0.015640259
0.01410675
-0.021652222
-0.061035156
0.062561035
-0.010696411
0.01663208
0.10003662
-0.063659668
-0.0073318481
0.10076904
-0.051574707
-0.045776367
-0.070373535
0.1104126
0.10778809
0.0023002625
-0.07598877
0.037322998
-0.079711914
0.014198303
0.063598633
-0.023986816
0.10675049
0.013885498
-0.049316406
-0.010871887
-0.050170898
0.0058746338
-0.0029945374
-0.029769897
-0.028686523
0.046539307
0.078369141
0.016693115
0.082946777
0.069824219
-0.0026779175
0.026107788
0.034484863
0.084899902
-0.041381836
-0.05178833
-0.049285889
0.033172607
0.021865845
-0.042541504
0.074462891
0.068054199
-0.028198242
0.09375
-0.030502319
-0.047607422
0.072021484
0.076538086
-0.00049543381
-0.0089874268
-0.019241333
0.036071777
-0.038665771
-0.003194809
-0.030609131
0.067443848
0.07598877
-0.026138306
0.025939941
-0.050476074
0.053436279
0.0020103455
-0.023117065
-0.040924072
0.021316528
-0.014907837
0.0082397461
0.072753906
0.0519104
-0.0080795288
0.088623047
0.0015230179
-0.028991699
0.037445068
0.016860962
-0.08392334
0.10229492
-0.047210693
-0.016418457
-0.0086975098
0.086547852
0.057067871
-0.067687988
0.058044434
-0.032440186
0.085571289
0.03704834
-0.087524414
-0.046905518
-0.029342651
0.037719727
0.063842773
0.076538086
-0.063659668
-0.02772522
0.059112549
0.088745117
0.059051514
0.024124146
-0.063598633
-0.034301758
0.057189941
0.026580811
0.0030174255
-0.036956787
-0.095275879
0.069030762
0.037628174
0.061737061
0.058837891
0.0064544678
-0.015533447
-0.062316895
0.073730469
-0.046386719
0.0050849915
0.051727295
-0.035675049
0.073425293
0.042175293
0.028518677
0.015640259
0.01410675
-0.021652222
-0.061035156
0.062561035
-0.010696411
0.01663208
0.10003662
-0.063659668
-0.0073318481
0.10076904
-0.051574707
-0.045776367
-0.070373535
0.1104126
0.10778809
0.0023002625
-0.07598877
0.037322998
-0.079711914
0.014198303
0.063598633
-0.023986816
0.10675049
0.013885498
-0.049316406
-0.010871887
-0.050170898
0.0058746338
-0.0029945374
-0.029769897
-0.028686523
0.046539307
0.078369141
0.016693115
0.082946777
0.069824219
-0.0026779175
0.026107788
0.034484863
0.084899902
-0.041381836
-0.05178833
-0.049285889
0.033172607
0.021865845
-0.042541504
0.074462891
0.068054199
-0.028198242
0.09375
-0.030502319
-0.047607422
0.072021484
0.076538086
-0.00049543381
-0.0089874268
-0.019241333
0.036071777
-0.038665771
-0.003194809
-0.030609131
0.067443848
0.07598877
-0.026138306
0.025939941
-0.050476074
0.053436279
0.0020103455
-0.023117065
-0.040924072
0.021316528
-0.014907837
0.0082397461
0.072753906
0.0519104
-0.0080795288
0.088623047
0.0015230179
-0.028991699
0.037445068
0.016860962
-0.08392334
0.10229492
-0.047210693
-0.016418457
-0.0086975098
0.086547852
0.057067871
-0.067687988
0.058044434
-0.032440186
0.085571289
0.03704834
-0.087524414
-0.046905518
-0.029342651
0.037719727
0.063842773
0.076538086
-0.063659668
-0.02772522
0.059112549
0.088745117
0.059051514
0.024124146
-0.063598633
-0.034301758
0.057189941
0.026580811
0.0030174255
-0.036956787
-0.095275879
0.069030762
0.037628174
0.061737061
0.058837891
0.0064544678
-0.015533447
-0.062316895
0.073730469
-0.046386719
0.0050849915
0.051727295
-0.035675049
0.073425293
0.042175293
0.028518677
0.015640259
0.01410675
-0.021652222
-0.061035156
0.062561035
-0.010696411
0.01663208
0.10003662
-0.063659668
-0.0073318481
0.10076904
-0.051574707
-0.045776367
-0.070373535
0.1104126
0.10778809
0.0023002625
-0.07598877
0.037322998
-0.079711914
0.014198303
0.063598633
-0.023986816
0.10675049
0.013885498
-0.049316406
-0.010871887
-0.050170898
0.0058746338
-0.0029945374
-0.029769897
-0.028686523
0.046539307
0.078369141
0.016693115
0.082946777
0.069824219
-0.0026779175
0.026107788
0.034484863
0.084899902
-0.041381836
-0.05178833
-0.049285889
0.033172607
0.021865845
-0.042541504
0.074462891
0.068054199
-0.028198242
0.09375
-0.030502319
-0.047607422
0.072021484
0.076538086
-0.00049543381
-0.0089874268
-0.019241333
0.036071777
-0.038665771
-0.003194809
-0.030609131
0.067443848
0.07598877
-0.026138306
0.025939941
-0.050476074
0.053436279
0.0020103455
-0.023117065
-0.040924072
0.021316528
-0.014907837
0.0082397461
0.072753906
0.0519104
-0.0080795288
0.088623047
0.0015230179
-0.028991699
0.037445068
0.016860962
-0.08392334
0.10229492
-0.047210693
-0.016418457
-0.0086975098
0.086547852
0.057067871
-0.067687988
0.058044434
-0.032440186
0.085571289
0.03704834
-0.087524414
-0.046905518
-0.029342651
0.037719727
0.063842773
0.076538086
-0.063659668
-0.02772522
0.059112549
0.088745117
0.059051514
0.024124146
-0.063598633
-0.034301758
0.057189941
0.026580811
0.0030174255
-0.036956787
-0.095275879
0.069030762
0.037628174
0.061737061
0.058837891
0.0064544678
-0.015533447
-0.062316895
0.073730469
-0.046386719
0.0050849915
0.051727295
-0.035675049
0.073425293
0.042175293
0.028518677
0.015640259
0.01410675
-0.021652222
-0.061035156
0.062561035
-0.010696411
0.01663208
0.10003662
-0.063659668
-0.0073318481
0.10076904
-0.051574707
-0.045776367
-0.070373535
0.1104126
0.10778809
0.0023002625
-0.07598877
0.037322998
-0.079711914
0.014198303
0.063598633
-0.023986816
0.10675049
0.013885498
-0.049316406
-0.010871887
-0.050170898
0.0058746338
-0.0029945374
-0.029769897
-0.028686523
0.046539307
0.078369141
0.016693115
0.082946777
0.069824219
-0.0026779175
0.026107788
0.034484863
0.084899902
-0.041381836
-0.05178833
-0.049285889
0.033172607
0.021865845
-0.042541504
0.074462891
0.068054199
-0.028198242
0.09375
-0.030502319
-0.047607422
0.072021484
0.076538086
-0.00049543381
-0.0089874268
-0.019241333
0.036071777
-0.038665771
-0.003194809
-0.030609131
0.067443848
0.07598877
-0.026138306
0.025939941
-0.050476074
0.053436279
0.0020103455
-0.023117065
-0.040924072
0.021316528
-0.014907837
0.0082397461
0.072753906
0.0519104
-0.0080795288
0.088623047
0.0015230179
-0.028991699
0.037445068
0.016860962
-0.08392334
0.10229492
-0.047210693
-0.016418457
-0.0086975098
0.086547852
0.057067871
-0.067687988
0.058044434
-0.032440186
0.085571289
0.03704834
-0.087524414
-0.046905518
-0.029342651
0.037719727
0.063842773
0.076538086
-0.063659668
-0.02772522
0.059112549
0.088745117
0.059051514
0.024124146
-0.063598633
-0.034301758
0.057189941
0.026580811
0.0030174255
-0.036956787
-0.095275879
0.069030762
0.037628174
0.061737061
0.058837891
0.0064544678
-0.015533447
-0.062316895
0.073730469
-0.046386719
0.0050849915
0.051727295
-0.035675049
0.073425293
0.042175293
0.028518677
0.015640259
0.01410675
-0.021652222
-0.061035156
0.062561035
-0.010696411
0.01663208
0.10003662
-0.063659668
-0.0073318481
0.10076904
-0.051574707
-0.045776367
-0.070373535
0.1104126
0.10778809
0.0023002625
-0.07598877
0.037322998
-0.079711914
0.014198303
0.063598633
-0.023986816
0.10675049
0.013885498
-0.049316406
-0.010871887
-0.050170898
0.0058746338
-0.0029945374
-0.029769897
-0.028686523
0.046539307
0.078369141
0.016693115
0.082946777
0.069824219
-0.0026779175
0.026107788
0.034484863
0.084899902
-0.041381836
-0.05178833
-0.049285889
0.033172607
0.021865845
-0.042541504
0.074462891
0.068054199
-0.028198242
0.09375
-0.030502319
-0.047607422
0.072021484
0.076538086
-0.00049543381
-0.0089874268
-0.019241333
0.036071777
-0.038665771
-0.003194809
-0.030609131
0.067443848
0.07598877
-0.026138306
0.025939941
-0.050476074
0.053436279
0.0020103455
-0.023117065
-0.040924072
0.021316528
-0.014907837
0.0082397461
0.072753906
0.0519104
-0.0080795288
0.088623047
0.0015230179
-0.028991699
0.037445068
0.016860962
-0.08392334
0.10229492
-0.047210693
-0.016418457
-0.0086975098
0.086547852
0.057067871
-0.067687988
0.058044434
-0.032440186
0.085571289
0.03704834
-0.087524414
-0.046905518
-0.029342651
0.037719727
0.063842773
0.076538086
-0.063659668
-0.02772522
0.059112549
0.088745117
0.059051514
0.024124146
-0.063598633
-0.034301758
0.057189941
0.026580811
0.0030174255
-0.036956787
-0.095275879
0.069030762
0.037628174
0.061737061
0.058837891
0.0064544678
-0.015533447
-0.062316895
0.073730469
-0.046386719
0.0050849915
0.051727295
-0.035675049
0.073425293
0.042175293
0.028518677
0.015640259
0.01410675
-0.021652222
-0.061035156
0.062561035
-0.010696411
0.01663208
0.10003662
-0.063659668
-0.0073318481
0.10076904
-0.051574707
-0.045776367
-0.070373535
0.1104126
0.10778809
0.0023002625
-0.07598877
0.037322998
-0.079711914
0.014198303
0.063598633
-0.023986816
0.10675049
0.013885498
-0.049316406
-0.010871887
-0.050170898
0.0058746338
-0.0029945374
-0.029769897
-0.028686523
0.046539307
0.078369141
0.016693115
0.082946777
0.069824219
-0.0026779175
0.026107788
0.034484863
0.084899902
-0.041381836
-0.05178833
-0.049285889
0.033172607
0.021865845
-0.042541504
0.074462891
0.068054199
-0.028198242
0.09375
-0.030502319
-0.047607422
0.072021484
0.076538086
-0.00049543381
-0.0089874268
-0.019241333
0.036071777
-0.038665771
-0.003194809
-0.030609131
0.067443848
0.07598877
-0.026138306
0.025939941
-0.050476074
0.053436279
0.0020103455
-0.023117065
-0.040924072
0.021316528
-0.014907837
0.0082397461
0.072753906
0.0519104
-0.0080795288
0.088623047
0.0015230179
-0.028991699
0.037445068
0.016860962
-0.08392334
0.10229492
-0.047210693
-0.016418457
-0.0086975098
0.086547852
0.057067871
-0.067687988
0.058044434
-0.032440186
0.085571289
0.03704834
-0.087524414
-0.046905518
-0.029342651
0.037719727
0.063842773
0.076538086
-0.063659668
-0.02772522
0.059112549
0.088745117
0.059051514
0.024124146
-0.063598633
-0.034301758
0.057189941
0.026580811
0.0030174255
-0.036956787
-0.095275879
0.069030762
0.037628174
0.061737061
0.058837891
0.0064544678
-0.015533447
-0.062316895
0.073730469
-0.046386719
0.0050849915
0.051727295
-0.035675049
0.073425293
0.042175293
0.028518677
0.015640259
0.01410675
-0.021652222
-0.061035156
0.062561035
-0.010696411
0.01663208
0.10003662
-0.063659668
-0.0073318481
0.10076904
-0.051574707
-0.045776367
-0.070373535
0.1104126
0.10778809
0.0023002625
-0.07598877
0.037322998
-0.079711914
0.014198303
0.063598633
-0.023986816
0.10675049
0.013885498
-0.049316406
-0.010871887
-0.050170898
0.0058746338
-0.0029945374
-0.029769897
-0.028686523
0.046539307
0.078369141
0.016693115
0.082946777
0.069824219
-0.0026779175
0.026107788
0.034484863
0.084899902
-0.041381836
-0.05178833
-0.049285889
0.033172607
0.021865845
-0.042541504
0.074462891
0.068054199
-0.028198242
0.09375
-0.030502319
-0.047607422
0.072021484
0.076538086
-0.00049543381
-0.0089874268
-0.019241333
0.036071777
-0.038665771
-0.003194809
-0.030609131
0.067443848
0.07598877
-0.026138306
0.025939941
-0.050476074
0.053436279
0.0020103455
-0.023117065
-0.040924072
0.021316528
-0.014907837
0.0082397461
0.072753906
0.0519104
-0.0080795288
0.088623047
0.0015230179
-0.028991699
0.037445068
0.016860962
-0.08392334
0.10229492
-0.047210693
-0.016418457
-0.0086975098
0.086547852
0.057067871
-0.067687988
0.058044434
-0.032440186
0.085571289
0.03704834
-0.087524414
-0.046905518
-0.029342651
0.037719727
0.063842773
0.076538086
-0.063659668
-0.02772522
0.059112549
0.088745117
0.059051514
0.024124146
-0.063598633
-0.034301758
0.057189941
0.026580811
0.0030174255
-0.036956787
-0.095275879
0.069030762
0.037628174
0.061737061
0.058837891
0.0064544678
-0.015533447
-0.062316895
0.073730469
-0.046386719
0.0050849915
0.051727295
-0.035675049
0.073425293
0.042175293
0.028518677
0.015640259
0.01410675
-0.021652222
-0.061035156
0.062561035
-0.010696411
0.01663208
0.10003662
-0.063659668
-0.0073318481
0.10076904
-0.051574707
-0.045776367
-0.070373535
0.1104126
0.10778809
0.0023002625
-0.07598877
0.037322998
-0.079711914
0.014198303
0.063598633
-0.023986816
0.10675049
0.013885498
-0.049316406
-0.010871887
-0.050170898
0.0058746338
-0.0029945374
-0.029769897
-0.028686523
0.046539307
0.078369141
0.016693115
0.082946777
0.069824219
-0.0026779175
0.026107788
0.034484863
0.084899902
-0.041381836
-0.05178833
-0.049285889
0.033172607
0.021865845
-0.042541504
0.074462891
0.068054199
-0.028198242
0.09375
-0.030502319
-0.047607422
0.072021484
0.076538086
-0.00049543381
-0.0089874268
-0.019241333
0.036071777
-0.038665771
-0.003194809
-0.030609131
0.067443848
0.07598877
-0.026138306
0.025939941
-0.050476074
0.053436279
0.0020103455
-0.023117065
-0.040924072
0.021316528
-0.014907837
0.0082397461
0.072753906
0.0519104
-0.0080795288
0.088623047
0.0015230179
-0.028991699
0.037445068
0.016860962
-0.08392334
0.10229492
-0.047210693
-0.016418457
-0.0086975098
0.086547852
0.057067871
-0.067687988
0.058044434
-0.032440186
0.085571289
0.03704834
-0.087524414
-0.046905518
-0.029342651
0.037719727
0.063842773
0.076538086
-0.063659668
-0.02772522
0.059112549
0.088745117
0.059051514
0.024124146
-0.063598633
-0.034301758
0.057189941
0.026580811
0.0030174255
-0.036956787
-0.095275879
0.069030762
0.037628174
0.061737061
0.058837891
0.0064544678
-0.015533447
-0.062316895
0.073730469
-0.046386719
0.0050849915
0.051727295
-0.035675049
0.073425293
0.042175293
0.028518677
0.015640259
0.01410675
-0.021652222
-0.061035156
0.062561035
-0.010696411
0.01663208
0.10003662
-0.063659668
-0.0073318481
0.10076904
-0.051574707
-0.045776367
-0.070373535
0.1104126
0.10778809
0.0023002625
-0.07598877
0.037322998
-0.079711914
0.014198303
0.063598633
-0.023986816
0.10675049
0.013885498
-0.049316406
-0.010871887
-0.050170898
0.0058746338
-0.0029945374
-0.029769897
-0.028686523
0.046539307
0.078369141
0.016693115
0.082946777
0.069824219
-0.0026779175
0.026107788
0.034484863
0.084899902
-0.041381836
-0.05178833
-0.049285889
0.033172607
0.021865845
-0.042541504
0.074462891
0.068054199
-0.028198242
0.09375
-0.030502319
-0.047607422
0.072021484
0.076538086
-0.00049543381
-0.0089874268
-0.019241333
0.036071777
-0.038665771
-0.003194809
-0.030609131
0.067443848
0.07598877
-0.026138306
0.025939941
-0.050476074
0.053436279
0.0020103455
-0.023117065
-0.040924072
0.021316528
-0.014907837
0.0082397461
0.072753906
0.0519104
-0.0080795288
0.088623047
0.0015230179
-0.028991699
0.037445068
0.016860962
-0.08392334
0.10229492
-0.047210693
-0.016418457
-0.0086975098
0.086547852
0.057067871
-0.067687988
0.058044434
-0.032440186
0.085571289
0.03704834
-0.087524414
-0.046905518
-0.029342651
0.037719727
0.063842773
0.076538086
-0.063659668
-0.02772522
0.059112549
0.088745117
0.059051514
0.024124146
-0.063598633
-0.034301758
0.057189941
0.026580811
0.0030174255
-0.036956787
-0.095275879
0.069030762
0.037628174
0.061737061
0.058837891
0.0064544678
-0.015533447
-0.062316895
0.073730469
-0.046386719
0.0050849915
0.051727295
-0.035675049
0.073425293
0.042175293
0.028518677
0.015640259
0.01410675
-0.021652222
-0.061035156
0.062561035
-0.010696411
0.01663208
0.10003662
-0.063659668
-0.0073318481
0.10076904
-0.051574707
-0.045776367
-0.070373535
0.1104126
0.10778809
0.0023002625
-0.07598877
0.037322998
-0.079711914
0.014198303
0.063598633
-0.023986816
0.10675049
0.013885498
-0.049316406
-0.010871887
-0.050170898
0.0058746338
-0.0029945374
-0.029769897
-0.028686523
0.046539307
0.078369141
0.016693115
0.082946777
0.069824219
-0.0026779175
0.026107788
0.034484863
0.084899902
-0.041381836
-0.05178833
-0.049285889
0.033172607
0.021865845
-0.042541504
0.074462891
0.068054199
-0.028198242
0.09375
-0.030502319
-0.047607422
0.072021484
0.076538086
-0.00049543381
-0.0089874268
-0.019241333
0.036071777
-0.038665771
-0.003194809
-0.030609131
0.067443848
0.07598877
-0.026138306
0.025939941
-0.050476074
0.053436279
0.0020103455
-0.023117065
-0.040924072
0.021316528
-0.014907837
0.0082397461
0.072753906
0.0519104
-0.0080795288
0.088623047
0.0015230179
-0.028991699
0.037445068
0.016860962
-0.08392334
0.10229492
-0.047210693
-0.016418457
-0.0086975098
0.086547852
0.057067871
-0.067687988
0.058044434
-0.032440186
0.085571289
0.03704834
-0.087524414
-0.046905518
-0.029342651
0.037719727
0.063842773
0.076538086
-0.063659668
-0.02772522
0.059112549
0.088745117
0.059051514
0.024124146
-0.063598633
-0.034301758
0.057189941
0.026580811
0.0030174255
-0.036956787
-0.095275879
0.069030762
0.037628174
0.061737061
0.058837891
0.0064544678
-0.015533447
-0.062316895
0.073730469
-0.046386719
0.0050849915
0.051727295
-0.035675049
0.073425293
0.042175293
0.028518677
0.015640259
0.01410675
-0.021652222
-0.061035156
0.062561035
-0.010696411
0.01663208
0.10003662
-0.063659668
-0.0073318481
0.10076904
-0.051574707
-0.045776367
-0.070373535
0.1104126
0.10778809
0.0023002625
-0.07598877
0.037322998
-0.079711914
0.014198303
0.063598633
-0.023986816
0.10675049
0.013885498
-0.049316406
-0.010871887
-0.050170898
0.0058746338
-0.0029945374
-0.029769897
-0.028686523
0.046539307
0.078369141
0.016693115
0.082946777
0.069824219
-0.0026779175
0.026107788
0.034484863
0.084899902
-0.041381836
-0.05178833
-0.049285889
0.033172607
0.021865845
-0.042541504
0.074462891
0.068054199
-0.028198242
0.09375
-0.030502319
-0.047607422
0.072021484
0.076538086
-0.00049543381
-0.0089874268
-0.019241333
0.036071777
-0.038665771
-0.003194809
-0.030609131
0.067443848
0.07598877
-0.026138306
0.025939941
-0.050476074
0.053436279
0.0020103455
-0.023117065
-0.040924072
0.021316528
-0.014907837
0.0082397461
0.072753906
0.0519104
-0.0080795288
0.088623047
0.0015230179
-0.028991699
0.037445068
0.016860962
-0.08392334
0.10229492
-0.047210693
-0.016418457
-0.0086975098
0.086547852
0.057067871
-0.067687988
0.058044434
-0.032440186
0.085571289
0.03704834
-0.087524414
-0.046905518
-0.029342651
0.037719727
0.063842773
0.076538086
-0.063659668
-0.02772522
0.059112549
0.088745117
0.059051514
0.024124146
-0.063598633
-0.034301758
0.057189941
0.026580811
0.0030174255
-0.036956787
-0.095275879
0.069030762
0.037628174
0.061737061
0.058837891
0.0064544678
-0.015533447
-0.062316895
0.073730469
-0.046386719
0.0050849915
0.051727295
-0.035675049
0.073425293
0.042175293
0.028518677
0.015640259
0.01410675
-0.021652222
-0.061035156
0.062561035
-0.010696411
0.01663208
0.10003662
-0.063659668
-0.0073318481
0.10076904
-0.051574707
-0.045776367
-0.070373535
0.1104126
0.10778809
0.0023002625
-0.07598877
0.037322998
-0.079711914
0.014198303
0.063598633
-0.023986816
0.10675049
0.013885498
-0.049316406
-0.010871887
-0.050170898
0.0058746338
-0.0029945374
-0.029769897
-0.028686523
0.046539307
0.078369141
0.016693115
0.082946777
0.069824219
-0.0026779175
0.026107788
0.034484863
0.084899902
-0.041381836
-0.05178833
-0.049285889
0.033172607
0.021865845
-0.042541504
0.074462891
0.068054199
-0.028198242
0.09375
-0.030502319
-0.047607422
0.072021484
0.076538086
-0.00049543381
-0.0089874268
-0.019241333
0.036071777
-0.038665771
-0.003194809
-0.030609131
0.067443848
0.07598877
-0.026138306
0.025939941
-0.050476074
0.053436279
0.0020103455
-0.023117065
-0.040924072
0.021316528
-0.014907837
0.0082397461
0.072753906
0.0519104
-0.0080795288
0.088623047
0.0015230179
-0.028991699
0.037445068
0.016860962
-0.08392334
0.10229492
-0.047210693
-0.016418457
-0.0086975098
0.086547852
0.057067871
-0.067687988
0.058044434
-0.032440186
0.085571289
0.03704834
-0.087524414
-0.046905518
-0.029342651
0.037719727
0.063842773
0.076538086
-0.063659668
-0.02772522
0.059112549
0.088745117
0.059051514
0.024124146
-0.063598633
-0.034301758
0.057189941
0.026580811
0.0030174255
-0.036956787
-0.095275879
0.069030762
0.037628174
0.061737061
0.058837891
0.0064544678
-0.015533447
-0.062316895
0.073730469
-0.046386719
0.0050849915
0.051727295
-0.035675049
0.073425293
0.042175293
0.028518677
0.015640259
0.01410675
-0.021652222
-0.061035156
0.062561035
-0.010696411
0.01663208
0.10003662
-0.063659668
-0.0073318481
0.10076904
-0.051574707
-0.045776367
-0.070373535
0.1104126
0.10778809
0.0023002625
-0.07598877
0.037322998
-0.079711914
0.014198303
0.063598633
-0.023986816
0.10675049
0.013885498
-0.049316406
-0.010871887
-0.050170898
0.0058746338
-0.0029945374
-0.029769897
-0.028686523
0.046539307
0.078369141
0.016693115
0.082946777
0.069824219
-0.0026779175
0.026107788
0.034484863
0.084899902
-0.041381836
-0.05178833
-0.049285889
0.033172607
0.021865845
-0.042541504
0.074462891
0.068054199
-0.028198242
0.09375
-0.030502319
-0.047607422
0.072021484
0.076538086
-0.00049543381
-0.0089874268
-0.019241333
0.036071777
-0.038665771
-0.003194809
-0.030609131
0.067443848
0.07598877
-0.026138306
0.025939941
-0.050476074
0.053436279
0.0020103455
-0.023117065
-0.040924072
0.021316528
-0.014907837
0.0082397461
0.072753906
0.0519104
-0.0080795288
0.088623047
0.0015230179
-0.028991699
0.037445068
0.016860962
-0.08392334
0.10229492
-0.047210693
-0.016418457
-0.0086975098
0.086547852
0.057067871
-0.067687988
0.058044434
-0.032440186
0.085571289
0.03704834
-0.087524414
-0.046905518
-0.029342651
0.037719727
0.063842773
0.076538086
-0.063659668
-0.02772522
0.059112549
0.088745117
0.059051514
0.024124146
-0.063598633
-0.034301758
0.057189941
0.026580811
0.0030174255
-0.036956787
-0.095275879
0.069030762
0.037628174
0.061737061
0.058837891
0.0064544678
-0.015533447
-0.062316895
0.073730469
-0.046386719
0.0050849915
0.051727295
-0.035675049
0.073425293
0.042175293
0.028518677
0.015640259
0.01410675
-0.021652222
-0.061035156
0.062561035
-0.010696411
0.01663208
0.10003662
-0.063659668
-0.0073318481
0.10076904
-0.051574707
-0.045776367
-0.070373535
0.1104126
0.10778809
0.0023002625
-0.07598877
0.037322998
-0.079711914
0.014198303
0.063598633
-0.023986816
0.10675049
0.013885498
-0.049316406
-0.010871887
-0.050170898
0.0058746338
-0.0029945374
-0.029769897
-0.028686523
0.046539307
0.078369141
0.016693115
0.082946777
0.069824219
-0.0026779175
0.026107788
0.034484863
0.084899902
-0.041381836
-0.05178833
-0.049285889
0.033172607
0.021865845
-0.042541504
0.074462891
0.068054199
-0.028198242
0.09375
-0.030502319
-0.047607422
0.072021484
0.076538086
-0.00049543381
-0.0089874268
-0.019241333
0.036071777
-0.038665771
-0.003194809
-0.030609131
0.067443848
0.07598877
-0.026138306
0.025939941
-0.050476074
0.053436279
0.0020103455
-0.023117065
-0.040924072
0.021316528
-0.014907837
0.0082397461
0.072753906
0.0519104
-0.0080795288
0.088623047
0.0015230179
-0.028991699
0.037445068
0.016860962
-0.08392334
0.10229492
-0.047210693
-0.016418457
-0.0086975098
0.086547852
0.057067871
-0.067687988
0.058044434
-0.032440186
0.085571289
0.03704834
-0.087524414
-0.046905518
-0.029342651
0.037719727
0.063842773
0.076538086
-0.063659668
-0.02772522
0.059112549
0.088745117
0.059051514
0.024124146
-0.063598633
-0.034301758
0.057189941
0.026580811
0.0030174255
-0.036956787
-0.095275879
0.069030762
0.037628174
0.061737061
0.058837891
0.0064544678
-0.015533447
-0.062316895
0.073730469
-0.046386719
0.0050849915
0.051727295
-0.035675049
0.073425293
0.042175293
0.028518677
0.015640259
0.01410675
-0.021652222
-0.061035156
0.062561035
-0.010696411
0.01663208
0.10003662
-0.063659668
-0.0073318481
0.10076904
-0.051574707
-0.045776367
-0.070373535
0.1104126
0.10778809
0.0023002625
-0.07598877
0.037322998
-0.079711914
0.014198303
0.063598633
-0.023986816
0.10675049
0.013885498
-0.049316406
-0.010871887
-0.050170898
0.0058746338
-0.0029945374
-0.029769897
-0.028686523
0.046539307
0.078369141
0.016693115
0.082946777
0.069824219
-0.0026779175
0.026107788
0.034484863
0.084899902
-0.041381836
-0.05178833
-0.049285889
0.033172607
0.021865845
-0.042541504
0.074462891
0.068054199
-0.028198242
0.09375
-0.030502319
-0.047607422
0.072021484
0.076538086
-0.00049543381
-0.0089874268
-0.019241333
0.036071777
-0.038665771
-0.003194809
-0.030609131
0.067443848
0.07598877
-0.026138306
0.025939941
-0.050476074
0.053436279
0.0020103455
-0.023117065
-0.040924072
0.021316528
-0.014907837
0.0082397461
0.072753906
0.0519104
-0.0080795288
0.088623047
0.0015230179
-0.028991699
0.037445068
0.016860962
-0.08392334
0.10229492
-0.047210693
-0.016418457
-0.0086975098
0.086547852
0.057067871
-0.067687988
0.058044434
-0.032440186
0.085571289
0.03704834
-0.087524414
-0.046905518
-0.029342651
0.037719727
0.063842773
0.076538086
-0.063659668
-0.02772522
0.059112549
0.088745117
0.059051514
0.024124146
-0.063598633
-0.034301758
0.057189941
0.026580811
0.0030174255
-0.036956787
-0.095275879
0.069030762
0.037628174
0.061737061
0.058837891
0.0064544678
-0.015533447
-0.062316895
0.073730469
-0.046386719
0.0050849915
0.051727295
-0.035675049
0.073425293
0.042175293
0.028518677
0.015640259
0.01410675
-0.021652222
-0.061035156
0.062561035
-0.010696411
0.01663208
0.10003662
-0.063659668
-0.0073318481
0.10076904
-0.051574707
-0.045776367
-0.070373535
0.1104126
0.10778809
0.0023002625
-0.07598877
0.037322998
-0.079711914
0.014198303
0.063598633
-0.023986816
0.10675049
0.013885498
-0.049316406
-0.010871887
-0.050170898
0.0058746338
-0.0029945374
-0.029769897
-0.028686523
0.046539307
0.078369141
0.016693115
0.082946777
0.069824219
-0.0026779175
0.026107788
0.034484863
0.084899902
-0.041381836
-0.05178833
-0.049285889
0.033172607
0.021865845
-0.042541504
0.074462891
0.068054199
-0.028198242
0.09375
-0.030502319
-0.047607422
0.072021484
0.076538086
-0.00049543381
-0.0089874268
-0.019241333
0.036071777
-0.038665771
-0.003194809
-0.030609131
0.067443848
0.07598877
-0.026138306
0.025939941
-0.050476074
0.053436279
0.0020103455
-0.023117065
-0.040924072
0.021316528
-0.014907837
0.0082397461
0.072753906
0.0519104
-0.0080795288
0.088623047
0.0015230179
-0.028991699
0.037445068
0.016860962
-0.08392334
0.10229492
-0.047210693
-0.016418457
-0.0086975098
0.086547852
0.057067871
-0.067687988
0.058044434
-0.032440186
0.085571289
0.03704834
-0.087524414
-0.046905518
-0.029342651
0.037719727
0.063842773
0.076538086
-0.063659668
-0.02772522
0.059112549
0.088745117
0.059051514
0.024124146
-0.063598633
-0.034301758
0.057189941
0.026580811
0.0030174255
-0.036956787
-0.095275879
0.069030762
0.037628174
0.061737061
0.058837891
0.0064544678
-0.015533447
-0.062316895
0.073730469
-0.046386719
0.0050849915
0.051727295
-0.035675049
0.073425293
0.042175293
0.028518677
0.015640259
0.01410675
-0.021652222
-0.061035156
0.062561035
-0.010696411
0.01663208
0.10003662
-0.063659668
-0.0073318481
0.10076904
-0.051574707
-0.045776367
-0.070373535
0.1104126
0.10778809
0.0023002625
-0.07598877
0.037322998
-0.079711914
0.014198303
0.063598633
-0.023986816
0.10675049
0.013885498
-0.049316406
-0.010871887
-0.050170898
0.0058746338
-0.0029945374
-0.029769897
-0.028686523
0.046539307
0.078369141
0.016693115
0.082946777
0.069824219
-0.0026779175
0.026107788
0.034484863
0.084899902
-0.041381836
-0.05178833
-0.049285889
0.033172607
0.021865845
-0.042541504
0.074462891
0.068054199
-0.028198242
0.09375
-0.030502319
-0.047607422
0.072021484
0.076538086
-0.00049543381
-0.0089874268
-0.019241333
0.036071777
-0.038665771
-0.003194809
-0.030609131
0.067443848
0.07598877
-0.026138306
0.025939941
-0.050476074
0.053436279
0.0020103455
-0.023117065
-0.040924072
0.021316528
-0.014907837
0.0082397461
0.072753906
0.0519104
-0.0080795288
0.088623047
0.0015230179
-0.028991699
0.037445068
0.016860962
-0.08392334
0.10229492
-0.047210693
-0.016418457
-0.0086975098
0.086547852
0.057067871
-0.067687988
0.058044434
-0.032440186
0.085571289
0.03704834
-0.087524414
-0.046905518
-0.029342651
0.037719727
0.063842773
0.076538086
-0.063659668
-0.02772522
0.059112549
0.088745117
0.059051514
0.024124146
-0.063598633
-0.034301758
0.057189941
0.026580811
0.0030174255
-0.036956787
-0.095275879
0.069030762
0.037628174
0.061737061
0.058837891
0.0064544678
-0.015533447
-0.062316895
0.073730469
-0.046386719
0.0050849915
0.051727295
-0.035675049
0.073425293
0.042175293
0.028518677
0.015640259
0.01410675
-0.021652222
-0.061035156
0.062561035
-0.010696411
0.01663208
0.10003662
-0.063659668
-0.0073318481
0.10076904
-0.051574707
-0.045776367
-0.070373535
0.1104126
0.10778809
0.0023002625
-0.07598877
0.037322998
-0.079711914
0.014198303
0.063598633
-0.023986816
0.10675049
0.013885498
-0.049316406
-0.010871887
-0.050170898
0.0058746338
-0.0029945374
-0.029769897
-0.028686523
0.046539307
0.078369141
0.016693115
0.082946777
0.069824219
-0.0026779175
0.026107788
0.034484863
0.084899902
-0.041381836
-0.05178833
-0.049285889
0.033172607
0.021865845
-0.042541504
0.074462891
0.068054199
-0.028198242
0.09375
-0.030502319
-0.047607422
0.072021484
0.076538086
-0.00049543381
-0.0089874268
-0.019241333
0.036071777
-0.038665771
-0.003194809
-0.030609131
0.067443848
0.07598877
-0.026138306
0.025939941
-0.050476074
0.053436279
0.0020103455
-0.023117065
-0.040924072
0.021316528
-0.014907837
0.0082397461
0.072753906
0.0519104
-0.0080795288
0.088623047
0.0015230179
-0.028991699
0.037445068
0.016860962
-0.08392334
0.10229492
-0.047210693
-0.016418457
-0.0086975098
0.086547852
0.057067871
-0.067687988
0.058044434
-0.032440186
0.085571289
0.03704834
-0.087524414
-0.046905518
-0.029342651
0.037719727
0.063842773
0.076538086
-0.063659668
-0.02772522
0.059112549
0.088745117
0.059051514
0.024124146
-0.063598633
-0.034301758
0.057189941
0.026580811
0.0030174255
-0.036956787
-0.095275879
0.069030762
0.037628174
0.061737061
0.058837891
0.0064544678
-0.015533447
-0.062316895
0.073730469
-0.046386719
0.0050849915
0.051727295
-0.035675049
0.073425293
0.042175293
0.028518677
0.015640259
0.01410675
-0.021652222
-0.061035156
0.062561035
-0.010696411
0.01663208
0.10003662
-0.063659668
-0.0073318481
0.10076904
-0.051574707
-0.045776367
-0.070373535
0.1104126
0.10778809
0.0023002625
-0.07598877
0.037322998
-0.079711914
0.014198303
0.063598633
-0.023986816
0.10675049
0.013885498
-0.049316406
-0.010871887
-0.050170898
0.0058746338
-0.0029945374
-0.029769897
-0.028686523
0.046539307
0.078369141
0.016693115
0.082946777
0.069824219
-0.0026779175
0.026107788
0.034484863
0.084899902
-0.041381836
-0.05178833
-0.049285889
0.033172607
0.021865845
-0.042541504
0.074462891
0.068054199
-0.028198242
0.09375
-0.030502319
-0.047607422
0.072021484
0.076538086
-0.00049543381
-0.0089874268
-0.019241333
0.036071777
-0.038665771
-0.003194809
-0.030609131
0.067443848
0.07598877
-0.026138306
0.025939941
-0.050476074
0.053436279
0.0020103455
-0.023117065
-0.040924072
0.021316528
-0.014907837
0.0082397461
0.072753906
0.0519104
-0.0080795288
0.088623047
0.0015230179
-0.028991699
0.037445068
0.016860962
-0.08392334
0.10229492
-0.047210693
-0.016418457
-0.0086975098
0.086547852
0.057067871
-0.067687988
0.058044434
-0.032440186
0.085571289
0.03704834
-0.087524414
-0.046905518
-0.029342651
0.037719727
0.063842773
0.076538086
-0.063659668
-0.02772522
0.059112549
0.088745117
0.059051514
0.024124146
-0.063598633
-0.034301758
0.057189941
0.026580811
0.0030174255
-0.036956787
-0.095275879
0.069030762
0.037628174
0.061737061
0.058837891
0.0064544678
-0.015533447
-0.062316895
0.073730469
-0.046386719
0.0050849915
0.051727295
-0.035675049
0.073425293
0.042175293
0.028518677
0.015640259
0.01410675
-0.021652222
-0.061035156
0.062561035
-0.010696411
0.01663208
0.10003662
-0.063659668
-0.0073318481
0.10076904
-0.051574707
-0.045776367
-0.070373535
0.1104126
0.10778809
0.0023002625
-0.07598877
0.037322998
-0.079711914
0.014198303
0.063598633
-0.023986816
0.10675049
0.013885498
-0.049316406
-0.010871887
-0.050170898
0.0058746338
-0.0029945374
-0.029769897
-0.028686523
0.046539307
0.078369141
0.016693115
0.082946777
0.069824219
-0.0026779175
0.026107788
0.034484863
0.084899902
-0.041381836
-0.05178833
-0.049285889
0.033172607
0.021865845
-0.042541504
0.074462891
0.068054199
-0.028198242
0.09375
-0.030502319
-0.047607422
0.072021484
0.076538086
-0.00049543381
-0.0089874268
-0.019241333
0.036071777
-0.038665771
-0.003194809
-0.030609131
0.067443848
0.07598877
-0.026138306
0.025939941
-0.050476074
0.053436279
0.0020103455
-0.023117065
-0.040924072
0.021316528
-0.014907837
0.0082397461
0.072753906
0.0519104
-0.0080795288
0.088623047
0.0015230179
-0.028991699
0.037445068
0.016860962
-0.08392334
0.10229492
-0.047210693
-0.016418457
-0.0086975098
0.086547852
0.057067871
-0.067687988
0.058044434
-0.032440186
0.085571289
0.03704834
-0.087524414
-0.046905518
-0.029342651
0.037719727
0.063842773
0.076538086
-0.063659668
-0.02772522
0.059112549
0.088745117
0.059051514
0.024124146
-0.063598633
-0.034301758
0.057189941
0.026580811
0.0030174255
-0.036956787
-0.095275879
0.069030762
0.037628174
0.061737061
0.058837891
0.0064544678
-0.015533447
-0.062316895
0.073730469
-0.046386719
0.0050849915
0.051727295
-0.035675049
0.073425293
0.042175293
0.028518677
0.015640259
0.01410675
-0.021652222
-0.061035156
0.062561035
-0.010696411
0.01663208
0.10003662
-0.063659668
-0.0073318481
0.10076904
-0.051574707
-0.045776367
-0.070373535
0.1104126
0.10778809
0.0023002625
-0.07598877
0.037322998
-0.079711914
0.014198303
0.063598633
-0.023986816
0.10675049
0.013885498
-0.049316406
-0.010871887
-0.050170898
0.0058746338
-0.0029945374
-0.029769897
-0.028686523
0.046539307
0.078369141
0.016693115
0.082946777
0.069824219
-0.0026779175
0.026107788
0.034484863
0.084899902
-0.041381836
-0.05178833
-0.049285889
0.033172607
0.021865845
-0.042541504
0.074462891
0.068054199
-0.028198242
0.09375
-0.030502319
-0.047607422
0.072021484
0.076538086
-0.00049543381
-0.0089874268
-0.019241333
0.036071777
-0.038665771
-0.003194809
-0.030609131
0.067443848
0.07598877
-0.026138306
0.025939941
-0.050476074
0.053436279
0.0020103455
-0.023117065
-0.040924072
0.021316528
-0.014907837
0.0082397461
0.072753906
0.0519104
-0.0080795288
0.088623047
0.0015230179
-0.028991699
0.037445068
0.016860962
-0.08392334
0.10229492
-0.047210693
-0.016418457
-0.0086975098
0.086547852
0.057067871
-0.067687988
0.058044434
-0.032440186
0.085571289
0.03704834
-0.087524414
-0.046905518
-0.029342651
0.037719727
0.063842773
0.076538086
-0.063659668
-0.02772522
0.059112549
0.088745117
0.059051514
0.024124146
-0.063598633
-0.034301758
0.057189941
0.026580811
0.0030174255
-0.036956787
-0.095275879
0.069030762
0.037628174
0.061737061
0.058837891
0.0064544678
-0.015533447
-0.062316895
0.073730469
-0.046386719
0.0050849915
0.051727295
-0.035675049
0.073425293
0.042175293
0.028518677
0.015640259
0.01410675
-0.021652222
-0.061035156
0.062561035
-0.010696411
0.01663208
0.10003662
-0.063659668
-0.0073318481
0.10076904
-0.051574707
-0.045776367
-0.070373535
0.1104126
0.10778809
0.0023002625
-0.07598877
0.037322998
-0.079711914
0.014198303
0.063598633
-0.023986816
0.10675049
0.013885498
-0.049316406
-0.010871887
-0.050170898
0.0058746338
-0.0029945374
-0.029769897
-0.028686523
0.046539307
0.078369141
0.016693115
0.082946777
0.069824219
-0.0026779175
0.026107788
0.034484863
0.084899902
-0.041381836
-0.05178833
-0.049285889
0.033172607
0.021865845
-0.042541504
0.074462891
0.068054199
-0.028198242
0.09375
-0.030502319
-0.047607422
0.072021484
0.076538086
-0.00049543381
-0.0089874268
-0.019241333
0.036071777
-0.038665771
-0.003194809
-0.030609131
0.067443848
0.07598877
-0.026138306
0.025939941
-0.050476074
0.053436279
0.0020103455
-0.023117065
-0.040924072
0.021316528
-0.014907837
0.0082397461
0.072753906
0.0519104
-0.0080795288
0.088623047
0.0015230179
-0.028991699
0.037445068
0.016860962
-0.08392334
0.10229492
-0.047210693
-0.016418457
-0.0086975098
0.086547852
0.057067871
-0.067687988
0.058044434
-0.032440186
0.085571289
0.03704834
-0.087524414
-0.046905518
-0.029342651
0.037719727
0.063842773
0.076538086
-0.063659668
-0.02772522
0.059112549
0.088745117
0.059051514
0.024124146
-0.063598633
-0.034301758
0.057189941
0.026580811
0.0030174255
-0.036956787
-0.095275879
0.069030762
0.037628174
0.061737061
0.058837891
0.0064544678
-0.015533447
-0.062316895
0.073730469
-0.046386719
0.0050849915
0.051727295
-0.035675049
0.073425293
0.042175293
0.028518677
0.015640259
0.01410675
-0.021652222
-0.061035156
0.062561035
-0.010696411
0.01663208
0.10003662
-0.063659668
-0.0073318481
0.10076904
-0.051574707
-0.045776367
-0.070373535
0.1104126
0.10778809
0.0023002625
-0.07598877
0.037322998
-0.079711914
0.014198303
0.063598633
-0.023986816
0.10675049
0.013885498
-0.049316406
-0.010871887
-0.050170898
0.0058746338
-0.0029945374
-0.029769897
-0.028686523
0.046539307
0.078369141
0.016693115
0.082946777
0.069824219
-0.0026779175
0.026107788
0.034484863
0.084899902
-0.041381836
-0.05178833
-0.049285889
0.033172607
0.021865845
-0.042541504
0.074462891
0.068054199
-0.028198242
0.09375
-0.030502319
-0.047607422
0.072021484
0.076538086
-0.00049543381
-0.0089874268
-0.019241333
0.036071777
-0.038665771
-0.003194809
-0.030609131
0.067443848
0.07598877
-0.026138306
0.025939941
-0.050476074
0.053436279
0.0020103455
-0.023117065
-0.040924072
0.021316528
-0.014907837
0.0082397461
0.072753906
0.0519104
-0.0080795288
0.088623047
0.0015230179
-0.028991699
0.037445068
0.016860962
-0.08392334
0.10229492
-0.047210693
-0.016418457
-0.0086975098
0.086547852
0.057067871
-0.067687988
0.058044434
-0.032440186
0.085571289
0.03704834
-0.087524414
-0.046905518
-0.029342651
0.037719727
0.063842773
0.076538086
-0.063659668
-0.02772522
0.059112549
0.088745117
0.059051514
0.024124146
-0.063598633
-0.034301758
0.057189941
0.026580811
0.0030174255
-0.036956787
-0.095275879
0.069030762
0.037628174
0.061737061
0.058837891
0.0064544678
-0.015533447
-0.062316895
0.073730469
-0.046386719
0.0050849915
0.051727295
-0.035675049
0.073425293
0.042175293
0.028518677
0.015640259
0.01410675
-0.021652222
-0.061035156
0.062561035
-0.010696411
0.01663208
0.10003662
-0.063659668
-0.0073318481
0.10076904
-0.051574707
-0.045776367
-0.070373535
0.1104126
0.10778809
0.0023002625
-0.07598877
0.037322998
-0.079711914
0.014198303
0.063598633
-0.023986816
0.10675049
0.013885498
-0.049316406
-0.010871887
-0.050170898
0.0058746338
-0.0029945374
-0.029769897
-0.028686523
0.046539307
0.078369141
0.016693115
0.082946777
0.069824219
-0.0026779175
0.026107788
0.034484863
0.084899902
-0.041381836
-0.05178833
-0.049285889
0.033172607
0.021865845
-0.042541504
0.074462891
0.068054199
-0.028198242
0.09375
-0.030502319
-0.047607422
0.072021484
0.076538086
-0.00049543381
-0.0089874268
-0.019241333
0.036071777
-0.038665771
-0.003194809
-0.030609131
0.067443848
0.07598877
-0.026138306
0.025939941
-0.050476074
0.053436279
0.0020103455
-0.023117065
-0.040924072
0.021316528
-0.014907837
0.0082397461
0.072753906
0.0519104
-0.0080795288
0.088623047
0.0015230179
-0.028991699
0.037445068
0.016860962
-0.08392334
0.10229492
-0.047210693
-0.016418457
-0.0086975098
0.086547852
0.057067871
-0.067687988
0.058044434
-0.032440186
0.085571289
0.03704834
-0.087524414
-0.046905518
-0.029342651
0.037719727
0.063842773
0.076538086
-0.063659668
-0.02772522
0.059112549
0.088745117
0.059051514
0.024124146
-0.063598633
-0.034301758
0.057189941
0.026580811
0.0030174255
-0.036956787
-0.095275879
0.069030762
0.037628174
0.061737061
0.058837891
0.0064544678
-0.015533447
-0.062316895
0.073730469
-0.046386719
0.0050849915
0.051727295
-0.035675049
0.073425293
0.042175293
0.028518677
0.015640259
0.01410675
-0.021652222
-0.061035156
0.062561035
-0.010696411
0.01663208
0.10003662
-0.063659668
-0.0073318481
0.10076904
-0.051574707
-0.045776367
-0.070373535
0.1104126
0.10778809
0.0023002625
-0.07598877
0.037322998
-0.079711914
0.014198303
0.063598633
-0.023986816
0.10675049
0.013885498
-0.049316406
-0.010871887
-0.050170898
0.0058746338
-0.0029945374
-0.029769897
-0.028686523
0.046539307
0.078369141
0.016693115
0.082946777
0.069824219
-0.0026779175
0.026107788
0.034484863
0.084899902
-0.041381836
-0.05178833
-0.049285889
0.033172607
0.021865845
-0.042541504
0.074462891
0.068054199
-0.028198242
0.09375
-0.030502319
-0.047607422
0.072021484
0.076538086
-0.00049543381
-0.0089874268
-0.019241333
0.036071777
-0.038665771
-0.003194809
-0.030609131
0.067443848
0.07598877
-0.026138306
0.025939941
-0.050476074
0.053436279
0.0020103455
-0.023117065
-0.040924072
0.021316528
-0.014907837
0.0082397461
0.072753906
0.0519104
-0.0080795288
0.088623047
0.0015230179
-0.028991699
0.037445068
0.016860962
-0.08392334
0.10229492
-0.047210693
-0.016418457
-0.0086975098
0.086547852
0.057067871
-0.067687988
0.058044434
-0.032440186
0.085571289
0.03704834
-0.087524414
-0.046905518
-0.029342651
0.037719727
0.063842773
0.076538086
-0.063659668
-0.02772522
0.059112549
0.088745117
0.059051514
0.024124146
-0.063598633
-0.034301758
0.057189941
0.026580811
0.0030174255
-0.036956787
-0.095275879
0.069030762
0.037628174
0.061737061
0.058837891
0.0064544678
-0.015533447
-0.062316895
0.073730469
-0.046386719
0.0050849915
0.051727295
-0.035675049
0.073425293
0.042175293
0.028518677
0.015640259
0.01410675
-0.021652222
-0.061035156
0.062561035
-0.010696411
0.01663208
0.10003662
-0.063659668
-0.0073318481
0.10076904
-0.051574707
-0.045776367
-0.070373535
0.1104126
0.10778809
0.0023002625
-0.07598877
0.037322998
-0.079711914
0.014198303
0.063598633
-0.023986816
0.10675049
0.013885498
-0.049316406
-0.010871887
-0.050170898
0.0058746338
-0.0029945374
-0.029769897
-0.028686523
0.046539307
0.078369141
0.016693115
0.082946777
0.069824219
-0.0026779175
0.026107788
0.034484863
0.084899902
-0.041381836
-0.05178833
-0.049285889
0.033172607
0.021865845
-0.042541504
0.074462891
0.068054199
-0.028198242
0.09375
-0.030502319
-0.047607422
0.072021484
0.076538086
-0.00049543381
-0.0089874268
-0.019241333
0.036071777
-0.038665771
-0.003194809
-0.030609131
0.067443848
0.07598877
-0.026138306
0.025939941
-0.050476074
0.053436279
0.0020103455
-0.023117065
-0.040924072
0.021316528
-0.014907837
0.0082397461
0.072753906
0.0519104
-0.0080795288
0.088623047
0.0015230179
-0.028991699
0.037445068
0.016860962
-0.08392334
0.10229492
-0.047210693
-0.016418457
-0.0086975098
0.086547852
0.057067871
-0.067687988
0.058044434
-0.032440186
0.085571289
0.03704834
-0.087524414
-0.046905518
-0.029342651
0.037719727
0.063842773
0.076538086
-0.063659668
-0.02772522
0.059112549
0.088745117
0.059051514
0.024124146
-0.063598633
-0.034301758
0.057189941
0.026580811
0.0030174255
-0.036956787
-0.095275879
0.069030762
0.037628174
0.061737061
0.058837891
0.0064544678
-0.015533447
-0.062316895
0.073730469
-0.046386719
0.0050849915
0.051727295
-0.035675049
0.073425293
0.042175293
0.028518677
0.015640259
0.01410675
-0.021652222
-0.061035156
0.062561035
-0.010696411
0.01663208
0.10003662
-0.063659668
-0.0073318481
0.10076904
-0.051574707
-0.045776367
-0.070373535
0.1104126
0.10778809
0.0023002625
-0.07598877
0.037322998
-0.079711914
0.014198303
0.063598633
-0.023986816
0.10675049
0.013885498
-0.049316406
-0.010871887
-0.050170898
0.0058746338
-0.0029945374
-0.029769897
-0.028686523
0.046539307
0.078369141
0.016693115
0.082946777
0.069824219
-0.0026779175
0.026107788
0.034484863
0.084899902
-0.041381836
-0.05178833
-0.049285889
0.033172607
0.021865845
-0.042541504
0.074462891
0.068054199
-0.028198242
0.09375
-0.030502319
-0.047607422
0.072021484
0.076538086
-0.00049543381
-0.0089874268
-0.019241333
0.036071777
-0.038665771
-0.003194809
-0.030609131
0.067443848
0.07598877
-0.026138306
0.025939941
-0.050476074
0.053436279
0.0020103455
-0.023117065
-0.040924072
0.021316528
-0.014907837
0.0082397461
0.072753906
0.0519104
-0.0080795288
0.088623047
0.0015230179
-0.028991699
0.037445068
0.016860962
-0.08392334
0.10229492
-0.047210693
-0.016418457
-0.0086975098
0.086547852
0.057067871
-0.067687988
0.058044434
-0.032440186
0.085571289
0.03704834
-0.087524414
-0.046905518
-0.029342651
0.037719727
0.063842773
0.076538086
-0.063659668
-0.02772522
0.059112549
0.088745117
0.059051514
0.024124146
-0.063598633
-0.034301758
0.057189941
0.026580811
0.0030174255
-0.036956787
-0.095275879
0.069030762
0.037628174
0.061737061
0.058837891
0.0064544678
-0.015533447
-0.062316895
0.073730469
-0.046386719
0.0050849915
0.051727295
-0.035675049
0.073425293
0.042175293
0.028518677
0.015640259
0.01410675
-0.021652222
-0.061035156
0.062561035
-0.010696411
0.01663208
0.10003662
-0.063659668
-0.0073318481
0.10076904
-0.051574707
-0.045776367
-0.070373535
0.1104126
0.10778809
0.0023002625
-0.07598877
0.037322998
-0.079711914
0.014198303
0.063598633
-0.023986816
0.10675049
0.013885498
-0.049316406
-0.010871887
-0.050170898
0.0058746338
-0.0029945374
-0.029769897
-0.028686523
0.046539307
0.078369141
0.016693115
0.082946777
0.069824219
-0.0026779175
0.026107788
0.034484863
0.084899902
-0.041381836
-0.05178833
-0.049285889
0.033172607
0.021865845
-0.042541504
0.074462891
0.068054199
-0.028198242
0.09375
-0.030502319
-0.047607422
0.072021484
0.076538086
-0.00049543381
-0.0089874268
-0.019241333
0.036071777
-0.038665771
-0.003194809
-0.030609131
0.067443848
0.07598877
-0.026138306
0.025939941
-0.050476074
0.053436279
0.0020103455
-0.023117065
-0.040924072
0.021316528
-0.014907837
0.0082397461
0.072753906
0.0519104
-0.0080795288
0.088623047
0.0015230179
-0.028991699
0.037445068
0.016860962
-0.08392334
0.10229492
-0.047210693
-0.016418457
-0.0086975098
0.086547852
0.057067871
-0.067687988
0.058044434
-0.032440186
0.085571289
0.03704834
-0.087524414
-0.046905518
-0.029342651
0.037719727
0.063842773
0.076538086
-0.063659668
-0.02772522
0.059112549
0.088745117
0.059051514
0.024124146
-0.063598633
-0.034301758
0.057189941
0.026580811
0.0030174255
-0.036956787
-0.095275879
0.069030762
0.037628174
0.061737061
0.058837891
0.0064544678
-0.015533447
-0.062316895
0.073730469
-0.046386719
0.0050849915
0.051727295
-0.035675049
0.073425293
0.042175293
0.028518677
0.015640259
0.01410675
-0.021652222
-0.061035156
0.062561035
-0.010696411
0.01663208
0.10003662
-0.063659668
-0.0073318481
0.10076904
-0.051574707
-0.045776367
-0.070373535
0.1104126
0.10778809
0.0023002625
-0.07598877
0.037322998
-0.079711914
0.014198303
0.063598633
-0.023986816
0.10675049
0.013885498
-0.049316406
-0.010871887
-0.050170898
0.0058746338
-0.0029945374
-0.029769897
-0.028686523
0.046539307
0.078369141
0.016693115
0.082946777
0.069824219
-0.0026779175
0.026107788
0.034484863
0.084899902
-0.041381836
-0.05178833
-0.049285889
0.033172607
0.021865845
-0.042541504
0.074462891
0.068054199
-0.028198242
0.09375
-0.030502319
-0.047607422
0.072021484
0.076538086
-0.00049543381
-0.0089874268
-0.019241333
0.036071777
-0.038665771
-0.003194809
-0.030609131
0.067443848
0.07598877
-0.026138306
0.025939941
-0.050476074
0.053436279
0.0020103455
-0.023117065
-0.040924072
0.021316528
-0.014907837
0.0082397461
0.072753906
0.0519104
-0.0080795288
0.088623047
0.0015230179
-0.028991699
0.037445068
0.016860962
-0.08392334
0.10229492
-0.047210693
-0.016418457
-0.0086975098
0.086547852
0.057067871
-0.067687988
0.058044434
-0.032440186
0.085571289
0.03704834
-0.087524414
-0.046905518
-0.029342651
0.037719727
0.063842773
0.076538086
-0.063659668
-0.02772522
0.059112549
0.088745117
0.059051514
0.024124146
-0.063598633
-0.034301758
0.057189941
0.026580811
0.0030174255
-0.036956787
-0.095275879
0.069030762
0.037628174
0.061737061
0.058837891
0.0064544678
-0.015533447
-0.062316895
0.073730469
-0.046386719
0.0050849915
0.051727295
-0.035675049
0.073425293
0.042175293
0.028518677
0.015640259
0.01410675
-0.021652222
-0.061035156
0.062561035
-0.010696411
0.01663208
0.10003662
-0.063659668
-0.0073318481
0.10076904
-0.051574707
-0.045776367
-0.070373535
0.1104126
0.10778809
0.0023002625
-0.07598877
0.037322998
-0.079711914
0.014198303
0.063598633
-0.023986816
0.10675049
0.013885498
-0.049316406
-0.010871887
-0.050170898
0.0058746338
-0.0029945374
-0.029769897
-0.028686523
0.046539307
0.078369141
0.016693115
0.082946777
0.069824219
-0.0026779175
0.026107788
0.034484863
0.084899902
-0.041381836
-0.05178833
-0.049285889
0.033172607
0.021865845
-0.042541504
0.074462891
0.068054199
-0.028198242
0.09375
-0.030502319
-0.047607422
0.072021484
0.076538086
-0.00049543381
-0.0089874268
-0.019241333
0.036071777
-0.038665771
-0.003194809
-0.030609131
0.067443848
0.07598877
-0.026138306
0.025939941
-0.050476074
0.053436279
0.0020103455
-0.023117065
-0.040924072
0.021316528
-0.014907837
0.0082397461
0.072753906
0.0519104
-0.0080795288
0.088623047
0.0015230179
-0.028991699
0.037445068
0.016860962
-0.08392334
0.10229492
-0.047210693
-0.016418457
-0.0086975098
0.086547852
0.057067871
-0.067687988
0.058044434
-0.032440186
0.085571289
0.03704834
-0.087524414
-0.046905518
-0.029342651
0.037719727
0.063842773
0.076538086
-0.063659668
-0.02772522
0.059112549
0.088745117
0.059051514
0.024124146
-0.063598633
-0.034301758
0.057189941
0.026580811
0.0030174255
-0.036956787
-0.095275879
0.069030762
0.037628174
0.061737061
0.058837891
0.0064544678
-0.015533447
-0.062316895
0.073730469
-0.046386719
0.0050849915
0.051727295
-0.035675049
0.073425293
0.042175293
0.028518677
0.015640259
0.01410675
-0.021652222
-0.061035156
0.062561035
-0.010696411
0.01663208
0.10003662
-0.063659668
-0.0073318481
0.10076904
-0.051574707
-0.045776367
-0.070373535
0.1104126
0.10778809
0.0023002625
-0.07598877
0.037322998
-0.079711914
0.014198303
0.063598633
-0.023986816
0.10675049
0.013885498
-0.049316406
-0.010871887
-0.050170898
0.0058746338
-0.0029945374
-0.029769897
-0.028686523
0.046539307
0.078369141
0.016693115
0.082946777
0.069824219
-0.0026779175
0.026107788
0.034484863
0.084899902
-0.041381836
-0.05178833
-0.049285889
0.033172607
0.021865845
-0.042541504
0.074462891
0.068054199
-0.028198242
0.09375
-0.030502319
-0.047607422
0.072021484
0.076538086
-0.00049543381
-0.0089874268
-0.019241333
0.036071777
-0.038665771
-0.003194809
-0.030609131
0.067443848
0.07598877
-0.026138306
0.025939941
-0.050476074
0.053436279
0.0020103455
-0.023117065
-0.040924072
0.021316528
-0.014907837
0.0082397461
0.072753906
0.0519104
-0.0080795288
0.088623047
0.0015230179
-0.028991699
0.037445068
0.016860962
-0.08392334
0.10229492
-0.047210693
-0.016418457
-0.0086975098
0.086547852
0.057067871
-0.067687988
0.058044434
-0.032440186
0.085571289
0.03704834
-0.087524414
-0.046905518
-0.029342651
0.037719727
0.063842773
0.076538086
-0.063659668
-0.02772522
0.059112549
0.088745117
0.059051514
0.024124146
-0.063598633
-0.034301758
0.057189941
0.026580811
0.0030174255
-0.036956787
-0.095275879
0.069030762
0.037628174
0.061737061
0.058837891
0.0064544678
-0.015533447
-0.062316895
0.073730469
-0.046386719
0.0050849915
0.051727295
-0.035675049
0.073425293
0.042175293
0.028518677
0.015640259
0.01410675
-0.021652222
-0.061035156
0.062561035
-0.010696411
0.01663208
0.10003662
-0.063659668
-0.0073318481
0.10076904
-0.051574707
-0.045776367
-0.070373535
0.1104126
0.10778809
0.0023002625
-0.07598877
0.037322998
-0.079711914
0.014198303
0.063598633
-0.023986816
0.10675049
0.013885498
-0.049316406
-0.010871887
-0.050170898
0.0058746338
-0.0029945374
-0.029769897
-0.028686523
0.046539307
0.078369141
0.016693115
0.082946777
0.069824219
-0.0026779175
0.026107788
0.034484863
0.084899902
-0.041381836
-0.05178833
-0.049285889
0.033172607
0.021865845
-0.042541504
0.074462891
0.068054199
-0.028198242
0.09375
-0.030502319
-0.047607422
0.072021484
0.076538086
-0.00049543381
-0.0089874268
-0.019241333
0.036071777
-0.038665771
-0.003194809
-0.030609131
0.067443848
0.07598877
-0.026138306
0.025939941
-0.050476074
0.053436279
0.0020103455
-0.023117065
-0.040924072
0.021316528
-0.014907837
0.0082397461
0.072753906
0.0519104
-0.0080795288
0.088623047
0.0015230179
-0.028991699
0.037445068
0.016860962
-0.08392334
0.10229492
-0.047210693
-0.016418457
-0.0086975098
0.086547852
0.057067871
-0.067687988
0.058044434
-0.032440186
0.085571289
0.03704834
-0.087524414
-0.046905518
-0.029342651
0.037719727
0.063842773
0.076538086
-0.063659668
-0.02772522
0.059112549
0.088745117
0.059051514
0.024124146
-0.063598633
-0.034301758
0.057189941
0.026580811
0.0030174255
-0.036956787
-0.095275879
0.069030762
0.037628174
0.061737061
0.058837891
0.0064544678
-0.015533447
-0.062316895
0.073730469
-0.046386719
0.0050849915
0.051727295
-0.035675049
0.073425293
0.042175293
0.028518677
0.015640259
0.01410675
-0.021652222
-0.061035156
0.062561035
-0.010696411
0.01663208
0.10003662
-0.063659668
-0.0073318481
0.10076904
-0.051574707
-0.045776367
-0.070373535
0.1104126
0.10778809
0.0023002625
-0.07598877
0.037322998
-0.079711914
0.014198303
0.063598633
-0.023986816
0.10675049
0.013885498
-0.049316406
-0.010871887
-0.050170898
0.0058746338
-0.0029945374
-0.029769897
-0.028686523
0.046539307
0.078369141
0.016693115
0.082946777
0.069824219
-0.0026779175
0.026107788
0.034484863
0.084899902
-0.041381836
-0.05178833
-0.049285889
0.033172607
0.021865845
-0.042541504
0.074462891
0.068054199
-0.028198242
0.09375
-0.030502319
-0.047607422
0.072021484
0.076538086
-0.00049543381
-0.0089874268
-0.019241333
0.036071777
-0.038665771
-0.003194809
-0.030609131
0.067443848
0.07598877
-0.026138306
0.025939941
-0.050476074
0.053436279
0.0020103455
-0.023117065
-0.040924072
0.021316528
-0.014907837
0.0082397461
0.072753906
0.0519104
-0.0080795288
0.088623047
0.0015230179
-0.028991699
0.037445068
0.016860962
-0.08392334
0.10229492
-0.047210693
-0.016418457
-0.0086975098
0.086547852
0.057067871
-0.067687988
0.058044434
-0.032440186
0.085571289
0.03704834
-0.087524414
-0.046905518
-0.029342651
0.037719727
0.063842773
0.076538086
-0.063659668
-0.02772522
0.059112549
0.088745117
0.059051514
0.024124146
-0.063598633
-0.034301758
0.057189941
0.026580811
0.0030174255
-0.036956787
-0.095275879
0.069030762
0.037628174
0.061737061
0.058837891
0.0064544678
-0.015533447
-0.062316895
0.073730469
-0.046386719
0.0050849915
0.051727295
-0.035675049
0.073425293
0.042175293
0.028518677
0.015640259
0.01410675
-0.021652222
-0.061035156
0.062561035
-0.010696411
0.01663208
0.10003662
-0.063659668
-0.0073318481
0.10076904
-0.051574707
-0.045776367
-0.070373535
0.1104126
0.10778809
0.0023002625
-0.07598877
0.037322998
-0.079711914
0.014198303
0.063598633
-0.023986816
0.10675049
0.013885498
-0.049316406
-0.010871887
-0.050170898
0.0058746338
-0.0029945374
-0.029769897
-0.028686523
0.046539307
0.078369141
0.016693115
0.082946777
0.069824219
-0.0026779175
0.026107788
0.034484863
0.084899902
-0.041381836
-0.05178833
-0.049285889
0.033172607
0.021865845
-0.042541504
0.074462891
0.068054199
-0.028198242
0.09375
-0.030502319
-0.047607422
0.072021484
0.076538086
-0.00049543381
-0.0089874268
-0.019241333
0.036071777
-0.038665771
-0.003194809
-0.030609131
0.067443848
0.07598877
-0.026138306
0.025939941
-0.050476074
0.053436279
0.0020103455
-0.023117065
-0.040924072
0.021316528
-0.014907837
0.0082397461
0.072753906
0.0519104
-0.0080795288
0.088623047
0.0015230179
-0.028991699
0.037445068
0.016860962
-0.08392334
0.10229492
-0.047210693
-0.016418457
-0.0086975098
0.086547852
0.057067871
-0.067687988
0.058044434
-0.032440186
0.085571289
0.03704834
-0.087524414
-0.046905518
-0.029342651
0.037719727
0.063842773
0.076538086
-0.063659668
-0.02772522
0.059112549
0.088745117
0.059051514
0.024124146
-0.063598633
-0.034301758
0.057189941
0.026580811
0.0030174255
-0.036956787
-0.095275879
0.069030762
0.037628174
0.061737061
0.058837891
0.0064544678
-0.015533447
-0.062316895
0.073730469
-0.046386719
0.0050849915
0.051727295
-0.035675049
0.073425293
0.042175293
0.028518677
0.015640259
0.01410675
-0.021652222
-0.061035156
0.062561035
-0.010696411
0.01663208
0.10003662
-0.063659668
-0.0073318481
0.10076904
-0.051574707
-0.045776367
-0.070373535
0.1104126
0.10778809
0.0023002625
-0.07598877
0.037322998
-0.079711914
0.014198303
0.063598633
-0.023986816
0.10675049
0.013885498
-0.049316406
-0.010871887
-0.050170898
0.0058746338
-0.0029945374
-0.029769897
-0.028686523
0.046539307
0.078369141
0.016693115
0.082946777
0.069824219
-0.0026779175
0.026107788
0.034484863
0.084899902
-0.041381836
-0.05178833
-0.049285889
0.033172607
0.021865845
-0.042541504
0.074462891
0.068054199
-0.028198242
0.09375
-0.030502319
-0.047607422
0.072021484
0.076538086
-0.00049543381
-0.0089874268
-0.019241333
0.036071777
-0.038665771
-0.003194809
-0.030609131
0.067443848
0.07598877
-0.026138306
0.025939941
-0.050476074
0.053436279
0.0020103455
-0.023117065
-0.040924072
0.021316528
-0.014907837
0.0082397461
0.072753906
0.0519104
-0.0080795288
0.088623047
0.0015230179
-0.028991699
0.037445068
0.016860962
-0.08392334
0.10229492
-0.047210693
-0.016418457
-0.0086975098
0.086547852
0.057067871
-0.067687988
0.058044434
-0.032440186
0.085571289
0.03704834
-0.087524414
-0.046905518
-0.029342651
0.037719727
0.063842773
0.076538086
-0.063659668
-0.02772522
0.059112549
0.088745117
0.059051514
0.024124146
-0.063598633
-0.034301758
0.057189941
0.026580811
0.0030174255
-0.036956787
-0.095275879
0.069030762
0.037628174
0.061737061
0.058837891
0.0064544678
-0.015533447
-0.062316895
0.073730469
-0.046386719
0.0050849915
0.051727295
-0.035675049
0.073425293
0.042175293
0.028518677
0.015640259
0.01410675
-0.021652222
-0.061035156
0.062561035
-0.010696411
0.01663208
0.10003662
-0.063659668
-0.0073318481
0.10076904
-0.051574707
-0.045776367
-0.070373535
0.1104126
0.10778809
0.0023002625
-0.07598877
0.037322998
-0.079711914
0.014198303
0.063598633
-0.023986816
0.10675049
0.013885498
-0.049316406
-0.010871887
-0.050170898
0.0058746338
-0.0029945374
-0.029769897
-0.028686523
0.046539307
0.078369141
0.016693115
0.082946777
0.069824219
-0.0026779175
0.026107788
0.034484863
0.084899902
-0.041381836
-0.05178833
-0.049285889
0.033172607
0.021865845
-0.042541504
0.074462891
0.068054199
-0.028198242
0.09375
-0.030502319
-0.047607422
0.072021484
0.076538086
-0.00049543381
-0.0089874268
-0.019241333
0.036071777
-0.038665771
-0.003194809
-0.030609131
0.067443848
0.07598877
-0.026138306
0.025939941
-0.050476074
0.053436279
0.0020103455
-0.023117065
-0.040924072
0.021316528
-0.014907837
0.0082397461
0.072753906
0.0519104
-0.0080795288
0.088623047
0.0015230179
-0.028991699
0.037445068
0.016860962
-0.08392334
0.10229492
-0.047210693
-0.016418457
-0.0086975098
0.086547852
0.057067871
-0.067687988
0.058044434
-0.032440186
0.085571289
0.03704834
-0.087524414
-0.046905518
-0.029342651
0.037719727
0.063842773
0.076538086
-0.063659668
-0.02772522
0.059112549
0.088745117
0.059051514
0.024124146
-0.063598633
-0.034301758
0.057189941
0.026580811
0.0030174255
-0.036956787
-0.095275879
0.069030762
0.037628174
0.061737061
0.058837891
0.0064544678
-0.015533447
-0.062316895
0.073730469
-0.046386719
0.0050849915
0.051727295
-0.035675049
0.073425293
0.042175293
0.028518677
0.015640259
0.01410675
-0.021652222
-0.061035156
0.062561035
-0.010696411
0.01663208
0.10003662
-0.063659668
-0.0073318481
0.10076904
-0.051574707
-0.045776367
-0.070373535
0.1104126
0.10778809
0.0023002625
-0.07598877
0.037322998
-0.079711914
0.014198303
0.063598633
-0.023986816
0.10675049
0.013885498
-0.049316406
-0.010871887
-0.050170898
0.0058746338
-0.0029945374
-0.029769897
-0.028686523
0.046539307
0.078369141
0.016693115
0.082946777
0.069824219
-0.0026779175
0.026107788
0.034484863
0.084899902
-0.041381836
-0.05178833
-0.049285889
0.033172607
0.021865845
-0.042541504
0.074462891
0.068054199
-0.028198242
0.09375
-0.030502319
-0.047607422
0.072021484
0.076538086
-0.00049543381
-0.0089874268
-0.019241333
0.036071777
-0.038665771
-0.003194809
-0.030609131
0.067443848
0.07598877
-0.026138306
0.025939941
-0.050476074
0.053436279
0.0020103455
-0.023117065
-0.040924072
0.021316528
-0.014907837
0.0082397461
0.072753906
0.0519104
-0.0080795288
0.088623047
0.0015230179
-0.028991699
0.037445068
0.016860962
-0.08392334
0.10229492
-0.047210693
-0.016418457
-0.0086975098
0.086547852
0.057067871
-0.067687988
0.058044434
-0.032440186
0.085571289
0.03704834
-0.087524414
-0.046905518
-0.029342651
0.037719727
0.063842773
0.076538086
-0.063659668
-0.02772522
0.059112549
0.088745117
0.059051514
0.024124146
-0.063598633
-0.034301758
0.057189941
0.026580811
0.0030174255
-0.036956787
-0.095275879
0.069030762
0.037628174
0.061737061
0.058837891
0.0064544678
-0.015533447
-0.062316895
0.073730469
-0.046386719
0.0050849915
0.051727295
-0.035675049
0.073425293
0.042175293
0.028518677
0.015640259
0.01410675
-0.021652222
-0.061035156
0.062561035
-0.010696411
0.01663208
0.10003662
-0.063659668
-0.0073318481
0.10076904
-0.051574707
-0.045776367
-0.070373535
0.1104126
0.10778809
0.0023002625
-0.07598877
0.037322998
-0.079711914
0.014198303
0.063598633
-0.023986816
0.10675049
0.013885498
-0.049316406
-0.010871887
-0.050170898
0.0058746338
-0.0029945374
-0.029769897
-0.028686523
0.046539307
0.078369141
0.016693115
0.082946777
0.069824219
-0.0026779175
0.026107788
0.034484863
0.084899902
-0.041381836
-0.05178833
-0.049285889
0.033172607
0.021865845
-0.042541504
0.074462891
0.068054199
-0.028198242
0.09375
-0.030502319
-0.047607422
0.072021484
0.076538086
-0.00049543381
-0.0089874268
-0.019241333
0.036071777
-0.038665771
-0.003194809
-0.030609131
0.067443848
0.07598877
-0.026138306
0.025939941
-0.050476074
0.053436279
0.0020103455
-0.023117065
-0.040924072
0.021316528
-0.014907837
0.0082397461
0.072753906
0.0519104
-0.0080795288
0.088623047
0.0015230179
-0.028991699
0.037445068
0.016860962
-0.08392334
0.10229492
-0.047210693
-0.016418457
-0.0086975098
0.086547852
0.057067871
-0.067687988
0.058044434
-0.032440186
0.085571289
0.03704834
-0.087524414
-0.046905518
-0.029342651
0.037719727
0.063842773
0.076538086
-0.063659668
-0.02772522
0.059112549
0.088745117
0.059051514
0.024124146
-0.063598633
-0.034301758
0.057189941
0.026580811
0.0030174255
-0.036956787
-0.095275879
0.069030762
0.037628174
0.061737061
0.058837891
0.0064544678
-0.015533447
-0.062316895
0.073730469
-0.046386719
0.0050849915
0.051727295
-0.035675049
0.073425293
0.042175293
0.028518677
0.015640259
0.01410675
-0.021652222
-0.061035156
0.062561035
-0.010696411
0.01663208
0.10003662
-0.063659668
-0.0073318481
0.10076904
-0.051574707
-0.045776367
-0.070373535
0.1104126
0.10778809
0.0023002625
-0.07598877
0.037322998
-0.079711914
0.014198303
0.063598633
-0.023986816
0.10675049
0.013885498
-0.049316406
-0.010871887
-0.050170898
0.0058746338
-0.0029945374
-0.029769897
-0.028686523
0.046539307
0.078369141
0.016693115
0.082946777
0.069824219
-0.0026779175
0.026107788
0.034484863
0.084899902
-0.041381836
-0.05178833
-0.049285889
0.033172607
0.021865845
-0.042541504
0.074462891
0.068054199
-0.028198242
0.09375
-0.030502319
-0.047607422
0.072021484
0.076538086
-0.00049543381
-0.0089874268
-0.019241333
0.036071777
-0.038665771
-0.003194809
-0.030609131
0.067443848
0.07598877
-0.026138306
0.025939941
-0.050476074
0.053436279
0.0020103455
-0.023117065
-0.040924072
0.021316528
-0.014907837
0.0082397461
0.072753906
0.0519104
-0.0080795288
0.088623047
0.0015230179
-0.028991699
0.037445068
0.016860962
-0.08392334
0.10229492
-0.047210693
-0.016418457
-0.0086975098
0.086547852
0.057067871
-0.067687988
0.058044434
-0.032440186
0.085571289
0.03704834
-0.087524414
-0.046905518
-0.029342651
0.037719727
0.063842773
0.076538086
-0.063659668
-0.02772522
0.059112549
0.088745117
0.059051514
0.024124146
-0.063598633
-0.034301758
0.057189941
0.026580811
0.0030174255
-0.036956787
-0.095275879
0.069030762
0.037628174
0.061737061
0.058837891
0.0064544678
-0.015533447
-0.062316895
0.073730469
-0.046386719
0.0050849915
0.051727295
-0.035675049
0.073425293
0.042175293
0.028518677
0.015640259
0.01410675
-0.021652222
-0.061035156
0.062561035
-0.010696411
0.01663208
0.10003662
-0.063659668
-0.0073318481
0.10076904
-0.051574707
-0.045776367
-0.070373535
0.1104126
0.10778809
0.0023002625
-0.07598877
0.037322998
-0.079711914
0.014198303
0.063598633
-0.023986816
0.10675049
0.013885498
-0.049316406
-0.010871887
-0.050170898
0.0058746338
-0.0029945374
-0.029769897
-0.028686523
0.046539307
0.078369141
0.016693115
0.082946777
0.069824219
-0.0026779175
0.026107788
0.034484863
0.084899902
-0.041381836
-0.05178833
-0.049285889
0.033172607
0.021865845
-0.042541504
0.074462891
0.068054199
-0.028198242
0.09375
-0.030502319
-0.047607422
0.072021484
0.076538086
-0.00049543381
-0.0089874268
-0.019241333
0.036071777
-0.038665771
-0.003194809
-0.030609131
0.067443848
0.07598877
-0.026138306
0.025939941
-0.050476074
0.053436279
0.0020103455
-0.023117065
-0.040924072
0.021316528
-0.014907837
0.0082397461
0.072753906
0.0519104
-0.0080795288
0.088623047
0.0015230179
-0.028991699
0.037445068
0.016860962
-0.08392334
0.10229492
-0.047210693
-0.016418457
-0.0086975098
0.086547852
0.057067871
-0.067687988
0.058044434
-0.032440186
0.085571289
0.03704834
-0.087524414
-0.046905518
-0.029342651
0.037719727
0.063842773
0.076538086
-0.063659668
-0.02772522
0.059112549
0.088745117
0.059051514
0.024124146
-0.063598633
-0.034301758
0.057189941
