-0.23950195
-0.1295166
-0.28662109
0.098327637
0.046417236
0.1048584
-0.13317871
0.22875977
-0.27319336
0.47216797
-0.11065674
-0.031311035
-0.045837402
-0.041687012
-0.14855957
-0.16040039
-0.080322266
0.0025196075
-0.19995117
0.33105469
-0.046783447
0.081481934
-0.023086548
0.006652832
0.19897461
-0.12390137
0.05291748
0.14404297
-0.11755371
-0.20092773
0.003276825
-0.023696899
-0.046569824
0.26220703
0.10595703
-0.024917603
0.16625977
-0.31591797
0.14794922
-0.17480469
0.29101562
0.12475586
-0.28369141
-0.26269531
0.14953613
-0.21630859
0.22729492
0.36865234
0.19360352
0.15490723
0.11358643
0.14770508
0.13183594
-0.25854492
0.28613281
0.17126465
0.01802063
0.14953613
0.1854248
0.21899414
0.30932617
-0.11169434
0.0206604
0.21508789
-0.18054199
0.27392578
0.13647461
0.26367188
0.44897461
0.1887207
-0.10101318
-0.032318115
0.04006958
0.22619629
0.28173828
-0.016418457
-0.058807373
-0.12176514
-0.24487305
-0.19372559
0.15441895
-0.070800781
0.11035156
-0.32495117
-0.26196289
0.16674805
-0.31835938
-0.25512695
0.43041992
-0.20056152
0.08605957
0.14147949
0.031341553
0.06149292
-0.088623047
-0.22119141
0.075561523
-0.25732422
0.041259766
0.062347412
-0.14697266
0.16821289
-0.042907715
0.34057617
0.068603516
0.23522949
-0.0340271
0.1282959
0.050476074
0.14550781
-0.13305664
-0.023681641
-0.077514648
-0.06137085
0.36376953
0.031738281
-0.20996094
0.11779785
0.22570801
-0.1640625
-0.062316895
0.1652832
-0.076843262
0.21923828
0.23815918
0.096130371
0.13464355
-0.059997559
-0.12756348
0.0070457458
-0.16650391
0.065979004
0.021514893
0.066345215
0.015365601
0.11810303
-0.1739502
0.26806641
0.011413574
0.060699463
0.052246094
-0.046295166
-0.037475586
-0.12023926
-0.039459229
-0.0057830811
-0.096130371
0.2364502
0.030258179
-0.011421204
-0.0031223297
-0.019683838
0.10491943
-0.11322021
0.13330078
0.090881348
-0.044067383
-0.13720703
-0.10125732
0.068237305
-0.021011353
0.20202637
0.064758301
-0.013206482
0.16918945
-0.17785645
0.094055176
-0.14135742
0.16052246
0.15258789
-0.095275879
-0.11340332
0.1116333
-0.032897949
0.16015625
0.26489258
0.105896
0.18078613
0.03062439
0.027526855
0.13049316
-0.092712402
0.23510742
0.12670898
0.0060043335
0.095825195
0.13928223
0.16711426
0.19189453
-0.076965332
0.05355835
0.16442871
-0.12817383
0.16125488
0.074768066
0.12109375
0.26049805
0.11993408
0.055206299
0.0081787109
-0.042999268
0.13330078
0.16967773
-0.048156738
-0.072570801
-0.087158203
-0.027938843
-0.095336914
0.12103271
-0.02532959
0.00018429756
-0.21264648
-0.10754395
0.097229004
-0.15209961
-0.18676758
0.31396484
-0.14147949
0.032531738
0.088256836
0.068054199
0.015556335
0.012832642
-0.1036377
0.037841797
-0.17211914
-0.034606934
0.021743774
-0.028427124
0.12438965
0.013618469
0.15734863
0.058959961
0.12145996
-0.041656494
0.07232666
0.072814941
0.13183594
-0.089416504
-0.064453125
0.03704834
-0.049194336
0.27856445
0.073730469
-0.085449219
0.0017967224
0.10137939
-0.075683594
0.0033092499
0.0086212158
0.0098190308
0.11883545
0.12408447
0.018951416
0.059417725
0.070007324
-0.036224365
0.13342285
-0.0051612854
0.011199951
0.070495605
0.024429321
0.18896484
0.010284424
-0.034637451
0.18493652
0.071777344
0.25756836
0.11657715
-0.11340332
0.1081543
-0.073547363
-0.006652832
0.039428711
-0.051300049
0.26928711
0.20629883
0.00056266785
0.052398682
-0.014549255
0.020187378
-0.041870117
0.23120117
0.045898438
-0.0073318481
-0.053710938
-0.09777832
0.16259766
-0.0080413818
0.072753906
0.024505615
0.032531738
0.16296387
-0.086242676
0.023300171
-0.1739502
0.19958496
0.17419434
-0.0064353943
0.016479492
0.08026123
0.090576172
0.08581543
0.28857422
0.031051636
0.17138672
-0.064575195
-0.026031494
0.11810303
0.026657104
0.17077637
0.069885254
-0.064819336
0.045806885
0.1776123
0.18762207
0.064941406
-0.066162109
0.10577393
0.02734375
-0.083374023
0.099304199
0.0069465637
0.02520752
0.046417236
0.047637939
0.18249512
0.1940918
-0.036834717
0.0041923523
0.059906006
-0.028594971
-0.060119629
-0.088439941
0.19677734
-0.010192871
0.069091797
0.012420654
-0.037017822
-0.090087891
-0.025817871
-0.036865234
0.053222656
-0.14233398
0.18273926
-0.083740234
0.048980713
0.18994141
0.085876465
-0.019577026
0.1081543
0.034423828
-0.091796875
-0.080200195
-0.077453613
-0.0031681061
0.11206055
0.078063965
0.10388184
0.062561035
0.059143066
-0.00056791306
-0.065612793
0.061981201
0.080566406
0.14624023
0.022460938
0.049591064
0.15246582
-0.076843262
0.20214844
0.068786621
0.064575195
-0.091918945
0.11645508
0.0023670197
0.10388184
-0.074645996
0.14550781
0.010498047
0.025619507
0.059509277
0.031402588
0.16906738
-0.036224365
0.13342285
-0.0051612854
0.011199951
0.070495605
0.024429321
0.18896484
0.010284424
-0.034637451
0.18493652
0.071777344
0.25756836
0.11657715
-0.11340332
0.1081543
-0.073547363
-0.006652832
0.039428711
-0.051300049
0.26928711
0.20629883
0.00056266785
0.052398682
-0.014549255
0.020187378
-0.041870117
0.23120117
0.045898438
-0.0073318481
-0.053710938
-0.09777832
0.16259766
-0.0080413818
0.072753906
0.024505615
0.032531738
0.16296387
-0.086242676
0.023300171
-0.1739502
0.19958496
0.17419434
-0.0064353943
0.016479492
0.08026123
0.090576172
0.08581543
0.28857422
0.031051636
0.17138672
-0.064575195
-0.026031494
0.11810303
0.026657104
0.17077637
0.069885254
-0.064819336
0.045806885
0.1776123
0.18762207
0.064941406
-0.066162109
0.10577393
0.02734375
-0.083374023
0.099304199
0.0069465637
0.02520752
0.046417236
0.047637939
0.18249512
0.1940918
-0.036834717
0.0041923523
0.059906006
-0.028594971
-0.060119629
-0.088439941
0.19677734
-0.010192871
0.069091797
0.012420654
-0.037017822
-0.090087891
-0.025817871
-0.036865234
0.053222656
-0.14233398
0.18273926
-0.083740234
0.048980713
0.18994141
0.085876465
-0.019577026
0.1081543
0.034423828
-0.091796875
-0.080200195
-0.077453613
-0.0031681061
0.11206055
0.078063965
0.10388184
0.062561035
0.059143066
-0.00056791306
-0.065612793
0.061981201
0.080566406
0.14624023
0.022460938
0.049591064
0.15246582
-0.076843262
0.20214844
0.068786621
0.064575195
-0.091918945
0.11645508
0.0023670197
0.10388184
-0.074645996
0.14550781
0.010498047
0.025619507
0.059509277
0.031402588
0.16906738
-0.036224365
0.13342285
-0.0051612854
0.011199951
0.070495605
0.024429321
0.18896484
0.010284424
-0.034637451
0.18493652
0.071777344
0.25756836
0.11657715
-0.11340332
0.1081543
-0.073547363
-0.006652832
0.039428711
-0.051300049
0.26928711
0.20629883
0.00056266785
0.052398682
-0.014549255
0.020187378
-0.041870117
0.23120117
0.045898438
-0.0073318481
-0.053710938
-0.09777832
0.16259766
-0.0080413818
0.072753906
0.024505615
0.032531738
0.16296387
-0.086242676
0.023300171
-0.1739502
0.19958496
0.17419434
-0.0064353943
0.016479492
0.08026123
0.090576172
0.08581543
0.28857422
0.031051636
0.17138672
-0.064575195
-0.026031494
0.11810303
0.026657104
0.17077637
0.069885254
-0.064819336
0.045806885
0.1776123
0.18762207
0.064941406
-0.066162109
0.10577393
0.02734375
-0.083374023
0.099304199
0.0069465637
0.02520752
0.046417236
0.047637939
0.18249512
0.1940918
-0.036834717
0.0041923523
0.059906006
-0.028594971
-0.060119629
-0.088439941
0.19677734
-0.010192871
0.069091797
0.012420654
-0.037017822
-0.090087891
-0.025817871
-0.036865234
0.053222656
-0.14233398
0.18273926
-0.083740234
0.048980713
0.18994141
0.085876465
-0.019577026
0.1081543
0.034423828
-0.091796875
-0.080200195
-0.077453613
-0.0031681061
0.11206055
0.078063965
0.10388184
0.062561035
0.059143066
-0.00056791306
-0.065612793
0.061981201
0.080566406
0.14624023
0.022460938
0.049591064
0.15246582
-0.076843262
0.20214844
0.068786621
0.064575195
-0.091918945
0.11645508
0.0023670197
0.10388184
-0.074645996
0.14550781
0.010498047
0.025619507
0.059509277
0.031402588
0.16906738
-0.036224365
0.13342285
-0.0051612854
0.011199951
0.070495605
0.024429321
0.18896484
0.010284424
-0.034637451
0.18493652
0.071777344
0.25756836
0.11657715
-0.11340332
0.1081543
-0.073547363
-0.006652832
0.039428711
-0.051300049
0.26928711
0.20629883
0.00056266785
0.052398682
-0.014549255
0.020187378
-0.041870117
0.23120117
0.045898438
-0.0073318481
-0.053710938
-0.09777832
0.16259766
-0.0080413818
0.072753906
0.024505615
0.032531738
0.16296387
-0.086242676
0.023300171
-0.1739502
0.19958496
0.17419434
-0.0064353943
0.016479492
0.08026123
0.090576172
0.08581543
0.28857422
0.031051636
0.17138672
-0.064575195
-0.026031494
0.11810303
0.026657104
0.17077637
0.069885254
-0.064819336
0.045806885
0.1776123
0.18762207
0.064941406
-0.066162109
0.10577393
0.02734375
-0.083374023
0.099304199
0.0069465637
0.02520752
0.046417236
0.047637939
0.18249512
0.1940918
-0.036834717
0.0041923523
0.059906006
-0.028594971
-0.060119629
-0.088439941
0.19677734
-0.010192871
0.069091797
0.012420654
-0.037017822
-0.090087891
-0.025817871
-0.036865234
0.053222656
-0.14233398
0.18273926
-0.083740234
0.048980713
0.18994141
0.085876465
-0.019577026
0.1081543
0.034423828
-0.091796875
-0.080200195
-0.077453613
-0.0031681061
0.11206055
0.078063965
0.10388184
0.062561035
0.059143066
-0.00056791306
-0.065612793
0.061981201
0.080566406
0.14624023
0.022460938
0.049591064
0.15246582
-0.076843262
0.20214844
0.068786621
0.064575195
-0.091918945
0.11645508
0.0023670197
0.10388184
-0.074645996
0.14550781
0.010498047
0.025619507
0.059509277
0.031402588
0.16906738
-0.036224365
0.13342285
-0.0051612854
0.011199951
0.070495605
0.024429321
0.18896484
0.010284424
-0.034637451
0.18493652
0.071777344
0.25756836
0.11657715
-0.11340332
0.1081543
-0.073547363
-0.006652832
0.039428711
-0.051300049
0.26928711
0.20629883
0.00056266785
0.052398682
-0.014549255
0.020187378
-0.041870117
0.23120117
0.045898438
-0.0073318481
-0.053710938
-0.09777832
0.16259766
-0.0080413818
0.072753906
0.024505615
0.032531738
0.16296387
-0.086242676
0.023300171
-0.1739502
0.19958496
0.17419434
-0.0064353943
0.016479492
0.08026123
0.090576172
0.08581543
0.28857422
0.031051636
0.17138672
-0.064575195
-0.026031494
0.11810303
0.026657104
0.17077637
0.069885254
-0.064819336
0.045806885
0.1776123
0.18762207
0.064941406
-0.066162109
0.10577393
0.02734375
-0.083374023
0.099304199
0.0069465637
0.02520752
0.046417236
0.047637939
0.18249512
0.1940918
-0.036834717
0.0041923523
0.059906006
-0.028594971
-0.060119629
-0.088439941
0.19677734
-0.010192871
0.069091797
0.012420654
-0.037017822
-0.090087891
-0.025817871
-0.036865234
0.053222656
-0.14233398
0.18273926
-0.083740234
0.048980713
0.18994141
0.085876465
-0.019577026
0.1081543
0.034423828
-0.091796875
-0.080200195
-0.077453613
-0.0031681061
0.11206055
0.078063965
0.10388184
0.062561035
0.059143066
-0.00056791306
-0.065612793
0.061981201
0.080566406
0.14624023
0.022460938
0.049591064
0.15246582
-0.076843262
0.20214844
0.068786621
0.064575195
-0.091918945
0.11645508
0.0023670197
0.10388184
-0.074645996
0.14550781
0.010498047
0.025619507
0.059509277
0.031402588
0.16906738
-0.036224365
0.13342285
-0.0051612854
0.011199951
0.070495605
0.024429321
0.18896484
0.010284424
-0.034637451
0.18493652
0.071777344
0.25756836
0.11657715
-0.11340332
0.1081543
-0.073547363
-0.006652832
0.039428711
-0.051300049
0.26928711
0.20629883
0.00056266785
0.052398682
-0.014549255
0.020187378
-0.041870117
0.23120117
0.045898438
-0.0073318481
-0.053710938
-0.09777832
0.16259766
-0.0080413818
0.072753906
0.024505615
0.032531738
0.16296387
-0.086242676
0.023300171
-0.1739502
0.19958496
0.17419434
-0.0064353943
0.016479492
0.08026123
0.090576172
0.08581543
0.28857422
0.031051636
0.17138672
-0.064575195
-0.026031494
0.11810303
0.026657104
0.17077637
0.069885254
-0.064819336
0.045806885
0.1776123
0.18762207
0.064941406
-0.066162109
0.10577393
0.02734375
-0.083374023
0.099304199
0.0069465637
0.02520752
0.046417236
0.047637939
0.18249512
0.1940918
-0.036834717
0.0041923523
0.059906006
-0.028594971
-0.060119629
-0.088439941
0.19677734
-0.010192871
0.069091797
0.012420654
-0.037017822
-0.090087891
-0.025817871
-0.036865234
0.053222656
-0.14233398
0.18273926
-0.083740234
0.048980713
0.18994141
0.085876465
-0.019577026
0.1081543
0.034423828
-0.091796875
-0.080200195
-0.077453613
-0.0031681061
0.11206055
0.078063965
0.10388184
0.062561035
0.059143066
-0.00056791306
-0.065612793
0.061981201
0.080566406
0.14624023
0.022460938
0.049591064
0.15246582
-0.076843262
0.20214844
0.068786621
0.064575195
-0.091918945
0.11645508
0.0023670197
0.10388184
-0.074645996
0.14550781
0.010498047
0.025619507
0.059509277
0.031402588
0.16906738
-0.023635864
0.09954834
0.007724762
-0.0027008057
0.030929565
0.062042236
0.096191406
0.017272949
-0.0097351074
0.078308105
0.045684814
0.17993164
0.086242676
-0.053771973
0.06463623
-0.064941406
0.027481079
0.066711426
0.046142578
0.17773438
0.15734863
-0.027984619
0.063232422
-0.0086746216
-0.051757812
-0.018722534
0.12237549
0.0703125
0.0418396
-0.052185059
-0.077270508
0.11108398
-0.011054993
0.069213867
0.029342651
0.002374649
0.11993408
-0.020217896
0.010742188
-0.082092285
0.091247559
0.12231445
0.023025513
0.0028934479
0.067016602
0.052490234
0.073913574
0.15759277
0.021026611
0.075866699
-0.042297363
0.0058479309
0.082641602
0.0078659058
0.13146973
-0.0072402954
-0.053894043
0.062805176
0.16369629
0.14538574
-0.032989502
-0.05947876
0.12976074
0.013954163
-0.057800293
-0.018234253
0.015068054
0.042602539
0.053100586
-0.027389526
0.11401367
0.1159668
-0.088928223
0.029647827
0.030761719
-0.044250488
-0.035522461
-0.071105957
0.13830566
0.039886475
0.050598145
0.042877197
-0.049163818
-0.064819336
-0.021408081
-0.0090942383
0.036376953
-0.1137085
0.036315918
-0.048309326
0.049072266
0.12347412
0.078735352
-0.042205811
0.024673462
0.06036377
-0.079711914
-0.069702148
-0.07598877
-0.044555664
0.071533203
0.0088043213
0.07611084
0.012275696
0.065429688
0.017059326
-0.057739258
0.056213379
0.016738892
0.1184082
0.091796875
0.015716553
0.071838379
-0.10845947
0.08984375
0.090820312
0.079040527
-0.055114746
0.011329651
0.037628174
0.10882568
-0.038726807
0.045593262
-0.057067871
-0.03503418
0.022750854
0.046813965
0.15112305
-0.020431519
0.077819824
-4.3153763e-05
-0.0034122467
0.017730713
0.077331543
0.052093506
0.020614624
0.0031661987
0.035644531
0.030380249
0.13574219
0.066467285
-0.033630371
0.043273926
-0.067016602
0.03704834
0.069274902
0.079162598
0.1348877
0.1282959
-0.031585693
0.074035645
-0.0069389343
-0.070800781
-0.0037212372
0.070617676
0.076538086
0.062805176
-0.048339844
-0.073547363
0.078063965
-0.021682739
0.064758301
0.026824951
-0.0017814636
0.098571777
0.0056838989
0.015869141
-0.049224854
0.049591064
0.098266602
0.026229858
-0.019165039
0.067199707
0.01499176
0.067016602
0.11273193
0.022079468
0.03225708
-0.039276123
0.0085296631
0.071899414
-0.0055427551
0.11010742
-0.033203125
-0.049163818
0.064331055
0.14990234
0.1373291
-0.077575684
-0.053741455
0.1340332
0.0082015991
-0.051300049
-0.061279297
0.031585693
0.054626465
0.054199219
-0.048400879
0.075500488
0.07434082
-0.10699463
0.047546387
0.023788452
-0.053253174
-0.032562256
-0.053710938
0.097229004
0.061767578
0.051422119
0.059967041
-0.052581787
-0.060760498
-0.024703979
-0.0079269409
0.018249512
-0.096862793
-0.016189575
-0.036560059
0.051300049
0.092346191
0.067749023
-0.057067871
-0.021774292
0.05682373
-0.06463623
-0.065917969
-0.080444336
-0.058044434
0.055297852
-0.012023926
0.066955566
-0.0097808838
0.069885254
0.022171021
-0.051635742
0.055358887
-0.012237549
0.1161499
0.11706543
0.0058288574
0.035583496
-0.11706543
0.041534424
0.10455322
0.077209473
-0.033203125
-0.033355713
0.050109863
0.109375
-0.020370483
0.0033798218
-0.07800293
-0.062866211
0.012664795
0.050628662
0.13549805
-0.020431519
0.077819824
-4.3153763e-05
-0.0034122467
0.017730713
0.077331543
0.052093506
0.020614624
0.0031661987
0.035644531
0.030380249
0.13574219
0.066467285
-0.033630371
0.043273926
-0.067016602
0.03704834
0.069274902
0.079162598
0.1348877
0.1282959
-0.031585693
0.074035645
-0.0069389343
-0.070800781
-0.0037212372
0.070617676
0.076538086
0.062805176
-0.048339844
-0.073547363
0.078063965
-0.021682739
0.064758301
0.026824951
-0.0017814636
0.098571777
0.0056838989
0.015869141
-0.049224854
0.049591064
0.098266602
0.026229858
-0.019165039
0.067199707
0.01499176
0.067016602
0.11273193
0.022079468
0.03225708
-0.039276123
0.0085296631
0.071899414
-0.0055427551
0.11010742
-0.033203125
-0.049163818
0.064331055
0.14990234
0.1373291
-0.077575684
-0.053741455
0.1340332
0.0082015991
-0.051300049
-0.061279297
0.031585693
0.054626465
0.054199219
-0.048400879
0.075500488
0.07434082
-0.10699463
0.047546387
0.023788452
-0.053253174
-0.032562256
-0.053710938
0.097229004
0.061767578
0.051422119
0.059967041
-0.052581787
-0.060760498
-0.024703979
-0.0079269409
0.018249512
-0.096862793
-0.016189575
-0.036560059
0.051300049
0.092346191
0.067749023
-0.057067871
-0.021774292
0.05682373
-0.06463623
-0.065917969
-0.080444336
-0.058044434
0.055297852
-0.012023926
0.066955566
-0.0097808838
0.069885254
0.022171021
-0.051635742
0.055358887
-0.012237549
0.1161499
0.11706543
0.0058288574
0.035583496
-0.11706543
0.041534424
0.10455322
0.077209473
-0.033203125
-0.033355713
0.050109863
0.109375
-0.020370483
0.0033798218
-0.07800293
-0.062866211
0.012664795
0.050628662
0.13549805
-0.020431519
0.077819824
-4.3153763e-05
-0.0034122467
0.017730713
0.077331543
0.052093506
0.020614624
0.0031661987
0.035644531
0.030380249
0.13574219
0.066467285
-0.033630371
0.043273926
-0.067016602
0.03704834
0.069274902
0.079162598
0.1348877
0.1282959
-0.031585693
0.074035645
-0.0069389343
-0.070800781
-0.0037212372
0.070617676
0.076538086
0.062805176
-0.048339844
-0.073547363
0.078063965
-0.021682739
0.064758301
0.026824951
-0.0017814636
0.098571777
0.0056838989
0.015869141
-0.049224854
0.049591064
0.098266602
0.026229858
-0.019165039
0.067199707
0.01499176
0.067016602
0.11273193
0.022079468
0.03225708
-0.039276123
0.0085296631
0.071899414
-0.0055427551
0.11010742
-0.033203125
-0.049163818
0.064331055
0.14990234
0.1373291
-0.077575684
-0.053741455
0.1340332
0.0082015991
-0.051300049
-0.061279297
0.031585693
0.054626465
0.054199219
-0.048400879
0.075500488
0.07434082
-0.10699463
0.047546387
0.023788452
-0.053253174
-0.032562256
-0.053710938
0.097229004
0.061767578
0.051422119
0.059967041
-0.052581787
-0.060760498
-0.024703979
-0.0079269409
0.018249512
-0.096862793
-0.016189575
-0.036560059
0.051300049
0.092346191
0.067749023
-0.057067871
-0.021774292
0.05682373
-0.06463623
-0.065917969
-0.080444336
-0.058044434
0.055297852
-0.012023926
0.066955566
-0.0097808838
0.069885254
0.022171021
-0.051635742
0.055358887
-0.012237549
0.1161499
0.11706543
0.0058288574
0.035583496
-0.11706543
0.041534424
0.10455322
0.077209473
-0.033203125
-0.033355713
0.050109863
0.109375
-0.020370483
0.0033798218
-0.07800293
-0.062866211
0.012664795
0.050628662
0.13549805
-0.020431519
0.077819824
-4.3153763e-05
-0.0034122467
0.017730713
0.077331543
0.052093506
0.020614624
0.0031661987
0.035644531
0.030380249
0.13574219
0.066467285
-0.033630371
0.043273926
-0.067016602
0.03704834
0.069274902
0.079162598
0.1348877
0.1282959
-0.031585693
0.074035645
-0.0069389343
-0.070800781
-0.0037212372
0.070617676
0.076538086
0.062805176
-0.048339844
-0.073547363
0.078063965
-0.021682739
0.064758301
0.026824951
-0.0017814636
0.098571777
0.0056838989
0.015869141
-0.049224854
0.049591064
0.098266602
0.026229858
-0.019165039
0.067199707
0.01499176
0.067016602
0.11273193
0.022079468
0.03225708
-0.039276123
0.0085296631
0.071899414
-0.0055427551
0.11010742
-0.033203125
-0.049163818
0.064331055
0.14990234
0.1373291
-0.077575684
-0.053741455
0.1340332
0.0082015991
-0.051300049
-0.061279297
0.031585693
0.054626465
0.054199219
-0.048400879
0.075500488
0.07434082
-0.10699463
0.047546387
0.023788452
-0.053253174
-0.032562256
-0.053710938
0.097229004
0.061767578
0.051422119
0.059967041
-0.052581787
-0.060760498
-0.024703979
-0.0079269409
0.018249512
-0.096862793
-0.016189575
-0.036560059
0.051300049
0.092346191
0.067749023
-0.057067871
-0.021774292
0.05682373
-0.06463623
-0.065917969
-0.080444336
-0.058044434
0.055297852
-0.012023926
0.066955566
-0.0097808838
0.069885254
0.022171021
-0.051635742
0.055358887
-0.012237549
0.1161499
0.11706543
0.0058288574
0.035583496
-0.11706543
0.041534424
0.10455322
0.077209473
-0.033203125
-0.033355713
0.050109863
0.109375
-0.020370483
0.0033798218
-0.07800293
-0.062866211
0.012664795
0.050628662
0.13549805
-0.020431519
0.077819824
-4.3153763e-05
-0.0034122467
0.017730713
0.077331543
0.052093506
0.020614624
0.0031661987
0.035644531
0.030380249
0.13574219
0.066467285
-0.033630371
0.043273926
-0.067016602
0.03704834
0.069274902
0.079162598
0.1348877
0.1282959
-0.031585693
0.074035645
-0.0069389343
-0.070800781
-0.0037212372
0.070617676
0.076538086
0.062805176
-0.048339844
-0.073547363
0.078063965
-0.021682739
0.064758301
0.026824951
-0.0017814636
0.098571777
0.0056838989
0.015869141
-0.049224854
0.049591064
0.098266602
0.026229858
-0.019165039
0.067199707
0.01499176
0.067016602
0.11273193
0.022079468
0.03225708
-0.039276123
0.0085296631
0.071899414
-0.0055427551
0.11010742
-0.033203125
-0.049163818
0.064331055
0.14990234
0.1373291
-0.077575684
-0.053741455
0.1340332
0.0082015991
-0.051300049
-0.061279297
0.031585693
0.054626465
0.054199219
-0.048400879
0.075500488
0.07434082
-0.10699463
0.047546387
0.023788452
-0.053253174
-0.032562256
-0.053710938
0.097229004
0.061767578
0.051422119
0.059967041
-0.052581787
-0.060760498
-0.024703979
-0.0079269409
0.018249512
-0.096862793
-0.016189575
-0.036560059
0.051300049
0.092346191
0.067749023
-0.057067871
-0.021774292
0.05682373
-0.06463623
-0.065917969
-0.080444336
-0.058044434
0.055297852
-0.012023926
0.066955566
-0.0097808838
0.069885254
0.022171021
-0.051635742
0.055358887
-0.012237549
0.1161499
0.11706543
0.0058288574
0.035583496
-0.11706543
0.041534424
0.10455322
0.077209473
-0.033203125
-0.033355713
0.050109863
0.109375
-0.020370483
0.0033798218
-0.07800293
-0.062866211
0.012664795
0.050628662
0.13549805
-0.020431519
0.077819824
-4.3153763e-05
-0.0034122467
0.017730713
0.077331543
0.052093506
0.020614624
0.0031661987
0.035644531
0.030380249
0.13574219
0.066467285
-0.033630371
0.043273926
-0.067016602
0.03704834
0.069274902
0.079162598
0.1348877
0.1282959
-0.031585693
0.074035645
-0.0069389343
-0.070800781
-0.0037212372
0.070617676
0.076538086
0.062805176
-0.048339844
-0.073547363
0.078063965
-0.021682739
0.064758301
0.026824951
-0.0017814636
0.098571777
0.0056838989
0.015869141
-0.049224854
0.049591064
0.098266602
0.026229858
-0.019165039
0.067199707
0.01499176
0.067016602
0.11273193
0.022079468
0.03225708
-0.039276123
0.0085296631
0.071899414
-0.0055427551
0.11010742
-0.033203125
-0.049163818
0.064331055
0.14990234
0.1373291
-0.077575684
-0.053741455
0.1340332
0.0082015991
-0.051300049
-0.061279297
0.031585693
0.054626465
0.054199219
-0.048400879
0.075500488
0.07434082
-0.10699463
0.047546387
0.023788452
-0.053253174
-0.032562256
-0.053710938
0.097229004
0.061767578
0.051422119
0.059967041
-0.052581787
-0.060760498
-0.024703979
-0.0079269409
0.018249512
-0.096862793
-0.016189575
-0.036560059
0.051300049
0.092346191
0.067749023
-0.057067871
-0.021774292
0.05682373
-0.06463623
-0.065917969
-0.080444336
-0.058044434
0.055297852
-0.012023926
0.066955566
-0.0097808838
0.069885254
0.022171021
-0.051635742
0.055358887
-0.012237549
0.1161499
0.11706543
0.0058288574
0.035583496
-0.11706543
0.041534424
0.10455322
0.077209473
-0.033203125
-0.033355713
0.050109863
0.109375
-0.020370483
0.0033798218
-0.07800293
-0.062866211
0.012664795
0.050628662
0.13549805
-0.020431519
0.077819824
-4.3153763e-05
-0.0034122467
0.017730713
0.077331543
0.052093506
0.020614624
0.0031661987
0.035644531
0.030380249
0.13574219
0.066467285
-0.033630371
0.043273926
-0.067016602
0.03704834
0.069274902
0.079162598
0.1348877
0.1282959
-0.031585693
0.074035645
-0.0069389343
-0.070800781
-0.0037212372
0.070617676
0.076538086
0.062805176
-0.048339844
-0.073547363
0.078063965
-0.021682739
0.064758301
0.026824951
-0.0017814636
0.098571777
0.0056838989
0.015869141
-0.049224854
0.049591064
0.098266602
0.026229858
-0.019165039
0.067199707
0.01499176
0.067016602
0.11273193
0.022079468
0.03225708
-0.039276123
0.0085296631
0.071899414
-0.0055427551
0.11010742
-0.033203125
-0.049163818
0.064331055
0.14990234
0.1373291
-0.077575684
-0.053741455
0.1340332
0.0082015991
-0.051300049
-0.061279297
0.031585693
0.054626465
0.054199219
-0.048400879
0.075500488
0.07434082
-0.10699463
0.047546387
0.023788452
-0.053253174
-0.032562256
-0.053710938
0.097229004
0.061767578
0.051422119
0.059967041
-0.052581787
-0.060760498
-0.024703979
-0.0079269409
0.018249512
-0.096862793
-0.016189575
-0.036560059
0.051300049
0.092346191
0.067749023
-0.057067871
-0.021774292
0.05682373
-0.06463623
-0.065917969
-0.080444336
-0.058044434
0.055297852
-0.012023926
0.066955566
-0.0097808838
0.069885254
0.022171021
-0.051635742
0.055358887
-0.012237549
0.1161499
0.11706543
0.0058288574
0.035583496
-0.11706543
0.041534424
0.10455322
0.077209473
-0.033203125
-0.033355713
0.050109863
0.109375
-0.020370483
0.0033798218
-0.07800293
-0.062866211
0.012664795
0.050628662
0.13549805
-0.020431519
0.077819824
-4.3153763e-05
-0.0034122467
0.017730713
0.077331543
0.052093506
0.020614624
0.0031661987
0.035644531
0.030380249
0.13574219
0.066467285
-0.033630371
0.043273926
-0.067016602
0.03704834
0.069274902
0.079162598
0.1348877
0.1282959
-0.031585693
0.074035645
-0.0069389343
-0.070800781
-0.0037212372
0.070617676
0.076538086
0.062805176
-0.048339844
-0.073547363
0.078063965
-0.021682739
0.064758301
0.026824951
-0.0017814636
0.098571777
0.0056838989
0.015869141
-0.049224854
0.049591064
0.098266602
0.026229858
-0.019165039
0.067199707
0.01499176
0.067016602
0.11273193
0.022079468
0.03225708
-0.039276123
0.0085296631
0.071899414
-0.0055427551
0.11010742
-0.033203125
-0.049163818
0.064331055
0.14990234
0.1373291
-0.077575684
-0.053741455
0.1340332
0.0082015991
-0.051300049
-0.061279297
0.031585693
0.054626465
0.054199219
-0.048400879
0.075500488
0.07434082
-0.10699463
0.047546387
0.023788452
-0.053253174
-0.032562256
-0.053710938
0.097229004
0.061767578
0.051422119
0.059967041
-0.052581787
-0.060760498
-0.024703979
-0.0079269409
0.018249512
-0.096862793
-0.016189575
-0.036560059
0.051300049
0.092346191
0.067749023
-0.057067871
-0.021774292
0.05682373
-0.06463623
-0.065917969
-0.080444336
-0.058044434
0.055297852
-0.012023926
0.066955566
-0.0097808838
0.069885254
0.022171021
-0.051635742
0.055358887
-0.012237549
0.1161499
0.11706543
0.0058288574
0.035583496
-0.11706543
0.041534424
0.10455322
0.077209473
-0.033203125
-0.033355713
0.050109863
0.109375
-0.020370483
0.0033798218
-0.07800293
-0.062866211
0.012664795
0.050628662
0.13549805
-0.020431519
0.077819824
-4.3153763e-05
-0.0034122467
0.017730713
0.077331543
0.052093506
0.020614624
0.0031661987
0.035644531
0.030380249
0.13574219
0.066467285
-0.033630371
0.043273926
-0.067016602
0.03704834
0.069274902
0.079162598
0.1348877
0.1282959
-0.031585693
0.074035645
-0.0069389343
-0.070800781
-0.0037212372
0.070617676
0.076538086
0.062805176
-0.048339844
-0.073547363
0.078063965
-0.021682739
0.064758301
0.026824951
-0.0017814636
0.098571777
0.0056838989
0.015869141
-0.049224854
0.049591064
0.098266602
0.026229858
-0.019165039
0.067199707
0.01499176
0.067016602
0.11273193
0.022079468
0.03225708
-0.039276123
0.0085296631
0.071899414
-0.0055427551
0.11010742
-0.033203125
-0.049163818
0.064331055
0.14990234
0.1373291
-0.077575684
-0.053741455
0.1340332
0.0082015991
-0.051300049
-0.061279297
0.031585693
0.054626465
0.054199219
-0.048400879
0.075500488
0.07434082
-0.10699463
0.047546387
0.023788452
-0.053253174
-0.032562256
-0.053710938
0.097229004
0.061767578
0.051422119
0.059967041
-0.052581787
-0.060760498
-0.024703979
-0.0079269409
0.018249512
-0.096862793
-0.016189575
-0.036560059
0.051300049
0.092346191
0.067749023
-0.057067871
-0.021774292
0.05682373
-0.06463623
-0.065917969
-0.080444336
-0.058044434
0.055297852
-0.012023926
0.066955566
-0.0097808838
0.069885254
0.022171021
-0.051635742
0.055358887
-0.012237549
0.1161499
0.11706543
0.0058288574
0.035583496
-0.11706543
0.041534424
0.10455322
0.077209473
-0.033203125
-0.033355713
0.050109863
0.109375
-0.020370483
0.0033798218
-0.07800293
-0.062866211
0.012664795
0.050628662
0.13549805
-0.020431519
0.077819824
-4.3153763e-05
-0.0034122467
0.017730713
0.077331543
0.052093506
0.020614624
0.0031661987
0.035644531
0.030380249
0.13574219
0.066467285
-0.033630371
0.043273926
-0.067016602
0.03704834
0.069274902
0.079162598
0.1348877
0.1282959
-0.031585693
0.074035645
-0.0069389343
-0.070800781
-0.0037212372
0.070617676
0.076538086
0.062805176
-0.048339844
-0.073547363
0.078063965
-0.021682739
0.064758301
0.026824951
-0.0017814636
0.098571777
0.0056838989
0.015869141
-0.049224854
0.049591064
0.098266602
0.026229858
-0.019165039
0.067199707
0.01499176
0.067016602
0.11273193
0.022079468
0.03225708
-0.039276123
0.0085296631
0.071899414
-0.0055427551
0.11010742
-0.033203125
-0.049163818
0.064331055
0.14990234
0.1373291
-0.077575684
-0.053741455
0.1340332
0.0082015991
-0.051300049
-0.061279297
0.031585693
0.054626465
0.054199219
-0.048400879
0.075500488
0.07434082
-0.10699463
0.047546387
0.023788452
-0.053253174
-0.032562256
-0.053710938
0.097229004
0.061767578
0.051422119
0.059967041
-0.052581787
-0.060760498
-0.024703979
-0.0079269409
0.018249512
-0.096862793
-0.016189575
-0.036560059
0.051300049
0.092346191
0.067749023
-0.057067871
-0.021774292
0.05682373
-0.06463623
-0.065917969
-0.080444336
-0.058044434
0.055297852
-0.012023926
0.066955566
-0.0097808838
0.069885254
0.022171021
-0.051635742
0.055358887
-0.012237549
0.1161499
0.11706543
0.0058288574
0.035583496
-0.11706543
0.041534424
0.10455322
0.077209473
-0.033203125
-0.033355713
0.050109863
0.109375
-0.020370483
0.0033798218
-0.07800293
-0.062866211
0.012664795
0.050628662
0.13549805
-0.020431519
0.077819824
-4.3153763e-05
-0.0034122467
0.017730713
0.077331543
0.052093506
0.020614624
0.0031661987
0.035644531
0.030380249
0.13574219
0.066467285
-0.033630371
0.043273926
-0.067016602
0.03704834
0.069274902
0.079162598
0.1348877
0.1282959
-0.031585693
0.074035645
-0.0069389343
-0.070800781
-0.0037212372
0.070617676
0.076538086
0.062805176
-0.048339844
-0.073547363
0.078063965
-0.021682739
0.064758301
0.026824951
-0.0017814636
0.098571777
0.0056838989
0.015869141
-0.049224854
0.049591064
0.098266602
0.026229858
-0.019165039
0.067199707
0.01499176
0.067016602
0.11273193
0.022079468
0.03225708
-0.039276123
0.0085296631
0.071899414
-0.0055427551
0.11010742
-0.033203125
-0.049163818
0.064331055
0.14990234
0.1373291
-0.077575684
-0.053741455
0.1340332
0.0082015991
-0.051300049
-0.061279297
0.031585693
0.054626465
0.054199219
-0.048400879
0.075500488
0.07434082
-0.10699463
0.047546387
0.023788452
-0.053253174
-0.032562256
-0.053710938
0.097229004
0.061767578
0.051422119
0.059967041
-0.052581787
-0.060760498
-0.024703979
-0.0079269409
0.018249512
-0.096862793
-0.016189575
-0.036560059
0.051300049
0.092346191
0.067749023
-0.057067871
-0.021774292
0.05682373
-0.06463623
-0.065917969
-0.080444336
-0.058044434
0.055297852
-0.012023926
0.066955566
-0.0097808838
0.069885254
0.022171021
-0.051635742
0.055358887
-0.012237549
0.1161499
0.11706543
0.0058288574
0.035583496
-0.11706543
0.041534424
0.10455322
0.077209473
-0.033203125
-0.033355713
0.050109863
0.109375
-0.020370483
0.0033798218
-0.07800293
-0.062866211
0.012664795
0.050628662
0.13549805
-0.020431519
0.077819824
-4.3153763e-05
-0.0034122467
0.017730713
0.077331543
0.052093506
0.020614624
0.0031661987
0.035644531
0.030380249
0.13574219
0.066467285
-0.033630371
0.043273926
-0.067016602
0.03704834
0.069274902
0.079162598
0.1348877
0.1282959
-0.031585693
0.074035645
-0.0069389343
-0.070800781
-0.0037212372
0.070617676
0.076538086
0.062805176
-0.048339844
-0.073547363
0.078063965
-0.021682739
0.064758301
0.026824951
-0.0017814636
0.098571777
0.0056838989
0.015869141
-0.049224854
0.049591064
0.098266602
0.026229858
-0.019165039
0.067199707
0.01499176
0.067016602
0.11273193
0.022079468
0.03225708
-0.039276123
0.0085296631
0.071899414
-0.0055427551
0.11010742
-0.033203125
-0.049163818
0.064331055
0.14990234
0.1373291
-0.077575684
-0.053741455
0.1340332
0.0082015991
-0.051300049
-0.061279297
0.031585693
0.054626465
0.054199219
-0.048400879
0.075500488
0.07434082
-0.10699463
0.047546387
0.023788452
-0.053253174
-0.032562256
-0.053710938
0.097229004
0.061767578
0.051422119
0.059967041
-0.052581787
-0.060760498
-0.024703979
-0.0079269409
0.018249512
-0.096862793
-0.016189575
-0.036560059
0.051300049
0.092346191
0.067749023
-0.057067871
-0.021774292
0.05682373
-0.06463623
-0.065917969
-0.080444336
-0.058044434
0.055297852
-0.012023926
0.066955566
-0.0097808838
0.069885254
0.022171021
-0.051635742
0.055358887
-0.012237549
0.1161499
0.11706543
0.0058288574
0.035583496
-0.11706543
0.041534424
0.10455322
0.077209473
-0.033203125
-0.033355713
0.050109863
0.109375
-0.020370483
0.0033798218
-0.07800293
-0.062866211
0.012664795
0.050628662
0.13549805
-0.020431519
0.077819824
-4.3153763e-05
-0.0034122467
0.017730713
0.077331543
0.052093506
0.020614624
0.0031661987
0.035644531
0.030380249
0.13574219
0.066467285
-0.033630371
0.043273926
-0.067016602
0.03704834
0.069274902
0.079162598
0.1348877
0.1282959
-0.031585693
0.074035645
-0.0069389343
-0.070800781
-0.0037212372
0.070617676
0.076538086
0.062805176
-0.048339844
-0.073547363
0.078063965
-0.021682739
0.064758301
0.026824951
-0.0017814636
0.098571777
0.0056838989
0.015869141
-0.049224854
0.049591064
0.098266602
0.026229858
-0.019165039
0.067199707
0.01499176
0.067016602
0.11273193
0.022079468
0.03225708
-0.039276123
0.0085296631
0.071899414
-0.0055427551
0.11010742
-0.033203125
-0.049163818
0.064331055
0.14990234
0.1373291
-0.077575684
-0.053741455
0.1340332
0.0082015991
-0.051300049
-0.061279297
0.031585693
0.054626465
0.054199219
-0.048400879
0.075500488
0.07434082
-0.10699463
0.047546387
0.023788452
-0.053253174
-0.032562256
-0.053710938
0.097229004
0.061767578
0.051422119
0.059967041
-0.052581787
-0.060760498
-0.024703979
-0.0079269409
0.018249512
-0.096862793
-0.016189575
-0.036560059
0.051300049
0.092346191
0.067749023
-0.057067871
-0.021774292
0.05682373
-0.06463623
-0.065917969
-0.080444336
-0.058044434
0.055297852
-0.012023926
0.066955566
-0.0097808838
0.069885254
0.022171021
-0.051635742
0.055358887
-0.012237549
0.1161499
0.11706543
0.0058288574
0.035583496
-0.11706543
0.041534424
0.10455322
0.077209473
-0.033203125
-0.033355713
0.050109863
0.109375
-0.020370483
0.0033798218
-0.07800293
-0.062866211
0.012664795
0.050628662
0.13549805
-0.020431519
0.077819824
-4.3153763e-05
-0.0034122467
0.017730713
0.077331543
0.052093506
0.020614624
0.0031661987
0.035644531
0.030380249
0.13574219
0.066467285
-0.033630371
0.043273926
-0.067016602
0.03704834
0.069274902
0.079162598
0.1348877
0.1282959
-0.031585693
0.074035645
-0.0069389343
-0.070800781
-0.0037212372
0.070617676
0.076538086
0.062805176
-0.048339844
-0.073547363
0.078063965
-0.021682739
0.064758301
0.026824951
-0.0017814636
0.098571777
0.0056838989
0.015869141
-0.049224854
0.049591064
0.098266602
0.026229858
-0.019165039
0.067199707
0.01499176
0.067016602
0.11273193
0.022079468
0.03225708
-0.039276123
0.0085296631
0.071899414
-0.0055427551
0.11010742
-0.033203125
-0.049163818
0.064331055
0.14990234
0.1373291
-0.077575684
-0.053741455
0.1340332
0.0082015991
-0.051300049
-0.061279297
0.031585693
0.054626465
0.054199219
-0.048400879
0.075500488
0.07434082
-0.10699463
0.047546387
0.023788452
-0.053253174
-0.032562256
-0.053710938
0.097229004
0.061767578
0.051422119
0.059967041
-0.052581787
-0.060760498
-0.024703979
-0.0079269409
0.018249512
-0.096862793
-0.016189575
-0.036560059
0.051300049
0.092346191
0.067749023
-0.057067871
-0.021774292
0.05682373
-0.06463623
-0.065917969
-0.080444336
-0.058044434
0.055297852
-0.012023926
0.066955566
-0.0097808838
0.069885254
0.022171021
-0.051635742
0.055358887
-0.012237549
0.1161499
0.11706543
0.0058288574
0.035583496
-0.11706543
0.041534424
0.10455322
0.077209473
-0.033203125
-0.033355713
0.050109863
0.109375
-0.020370483
0.0033798218
-0.07800293
-0.062866211
0.012664795
0.050628662
0.13549805
-0.020431519
0.077819824
-4.3153763e-05
-0.0034122467
0.017730713
0.077331543
0.052093506
0.020614624
0.0031661987
0.035644531
0.030380249
0.13574219
0.066467285
-0.033630371
0.043273926
-0.067016602
0.03704834
0.069274902
0.079162598
0.1348877
0.1282959
-0.031585693
0.074035645
-0.0069389343
-0.070800781
-0.0037212372
0.070617676
0.076538086
0.062805176
-0.048339844
-0.073547363
0.078063965
-0.021682739
0.064758301
0.026824951
-0.0017814636
0.098571777
0.0056838989
0.015869141
-0.049224854
0.049591064
0.098266602
0.026229858
-0.019165039
0.067199707
0.01499176
0.067016602
0.11273193
0.022079468
0.03225708
-0.039276123
0.0085296631
0.071899414
-0.0055427551
0.11010742
-0.033203125
-0.049163818
0.064331055
0.14990234
0.1373291
-0.077575684
-0.053741455
0.1340332
0.0082015991
-0.051300049
-0.061279297
0.031585693
0.054626465
0.054199219
-0.048400879
0.075500488
0.07434082
-0.10699463
0.047546387
0.023788452
-0.053253174
-0.032562256
-0.053710938
0.097229004
0.061767578
0.051422119
0.059967041
-0.052581787
-0.060760498
-0.024703979
-0.0079269409
0.018249512
-0.096862793
-0.016189575
-0.036560059
0.051300049
0.092346191
0.067749023
-0.057067871
-0.021774292
0.05682373
-0.06463623
-0.065917969
-0.080444336
-0.058044434
0.055297852
-0.012023926
0.066955566
-0.0097808838
0.069885254
0.022171021
-0.051635742
0.055358887
-0.012237549
0.1161499
0.11706543
0.0058288574
0.035583496
-0.11706543
0.041534424
0.10455322
0.077209473
-0.033203125
-0.033355713
0.050109863
0.109375
-0.020370483
0.0033798218
-0.07800293
-0.062866211
0.012664795
0.050628662
0.13549805
-0.020431519
0.077819824
-4.3153763e-05
-0.0034122467
0.017730713
0.077331543
0.052093506
0.020614624
0.0031661987
0.035644531
0.030380249
0.13574219
0.066467285
-0.033630371
0.043273926
-0.067016602
0.03704834
0.069274902
0.079162598
0.1348877
0.1282959
-0.031585693
0.074035645
-0.0069389343
-0.070800781
-0.0037212372
0.070617676
0.076538086
0.062805176
-0.048339844
-0.073547363
0.078063965
-0.021682739
0.064758301
0.026824951
-0.0017814636
0.098571777
0.0056838989
0.015869141
-0.049224854
0.049591064
0.098266602
0.026229858
-0.019165039
0.067199707
0.01499176
0.067016602
0.11273193
0.022079468
0.03225708
-0.039276123
0.0085296631
0.071899414
-0.0055427551
0.11010742
-0.033203125
-0.049163818
0.064331055
0.14990234
0.1373291
-0.077575684
-0.053741455
0.1340332
0.0082015991
-0.051300049
-0.061279297
0.031585693
0.054626465
0.054199219
-0.048400879
0.075500488
0.07434082
-0.10699463
0.047546387
0.023788452
-0.053253174
-0.032562256
-0.053710938
0.097229004
0.061767578
0.051422119
0.059967041
-0.052581787
-0.060760498
-0.024703979
-0.0079269409
0.018249512
-0.096862793
-0.016189575
-0.036560059
0.051300049
0.092346191
0.067749023
-0.057067871
-0.021774292
0.05682373
-0.06463623
-0.065917969
-0.080444336
-0.058044434
0.055297852
-0.012023926
0.066955566
-0.0097808838
0.069885254
0.022171021
-0.051635742
0.055358887
-0.012237549
0.1161499
0.11706543
0.0058288574
0.035583496
-0.11706543
0.041534424
0.10455322
0.077209473
-0.033203125
-0.033355713
0.050109863
0.109375
-0.020370483
0.0033798218
-0.07800293
-0.062866211
0.012664795
0.050628662
0.13549805
-0.020431519
0.077819824
-4.3153763e-05
-0.0034122467
0.017730713
0.077331543
0.052093506
0.020614624
0.0031661987
0.035644531
0.030380249
0.13574219
0.066467285
-0.033630371
0.043273926
-0.067016602
0.03704834
0.069274902
0.079162598
0.1348877
0.1282959
-0.031585693
0.074035645
-0.0069389343
-0.070800781
-0.0037212372
0.070617676
0.076538086
0.062805176
-0.048339844
-0.073547363
0.078063965
-0.021682739
0.064758301
0.026824951
-0.0017814636
0.098571777
0.0056838989
0.015869141
-0.049224854
0.049591064
0.098266602
0.026229858
-0.019165039
0.067199707
0.01499176
0.067016602
0.11273193
0.022079468
0.03225708
-0.039276123
0.0085296631
0.071899414
-0.0055427551
0.11010742
-0.033203125
-0.049163818
0.064331055
0.14990234
0.1373291
-0.077575684
-0.053741455
0.1340332
0.0082015991
-0.051300049
-0.061279297
0.031585693
0.054626465
0.054199219
-0.048400879
0.075500488
0.07434082
-0.10699463
0.047546387
0.023788452
-0.053253174
-0.032562256
-0.053710938
0.097229004
0.061767578
0.051422119
0.059967041
-0.052581787
-0.060760498
-0.024703979
-0.0079269409
0.018249512
-0.096862793
-0.016189575
-0.036560059
0.051300049
0.092346191
0.067749023
-0.057067871
-0.021774292
0.05682373
-0.06463623
-0.065917969
-0.080444336
-0.058044434
0.055297852
-0.012023926
0.066955566
-0.0097808838
0.069885254
0.022171021
-0.051635742
0.055358887
-0.012237549
0.1161499
0.11706543
0.0058288574
0.035583496
-0.11706543
0.041534424
0.10455322
0.077209473
-0.033203125
-0.033355713
0.050109863
0.109375
-0.020370483
0.0033798218
-0.07800293
-0.062866211
0.012664795
0.050628662
0.13549805
-0.020431519
0.077819824
-4.3153763e-05
-0.0034122467
0.017730713
0.077331543
0.052093506
0.020614624
0.0031661987
0.035644531
0.030380249
0.13574219
0.066467285
-0.033630371
0.043273926
-0.067016602
0.03704834
0.069274902
0.079162598
0.1348877
0.1282959
-0.031585693
0.074035645
-0.0069389343
-0.070800781
-0.0037212372
0.070617676
0.076538086
0.062805176
-0.048339844
-0.073547363
0.078063965
-0.021682739
0.064758301
0.026824951
-0.0017814636
0.098571777
0.0056838989
0.015869141
-0.049224854
0.049591064
0.098266602
0.026229858
-0.019165039
0.067199707
0.01499176
0.067016602
0.11273193
0.022079468
0.03225708
-0.039276123
0.0085296631
0.071899414
-0.0055427551
0.11010742
-0.033203125
-0.049163818
0.064331055
0.14990234
0.1373291
-0.077575684
-0.053741455
0.1340332
0.0082015991
-0.051300049
-0.061279297
0.031585693
0.054626465
0.054199219
-0.048400879
0.075500488
0.07434082
-0.10699463
0.047546387
0.023788452
-0.053253174
-0.032562256
-0.053710938
0.097229004
0.061767578
0.051422119
0.059967041
-0.052581787
-0.060760498
-0.024703979
-0.0079269409
0.018249512
-0.096862793
-0.016189575
-0.036560059
0.051300049
0.092346191
0.067749023
-0.057067871
-0.021774292
0.05682373
-0.06463623
-0.065917969
-0.080444336
-0.058044434
0.055297852
-0.012023926
0.066955566
-0.0097808838
0.069885254
0.022171021
-0.051635742
0.055358887
-0.012237549
0.1161499
0.11706543
0.0058288574
0.035583496
-0.11706543
0.041534424
0.10455322
0.077209473
-0.033203125
-0.033355713
0.050109863
0.109375
-0.020370483
0.0033798218
-0.07800293
-0.062866211
0.012664795
0.050628662
0.13549805
-0.020431519
0.077819824
-4.3153763e-05
-0.0034122467
0.017730713
0.077331543
0.052093506
0.020614624
0.0031661987
0.035644531
0.030380249
0.13574219
0.066467285
-0.033630371
0.043273926
-0.067016602
0.03704834
0.069274902
0.079162598
0.1348877
0.1282959
-0.031585693
0.074035645
-0.0069389343
-0.070800781
-0.0037212372
0.070617676
0.076538086
0.062805176
-0.048339844
-0.073547363
0.078063965
-0.021682739
0.064758301
0.026824951
-0.0017814636
0.098571777
0.0056838989
0.015869141
-0.049224854
0.049591064
0.098266602
0.026229858
-0.019165039
0.067199707
0.01499176
0.067016602
0.11273193
0.022079468
0.03225708
-0.039276123
0.0085296631
0.071899414
-0.0055427551
0.11010742
-0.033203125
-0.049163818
0.064331055
0.14990234
0.1373291
-0.077575684
-0.053741455
0.1340332
0.0082015991
-0.051300049
-0.061279297
0.031585693
0.054626465
0.054199219
-0.048400879
0.075500488
0.07434082
-0.10699463
0.047546387
0.023788452
-0.053253174
-0.032562256
-0.053710938
0.097229004
0.061767578
0.051422119
0.059967041
-0.052581787
-0.060760498
-0.024703979
-0.0079269409
0.018249512
-0.096862793
-0.016189575
-0.036560059
0.051300049
0.092346191
0.067749023
-0.057067871
-0.021774292
0.05682373
-0.06463623
-0.065917969
-0.080444336
-0.058044434
0.055297852
-0.012023926
0.066955566
-0.0097808838
0.069885254
0.022171021
-0.051635742
0.055358887
-0.012237549
0.1161499
0.11706543
0.0058288574
0.035583496
-0.11706543
0.041534424
0.10455322
0.077209473
-0.033203125
-0.033355713
0.050109863
0.109375
-0.020370483
0.0033798218
-0.07800293
-0.062866211
0.012664795
0.050628662
0.13549805
-0.020431519
0.077819824
-4.3153763e-05
-0.0034122467
0.017730713
0.077331543
0.052093506
0.020614624
0.0031661987
0.035644531
0.030380249
0.13574219
0.066467285
-0.033630371
0.043273926
-0.067016602
0.03704834
0.069274902
0.079162598
0.1348877
0.1282959
-0.031585693
0.074035645
-0.0069389343
-0.070800781
-0.0037212372
0.070617676
0.076538086
0.062805176
-0.048339844
-0.073547363
0.078063965
-0.021682739
0.064758301
0.026824951
-0.0017814636
0.098571777
0.0056838989
0.015869141
-0.049224854
0.049591064
0.098266602
0.026229858
-0.019165039
0.067199707
0.01499176
0.067016602
0.11273193
0.022079468
0.03225708
-0.039276123
0.0085296631
0.071899414
-0.0055427551
0.11010742
-0.033203125
-0.049163818
0.064331055
0.14990234
0.1373291
-0.077575684
-0.053741455
0.1340332
0.0082015991
-0.051300049
-0.061279297
0.031585693
0.054626465
0.054199219
-0.048400879
0.075500488
0.07434082
-0.10699463
0.047546387
0.023788452
-0.053253174
-0.032562256
-0.053710938
0.097229004
0.061767578
0.051422119
0.059967041
-0.052581787
-0.060760498
-0.024703979
-0.0079269409
0.018249512
-0.096862793
-0.016189575
-0.036560059
0.051300049
0.092346191
0.067749023
-0.057067871
-0.021774292
0.05682373
-0.06463623
-0.065917969
-0.080444336
-0.058044434
0.055297852
-0.012023926
0.066955566
-0.0097808838
0.069885254
0.022171021
-0.051635742
0.055358887
-0.012237549
0.1161499
0.11706543
0.0058288574
0.035583496
-0.11706543
0.041534424
0.10455322
0.077209473
-0.033203125
-0.033355713
0.050109863
0.109375
-0.020370483
0.0033798218
-0.07800293
-0.062866211
0.012664795
0.050628662
0.13549805
-0.020431519
0.077819824
-4.3153763e-05
-0.0034122467
0.017730713
0.077331543
0.052093506
0.020614624
0.0031661987
0.035644531
0.030380249
0.13574219
0.066467285
-0.033630371
0.043273926
-0.067016602
0.03704834
0.069274902
0.079162598
0.1348877
0.1282959
-0.031585693
0.074035645
-0.0069389343
-0.070800781
-0.0037212372
0.070617676
0.076538086
0.062805176
-0.048339844
-0.073547363
0.078063965
-0.021682739
0.064758301
0.026824951
-0.0017814636
0.098571777
0.0056838989
0.015869141
-0.049224854
0.049591064
0.098266602
0.026229858
-0.019165039
0.067199707
0.01499176
0.067016602
0.11273193
0.022079468
0.03225708
-0.039276123
0.0085296631
0.071899414
-0.0055427551
0.11010742
-0.033203125
-0.049163818
0.064331055
0.14990234
0.1373291
-0.077575684
-0.053741455
0.1340332
0.0082015991
-0.051300049
-0.061279297
0.031585693
0.054626465
0.054199219
-0.048400879
0.075500488
0.07434082
-0.10699463
0.047546387
0.023788452
-0.053253174
-0.032562256
-0.053710938
0.097229004
0.061767578
0.051422119
0.059967041
-0.052581787
-0.060760498
-0.024703979
-0.0079269409
0.018249512
-0.096862793
-0.016189575
-0.036560059
0.051300049
0.092346191
0.067749023
-0.057067871
-0.021774292
0.05682373
-0.06463623
-0.065917969
-0.080444336
-0.058044434
0.055297852
-0.012023926
0.066955566
-0.0097808838
0.069885254
0.022171021
-0.051635742
0.055358887
-0.012237549
0.1161499
0.11706543
0.0058288574
0.035583496
-0.11706543
0.041534424
0.10455322
0.077209473
-0.033203125
-0.033355713
0.050109863
0.109375
-0.020370483
0.0033798218
-0.07800293
-0.062866211
0.012664795
0.050628662
0.13549805
-0.020431519
0.077819824
-4.3153763e-05
-0.0034122467
0.017730713
0.077331543
0.052093506
0.020614624
0.0031661987
0.035644531
0.030380249
0.13574219
0.066467285
-0.033630371
0.043273926
-0.067016602
0.03704834
0.069274902
0.079162598
0.1348877
0.1282959
-0.031585693
0.074035645
-0.0069389343
-0.070800781
-0.0037212372
0.070617676
0.076538086
0.062805176
-0.048339844
-0.073547363
0.078063965
-0.021682739
0.064758301
0.026824951
-0.0017814636
0.098571777
0.0056838989
0.015869141
-0.049224854
0.049591064
0.098266602
0.026229858
-0.019165039
0.067199707
0.01499176
0.067016602
0.11273193
0.022079468
0.03225708
-0.039276123
0.0085296631
0.071899414
-0.0055427551
0.11010742
-0.033203125
-0.049163818
0.064331055
0.14990234
0.1373291
-0.077575684
-0.053741455
0.1340332
0.0082015991
-0.051300049
-0.061279297
0.031585693
0.054626465
0.054199219
-0.048400879
0.075500488
0.07434082
-0.10699463
0.047546387
0.023788452
-0.053253174
-0.032562256
-0.053710938
0.097229004
0.061767578
0.051422119
0.059967041
-0.052581787
-0.060760498
-0.024703979
-0.0079269409
0.018249512
-0.096862793
-0.016189575
-0.036560059
0.051300049
0.092346191
0.067749023
-0.057067871
-0.021774292
0.05682373
-0.06463623
-0.065917969
-0.080444336
-0.058044434
0.055297852
-0.012023926
0.066955566
-0.0097808838
0.069885254
0.022171021
-0.051635742
0.055358887
-0.012237549
0.1161499
0.11706543
0.0058288574
0.035583496
-0.11706543
0.041534424
0.10455322
0.077209473
-0.033203125
-0.033355713
0.050109863
0.109375
-0.020370483
0.0033798218
-0.07800293
-0.062866211
0.012664795
0.050628662
0.13549805
-0.020431519
0.077819824
-4.3153763e-05
-0.0034122467
0.017730713
0.077331543
0.052093506
0.020614624
0.0031661987
0.035644531
0.030380249
0.13574219
0.066467285
-0.033630371
0.043273926
-0.067016602
0.03704834
0.069274902
0.079162598
0.1348877
0.1282959
-0.031585693
0.074035645
-0.0069389343
-0.070800781
-0.0037212372
0.070617676
0.076538086
0.062805176
-0.048339844
-0.073547363
0.078063965
-0.021682739
0.064758301
0.026824951
-0.0017814636
0.098571777
0.0056838989
0.015869141
-0.049224854
0.049591064
0.098266602
0.026229858
-0.019165039
0.067199707
0.01499176
0.067016602
0.11273193
0.022079468
0.03225708
-0.039276123
0.0085296631
0.071899414
-0.0055427551
0.11010742
-0.033203125
-0.049163818
0.064331055
0.14990234
0.1373291
-0.077575684
-0.053741455
0.1340332
0.0082015991
-0.051300049
-0.061279297
0.031585693
0.054626465
0.054199219
-0.048400879
0.075500488
0.07434082
-0.10699463
0.047546387
0.023788452
-0.053253174
-0.032562256
-0.053710938
0.097229004
0.061767578
0.051422119
0.059967041
-0.052581787
-0.060760498
-0.024703979
-0.0079269409
0.018249512
-0.096862793
-0.016189575
-0.036560059
0.051300049
0.092346191
0.067749023
-0.057067871
-0.021774292
0.05682373
-0.06463623
-0.065917969
-0.080444336
-0.058044434
0.055297852
-0.012023926
0.066955566
-0.0097808838
0.069885254
0.022171021
-0.051635742
0.055358887
-0.012237549
0.1161499
0.11706543
0.0058288574
0.035583496
-0.11706543
0.041534424
0.10455322
0.077209473
-0.033203125
-0.033355713
0.050109863
0.109375
-0.020370483
0.0033798218
-0.07800293
-0.062866211
0.012664795
0.050628662
0.13549805
-0.020431519
0.077819824
-4.3153763e-05
-0.0034122467
0.017730713
0.077331543
0.052093506
0.020614624
0.0031661987
0.035644531
0.030380249
0.13574219
0.066467285
-0.033630371
0.043273926
-0.067016602
0.03704834
0.069274902
0.079162598
0.1348877
0.1282959
-0.031585693
0.074035645
-0.0069389343
-0.070800781
-0.0037212372
0.070617676
0.076538086
0.062805176
-0.048339844
-0.073547363
0.078063965
-0.021682739
0.064758301
0.026824951
-0.0017814636
0.098571777
0.0056838989
0.015869141
-0.049224854
0.049591064
0.098266602
0.026229858
-0.019165039
0.067199707
0.01499176
0.067016602
0.11273193
0.022079468
0.03225708
-0.039276123
0.0085296631
0.071899414
-0.0055427551
0.11010742
-0.033203125
-0.049163818
0.064331055
0.14990234
0.1373291
-0.077575684
-0.053741455
0.1340332
0.0082015991
-0.051300049
-0.061279297
0.031585693
0.054626465
0.054199219
-0.048400879
0.075500488
0.07434082
-0.10699463
0.047546387
0.023788452
-0.053253174
-0.032562256
-0.053710938
0.097229004
0.061767578
0.051422119
0.059967041
-0.052581787
-0.060760498
-0.024703979
-0.0079269409
0.018249512
-0.096862793
-0.016189575
-0.036560059
0.051300049
0.092346191
0.067749023
-0.057067871
-0.021774292
0.05682373
-0.06463623
-0.065917969
-0.080444336
-0.058044434
0.055297852
-0.012023926
0.066955566
-0.0097808838
0.069885254
0.022171021
-0.051635742
0.055358887
-0.012237549
0.1161499
0.11706543
0.0058288574
0.035583496
-0.11706543
0.041534424
0.10455322
0.077209473
-0.033203125
-0.033355713
0.050109863
0.109375
-0.020370483
0.0033798218
-0.07800293
-0.062866211
0.012664795
0.050628662
0.13549805
-0.020431519
0.077819824
-4.3153763e-05
-0.0034122467
0.017730713
0.077331543
0.052093506
0.020614624
0.0031661987
0.035644531
0.030380249
0.13574219
0.066467285
-0.033630371
0.043273926
-0.067016602
0.03704834
0.069274902
0.079162598
0.1348877
0.1282959
-0.031585693
0.074035645
-0.0069389343
-0.070800781
-0.0037212372
0.070617676
0.076538086
0.062805176
-0.048339844
-0.073547363
0.078063965
-0.021682739
0.064758301
0.026824951
-0.0017814636
0.098571777
0.0056838989
0.015869141
-0.049224854
0.049591064
0.098266602
0.026229858
-0.019165039
0.067199707
0.01499176
0.067016602
0.11273193
0.022079468
0.03225708
-0.039276123
0.0085296631
0.071899414
-0.0055427551
0.11010742
-0.033203125
-0.049163818
0.064331055
0.14990234
0.1373291
-0.077575684
-0.053741455
0.1340332
0.0082015991
-0.051300049
-0.061279297
0.031585693
0.054626465
0.054199219
-0.048400879
0.075500488
0.07434082
-0.10699463
0.047546387
0.023788452
-0.053253174
-0.032562256
-0.053710938
0.097229004
0.061767578
0.051422119
0.059967041
-0.052581787
-0.060760498
-0.024703979
-0.0079269409
0.018249512
-0.096862793
-0.016189575
-0.036560059
0.051300049
0.092346191
0.067749023
-0.057067871
-0.021774292
0.05682373
-0.06463623
-0.065917969
-0.080444336
-0.058044434
0.055297852
-0.012023926
0.066955566
-0.0097808838
0.069885254
0.022171021
-0.051635742
0.055358887
-0.012237549
0.1161499
0.11706543
0.0058288574
0.035583496
-0.11706543
0.041534424
0.10455322
0.077209473
-0.033203125
-0.033355713
0.050109863
0.109375
-0.020370483
0.0033798218
-0.07800293
-0.062866211
0.012664795
0.050628662
0.13549805
-0.020431519
0.077819824
-4.3153763e-05
-0.0034122467
0.017730713
0.077331543
0.052093506
0.020614624
0.0031661987
0.035644531
0.030380249
0.13574219
0.066467285
-0.033630371
0.043273926
-0.067016602
0.03704834
0.069274902
0.079162598
0.1348877
0.1282959
-0.031585693
0.074035645
-0.0069389343
-0.070800781
-0.0037212372
0.070617676
0.076538086
0.062805176
-0.048339844
-0.073547363
0.078063965
-0.021682739
0.064758301
0.026824951
-0.0017814636
0.098571777
0.0056838989
0.015869141
-0.049224854
0.049591064
0.098266602
0.026229858
-0.019165039
0.067199707
0.01499176
0.067016602
0.11273193
0.022079468
0.03225708
-0.039276123
0.0085296631
0.071899414
-0.0055427551
0.11010742
-0.033203125
-0.049163818
0.064331055
0.14990234
0.1373291
-0.077575684
-0.053741455
0.1340332
0.0082015991
-0.051300049
-0.061279297
0.031585693
0.054626465
0.054199219
-0.048400879
0.075500488
0.07434082
-0.10699463
0.047546387
0.023788452
-0.053253174
-0.032562256
-0.053710938
0.097229004
0.061767578
0.051422119
0.059967041
-0.052581787
-0.060760498
-0.024703979
-0.0079269409
0.018249512
-0.096862793
-0.016189575
-0.036560059
0.051300049
0.092346191
0.067749023
-0.057067871
-0.021774292
0.05682373
-0.06463623
-0.065917969
-0.080444336
-0.058044434
0.055297852
-0.012023926
0.066955566
-0.0097808838
0.069885254
0.022171021
-0.051635742
0.055358887
-0.012237549
0.1161499
0.11706543
0.0058288574
0.035583496
-0.11706543
0.041534424
0.10455322
0.077209473
-0.033203125
-0.033355713
0.050109863
0.109375
-0.020370483
0.0033798218
-0.07800293
-0.062866211
0.012664795
0.050628662
0.13549805
-0.020431519
0.077819824
-4.3153763e-05
-0.0034122467
0.017730713
0.077331543
0.052093506
0.020614624
0.0031661987
0.035644531
0.030380249
0.13574219
0.066467285
-0.033630371
0.043273926
-0.067016602
0.03704834
0.069274902
0.079162598
0.1348877
0.1282959
-0.031585693
0.074035645
-0.0069389343
-0.070800781
-0.0037212372
0.070617676
0.076538086
0.062805176
-0.048339844
-0.073547363
0.078063965
-0.021682739
0.064758301
0.026824951
-0.0017814636
0.098571777
0.0056838989
0.015869141
-0.049224854
0.049591064
0.098266602
0.026229858
-0.019165039
0.067199707
0.01499176
0.067016602
0.11273193
0.022079468
0.03225708
-0.039276123
0.0085296631
0.071899414
-0.0055427551
0.11010742
-0.033203125
-0.049163818
0.064331055
0.14990234
0.1373291
-0.077575684
-0.053741455
0.1340332
0.0082015991
-0.051300049
-0.061279297
0.031585693
0.054626465
0.054199219
-0.048400879
0.075500488
0.07434082
-0.10699463
0.047546387
0.023788452
-0.053253174
-0.032562256
-0.053710938
0.097229004
0.061767578
0.051422119
0.059967041
-0.052581787
-0.060760498
-0.024703979
-0.0079269409
0.018249512
-0.096862793
-0.016189575
-0.036560059
0.051300049
0.092346191
0.067749023
-0.057067871
-0.021774292
0.05682373
-0.06463623
-0.065917969
-0.080444336
-0.058044434
0.055297852
-0.012023926
0.066955566
-0.0097808838
0.069885254
0.022171021
-0.051635742
0.055358887
-0.012237549
0.1161499
0.11706543
0.0058288574
0.035583496
-0.11706543
0.041534424
0.10455322
0.077209473
-0.033203125
-0.033355713
0.050109863
0.109375
-0.020370483
0.0033798218
-0.07800293
-0.062866211
0.012664795
0.050628662
0.13549805
-0.020431519
0.077819824
-4.3153763e-05
-0.0034122467
0.017730713
0.077331543
0.052093506
0.020614624
0.0031661987
0.035644531
0.030380249
0.13574219
0.066467285
-0.033630371
0.043273926
-0.067016602
0.03704834
0.069274902
0.079162598
0.1348877
0.1282959
-0.031585693
0.074035645
-0.0069389343
-0.070800781
-0.0037212372
0.070617676
0.076538086
0.062805176
-0.048339844
-0.073547363
0.078063965
-0.021682739
0.064758301
0.026824951
-0.0017814636
0.098571777
0.0056838989
0.015869141
-0.049224854
0.049591064
0.098266602
0.026229858
-0.019165039
0.067199707
0.01499176
0.067016602
0.11273193
0.022079468
0.03225708
-0.039276123
0.0085296631
0.071899414
-0.0055427551
0.11010742
-0.033203125
-0.049163818
0.064331055
0.14990234
0.1373291
-0.077575684
-0.053741455
0.1340332
0.0082015991
-0.051300049
-0.061279297
0.031585693
0.054626465
0.054199219
-0.048400879
0.075500488
0.07434082
-0.10699463
0.047546387
0.023788452
-0.053253174
-0.032562256
-0.053710938
0.097229004
0.061767578
0.051422119
0.059967041
-0.052581787
-0.060760498
-0.024703979
-0.0079269409
0.018249512
-0.096862793
-0.016189575
-0.036560059
0.051300049
0.092346191
0.067749023
-0.057067871
-0.021774292
0.05682373
-0.06463623
-0.065917969
-0.080444336
-0.058044434
0.055297852
-0.012023926
0.066955566
-0.0097808838
0.069885254
0.022171021
-0.051635742
0.055358887
-0.012237549
0.1161499
0.11706543
0.0058288574
0.035583496
-0.11706543
0.041534424
0.10455322
0.077209473
-0.033203125
-0.033355713
0.050109863
0.109375
-0.020370483
0.0033798218
-0.07800293
-0.062866211
0.012664795
0.050628662
0.13549805
-0.020431519
0.077819824
-4.3153763e-05
-0.0034122467
0.017730713
0.077331543
0.052093506
0.020614624
0.0031661987
0.035644531
0.030380249
0.13574219
0.066467285
-0.033630371
0.043273926
-0.067016602
0.03704834
0.069274902
0.079162598
0.1348877
0.1282959
-0.031585693
0.074035645
-0.0069389343
-0.070800781
-0.0037212372
0.070617676
0.076538086
0.062805176
-0.048339844
-0.073547363
0.078063965
-0.021682739
0.064758301
0.026824951
-0.0017814636
0.098571777
0.0056838989
0.015869141
-0.049224854
0.049591064
0.098266602
0.026229858
-0.019165039
0.067199707
0.01499176
0.067016602
0.11273193
0.022079468
0.03225708
-0.039276123
0.0085296631
0.071899414
-0.0055427551
0.11010742
-0.033203125
-0.049163818
0.064331055
0.14990234
0.1373291
-0.077575684
-0.053741455
0.1340332
0.0082015991
-0.051300049
-0.061279297
0.031585693
0.054626465
0.054199219
-0.048400879
0.075500488
0.07434082
-0.10699463
0.047546387
0.023788452
-0.053253174
-0.032562256
-0.053710938
0.097229004
0.061767578
0.051422119
0.059967041
-0.052581787
-0.060760498
-0.024703979
-0.0079269409
0.018249512
-0.096862793
-0.016189575
-0.036560059
0.051300049
0.092346191
0.067749023
-0.057067871
-0.021774292
0.05682373
-0.06463623
-0.065917969
-0.080444336
-0.058044434
0.055297852
-0.012023926
0.066955566
-0.0097808838
0.069885254
0.022171021
-0.051635742
0.055358887
-0.012237549
0.1161499
0.11706543
0.0058288574
0.035583496
-0.11706543
0.041534424
0.10455322
0.077209473
-0.033203125
-0.033355713
0.050109863
0.109375
-0.020370483
0.0033798218
-0.07800293
-0.062866211
0.012664795
0.050628662
0.13549805
-0.020431519
0.077819824
-4.3153763e-05
-0.0034122467
0.017730713
0.077331543
0.052093506
0.020614624
0.0031661987
0.035644531
0.030380249
0.13574219
0.066467285
-0.033630371
0.043273926
-0.067016602
0.03704834
0.069274902
0.079162598
0.1348877
0.1282959
-0.031585693
0.074035645
-0.0069389343
-0.070800781
-0.0037212372
0.070617676
0.076538086
0.062805176
-0.048339844
-0.073547363
0.078063965
-0.021682739
0.064758301
0.026824951
-0.0017814636
0.098571777
0.0056838989
0.015869141
-0.049224854
0.049591064
0.098266602
0.026229858
-0.019165039
0.067199707
0.01499176
0.067016602
0.11273193
0.022079468
0.03225708
-0.039276123
0.0085296631
0.071899414
-0.0055427551
0.11010742
-0.033203125
-0.049163818
0.064331055
0.14990234
0.1373291
-0.077575684
-0.053741455
0.1340332
0.0082015991
-0.051300049
-0.061279297
0.031585693
0.054626465
0.054199219
-0.048400879
0.075500488
0.07434082
-0.10699463
0.047546387
0.023788452
-0.053253174
-0.032562256
-0.053710938
0.097229004
0.061767578
0.051422119
0.059967041
-0.052581787
-0.060760498
-0.024703979
-0.0079269409
0.018249512
-0.096862793
-0.016189575
-0.036560059
0.051300049
0.092346191
0.067749023
-0.057067871
-0.021774292
0.05682373
-0.06463623
-0.065917969
-0.080444336
-0.058044434
0.055297852
-0.012023926
0.066955566
-0.0097808838
0.069885254
0.022171021
-0.051635742
0.055358887
-0.012237549
0.1161499
0.11706543
0.0058288574
0.035583496
-0.11706543
0.041534424
0.10455322
0.077209473
-0.033203125
-0.033355713
0.050109863
0.109375
-0.020370483
0.0033798218
-0.07800293
-0.062866211
0.012664795
0.050628662
0.13549805
-0.020431519
0.077819824
-4.3153763e-05
-0.0034122467
0.017730713
0.077331543
0.052093506
0.020614624
0.0031661987
0.035644531
0.030380249
0.13574219
0.066467285
-0.033630371
0.043273926
-0.067016602
0.03704834
0.069274902
0.079162598
0.1348877
0.1282959
-0.031585693
0.074035645
-0.0069389343
-0.070800781
-0.0037212372
0.070617676
0.076538086
0.062805176
-0.048339844
-0.073547363
0.078063965
-0.021682739
0.064758301
0.026824951
-0.0017814636
0.098571777
0.0056838989
0.015869141
-0.049224854
0.049591064
0.098266602
0.026229858
-0.019165039
0.067199707
0.01499176
0.067016602
0.11273193
0.022079468
0.03225708
-0.039276123
0.0085296631
0.071899414
-0.0055427551
0.11010742
-0.033203125
-0.049163818
0.064331055
0.14990234
0.1373291
-0.077575684
-0.053741455
0.1340332
0.0082015991
-0.051300049
-0.061279297
0.031585693
0.054626465
0.054199219
-0.048400879
0.075500488
0.07434082
-0.10699463
0.047546387
0.023788452
-0.053253174
-0.032562256
-0.053710938
0.097229004
0.061767578
0.051422119
0.059967041
-0.052581787
-0.060760498
-0.024703979
-0.0079269409
0.018249512
-0.096862793
-0.016189575
-0.036560059
0.051300049
0.092346191
0.067749023
-0.057067871
-0.021774292
0.05682373
-0.06463623
-0.065917969
-0.080444336
-0.058044434
0.055297852
-0.012023926
0.066955566
-0.0097808838
0.069885254
0.022171021
-0.051635742
0.055358887
-0.012237549
0.1161499
0.11706543
0.0058288574
0.035583496
-0.11706543
0.041534424
0.10455322
0.077209473
-0.033203125
-0.033355713
0.050109863
0.109375
-0.020370483
0.0033798218
-0.07800293
-0.062866211
0.012664795
0.050628662
0.13549805
-0.020431519
0.077819824
-4.3153763e-05
-0.0034122467
0.017730713
0.077331543
0.052093506
0.020614624
0.0031661987
0.035644531
0.030380249
0.13574219
0.066467285
-0.033630371
0.043273926
-0.067016602
0.03704834
0.069274902
0.079162598
0.1348877
0.1282959
-0.031585693
0.074035645
-0.0069389343
-0.070800781
-0.0037212372
0.070617676
0.076538086
0.062805176
-0.048339844
-0.073547363
0.078063965
-0.021682739
0.064758301
0.026824951
-0.0017814636
0.098571777
0.0056838989
0.015869141
-0.049224854
0.049591064
0.098266602
0.026229858
-0.019165039
0.067199707
0.01499176
0.067016602
0.11273193
0.022079468
0.03225708
-0.039276123
0.0085296631
0.071899414
-0.0055427551
0.11010742
-0.033203125
-0.049163818
0.064331055
0.14990234
0.1373291
-0.077575684
-0.053741455
0.1340332
0.0082015991
-0.051300049
-0.061279297
0.031585693
0.054626465
0.054199219
-0.048400879
0.075500488
0.07434082
-0.10699463
0.047546387
0.023788452
-0.053253174
-0.032562256
-0.053710938
0.097229004
0.061767578
0.051422119
0.059967041
-0.052581787
-0.060760498
-0.024703979
-0.0079269409
0.018249512
-0.096862793
-0.016189575
-0.036560059
0.051300049
0.092346191
0.067749023
-0.057067871
-0.021774292
0.05682373
-0.06463623
-0.065917969
-0.080444336
-0.058044434
0.055297852
-0.012023926
0.066955566
-0.0097808838
0.069885254
0.022171021
-0.051635742
0.055358887
-0.012237549
0.1161499
0.11706543
0.0058288574
0.035583496
-0.11706543
0.041534424
0.10455322
0.077209473
-0.033203125
-0.033355713
0.050109863
0.109375
-0.020370483
0.0033798218
-0.07800293
-0.062866211
0.012664795
0.050628662
0.13549805
-0.020431519
0.077819824
-4.3153763e-05
-0.0034122467
0.017730713
0.077331543
0.052093506
0.020614624
0.0031661987
0.035644531
0.030380249
0.13574219
0.066467285
-0.033630371
0.043273926
-0.067016602
0.03704834
0.069274902
0.079162598
0.1348877
0.1282959
-0.031585693
0.074035645
-0.0069389343
-0.070800781
-0.0037212372
0.070617676
0.076538086
0.062805176
-0.048339844
-0.073547363
0.078063965
-0.021682739
0.064758301
0.026824951
-0.0017814636
0.098571777
0.0056838989
0.015869141
-0.049224854
0.049591064
0.098266602
0.026229858
-0.019165039
0.067199707
0.01499176
0.067016602
0.11273193
0.022079468
0.03225708
-0.039276123
0.0085296631
0.071899414
-0.0055427551
0.11010742
-0.033203125
-0.049163818
0.064331055
0.14990234
0.1373291
-0.077575684
-0.053741455
0.1340332
0.0082015991
-0.051300049
-0.061279297
0.031585693
0.054626465
0.054199219
-0.048400879
0.075500488
0.07434082
-0.10699463
0.047546387
0.023788452
-0.053253174
-0.032562256
-0.053710938
0.097229004
0.061767578
0.051422119
0.059967041
-0.052581787
-0.060760498
-0.024703979
-0.0079269409
0.018249512
-0.096862793
-0.016189575
-0.036560059
0.051300049
0.092346191
0.067749023
-0.057067871
-0.021774292
0.05682373
-0.06463623
-0.065917969
-0.080444336
-0.058044434
0.055297852
-0.012023926
0.066955566
-0.0097808838
0.069885254
0.022171021
-0.051635742
0.055358887
-0.012237549
0.1161499
0.11706543
0.0058288574
0.035583496
-0.11706543
0.041534424
0.10455322
0.077209473
-0.033203125
-0.033355713
0.050109863
0.109375
-0.020370483
0.0033798218
-0.07800293
-0.062866211
0.012664795
0.050628662
0.13549805
-0.020431519
0.077819824
-4.3153763e-05
-0.0034122467
0.017730713
0.077331543
0.052093506
0.020614624
0.0031661987
0.035644531
0.030380249
0.13574219
0.066467285
-0.033630371
0.043273926
-0.067016602
0.03704834
0.069274902
0.079162598
0.1348877
0.1282959
-0.031585693
0.074035645
-0.0069389343
-0.070800781
-0.0037212372
0.070617676
0.076538086
0.062805176
-0.048339844
-0.073547363
0.078063965
-0.021682739
0.064758301
0.026824951
-0.0017814636
0.098571777
0.0056838989
0.015869141
-0.049224854
0.049591064
0.098266602
0.026229858
-0.019165039
0.067199707
0.01499176
0.067016602
0.11273193
0.022079468
0.03225708
-0.039276123
0.0085296631
0.071899414
-0.0055427551
0.11010742
-0.033203125
-0.049163818
0.064331055
0.14990234
0.1373291
-0.077575684
-0.053741455
0.1340332
0.0082015991
-0.051300049
-0.061279297
0.031585693
0.054626465
0.054199219
-0.048400879
0.075500488
0.07434082
-0.10699463
0.047546387
0.023788452
-0.053253174
-0.032562256
-0.053710938
0.097229004
0.061767578
0.051422119
0.059967041
-0.052581787
-0.060760498
-0.024703979
-0.0079269409
0.018249512
-0.096862793
-0.016189575
-0.036560059
0.051300049
0.092346191
0.067749023
-0.057067871
-0.021774292
0.05682373
-0.06463623
-0.065917969
-0.080444336
-0.058044434
0.055297852
-0.012023926
0.066955566
-0.0097808838
0.069885254
0.022171021
-0.051635742
0.055358887
-0.012237549
0.1161499
0.11706543
0.0058288574
0.035583496
-0.11706543
0.041534424
0.10455322
0.077209473
-0.033203125
-0.033355713
0.050109863
0.109375
-0.020370483
0.0033798218
-0.07800293
-0.062866211
0.012664795
0.050628662
0.13549805
-0.020431519
0.077819824
-4.3153763e-05
-0.0034122467
0.017730713
0.077331543
0.052093506
0.020614624
0.0031661987
0.035644531
0.030380249
0.13574219
0.066467285
-0.033630371
0.043273926
-0.067016602
0.03704834
0.069274902
0.079162598
0.1348877
0.1282959
-0.031585693
0.074035645
-0.0069389343
-0.070800781
-0.0037212372
0.070617676
0.076538086
0.062805176
-0.048339844
-0.073547363
0.078063965
-0.021682739
0.064758301
0.026824951
-0.0017814636
0.098571777
0.0056838989
0.015869141
-0.049224854
0.049591064
0.098266602
0.026229858
-0.019165039
0.067199707
0.01499176
0.067016602
0.11273193
0.022079468
0.03225708
-0.039276123
0.0085296631
0.071899414
-0.0055427551
0.11010742
-0.033203125
-0.049163818
0.064331055
0.14990234
0.1373291
-0.077575684
-0.053741455
0.1340332
0.0082015991
-0.051300049
-0.061279297
0.031585693
0.054626465
0.054199219
-0.048400879
0.075500488
0.07434082
-0.10699463
0.047546387
0.023788452
-0.053253174
-0.032562256
-0.053710938
0.097229004
0.061767578
0.051422119
0.059967041
-0.052581787
-0.060760498
-0.024703979
-0.0079269409
0.018249512
-0.096862793
-0.016189575
-0.036560059
0.051300049
0.092346191
0.067749023
-0.057067871
-0.021774292
0.05682373
-0.06463623
-0.065917969
-0.080444336
-0.058044434
0.055297852
-0.012023926
0.066955566
-0.0097808838
0.069885254
0.022171021
-0.051635742
0.055358887
-0.012237549
0.1161499
0.11706543
0.0058288574
0.035583496
-0.11706543
0.041534424
0.10455322
0.077209473
-0.033203125
-0.033355713
0.050109863
0.109375
-0.020370483
0.0033798218
-0.07800293
-0.062866211
0.012664795
0.050628662
0.13549805
-0.020431519
0.077819824
-4.3153763e-05
-0.0034122467
0.017730713
0.077331543
0.052093506
0.020614624
0.0031661987
0.035644531
0.030380249
0.13574219
0.066467285
-0.033630371
0.043273926
-0.067016602
0.03704834
0.069274902
0.079162598
0.1348877
0.1282959
-0.031585693
0.074035645
-0.0069389343
-0.070800781
-0.0037212372
0.070617676
0.076538086
0.062805176
-0.048339844
-0.073547363
0.078063965
-0.021682739
0.064758301
0.026824951
-0.0017814636
0.098571777
0.0056838989
0.015869141
-0.049224854
0.049591064
0.098266602
0.026229858
-0.019165039
0.067199707
0.01499176
0.067016602
0.11273193
0.022079468
0.03225708
-0.039276123
0.0085296631
0.071899414
-0.0055427551
0.11010742
-0.033203125
-0.049163818
0.064331055
0.14990234
0.1373291
-0.077575684
-0.053741455
0.1340332
0.0082015991
-0.051300049
-0.061279297
0.031585693
0.054626465
0.054199219
-0.048400879
0.075500488
0.07434082
-0.10699463
0.047546387
0.023788452
-0.053253174
-0.032562256
-0.053710938
0.097229004
0.061767578
0.051422119
0.059967041
-0.052581787
-0.060760498
-0.024703979
-0.0079269409
0.018249512
-0.096862793
-0.016189575
-0.036560059
0.051300049
0.092346191
0.067749023
-0.057067871
-0.021774292
0.05682373
-0.06463623
-0.065917969
-0.080444336
-0.058044434
0.055297852
-0.012023926
0.066955566
-0.0097808838
0.069885254
0.022171021
-0.051635742
0.055358887
-0.012237549
0.1161499
0.11706543
0.0058288574
0.035583496
-0.11706543
0.041534424
0.10455322
0.077209473
-0.033203125
-0.033355713
0.050109863
0.109375
-0.020370483
0.0033798218
-0.07800293
-0.062866211
0.012664795
0.050628662
0.13549805
-0.020431519
0.077819824
-4.3153763e-05
-0.0034122467
0.017730713
0.077331543
0.052093506
0.020614624
0.0031661987
0.035644531
0.030380249
0.13574219
0.066467285
-0.033630371
0.043273926
-0.067016602
0.03704834
0.069274902
0.079162598
0.1348877
0.1282959
-0.031585693
0.074035645
-0.0069389343
-0.070800781
-0.0037212372
0.070617676
0.076538086
0.062805176
-0.048339844
-0.073547363
0.078063965
-0.021682739
0.064758301
0.026824951
-0.0017814636
0.098571777
0.0056838989
0.015869141
-0.049224854
0.049591064
0.098266602
0.026229858
-0.019165039
0.067199707
0.01499176
0.067016602
0.11273193
0.022079468
0.03225708
-0.039276123
0.0085296631
0.071899414
-0.0055427551
0.11010742
-0.033203125
-0.049163818
0.064331055
0.14990234
0.1373291
-0.077575684
-0.053741455
0.1340332
0.0082015991
-0.051300049
-0.061279297
0.031585693
0.054626465
0.054199219
-0.048400879
0.075500488
0.07434082
-0.10699463
0.047546387
0.023788452
-0.053253174
-0.032562256
-0.053710938
0.097229004
0.061767578
0.051422119
0.059967041
-0.052581787
-0.060760498
-0.024703979
-0.0079269409
0.018249512
-0.096862793
-0.016189575
-0.036560059
0.051300049
0.092346191
0.067749023
-0.057067871
-0.021774292
0.05682373
-0.06463623
-0.065917969
-0.080444336
-0.058044434
0.055297852
-0.012023926
0.066955566
-0.0097808838
0.069885254
0.022171021
-0.051635742
0.055358887
-0.012237549
0.1161499
0.11706543
0.0058288574
0.035583496
-0.11706543
0.041534424
0.10455322
0.077209473
-0.033203125
-0.033355713
0.050109863
0.109375
-0.020370483
0.0033798218
-0.07800293
-0.062866211
0.012664795
0.050628662
0.13549805
-0.020431519
0.077819824
-4.3153763e-05
-0.0034122467
0.017730713
0.077331543
0.052093506
0.020614624
0.0031661987
0.035644531
0.030380249
0.13574219
0.066467285
-0.033630371
0.043273926
-0.067016602
0.03704834
0.069274902
0.079162598
0.1348877
0.1282959
-0.031585693
0.074035645
-0.0069389343
-0.070800781
-0.0037212372
0.070617676
0.076538086
0.062805176
-0.048339844
-0.073547363
0.078063965
-0.021682739
0.064758301
0.026824951
-0.0017814636
0.098571777
0.0056838989
0.015869141
-0.049224854
0.049591064
0.098266602
0.026229858
-0.019165039
0.067199707
0.01499176
0.067016602
0.11273193
0.022079468
0.03225708
-0.039276123
0.0085296631
0.071899414
-0.0055427551
0.11010742
-0.033203125
-0.049163818
0.064331055
0.14990234
0.1373291
-0.077575684
-0.053741455
0.1340332
0.0082015991
-0.051300049
-0.061279297
0.031585693
0.054626465
0.054199219
-0.048400879
0.075500488
0.07434082
-0.10699463
0.047546387
0.023788452
-0.053253174
-0.032562256
-0.053710938
0.097229004
0.061767578
0.051422119
0.059967041
-0.052581787
-0.060760498
-0.024703979
-0.0079269409
0.018249512
-0.096862793
-0.016189575
-0.036560059
0.051300049
0.092346191
0.067749023
-0.057067871
-0.021774292
0.05682373
-0.06463623
-0.065917969
-0.080444336
-0.058044434
0.055297852
-0.012023926
0.066955566
-0.0097808838
0.069885254
0.022171021
-0.051635742
0.055358887
-0.012237549
0.1161499
0.11706543
0.0058288574
0.035583496
-0.11706543
0.041534424
0.10455322
0.077209473
-0.033203125
-0.033355713
0.050109863
0.109375
-0.020370483
0.0033798218
-0.07800293
-0.062866211
0.012664795
0.050628662
0.13549805
-0.020431519
0.077819824
-4.3153763e-05
-0.0034122467
0.017730713
0.077331543
0.052093506
0.020614624
0.0031661987
0.035644531
0.030380249
0.13574219
0.066467285
-0.033630371
0.043273926
-0.067016602
0.03704834
0.069274902
0.079162598
0.1348877
0.1282959
-0.031585693
0.074035645
-0.0069389343
-0.070800781
-0.0037212372
0.070617676
0.076538086
0.062805176
-0.048339844
-0.073547363
0.078063965
-0.021682739
0.064758301
0.026824951
-0.0017814636
0.098571777
0.0056838989
0.015869141
-0.049224854
0.049591064
0.098266602
0.026229858
-0.019165039
0.067199707
0.01499176
0.067016602
0.11273193
0.022079468
0.03225708
-0.039276123
0.0085296631
0.071899414
-0.0055427551
0.11010742
-0.033203125
-0.049163818
0.064331055
0.14990234
0.1373291
-0.077575684
-0.053741455
0.1340332
0.0082015991
-0.051300049
-0.061279297
0.031585693
0.054626465
0.054199219
-0.048400879
0.075500488
0.07434082
-0.10699463
0.047546387
0.023788452
-0.053253174
-0.032562256
-0.053710938
0.097229004
0.061767578
0.051422119
0.059967041
-0.052581787
-0.060760498
-0.024703979
-0.0079269409
0.018249512
-0.096862793
-0.016189575
-0.036560059
0.051300049
0.092346191
0.067749023
-0.057067871
-0.021774292
0.05682373
-0.06463623
-0.065917969
-0.080444336
-0.058044434
0.055297852
-0.012023926
0.066955566
-0.0097808838
0.069885254
0.022171021
-0.051635742
0.055358887
-0.012237549
0.1161499
0.11706543
0.0058288574
0.035583496
-0.11706543
0.041534424
0.10455322
0.077209473
-0.033203125
-0.033355713
0.050109863
0.109375
-0.020370483
0.0033798218
-0.07800293
-0.062866211
0.012664795
0.050628662
0.13549805
-0.020431519
0.077819824
-4.3153763e-05
-0.0034122467
0.017730713
0.077331543
0.052093506
0.020614624
0.0031661987
0.035644531
0.030380249
0.13574219
0.066467285
-0.033630371
0.043273926
-0.067016602
0.03704834
0.069274902
0.079162598
0.1348877
0.1282959
-0.031585693
0.074035645
-0.0069389343
-0.070800781
-0.0037212372
0.070617676
0.076538086
0.062805176
-0.048339844
-0.073547363
0.078063965
-0.021682739
0.064758301
0.026824951
-0.0017814636
0.098571777
0.0056838989
0.015869141
-0.049224854
0.049591064
0.098266602
0.026229858
-0.019165039
0.067199707
0.01499176
0.067016602
0.11273193
0.022079468
0.03225708
-0.039276123
0.0085296631
0.071899414
-0.0055427551
0.11010742
-0.033203125
-0.049163818
0.064331055
0.14990234
0.1373291
-0.077575684
-0.053741455
0.1340332
0.0082015991
-0.051300049
-0.061279297
0.031585693
0.054626465
0.054199219
-0.048400879
0.075500488
0.07434082
-0.10699463
0.047546387
0.023788452
-0.053253174
-0.032562256
-0.053710938
0.097229004
0.061767578
0.051422119
0.059967041
-0.052581787
-0.060760498
-0.024703979
-0.0079269409
0.018249512
-0.096862793
-0.016189575
-0.036560059
0.051300049
0.092346191
0.067749023
-0.057067871
-0.021774292
0.05682373
-0.06463623
-0.065917969
-0.080444336
-0.058044434
0.055297852
-0.012023926
0.066955566
-0.0097808838
0.069885254
0.022171021
-0.051635742
0.055358887
-0.012237549
0.1161499
0.11706543
0.0058288574
0.035583496
-0.11706543
0.041534424
0.10455322
0.077209473
-0.033203125
-0.033355713
0.050109863
0.109375
-0.020370483
0.0033798218
-0.07800293
-0.062866211
0.012664795
0.050628662
0.13549805
-0.020431519
0.077819824
-4.3153763e-05
-0.0034122467
0.017730713
0.077331543
0.052093506
0.020614624
0.0031661987
0.035644531
0.030380249
0.13574219
0.066467285
-0.033630371
0.043273926
-0.067016602
0.03704834
0.069274902
0.079162598
0.1348877
0.1282959
-0.031585693
0.074035645
-0.0069389343
-0.070800781
-0.0037212372
0.070617676
0.076538086
0.062805176
-0.048339844
-0.073547363
0.078063965
-0.021682739
0.064758301
0.026824951
-0.0017814636
0.098571777
0.0056838989
0.015869141
-0.049224854
0.049591064
0.098266602
0.026229858
-0.019165039
0.067199707
0.01499176
0.067016602
0.11273193
0.022079468
0.03225708
-0.039276123
0.0085296631
0.071899414
-0.0055427551
0.11010742
-0.033203125
-0.049163818
0.064331055
0.14990234
0.1373291
-0.077575684
-0.053741455
0.1340332
0.0082015991
-0.051300049
-0.061279297
0.031585693
0.054626465
0.054199219
-0.048400879
0.075500488
0.07434082
-0.10699463
0.047546387
0.023788452
-0.053253174
-0.032562256
-0.053710938
0.097229004
0.061767578
0.051422119
0.059967041
-0.052581787
-0.060760498
-0.024703979
-0.0079269409
0.018249512
-0.096862793
-0.016189575
-0.036560059
0.051300049
0.092346191
0.067749023
-0.057067871
-0.021774292
0.05682373
-0.06463623
-0.065917969
-0.080444336
-0.058044434
0.055297852
-0.012023926
0.066955566
-0.0097808838
0.069885254
0.022171021
-0.051635742
0.055358887
-0.012237549
0.1161499
0.11706543
0.0058288574
0.035583496
-0.11706543
0.041534424
0.10455322
0.077209473
-0.033203125
-0.033355713
0.050109863
0.109375
-0.020370483
0.0033798218
-0.07800293
-0.062866211
0.012664795
0.050628662
0.13549805
