0.016601562
0.011611938
-0.044403076
-0.096984863
0.063903809
0.032287598
0.067626953
0.047393799
-0.0062065125
-0.043762207
-0.050628662
0.058380127
-0.050537109
0.0020446777
0.036712646
-0.031433105
0.081970215
0.051269531
0.020339966
0.0074310303
-0.0011177063
-0.045013428
-0.059967041
0.054290771
-0.023681641
0.01914978
0.088012695
-0.055114746
-0.015144348
0.081176758
-0.072692871
-0.07409668
-0.080749512
0.089233398
0.086730957
0.0049057007
-0.068725586
0.020706177
-0.070617676
0.0011453629
0.058380127
-0.037475586
0.091491699
-0.005065918
-0.054168701
-0.0063285828
-0.048431396
0.0038394928
-0.014724731
-0.063476562
-0.034332275
0.0546875
0.087890625
-0.0076255798
0.073059082
0.058624268
-0.019439697
0.0093383789
0.038543701
0.080749512
-0.037261963
-0.069274902
-0.062866211
0.013015747
0.0051307678
-0.050048828
0.042236328
0.060089111
-0.020965576
0.086181641
-0.04574585
-0.043334961
0.061279297
0.085266113
-0.01071167
-0.028656006
-0.033691406
0.018875122
-0.034606934
-0.019363403
-0.041870117
0.067382812
0.080383301
-0.01525116
0.038879395
-0.066589355
0.041900635
-0.014419556
-0.016311646
-0.029968262
0.022537231
-0.025222778
0.0043907166
0.080627441
0.053497314
-0.039825439
0.076660156
-0.027526855
-0.055297852
0.023284912
0.01991272
-0.061798096
0.090393066
-0.057159424
-0.032287598
-0.024658203
0.076538086
0.04498291
-0.071472168
0.035491943
-0.037811279
0.083068848
0.012664795
-0.072998047
-0.052612305
-0.028457642
0.03112793
0.056030273
0.065734863
-0.065246582
-0.032073975
0.041381836
0.071411133
0.066223145
0.015335083
-0.053863525
-0.042663574
0.048736572
