-0.065246582
-0.085327148
0.031234741
-0.0032672882
0.012947083
-0.017776489
-0.020797729
0.04385376
-0.0053787231
0.027526855
-0.085021973
0.036834717
0.026550293
-0.027923584
0.079467773
-0.0574646
0.019668579
0.076477051
-0.018478394
-0.023269653
-0.059631348
0.0092468262
-0.026672363
0.021087646
0.012649536
-0.073974609
-0.000207901
0.06048584
-0.064819336
0.028930664
0.072387695
0.028213501
0.025054932
-0.001914978
0.014854431
-0.04309082
0.029052734
0.067443848
0.03894043
0.065734863
0.074768066
0.010612488
0.045837402
-0.0064964294
0.023773193
-0.055725098
0.048248291
-0.04977417
0.014633179
-0.017471313
-0.072937012
0.048675537
0.068908691
0.025634766
0.029830933
-0.077148438
-0.056945801
-0.01914978
0.05279541
-0.046813965
0.055847168
0.053588867
-0.026290894
-0.084411621
0.012702942
-0.024032593
0.057006836
0.026901245
0.036956787
0.042236328
0.049316406
0.022979736
-0.027236938
-0.069580078
0.0063972473
0.031585693
0.048187256
-0.073181152
0.070556641
0.039428711
0.029571533
0.025497437
-0.020523071
-0.079956055
-0.051361084
0.056640625
0.084655762
0.07800293
0.0033493042
0.049102783
-0.0048408508
-0.06036377
0.047485352
0.029846191
-0.021606445
-0.0073509216
-0.069580078
-0.072509766
-0.001414299
-0.062286377
-0.052612305
-0.013771057
-0.080810547
0.0390625
-0.071960449
0.061431885
-0.050415039
-0.045562744
-0.037597656
0.07208252
-0.020782471
-0.029449463
-0.06048584
0.010864258
-0.034179688
0.069458008
-0.027191162
0.0093154907
-0.056396484
-0.060516357
0.015525818
0.071716309
0.026504517
0.055847168
-0.028381348
-0.021102905
0.018310547
-0.061706543
