0.47143555
-0.041534424
0.19519043
-0.0013790131
0.0088043213
0.31713867
-0.027603149
-0.014984131
0.56640625
0.26416016
-0.042785645
0.24194336
0.11828613
0.12841797
0.15576172
0.45458984
0.14916992
0.32202148
0.10455322
-0.036560059
0.29589844
0.88964844
0.54052734
0.048553467
-0.031280518
-0.010185242
-0.020446777
-0.014533997
0.073120117
-0.0029411316
0.28686523
-0.019714355
-0.0131073
-0.00091362
0.036071777
0.19995117
-0.039367676
0.10595703
0.22998047
-2.4557114e-05
0.50488281
-0.0092315674
0.15429688
0.45825195
0.50830078
-0.0069313049
0.15283203
-0.035949707
0.54101562
-0.0057067871
0.1005249
-0.0043296814
0.16894531
0.051330566
0.38769531
-0.00058269501
-0.045166016
-0.045959473
0.57128906
-0.034637451
-0.0084533691
0.43139648
0.51074219
0.13513184
-0.017974854
0.51660156
0.032104492
0.65136719
0.21728516
-0.01234436
-0.02835083
0.090637207
-7.7188015e-05
-0.0099258423
0.034545898
-0.0094299316
0.11083984
-0.015609741
0.094238281
-0.015441895
-0.023391724
0.36523438
-0.019454956
0.34179688
-0.0092315674
0.25073242
-0.0099411011
-0.0095443726
0.10406494
0.40185547
0.16320801
-0.021347046
0.24865723
-0.0053329468
-0.0082778931
0.2076416
0.33520508
-0.021560669
-0.013793945
-0.037689209
-0.013778687
0.18359375
0.13305664
0.18261719
-0.02796936
-0.0019321442
-0.019561768
-0.020111084
0.15515137
-0.039245605
0.052185059
0.011634827
-0.038879395
0.030975342
0.33496094
-0.00047588348
0.68554688
-0.0036411285
0.2980957
0.44360352
0.036773682
-0.0094070435
-0.028869629
0.4140625
-0.015472412
-0.022888184
0.065734863
0.18054199
0.27416992
-0.031890869
0.085571289
-0.003320694
-0.0056381226
0.15454102
-0.011619568
-0.0085754395
0.32861328
0.28125
-0.026275635
0.17749023
0.17541504
0.063659668
0.1697998
0.28662109
0.19262695
0.18054199
0.041412354
-0.023910522
0.18481445
0.49316406
0.39038086
0.05670166
-0.022247314
-0.0091934204
-0.011795044
-0.0057792664
0.092590332
-0.00066375732
0.13391113
-0.010314941
-0.008392334
-0.0011091232
0.062683105
0.12023926
-0.021240234
0.092285156
0.15637207
0.10791016
0.4621582
0.013961792
0.15429688
0.23632812
0.33520508
-0.0046195984
0.13012695
-0.023742676
0.41259766
0.029464722
-0.0024147034
-0.0017080307
0.12634277
-0.0029373169
0.25146484
-0.0013427734
-0.031646729
-0.020843506
0.36450195
-0.031005859
0.05355835
0.25512695
0.26977539
0.057312012
0.0047111511
0.2208252
0.13598633
0.33520508
0.045013428
0.011054993
-0.016952515
0.11932373
-0.0045700073
-0.0129776
0.14147949
-0.0046882629
0.097167969
-0.012176514
0.080932617
0.067077637
-0.010276794
0.21130371
-0.008102417
0.14624023
-0.0060424805
0.14526367
0.04498291
0.029647827
0.028488159
0.22094727
-0.0025539398
-0.0080947876
0.14208984
0.027984619
-0.018112183
0.23999023
0.16162109
-0.0085983276
-0.01550293
-0.031829834
-0.0072021484
0.11199951
0.063659668
0.1361084
-0.017608643
0.069763184
-0.017593384
-0.0043296814
0.043121338
-0.01902771
0.069335938
-0.00095653534
-0.019073486
0.026153564
0.14489746
0.097351074
0.35620117
-0.0090637207
0.14648438
0.32299805
0.01386261
0.03604126
-0.015625
0.26123047
-0.0012702942
-0.017181396
0.080993652
0.11450195
0.14477539
-0.029907227
-0.0018911362
-0.007484436
-0.0041046143
0.049530029
0.0030441284
-0.0069084167
0.1340332
0.16442871
-0.016296387
0.067382812
0.21398926
-0.0037841797
0.23217773
0.086303711
0.18762207
0.14807129
0.098449707
-0.018417358
0.065490723
0.25244141
0.22119141
0.04107666
-0.026123047
-0.01008606
-0.0060119629
-0.0023860931
0.066345215
-0.0044708252
0.08795166
0.01461792
-3.9637089e-05
-0.0078010559
0.058990479
0.0440979
-0.006729126
0.088012695
0.082397461
0.091186523
0.37817383
0.13708496
0.062683105
0.16479492
0.17492676
0.024261475
-0.001162529
-0.012908936
0.29150391
0.17834473
-0.0095062256
0.012161255
0.040039062
-0.0048904419
0.2322998
-0.0055274963
-0.028427124
-0.0047302246
0.22595215
-0.019973755
0.15795898
0.11804199
0.21105957
0.010314941
0.22497559
0.042541504
0.32714844
0.079223633
0.040222168
0.046600342
-0.0026340485
0.21020508
-0.0049438477
-0.01473999
0.23425293
-0.0047912598
-0.0023880005
-0.0084915161
0.2130127
0.22460938
-0.006690979
0.1328125
0.038543701
0.066162109
-0.0004799366
0.040618896
0.17700195
0.13012695
-0.0016136169
0.22692871
-0.012649536
-0.0082778931
0.04385376
0.054016113
-0.026168823
0.29614258
0.0072593689
-0.0064582825
-0.010070801
-0.018096924
-0.00024652481
0.066162109
-0.011528015
0.067749023
0.004108429
0.3190918
-0.015655518
-0.00035810471
0.0026302338
-0.0076217651
0.041748047
-0.008682251
0.0010452271
0.12072754
0.030944824
0.2298584
0.1505127
-0.01574707
0.032470703
0.10235596
0.052978516
0.25927734
-0.010375977
0.18444824
0.073059082
-0.0089874268
0.22399902
0.017593384
0.14477539
-0.029907227
-0.0018911362
-0.007484436
-0.0041046143
0.049530029
0.0030441284
-0.0069084167
0.1340332
0.16442871
-0.016296387
0.067382812
0.21398926
-0.0037841797
0.23217773
0.086303711
0.18762207
0.14807129
0.098449707
-0.018417358
0.065490723
0.25244141
0.22119141
0.04107666
-0.026123047
-0.01008606
-0.0060119629
-0.0023860931
0.066345215
-0.0044708252
0.08795166
0.01461792
-3.9637089e-05
-0.0078010559
0.058990479
0.0440979
-0.006729126
0.088012695
0.082397461
0.091186523
0.37817383
0.13708496
0.062683105
0.16479492
0.17492676
0.024261475
-0.001162529
-0.012908936
0.29150391
0.17834473
-0.0095062256
0.012161255
0.040039062
-0.0048904419
0.2322998
-0.0055274963
-0.028427124
-0.0047302246
0.22595215
-0.019973755
0.15795898
0.11804199
0.21105957
0.010314941
0.22497559
0.042541504
0.32714844
0.079223633
0.040222168
0.046600342
-0.0026340485
0.21020508
-0.0049438477
-0.01473999
0.23425293
-0.0047912598
-0.0023880005
-0.0084915161
0.2130127
0.22460938
-0.006690979
0.1328125
0.038543701
0.066162109
-0.0004799366
0.040618896
0.17700195
0.13012695
-0.0016136169
0.22692871
-0.012649536
-0.0082778931
0.04385376
0.054016113
-0.026168823
0.29614258
0.0072593689
-0.0064582825
-0.010070801
-0.018096924
-0.00024652481
0.066162109
-0.011528015
0.067749023
0.004108429
0.3190918
-0.015655518
-0.00035810471
0.0026302338
-0.0076217651
0.041748047
-0.008682251
0.0010452271
0.12072754
0.030944824
0.2298584
0.1505127
-0.01574707
0.032470703
0.10235596
0.052978516
0.25927734
-0.010375977
0.18444824
0.073059082
-0.0089874268
0.22399902
0.017593384
0.14477539
-0.029907227
-0.0018911362
-0.007484436
-0.0041046143
0.049530029
0.0030441284
-0.0069084167
0.1340332
0.16442871
-0.016296387
0.067382812
0.21398926
-0.0037841797
0.23217773
0.086303711
0.18762207
0.14807129
0.098449707
-0.018417358
0.065490723
0.25244141
0.22119141
0.04107666
-0.026123047
-0.01008606
-0.0060119629
-0.0023860931
0.066345215
-0.0044708252
0.08795166
0.01461792
-3.9637089e-05
-0.0078010559
0.058990479
0.0440979
-0.006729126
0.088012695
0.082397461
0.091186523
0.37817383
0.13708496
0.062683105
0.16479492
0.17492676
0.024261475
-0.001162529
-0.012908936
0.29150391
0.17834473
-0.0095062256
0.012161255
0.040039062
-0.0048904419
0.2322998
-0.0055274963
-0.028427124
-0.0047302246
0.22595215
-0.019973755
0.15795898
0.11804199
0.21105957
0.010314941
0.22497559
0.042541504
0.32714844
0.079223633
0.040222168
0.046600342
-0.0026340485
0.21020508
-0.0049438477
-0.01473999
0.23425293
-0.0047912598
-0.0023880005
-0.0084915161
0.2130127
0.22460938
-0.006690979
0.1328125
0.038543701
0.066162109
-0.0004799366
0.040618896
0.17700195
0.13012695
-0.0016136169
0.22692871
-0.012649536
-0.0082778931
0.04385376
0.054016113
-0.026168823
0.29614258
0.0072593689
-0.0064582825
-0.010070801
-0.018096924
-0.00024652481
0.066162109
-0.011528015
0.067749023
0.004108429
0.3190918
-0.015655518
-0.00035810471
0.0026302338
-0.0076217651
0.041748047
-0.008682251
0.0010452271
0.12072754
0.030944824
0.2298584
0.1505127
-0.01574707
0.032470703
0.10235596
0.052978516
0.25927734
-0.010375977
0.18444824
0.073059082
-0.0089874268
0.22399902
0.017593384
0.14477539
-0.029907227
-0.0018911362
-0.007484436
-0.0041046143
0.049530029
0.0030441284
-0.0069084167
0.1340332
0.16442871
-0.016296387
0.067382812
0.21398926
-0.0037841797
0.23217773
0.086303711
0.18762207
0.14807129
0.098449707
-0.018417358
0.065490723
0.25244141
0.22119141
0.04107666
-0.026123047
-0.01008606
-0.0060119629
-0.0023860931
0.066345215
-0.0044708252
0.08795166
0.01461792
-3.9637089e-05
-0.0078010559
0.058990479
0.0440979
-0.006729126
0.088012695
0.082397461
0.091186523
0.37817383
0.13708496
0.062683105
0.16479492
0.17492676
0.024261475
-0.001162529
-0.012908936
0.29150391
0.17834473
-0.0095062256
0.012161255
0.040039062
-0.0048904419
0.2322998
-0.0055274963
-0.028427124
-0.0047302246
0.22595215
-0.019973755
0.15795898
0.11804199
0.21105957
0.010314941
0.22497559
0.042541504
0.32714844
0.079223633
0.040222168
0.046600342
-0.0026340485
0.21020508
-0.0049438477
-0.01473999
0.23425293
-0.0047912598
-0.0023880005
-0.0084915161
0.2130127
0.22460938
-0.006690979
0.1328125
0.038543701
0.066162109
-0.0004799366
0.040618896
0.17700195
0.13012695
-0.0016136169
0.22692871
-0.012649536
-0.0082778931
0.04385376
0.054016113
-0.026168823
0.29614258
0.0072593689
-0.0064582825
-0.010070801
-0.018096924
-0.00024652481
0.066162109
-0.011528015
0.067749023
0.004108429
0.3190918
-0.015655518
-0.00035810471
0.0026302338
-0.0076217651
0.041748047
-0.008682251
0.0010452271
0.12072754
0.030944824
0.2298584
0.1505127
-0.01574707
0.032470703
0.10235596
0.052978516
0.25927734
-0.010375977
0.18444824
0.073059082
-0.0089874268
0.22399902
0.017593384
0.14477539
-0.029907227
-0.0018911362
-0.007484436
-0.0041046143
0.049530029
0.0030441284
-0.0069084167
0.1340332
0.16442871
-0.016296387
0.067382812
0.21398926
-0.0037841797
0.23217773
0.086303711
0.18762207
0.14807129
0.098449707
-0.018417358
0.065490723
0.25244141
0.22119141
0.04107666
-0.026123047
-0.01008606
-0.0060119629
-0.0023860931
0.066345215
-0.0044708252
0.08795166
0.01461792
-3.9637089e-05
-0.0078010559
0.058990479
0.0440979
-0.006729126
0.088012695
0.082397461
0.091186523
0.37817383
0.13708496
0.062683105
0.16479492
0.17492676
0.024261475
-0.001162529
-0.012908936
0.29150391
0.17834473
-0.0095062256
0.012161255
0.040039062
-0.0048904419
0.2322998
-0.0055274963
-0.028427124
-0.0047302246
0.22595215
-0.019973755
0.15795898
0.11804199
0.21105957
0.010314941
0.22497559
0.042541504
0.32714844
0.079223633
0.040222168
0.046600342
-0.0026340485
0.21020508
-0.0049438477
-0.01473999
0.23425293
-0.0047912598
-0.0023880005
-0.0084915161
0.2130127
0.22460938
-0.006690979
0.1328125
0.038543701
0.066162109
-0.0004799366
0.040618896
0.17700195
0.13012695
-0.0016136169
0.22692871
-0.012649536
-0.0082778931
0.04385376
0.054016113
-0.026168823
0.29614258
0.0072593689
-0.0064582825
-0.010070801
-0.018096924
-0.00024652481
0.066162109
-0.011528015
0.067749023
0.004108429
0.3190918
-0.015655518
-0.00035810471
0.0026302338
-0.0076217651
0.041748047
-0.008682251
0.0010452271
0.12072754
0.030944824
0.2298584
0.1505127
-0.01574707
0.032470703
0.10235596
0.052978516
0.25927734
-0.010375977
0.18444824
0.073059082
-0.0089874268
0.22399902
0.017593384
0.14477539
-0.029907227
-0.0018911362
-0.007484436
-0.0041046143
0.049530029
0.0030441284
-0.0069084167
0.1340332
0.16442871
-0.016296387
0.067382812
0.21398926
-0.0037841797
0.23217773
0.086303711
0.18762207
0.14807129
0.098449707
-0.018417358
0.065490723
0.25244141
0.22119141
0.04107666
-0.026123047
-0.01008606
-0.0060119629
-0.0023860931
0.066345215
-0.0044708252
0.08795166
0.01461792
-3.9637089e-05
-0.0078010559
0.058990479
0.0440979
-0.006729126
0.088012695
0.082397461
0.091186523
0.37817383
0.13708496
0.062683105
0.16479492
0.17492676
0.024261475
-0.001162529
-0.012908936
0.29150391
0.17834473
-0.0095062256
0.012161255
0.040039062
-0.0048904419
0.2322998
-0.0055274963
-0.028427124
-0.0047302246
0.22595215
-0.019973755
0.15795898
0.11804199
0.21105957
0.010314941
0.22497559
0.042541504
0.32714844
0.079223633
0.040222168
0.046600342
-0.0026340485
0.21020508
-0.0049438477
-0.01473999
0.23425293
-0.0047912598
-0.0023880005
-0.0084915161
0.2130127
0.22460938
-0.006690979
0.1328125
0.038543701
0.066162109
-0.0004799366
0.040618896
0.17700195
0.13012695
-0.0016136169
0.22692871
-0.012649536
-0.0082778931
0.04385376
0.054016113
-0.026168823
0.29614258
0.0072593689
-0.0064582825
-0.010070801
-0.018096924
-0.00024652481
0.066162109
-0.011528015
0.067749023
0.004108429
0.3190918
-0.015655518
-0.00035810471
0.0026302338
-0.0076217651
0.041748047
-0.008682251
0.0010452271
0.12072754
0.030944824
0.2298584
0.1505127
-0.01574707
0.032470703
0.10235596
0.052978516
0.25927734
-0.010375977
0.18444824
0.073059082
-0.0089874268
0.22399902
0.017593384
0.024398804
-0.016204834
-0.00027656555
-0.0019741058
-0.0026493073
0.0092697144
-0.0024185181
-0.0020866394
0.049926758
0.076904297
-0.011894226
0.034912109
0.11877441
-0.0026283264
0.17700195
-0.00075435638
0.081420898
0.095214844
0.022918701
-0.0092697144
-0.0034294128
0.098388672
0.058563232
0.047637939
-0.014961243
-0.00831604
-0.0010595322
0.042907715
-0.0030231476
0.030548096
0.075866699
0.039154053
0.044219971
-0.0022449493
0.062744141
0.00058412552
-0.0024280548
0.045043945
0.029647827
0.067932129
0.16931152
0.081970215
0.036315918
0.048706055
0.091674805
-0.0038700104
0.028747559
-0.0085525513
0.12139893
0.084289551
-0.0081481934
0.024032593
0.049560547
0.012199402
0.11828613
-0.006061554
-0.015518188
-0.0025119781
0.1307373
-0.014434814
0.12097168
0.073669434
0.067260742
-0.0057067871
0.10241699
0.026046753
0.17211914
0.067199707
0.047912598
0.039276123
0.034790039
0.11773682
-0.0031414032
-0.011833191
0.10327148
-0.00085115433
0.0064849854
-0.0078735352
0.14501953
0.11358643
-0.0027656555
0.071777344
0.0080184937
-0.0030593872
0.0050315857
0.057891846
0.11633301
0.10913086
-0.0031681061
0.1307373
-0.0076179504
-0.0048141479
0.020446777
0.045776367
-0.012199402
0.13598633
-0.0020942688
-0.0054473877
-0.0035133362
-0.011787415
-0.0045700073
-0.00016403198
-0.0096130371
0.074829102
-0.0011310577
0.18041992
-0.009147644
-0.002204895
-0.00067424774
0.040283203
0.010726929
-0.0064964294
-0.001698494
0.040893555
-0.0010070801
0.13366699
0.020645142
-0.010177612
-0.0036678314
-0.00017678738
0.054107666
0.16748047
-0.0043983459
0.096557617
0.0076408386
-0.005191803
0.077514648
-0.0046844482
-0.0038299561
-0.010879517
0.015106201
0.0010242462
-0.0009803772
0.0030975342
-0.0049819946
0.005695343
0.01411438
0.028518677
-0.0092468262
0.021728516
0.066345215
-0.001499176
0.14172363
-0.0042381287
0.031219482
0.079040527
-0.00083875656
-0.0068702698
-0.0064277649
0.030426025
-0.0018472672
0.059295654
-0.0082397461
-0.0079574585
0.012519836
0.064758301
-0.0066566467
0.051147461
0.079467773
0.052429199
0.050720215
-3.1709671e-05
0.04989624
-0.00081729889
-0.00021576881
0.026855469
0.003156662
0.04486084
0.06842041
0.034362793
0.020904541
0.0087051392
0.045379639
-0.0063171387
0.031799316
-0.0054702759
0.036865234
0.036712646
-0.0070037842
0.036224365
0.056854248
0.034576416
0.07623291
-0.0075454712
-0.010223389
-0.0026512146
0.091308594
-0.011421204
0.10058594
0.062164307
0.022567749
-0.0077972412
0.043609619
0.024612427
0.10931396
0.060241699
0.05166626
0.041412354
0.059509277
0.058898926
-0.0022296906
-0.010635376
0.04119873
0.010444641
0.020355225
-0.0092697144
0.10345459
0.071228027
-0.00033187866
0.051757812
-0.0012607574
-0.005821228
0.0087051392
0.067199707
0.089904785
0.10357666
-0.001832962
0.090698242
-0.005355835
-0.0036468506
0.020858765
0.03793335
-0.0052757263
0.051361084
-0.0026607513
-0.0039710999
-0.0010890961
-0.0090713501
-0.0049781799
-0.0034770966
-0.0098571777
0.07019043
-0.0025882721
0.1027832
-0.0063934326
-0.0039100647
-0.0012559891
0.071899414
-0.0018177032
-0.0051078796
-0.0031967163
0.0050010681
-0.0016469955
0.09185791
-0.0014429092
-0.0073394775
-0.0056114197
-0.0043334961
0.062805176
0.11462402
-0.00068473816
0.061248779
-0.002155304
-0.0022182465
0.028793335
-0.006652832
-0.0038299561
-0.010879517
0.015106201
0.0010242462
-0.0009803772
0.0030975342
-0.0049819946
0.005695343
0.01411438
0.028518677
-0.0092468262
0.021728516
0.066345215
-0.001499176
0.14172363
-0.0042381287
0.031219482
0.079040527
-0.00083875656
-0.0068702698
-0.0064277649
0.030426025
-0.0018472672
0.059295654
-0.0082397461
-0.0079574585
0.012519836
0.064758301
-0.0066566467
0.051147461
0.079467773
0.052429199
0.050720215
-3.1709671e-05
0.04989624
-0.00081729889
-0.00021576881
0.026855469
0.003156662
0.04486084
0.06842041
0.034362793
0.020904541
0.0087051392
0.045379639
-0.0063171387
0.031799316
-0.0054702759
0.036865234
0.036712646
-0.0070037842
0.036224365
0.056854248
0.034576416
0.07623291
-0.0075454712
-0.010223389
-0.0026512146
0.091308594
-0.011421204
0.10058594
0.062164307
0.022567749
-0.0077972412
0.043609619
0.024612427
0.10931396
0.060241699
0.05166626
0.041412354
0.059509277
0.058898926
-0.0022296906
-0.010635376
0.04119873
0.010444641
0.020355225
-0.0092697144
0.10345459
0.071228027
-0.00033187866
0.051757812
-0.0012607574
-0.005821228
0.0087051392
0.067199707
0.089904785
0.10357666
-0.001832962
0.090698242
-0.005355835
-0.0036468506
0.020858765
0.03793335
-0.0052757263
0.051361084
-0.0026607513
-0.0039710999
-0.0010890961
-0.0090713501
-0.0049781799
-0.0034770966
-0.0098571777
0.07019043
-0.0025882721
0.1027832
-0.0063934326
-0.0039100647
-0.0012559891
0.071899414
-0.0018177032
-0.0051078796
-0.0031967163
0.0050010681
-0.0016469955
0.09185791
-0.0014429092
-0.0073394775
-0.0056114197
-0.0043334961
0.062805176
0.11462402
-0.00068473816
0.061248779
-0.002155304
-0.0022182465
0.028793335
-0.006652832
-0.0038299561
-0.010879517
0.015106201
0.0010242462
-0.0009803772
0.0030975342
-0.0049819946
0.005695343
0.01411438
0.028518677
-0.0092468262
0.021728516
0.066345215
-0.001499176
0.14172363
-0.0042381287
0.031219482
0.079040527
-0.00083875656
-0.0068702698
-0.0064277649
0.030426025
-0.0018472672
0.059295654
-0.0082397461
-0.0079574585
0.012519836
0.064758301
-0.0066566467
0.051147461
0.079467773
0.052429199
0.050720215
-3.1709671e-05
0.04989624
-0.00081729889
-0.00021576881
0.026855469
0.003156662
0.04486084
0.06842041
0.034362793
0.020904541
0.0087051392
0.045379639
-0.0063171387
0.031799316
-0.0054702759
0.036865234
0.036712646
-0.0070037842
0.036224365
0.056854248
0.034576416
0.07623291
-0.0075454712
-0.010223389
-0.0026512146
0.091308594
-0.011421204
0.10058594
0.062164307
0.022567749
-0.0077972412
0.043609619
0.024612427
0.10931396
0.060241699
0.05166626
0.041412354
0.059509277
0.058898926
-0.0022296906
-0.010635376
0.04119873
0.010444641
0.020355225
-0.0092697144
0.10345459
0.071228027
-0.00033187866
0.051757812
-0.0012607574
-0.005821228
0.0087051392
0.067199707
0.089904785
0.10357666
-0.001832962
0.090698242
-0.005355835
-0.0036468506
0.020858765
0.03793335
-0.0052757263
0.051361084
-0.0026607513
-0.0039710999
-0.0010890961
-0.0090713501
-0.0049781799
-0.0034770966
-0.0098571777
0.07019043
-0.0025882721
0.1027832
-0.0063934326
-0.0039100647
-0.0012559891
0.071899414
-0.0018177032
-0.0051078796
-0.0031967163
0.0050010681
-0.0016469955
0.09185791
-0.0014429092
-0.0073394775
-0.0056114197
-0.0043334961
0.062805176
0.11462402
-0.00068473816
0.061248779
-0.002155304
-0.0022182465
0.028793335
-0.006652832
-0.0038299561
-0.010879517
0.015106201
0.0010242462
-0.0009803772
0.0030975342
-0.0049819946
0.005695343
0.01411438
0.028518677
-0.0092468262
0.021728516
0.066345215
-0.001499176
0.14172363
-0.0042381287
0.031219482
0.079040527
-0.00083875656
-0.0068702698
-0.0064277649
0.030426025
-0.0018472672
0.059295654
-0.0082397461
-0.0079574585
0.012519836
0.064758301
-0.0066566467
0.051147461
0.079467773
0.052429199
0.050720215
-3.1709671e-05
0.04989624
-0.00081729889
-0.00021576881
0.026855469
0.003156662
0.04486084
0.06842041
0.034362793
0.020904541
0.0087051392
0.045379639
-0.0063171387
0.031799316
-0.0054702759
0.036865234
0.036712646
-0.0070037842
0.036224365
0.056854248
0.034576416
0.07623291
-0.0075454712
-0.010223389
-0.0026512146
0.091308594
-0.011421204
0.10058594
0.062164307
0.022567749
-0.0077972412
0.043609619
0.024612427
0.10931396
0.060241699
0.05166626
0.041412354
0.059509277
0.058898926
-0.0022296906
-0.010635376
0.04119873
0.010444641
0.020355225
-0.0092697144
0.10345459
0.071228027
-0.00033187866
0.051757812
-0.0012607574
-0.005821228
0.0087051392
0.067199707
0.089904785
0.10357666
-0.001832962
0.090698242
-0.005355835
-0.0036468506
0.020858765
0.03793335
-0.0052757263
0.051361084
-0.0026607513
-0.0039710999
-0.0010890961
-0.0090713501
-0.0049781799
-0.0034770966
-0.0098571777
0.07019043
-0.0025882721
0.1027832
-0.0063934326
-0.0039100647
-0.0012559891
0.071899414
-0.0018177032
-0.0051078796
-0.0031967163
0.0050010681
-0.0016469955
0.09185791
-0.0014429092
-0.0073394775
-0.0056114197
-0.0043334961
0.062805176
0.11462402
-0.00068473816
0.061248779
-0.002155304
-0.0022182465
0.028793335
-0.006652832
-0.0038299561
-0.010879517
0.015106201
0.0010242462
-0.0009803772
0.0030975342
-0.0049819946
0.005695343
0.01411438
0.028518677
-0.0092468262
0.021728516
0.066345215
-0.001499176
0.14172363
-0.0042381287
0.031219482
0.079040527
-0.00083875656
-0.0068702698
-0.0064277649
0.030426025
-0.0018472672
0.059295654
-0.0082397461
-0.0079574585
0.012519836
0.064758301
-0.0066566467
0.051147461
0.079467773
0.052429199
0.050720215
-3.1709671e-05
0.04989624
-0.00081729889
-0.00021576881
0.026855469
0.003156662
0.04486084
0.06842041
0.034362793
0.020904541
0.0087051392
0.045379639
-0.0063171387
0.031799316
-0.0054702759
0.036865234
0.036712646
-0.0070037842
0.036224365
0.056854248
0.034576416
0.07623291
-0.0075454712
-0.010223389
-0.0026512146
0.091308594
-0.011421204
0.10058594
0.062164307
0.022567749
-0.0077972412
0.043609619
0.024612427
0.10931396
0.060241699
0.05166626
0.041412354
0.059509277
0.058898926
-0.0022296906
-0.010635376
0.04119873
0.010444641
0.020355225
-0.0092697144
0.10345459
0.071228027
-0.00033187866
0.051757812
-0.0012607574
-0.005821228
0.0087051392
0.067199707
0.089904785
0.10357666
-0.001832962
0.090698242
-0.005355835
-0.0036468506
0.020858765
0.03793335
-0.0052757263
0.051361084
-0.0026607513
-0.0039710999
-0.0010890961
-0.0090713501
-0.0049781799
-0.0034770966
-0.0098571777
0.07019043
-0.0025882721
0.1027832
-0.0063934326
-0.0039100647
-0.0012559891
0.071899414
-0.0018177032
-0.0051078796
-0.0031967163
0.0050010681
-0.0016469955
0.09185791
-0.0014429092
-0.0073394775
-0.0056114197
-0.0043334961
0.062805176
0.11462402
-0.00068473816
0.061248779
-0.002155304
-0.0022182465
0.028793335
-0.006652832
-0.0038299561
-0.010879517
0.015106201
0.0010242462
-0.0009803772
0.0030975342
-0.0049819946
0.005695343
0.01411438
0.028518677
-0.0092468262
0.021728516
0.066345215
-0.001499176
0.14172363
-0.0042381287
0.031219482
0.079040527
-0.00083875656
-0.0068702698
-0.0064277649
0.030426025
-0.0018472672
0.059295654
-0.0082397461
-0.0079574585
0.012519836
0.064758301
-0.0066566467
0.051147461
0.079467773
0.052429199
0.050720215
-3.1709671e-05
0.04989624
-0.00081729889
-0.00021576881
0.026855469
0.003156662
0.04486084
0.06842041
0.034362793
0.020904541
0.0087051392
0.045379639
-0.0063171387
0.031799316
-0.0054702759
0.036865234
0.036712646
-0.0070037842
0.036224365
0.056854248
0.034576416
0.07623291
-0.0075454712
-0.010223389
-0.0026512146
0.091308594
-0.011421204
0.10058594
0.062164307
0.022567749
-0.0077972412
0.043609619
0.024612427
0.10931396
0.060241699
0.05166626
0.041412354
0.059509277
0.058898926
-0.0022296906
-0.010635376
0.04119873
0.010444641
0.020355225
-0.0092697144
0.10345459
0.071228027
-0.00033187866
0.051757812
-0.0012607574
-0.005821228
0.0087051392
0.067199707
0.089904785
0.10357666
-0.001832962
0.090698242
-0.005355835
-0.0036468506
0.020858765
0.03793335
-0.0052757263
0.051361084
-0.0026607513
-0.0039710999
-0.0010890961
-0.0090713501
-0.0049781799
-0.0034770966
-0.0098571777
0.07019043
-0.0025882721
0.1027832
-0.0063934326
-0.0039100647
-0.0012559891
0.071899414
-0.0018177032
-0.0051078796
-0.0031967163
0.0050010681
-0.0016469955
0.09185791
-0.0014429092
-0.0073394775
-0.0056114197
-0.0043334961
0.062805176
0.11462402
-0.00068473816
0.061248779
-0.002155304
-0.0022182465
0.028793335
-0.006652832
-0.0038299561
-0.010879517
0.015106201
0.0010242462
-0.0009803772
0.0030975342
-0.0049819946
0.005695343
0.01411438
0.028518677
-0.0092468262
0.021728516
0.066345215
-0.001499176
0.14172363
-0.0042381287
0.031219482
0.079040527
-0.00083875656
-0.0068702698
-0.0064277649
0.030426025
-0.0018472672
0.059295654
-0.0082397461
-0.0079574585
0.012519836
0.064758301
-0.0066566467
0.051147461
0.079467773
0.052429199
0.050720215
-3.1709671e-05
0.04989624
-0.00081729889
-0.00021576881
0.026855469
0.003156662
0.04486084
0.06842041
0.034362793
0.020904541
0.0087051392
0.045379639
-0.0063171387
0.031799316
-0.0054702759
0.036865234
0.036712646
-0.0070037842
0.036224365
0.056854248
0.034576416
0.07623291
-0.0075454712
-0.010223389
-0.0026512146
0.091308594
-0.011421204
0.10058594
0.062164307
0.022567749
-0.0077972412
0.043609619
0.024612427
0.10931396
0.060241699
0.05166626
0.041412354
0.059509277
0.058898926
-0.0022296906
-0.010635376
0.04119873
0.010444641
0.020355225
-0.0092697144
0.10345459
0.071228027
-0.00033187866
0.051757812
-0.0012607574
-0.005821228
0.0087051392
0.067199707
0.089904785
0.10357666
-0.001832962
0.090698242
-0.005355835
-0.0036468506
0.020858765
0.03793335
-0.0052757263
0.051361084
-0.0026607513
-0.0039710999
-0.0010890961
-0.0090713501
-0.0049781799
-0.0034770966
-0.0098571777
0.07019043
-0.0025882721
0.1027832
-0.0063934326
-0.0039100647
-0.0012559891
0.071899414
-0.0018177032
-0.0051078796
-0.0031967163
0.0050010681
-0.0016469955
0.09185791
-0.0014429092
-0.0073394775
-0.0056114197
-0.0043334961
0.062805176
0.11462402
-0.00068473816
0.061248779
-0.002155304
-0.0022182465
0.028793335
-0.006652832
-0.0038299561
-0.010879517
0.015106201
0.0010242462
-0.0009803772
0.0030975342
-0.0049819946
0.005695343
0.01411438
0.028518677
-0.0092468262
0.021728516
0.066345215
-0.001499176
0.14172363
-0.0042381287
0.031219482
0.079040527
-0.00083875656
-0.0068702698
-0.0064277649
0.030426025
-0.0018472672
0.059295654
-0.0082397461
-0.0079574585
0.012519836
0.064758301
-0.0066566467
0.051147461
0.079467773
0.052429199
0.050720215
-3.1709671e-05
0.04989624
-0.00081729889
-0.00021576881
0.026855469
0.003156662
0.04486084
0.06842041
0.034362793
0.020904541
0.0087051392
0.045379639
-0.0063171387
0.031799316
-0.0054702759
0.036865234
0.036712646
-0.0070037842
0.036224365
0.056854248
0.034576416
0.07623291
-0.0075454712
-0.010223389
-0.0026512146
0.091308594
-0.011421204
0.10058594
0.062164307
0.022567749
-0.0077972412
0.043609619
0.024612427
0.10931396
0.060241699
0.05166626
0.041412354
0.059509277
0.058898926
-0.0022296906
-0.010635376
0.04119873
0.010444641
0.020355225
-0.0092697144
0.10345459
0.071228027
-0.00033187866
0.051757812
-0.0012607574
-0.005821228
0.0087051392
0.067199707
0.089904785
0.10357666
-0.001832962
0.090698242
-0.005355835
-0.0036468506
0.020858765
0.03793335
-0.0052757263
0.051361084
-0.0026607513
-0.0039710999
-0.0010890961
-0.0090713501
-0.0049781799
-0.0034770966
-0.0098571777
0.07019043
-0.0025882721
0.1027832
-0.0063934326
-0.0039100647
-0.0012559891
0.071899414
-0.0018177032
-0.0051078796
-0.0031967163
0.0050010681
-0.0016469955
0.09185791
-0.0014429092
-0.0073394775
-0.0056114197
-0.0043334961
0.062805176
0.11462402
-0.00068473816
0.061248779
-0.002155304
-0.0022182465
0.028793335
-0.006652832
-0.0038299561
-0.010879517
0.015106201
0.0010242462
-0.0009803772
0.0030975342
-0.0049819946
0.005695343
0.01411438
0.028518677
-0.0092468262
0.021728516
0.066345215
-0.001499176
0.14172363
-0.0042381287
0.031219482
0.079040527
-0.00083875656
-0.0068702698
-0.0064277649
0.030426025
-0.0018472672
0.059295654
-0.0082397461
-0.0079574585
0.012519836
0.064758301
-0.0066566467
0.051147461
0.079467773
0.052429199
0.050720215
-3.1709671e-05
0.04989624
-0.00081729889
-0.00021576881
0.026855469
0.003156662
0.04486084
0.06842041
0.034362793
0.020904541
0.0087051392
0.045379639
-0.0063171387
0.031799316
-0.0054702759
0.036865234
0.036712646
-0.0070037842
0.036224365
0.056854248
0.034576416
0.07623291
-0.0075454712
-0.010223389
-0.0026512146
0.091308594
-0.011421204
0.10058594
0.062164307
0.022567749
-0.0077972412
0.043609619
0.024612427
0.10931396
0.060241699
0.05166626
0.041412354
0.059509277
0.058898926
-0.0022296906
-0.010635376
0.04119873
0.010444641
0.020355225
-0.0092697144
0.10345459
0.071228027
-0.00033187866
0.051757812
-0.0012607574
-0.005821228
0.0087051392
0.067199707
0.089904785
0.10357666
-0.001832962
0.090698242
-0.005355835
-0.0036468506
0.020858765
0.03793335
-0.0052757263
0.051361084
-0.0026607513
-0.0039710999
-0.0010890961
-0.0090713501
-0.0049781799
-0.0034770966
-0.0098571777
0.07019043
-0.0025882721
0.1027832
-0.0063934326
-0.0039100647
-0.0012559891
0.071899414
-0.0018177032
-0.0051078796
-0.0031967163
0.0050010681
-0.0016469955
0.09185791
-0.0014429092
-0.0073394775
-0.0056114197
-0.0043334961
0.062805176
0.11462402
-0.00068473816
0.061248779
-0.002155304
-0.0022182465
0.028793335
-0.006652832
-0.0038299561
-0.010879517
0.015106201
0.0010242462
-0.0009803772
0.0030975342
-0.0049819946
0.005695343
0.01411438
0.028518677
-0.0092468262
0.021728516
0.066345215
-0.001499176
0.14172363
-0.0042381287
0.031219482
0.079040527
-0.00083875656
-0.0068702698
-0.0064277649
0.030426025
-0.0018472672
0.059295654
-0.0082397461
-0.0079574585
0.012519836
0.064758301
-0.0066566467
0.051147461
0.079467773
0.052429199
0.050720215
-3.1709671e-05
0.04989624
-0.00081729889
-0.00021576881
0.026855469
0.003156662
0.04486084
0.06842041
0.034362793
0.020904541
0.0087051392
0.045379639
-0.0063171387
0.031799316
-0.0054702759
0.036865234
0.036712646
-0.0070037842
0.036224365
0.056854248
0.034576416
0.07623291
-0.0075454712
-0.010223389
-0.0026512146
0.091308594
-0.011421204
0.10058594
0.062164307
0.022567749
-0.0077972412
0.043609619
0.024612427
0.10931396
0.060241699
0.05166626
0.041412354
0.059509277
0.058898926
-0.0022296906
-0.010635376
0.04119873
0.010444641
0.020355225
-0.0092697144
0.10345459
0.071228027
-0.00033187866
0.051757812
-0.0012607574
-0.005821228
0.0087051392
0.067199707
0.089904785
0.10357666
-0.001832962
0.090698242
-0.005355835
-0.0036468506
0.020858765
0.03793335
-0.0052757263
0.051361084
-0.0026607513
-0.0039710999
-0.0010890961
-0.0090713501
-0.0049781799
-0.0034770966
-0.0098571777
0.07019043
-0.0025882721
0.1027832
-0.0063934326
-0.0039100647
-0.0012559891
0.071899414
-0.0018177032
-0.0051078796
-0.0031967163
0.0050010681
-0.0016469955
0.09185791
-0.0014429092
-0.0073394775
-0.0056114197
-0.0043334961
0.062805176
0.11462402
-0.00068473816
0.061248779
-0.002155304
-0.0022182465
0.028793335
-0.006652832
-0.0038299561
-0.010879517
0.015106201
0.0010242462
-0.0009803772
0.0030975342
-0.0049819946
0.005695343
0.01411438
0.028518677
-0.0092468262
0.021728516
0.066345215
-0.001499176
0.14172363
-0.0042381287
0.031219482
0.079040527
-0.00083875656
-0.0068702698
-0.0064277649
0.030426025
-0.0018472672
0.059295654
-0.0082397461
-0.0079574585
0.012519836
0.064758301
-0.0066566467
0.051147461
0.079467773
0.052429199
0.050720215
-3.1709671e-05
0.04989624
-0.00081729889
-0.00021576881
0.026855469
0.003156662
0.04486084
0.06842041
0.034362793
0.020904541
0.0087051392
0.045379639
-0.0063171387
0.031799316
-0.0054702759
0.036865234
0.036712646
-0.0070037842
0.036224365
0.056854248
0.034576416
0.07623291
-0.0075454712
-0.010223389
-0.0026512146
0.091308594
-0.011421204
0.10058594
0.062164307
0.022567749
-0.0077972412
0.043609619
0.024612427
0.10931396
0.060241699
0.05166626
0.041412354
0.059509277
0.058898926
-0.0022296906
-0.010635376
0.04119873
0.010444641
0.020355225
-0.0092697144
0.10345459
0.071228027
-0.00033187866
0.051757812
-0.0012607574
-0.005821228
0.0087051392
0.067199707
0.089904785
0.10357666
-0.001832962
0.090698242
-0.005355835
-0.0036468506
0.020858765
0.03793335
-0.0052757263
0.051361084
-0.0026607513
-0.0039710999
-0.0010890961
-0.0090713501
-0.0049781799
-0.0034770966
-0.0098571777
0.07019043
-0.0025882721
0.1027832
-0.0063934326
-0.0039100647
-0.0012559891
0.071899414
-0.0018177032
-0.0051078796
-0.0031967163
0.0050010681
-0.0016469955
0.09185791
-0.0014429092
-0.0073394775
-0.0056114197
-0.0043334961
0.062805176
0.11462402
-0.00068473816
0.061248779
-0.002155304
-0.0022182465
0.028793335
-0.006652832
-0.0038299561
-0.010879517
0.015106201
0.0010242462
-0.0009803772
0.0030975342
-0.0049819946
0.005695343
0.01411438
0.028518677
-0.0092468262
0.021728516
0.066345215
-0.001499176
0.14172363
-0.0042381287
0.031219482
0.079040527
-0.00083875656
-0.0068702698
-0.0064277649
0.030426025
-0.0018472672
0.059295654
-0.0082397461
-0.0079574585
0.012519836
0.064758301
-0.0066566467
0.051147461
0.079467773
0.052429199
0.050720215
-3.1709671e-05
0.04989624
-0.00081729889
-0.00021576881
0.026855469
0.003156662
0.04486084
0.06842041
0.034362793
0.020904541
0.0087051392
0.045379639
-0.0063171387
0.031799316
-0.0054702759
0.036865234
0.036712646
-0.0070037842
0.036224365
0.056854248
0.034576416
0.07623291
-0.0075454712
-0.010223389
-0.0026512146
0.091308594
-0.011421204
0.10058594
0.062164307
0.022567749
-0.0077972412
0.043609619
0.024612427
0.10931396
0.060241699
0.05166626
0.041412354
0.059509277
0.058898926
-0.0022296906
-0.010635376
0.04119873
0.010444641
0.020355225
-0.0092697144
0.10345459
0.071228027
-0.00033187866
0.051757812
-0.0012607574
-0.005821228
0.0087051392
0.067199707
0.089904785
0.10357666
-0.001832962
0.090698242
-0.005355835
-0.0036468506
0.020858765
0.03793335
-0.0052757263
0.051361084
-0.0026607513
-0.0039710999
-0.0010890961
-0.0090713501
-0.0049781799
-0.0034770966
-0.0098571777
0.07019043
-0.0025882721
0.1027832
-0.0063934326
-0.0039100647
-0.0012559891
0.071899414
-0.0018177032
-0.0051078796
-0.0031967163
0.0050010681
-0.0016469955
0.09185791
-0.0014429092
-0.0073394775
-0.0056114197
-0.0043334961
0.062805176
0.11462402
-0.00068473816
0.061248779
-0.002155304
-0.0022182465
0.028793335
-0.006652832
-0.0038299561
-0.010879517
0.015106201
0.0010242462
-0.0009803772
0.0030975342
-0.0049819946
0.005695343
0.01411438
0.028518677
-0.0092468262
0.021728516
0.066345215
-0.001499176
0.14172363
-0.0042381287
0.031219482
0.079040527
-0.00083875656
-0.0068702698
-0.0064277649
0.030426025
-0.0018472672
0.059295654
-0.0082397461
-0.0079574585
0.012519836
0.064758301
-0.0066566467
0.051147461
0.079467773
0.052429199
0.050720215
-3.1709671e-05
0.04989624
-0.00081729889
-0.00021576881
0.026855469
0.003156662
0.04486084
0.06842041
0.034362793
0.020904541
0.0087051392
0.045379639
-0.0063171387
0.031799316
-0.0054702759
0.036865234
0.036712646
-0.0070037842
0.036224365
0.056854248
0.034576416
0.07623291
-0.0075454712
-0.010223389
-0.0026512146
0.091308594
-0.011421204
0.10058594
0.062164307
0.022567749
-0.0077972412
0.043609619
0.024612427
0.10931396
0.060241699
0.05166626
0.041412354
0.059509277
0.058898926
-0.0022296906
-0.010635376
0.04119873
0.010444641
0.020355225
-0.0092697144
0.10345459
0.071228027
-0.00033187866
0.051757812
-0.0012607574
-0.005821228
0.0087051392
0.067199707
0.089904785
0.10357666
-0.001832962
0.090698242
-0.005355835
-0.0036468506
0.020858765
0.03793335
-0.0052757263
0.051361084
-0.0026607513
-0.0039710999
-0.0010890961
-0.0090713501
-0.0049781799
-0.0034770966
-0.0098571777
0.07019043
-0.0025882721
0.1027832
-0.0063934326
-0.0039100647
-0.0012559891
0.071899414
-0.0018177032
-0.0051078796
-0.0031967163
0.0050010681
-0.0016469955
0.09185791
-0.0014429092
-0.0073394775
-0.0056114197
-0.0043334961
0.062805176
0.11462402
-0.00068473816
0.061248779
-0.002155304
-0.0022182465
0.028793335
-0.006652832
-0.0038299561
-0.010879517
0.015106201
0.0010242462
-0.0009803772
0.0030975342
-0.0049819946
0.005695343
0.01411438
0.028518677
-0.0092468262
0.021728516
0.066345215
-0.001499176
0.14172363
-0.0042381287
0.031219482
0.079040527
-0.00083875656
-0.0068702698
-0.0064277649
0.030426025
-0.0018472672
0.059295654
-0.0082397461
-0.0079574585
0.012519836
0.064758301
-0.0066566467
0.051147461
0.079467773
0.052429199
0.050720215
-3.1709671e-05
0.04989624
-0.00081729889
-0.00021576881
0.026855469
0.003156662
0.04486084
0.06842041
0.034362793
0.020904541
0.0087051392
0.045379639
-0.0063171387
0.031799316
-0.0054702759
0.036865234
0.036712646
-0.0070037842
0.036224365
0.056854248
0.034576416
0.07623291
-0.0075454712
-0.010223389
-0.0026512146
0.091308594
-0.011421204
0.10058594
0.062164307
0.022567749
-0.0077972412
0.043609619
0.024612427
0.10931396
0.060241699
0.05166626
0.041412354
0.059509277
0.058898926
-0.0022296906
-0.010635376
0.04119873
0.010444641
0.020355225
-0.0092697144
0.10345459
0.071228027
-0.00033187866
0.051757812
-0.0012607574
-0.005821228
0.0087051392
0.067199707
0.089904785
0.10357666
-0.001832962
0.090698242
-0.005355835
-0.0036468506
0.020858765
0.03793335
-0.0052757263
0.051361084
-0.0026607513
-0.0039710999
-0.0010890961
-0.0090713501
-0.0049781799
-0.0034770966
-0.0098571777
0.07019043
-0.0025882721
0.1027832
-0.0063934326
-0.0039100647
-0.0012559891
0.071899414
-0.0018177032
-0.0051078796
-0.0031967163
0.0050010681
-0.0016469955
0.09185791
-0.0014429092
-0.0073394775
-0.0056114197
-0.0043334961
0.062805176
0.11462402
-0.00068473816
0.061248779
-0.002155304
-0.0022182465
0.028793335
-0.006652832
-0.0038299561
-0.010879517
0.015106201
0.0010242462
-0.0009803772
0.0030975342
-0.0049819946
0.005695343
0.01411438
0.028518677
-0.0092468262
0.021728516
0.066345215
-0.001499176
0.14172363
-0.0042381287
0.031219482
0.079040527
-0.00083875656
-0.0068702698
-0.0064277649
0.030426025
-0.0018472672
0.059295654
-0.0082397461
-0.0079574585
0.012519836
0.064758301
-0.0066566467
0.051147461
0.079467773
0.052429199
0.050720215
-3.1709671e-05
0.04989624
-0.00081729889
-0.00021576881
0.026855469
0.003156662
0.04486084
0.06842041
0.034362793
0.020904541
0.0087051392
0.045379639
-0.0063171387
0.031799316
-0.0054702759
0.036865234
0.036712646
-0.0070037842
0.036224365
0.056854248
0.034576416
0.07623291
-0.0075454712
-0.010223389
-0.0026512146
0.091308594
-0.011421204
0.10058594
0.062164307
0.022567749
-0.0077972412
0.043609619
0.024612427
0.10931396
0.060241699
0.05166626
0.041412354
0.059509277
0.058898926
-0.0022296906
-0.010635376
0.04119873
0.010444641
0.020355225
-0.0092697144
0.10345459
0.071228027
-0.00033187866
0.051757812
-0.0012607574
-0.005821228
0.0087051392
0.067199707
0.089904785
0.10357666
-0.001832962
0.090698242
-0.005355835
-0.0036468506
0.020858765
0.03793335
-0.0052757263
0.051361084
-0.0026607513
-0.0039710999
-0.0010890961
-0.0090713501
-0.0049781799
-0.0034770966
-0.0098571777
0.07019043
-0.0025882721
0.1027832
-0.0063934326
-0.0039100647
-0.0012559891
0.071899414
-0.0018177032
-0.0051078796
-0.0031967163
0.0050010681
-0.0016469955
0.09185791
-0.0014429092
-0.0073394775
-0.0056114197
-0.0043334961
0.062805176
0.11462402
-0.00068473816
0.061248779
-0.002155304
-0.0022182465
0.028793335
-0.006652832
-0.0038299561
-0.010879517
0.015106201
0.0010242462
-0.0009803772
0.0030975342
-0.0049819946
0.005695343
0.01411438
0.028518677
-0.0092468262
0.021728516
0.066345215
-0.001499176
0.14172363
-0.0042381287
0.031219482
0.079040527
-0.00083875656
-0.0068702698
-0.0064277649
0.030426025
-0.0018472672
0.059295654
-0.0082397461
-0.0079574585
0.012519836
0.064758301
-0.0066566467
0.051147461
0.079467773
0.052429199
0.050720215
-3.1709671e-05
0.04989624
-0.00081729889
-0.00021576881
0.026855469
0.003156662
0.04486084
0.06842041
0.034362793
0.020904541
0.0087051392
0.045379639
-0.0063171387
0.031799316
-0.0054702759
0.036865234
0.036712646
-0.0070037842
0.036224365
0.056854248
0.034576416
0.07623291
-0.0075454712
-0.010223389
-0.0026512146
0.091308594
-0.011421204
0.10058594
0.062164307
0.022567749
-0.0077972412
0.043609619
0.024612427
0.10931396
0.060241699
0.05166626
0.041412354
0.059509277
0.058898926
-0.0022296906
-0.010635376
0.04119873
0.010444641
0.020355225
-0.0092697144
0.10345459
0.071228027
-0.00033187866
0.051757812
-0.0012607574
-0.005821228
0.0087051392
0.067199707
0.089904785
0.10357666
-0.001832962
0.090698242
-0.005355835
-0.0036468506
0.020858765
0.03793335
-0.0052757263
0.051361084
-0.0026607513
-0.0039710999
-0.0010890961
-0.0090713501
-0.0049781799
-0.0034770966
-0.0098571777
0.07019043
-0.0025882721
0.1027832
-0.0063934326
-0.0039100647
-0.0012559891
0.071899414
-0.0018177032
-0.0051078796
-0.0031967163
0.0050010681
-0.0016469955
0.09185791
-0.0014429092
-0.0073394775
-0.0056114197
-0.0043334961
0.062805176
0.11462402
-0.00068473816
0.061248779
-0.002155304
-0.0022182465
0.028793335
-0.006652832
-0.0038299561
-0.010879517
0.015106201
0.0010242462
-0.0009803772
0.0030975342
-0.0049819946
0.005695343
0.01411438
0.028518677
-0.0092468262
0.021728516
0.066345215
-0.001499176
0.14172363
-0.0042381287
0.031219482
0.079040527
-0.00083875656
-0.0068702698
-0.0064277649
0.030426025
-0.0018472672
0.059295654
-0.0082397461
-0.0079574585
0.012519836
0.064758301
-0.0066566467
0.051147461
0.079467773
0.052429199
0.050720215
-3.1709671e-05
0.04989624
-0.00081729889
-0.00021576881
0.026855469
0.003156662
0.04486084
0.06842041
0.034362793
0.020904541
0.0087051392
0.045379639
-0.0063171387
0.031799316
-0.0054702759
0.036865234
0.036712646
-0.0070037842
0.036224365
0.056854248
0.034576416
0.07623291
-0.0075454712
-0.010223389
-0.0026512146
0.091308594
-0.011421204
0.10058594
0.062164307
0.022567749
-0.0077972412
0.043609619
0.024612427
0.10931396
0.060241699
0.05166626
0.041412354
0.059509277
0.058898926
-0.0022296906
-0.010635376
0.04119873
0.010444641
0.020355225
-0.0092697144
0.10345459
0.071228027
-0.00033187866
0.051757812
-0.0012607574
-0.005821228
0.0087051392
0.067199707
0.089904785
0.10357666
-0.001832962
0.090698242
-0.005355835
-0.0036468506
0.020858765
0.03793335
-0.0052757263
0.051361084
-0.0026607513
-0.0039710999
-0.0010890961
-0.0090713501
-0.0049781799
-0.0034770966
-0.0098571777
0.07019043
-0.0025882721
0.1027832
-0.0063934326
-0.0039100647
-0.0012559891
0.071899414
-0.0018177032
-0.0051078796
-0.0031967163
0.0050010681
-0.0016469955
0.09185791
-0.0014429092
-0.0073394775
-0.0056114197
-0.0043334961
0.062805176
0.11462402
-0.00068473816
0.061248779
-0.002155304
-0.0022182465
0.028793335
-0.006652832
-0.0038299561
-0.010879517
0.015106201
0.0010242462
-0.0009803772
0.0030975342
-0.0049819946
0.005695343
0.01411438
0.028518677
-0.0092468262
0.021728516
0.066345215
-0.001499176
0.14172363
-0.0042381287
0.031219482
0.079040527
-0.00083875656
-0.0068702698
-0.0064277649
0.030426025
-0.0018472672
0.059295654
-0.0082397461
-0.0079574585
0.012519836
0.064758301
-0.0066566467
0.051147461
0.079467773
0.052429199
0.050720215
-3.1709671e-05
0.04989624
-0.00081729889
-0.00021576881
0.026855469
0.003156662
0.04486084
0.06842041
0.034362793
0.020904541
0.0087051392
0.045379639
-0.0063171387
0.031799316
-0.0054702759
0.036865234
0.036712646
-0.0070037842
0.036224365
0.056854248
0.034576416
0.07623291
-0.0075454712
-0.010223389
-0.0026512146
0.091308594
-0.011421204
0.10058594
0.062164307
0.022567749
-0.0077972412
0.043609619
0.024612427
0.10931396
0.060241699
0.05166626
0.041412354
0.059509277
0.058898926
-0.0022296906
-0.010635376
0.04119873
0.010444641
0.020355225
-0.0092697144
0.10345459
0.071228027
-0.00033187866
0.051757812
-0.0012607574
-0.005821228
0.0087051392
0.067199707
0.089904785
0.10357666
-0.001832962
0.090698242
-0.005355835
-0.0036468506
0.020858765
0.03793335
-0.0052757263
0.051361084
-0.0026607513
-0.0039710999
-0.0010890961
-0.0090713501
-0.0049781799
-0.0034770966
-0.0098571777
0.07019043
-0.0025882721
0.1027832
-0.0063934326
-0.0039100647
-0.0012559891
0.071899414
-0.0018177032
-0.0051078796
-0.0031967163
0.0050010681
-0.0016469955
0.09185791
-0.0014429092
-0.0073394775
-0.0056114197
-0.0043334961
0.062805176
0.11462402
-0.00068473816
0.061248779
-0.002155304
-0.0022182465
0.028793335
-0.006652832
-0.0038299561
-0.010879517
0.015106201
0.0010242462
-0.0009803772
0.0030975342
-0.0049819946
0.005695343
0.01411438
0.028518677
-0.0092468262
0.021728516
0.066345215
-0.001499176
0.14172363
-0.0042381287
0.031219482
0.079040527
-0.00083875656
-0.0068702698
-0.0064277649
0.030426025
-0.0018472672
0.059295654
-0.0082397461
-0.0079574585
0.012519836
0.064758301
-0.0066566467
0.051147461
0.079467773
0.052429199
0.050720215
-3.1709671e-05
0.04989624
-0.00081729889
-0.00021576881
0.026855469
0.003156662
0.04486084
0.06842041
0.034362793
0.020904541
0.0087051392
0.045379639
-0.0063171387
0.031799316
-0.0054702759
0.036865234
0.036712646
-0.0070037842
0.036224365
0.056854248
0.034576416
0.07623291
-0.0075454712
-0.010223389
-0.0026512146
0.091308594
-0.011421204
0.10058594
0.062164307
0.022567749
-0.0077972412
0.043609619
0.024612427
0.10931396
0.060241699
0.05166626
0.041412354
0.059509277
0.058898926
-0.0022296906
-0.010635376
0.04119873
0.010444641
0.020355225
-0.0092697144
0.10345459
0.071228027
-0.00033187866
0.051757812
-0.0012607574
-0.005821228
0.0087051392
0.067199707
0.089904785
0.10357666
-0.001832962
0.090698242
-0.005355835
-0.0036468506
0.020858765
0.03793335
-0.0052757263
0.051361084
-0.0026607513
-0.0039710999
-0.0010890961
-0.0090713501
-0.0049781799
-0.0034770966
-0.0098571777
0.07019043
-0.0025882721
0.1027832
-0.0063934326
-0.0039100647
-0.0012559891
0.071899414
-0.0018177032
-0.0051078796
-0.0031967163
0.0050010681
-0.0016469955
0.09185791
-0.0014429092
-0.0073394775
-0.0056114197
-0.0043334961
0.062805176
0.11462402
-0.00068473816
0.061248779
-0.002155304
-0.0022182465
0.028793335
-0.006652832
-0.0038299561
-0.010879517
0.015106201
0.0010242462
-0.0009803772
0.0030975342
-0.0049819946
0.005695343
0.01411438
0.028518677
-0.0092468262
0.021728516
0.066345215
-0.001499176
0.14172363
-0.0042381287
0.031219482
0.079040527
-0.00083875656
-0.0068702698
-0.0064277649
0.030426025
-0.0018472672
0.059295654
-0.0082397461
-0.0079574585
0.012519836
0.064758301
-0.0066566467
0.051147461
0.079467773
0.052429199
0.050720215
-3.1709671e-05
0.04989624
-0.00081729889
-0.00021576881
0.026855469
0.003156662
0.04486084
0.06842041
0.034362793
0.020904541
0.0087051392
0.045379639
-0.0063171387
0.031799316
-0.0054702759
0.036865234
0.036712646
-0.0070037842
0.036224365
0.056854248
0.034576416
0.07623291
-0.0075454712
-0.010223389
-0.0026512146
0.091308594
-0.011421204
0.10058594
0.062164307
0.022567749
-0.0077972412
0.043609619
0.024612427
0.10931396
0.060241699
0.05166626
0.041412354
0.059509277
0.058898926
-0.0022296906
-0.010635376
0.04119873
0.010444641
0.020355225
-0.0092697144
0.10345459
0.071228027
-0.00033187866
0.051757812
-0.0012607574
-0.005821228
0.0087051392
0.067199707
0.089904785
0.10357666
-0.001832962
0.090698242
-0.005355835
-0.0036468506
0.020858765
0.03793335
-0.0052757263
0.051361084
-0.0026607513
-0.0039710999
-0.0010890961
-0.0090713501
-0.0049781799
-0.0034770966
-0.0098571777
0.07019043
-0.0025882721
0.1027832
-0.0063934326
-0.0039100647
-0.0012559891
0.071899414
-0.0018177032
-0.0051078796
-0.0031967163
0.0050010681
-0.0016469955
0.09185791
-0.0014429092
-0.0073394775
-0.0056114197
-0.0043334961
0.062805176
0.11462402
-0.00068473816
0.061248779
-0.002155304
-0.0022182465
0.028793335
-0.006652832
-0.0038299561
-0.010879517
0.015106201
0.0010242462
-0.0009803772
0.0030975342
-0.0049819946
0.005695343
0.01411438
0.028518677
-0.0092468262
0.021728516
0.066345215
-0.001499176
0.14172363
-0.0042381287
0.031219482
0.079040527
-0.00083875656
-0.0068702698
-0.0064277649
0.030426025
-0.0018472672
0.059295654
-0.0082397461
-0.0079574585
0.012519836
0.064758301
-0.0066566467
0.051147461
0.079467773
0.052429199
0.050720215
-3.1709671e-05
0.04989624
-0.00081729889
-0.00021576881
0.026855469
0.003156662
0.04486084
0.06842041
0.034362793
0.020904541
0.0087051392
0.045379639
-0.0063171387
0.031799316
-0.0054702759
0.036865234
0.036712646
-0.0070037842
0.036224365
0.056854248
0.034576416
0.07623291
-0.0075454712
-0.010223389
-0.0026512146
0.091308594
-0.011421204
0.10058594
0.062164307
0.022567749
-0.0077972412
0.043609619
0.024612427
0.10931396
0.060241699
0.05166626
0.041412354
0.059509277
0.058898926
-0.0022296906
-0.010635376
0.04119873
0.010444641
0.020355225
-0.0092697144
0.10345459
0.071228027
-0.00033187866
0.051757812
-0.0012607574
-0.005821228
0.0087051392
0.067199707
0.089904785
0.10357666
-0.001832962
0.090698242
-0.005355835
-0.0036468506
0.020858765
0.03793335
-0.0052757263
0.051361084
-0.0026607513
-0.0039710999
-0.0010890961
-0.0090713501
-0.0049781799
-0.0034770966
-0.0098571777
0.07019043
-0.0025882721
0.1027832
-0.0063934326
-0.0039100647
-0.0012559891
0.071899414
-0.0018177032
-0.0051078796
-0.0031967163
0.0050010681
-0.0016469955
0.09185791
-0.0014429092
-0.0073394775
-0.0056114197
-0.0043334961
0.062805176
0.11462402
-0.00068473816
0.061248779
-0.002155304
-0.0022182465
0.028793335
-0.006652832
-0.0038299561
-0.010879517
0.015106201
0.0010242462
-0.0009803772
0.0030975342
-0.0049819946
0.005695343
0.01411438
0.028518677
-0.0092468262
0.021728516
0.066345215
-0.001499176
0.14172363
-0.0042381287
0.031219482
0.079040527
-0.00083875656
-0.0068702698
-0.0064277649
0.030426025
-0.0018472672
0.059295654
-0.0082397461
-0.0079574585
0.012519836
0.064758301
-0.0066566467
0.051147461
0.079467773
0.052429199
0.050720215
-3.1709671e-05
0.04989624
-0.00081729889
-0.00021576881
0.026855469
0.003156662
0.04486084
0.06842041
0.034362793
0.020904541
0.0087051392
0.045379639
-0.0063171387
0.031799316
-0.0054702759
0.036865234
0.036712646
-0.0070037842
0.036224365
0.056854248
0.034576416
0.07623291
-0.0075454712
-0.010223389
-0.0026512146
0.091308594
-0.011421204
0.10058594
0.062164307
0.022567749
-0.0077972412
0.043609619
0.024612427
0.10931396
0.060241699
0.05166626
0.041412354
0.059509277
0.058898926
-0.0022296906
-0.010635376
0.04119873
0.010444641
0.020355225
-0.0092697144
0.10345459
0.071228027
-0.00033187866
0.051757812
-0.0012607574
-0.005821228
0.0087051392
0.067199707
0.089904785
0.10357666
-0.001832962
0.090698242
-0.005355835
-0.0036468506
0.020858765
0.03793335
-0.0052757263
0.051361084
-0.0026607513
-0.0039710999
-0.0010890961
-0.0090713501
-0.0049781799
-0.0034770966
-0.0098571777
0.07019043
-0.0025882721
0.1027832
-0.0063934326
-0.0039100647
-0.0012559891
0.071899414
-0.0018177032
-0.0051078796
-0.0031967163
0.0050010681
-0.0016469955
0.09185791
-0.0014429092
-0.0073394775
-0.0056114197
-0.0043334961
0.062805176
0.11462402
-0.00068473816
0.061248779
-0.002155304
-0.0022182465
0.028793335
-0.006652832
-0.0038299561
-0.010879517
0.015106201
0.0010242462
-0.0009803772
0.0030975342
-0.0049819946
0.005695343
0.01411438
0.028518677
-0.0092468262
0.021728516
0.066345215
-0.001499176
0.14172363
-0.0042381287
0.031219482
0.079040527
-0.00083875656
-0.0068702698
-0.0064277649
0.030426025
-0.0018472672
0.059295654
-0.0082397461
-0.0079574585
0.012519836
0.064758301
-0.0066566467
0.051147461
0.079467773
0.052429199
0.050720215
-3.1709671e-05
0.04989624
-0.00081729889
-0.00021576881
0.026855469
0.003156662
0.04486084
0.06842041
0.034362793
0.020904541
0.0087051392
0.045379639
-0.0063171387
0.031799316
-0.0054702759
0.036865234
0.036712646
-0.0070037842
0.036224365
0.056854248
0.034576416
0.07623291
-0.0075454712
-0.010223389
-0.0026512146
0.091308594
-0.011421204
0.10058594
0.062164307
0.022567749
-0.0077972412
0.043609619
0.024612427
0.10931396
0.060241699
0.05166626
0.041412354
0.059509277
0.058898926
-0.0022296906
-0.010635376
0.04119873
0.010444641
0.020355225
-0.0092697144
0.10345459
0.071228027
-0.00033187866
0.051757812
-0.0012607574
-0.005821228
0.0087051392
0.067199707
0.089904785
0.10357666
-0.001832962
0.090698242
-0.005355835
-0.0036468506
0.020858765
0.03793335
-0.0052757263
0.051361084
-0.0026607513
-0.0039710999
-0.0010890961
-0.0090713501
-0.0049781799
-0.0034770966
-0.0098571777
0.07019043
-0.0025882721
0.1027832
-0.0063934326
-0.0039100647
-0.0012559891
0.071899414
-0.0018177032
-0.0051078796
-0.0031967163
0.0050010681
-0.0016469955
0.09185791
-0.0014429092
-0.0073394775
-0.0056114197
-0.0043334961
0.062805176
0.11462402
-0.00068473816
0.061248779
-0.002155304
-0.0022182465
0.028793335
-0.006652832
-0.0038299561
-0.010879517
0.015106201
0.0010242462
-0.0009803772
0.0030975342
-0.0049819946
0.005695343
0.01411438
0.028518677
-0.0092468262
0.021728516
0.066345215
-0.001499176
0.14172363
-0.0042381287
0.031219482
0.079040527
-0.00083875656
-0.0068702698
-0.0064277649
0.030426025
-0.0018472672
0.059295654
-0.0082397461
-0.0079574585
0.012519836
0.064758301
-0.0066566467
0.051147461
0.079467773
0.052429199
0.050720215
-3.1709671e-05
0.04989624
-0.00081729889
-0.00021576881
0.026855469
0.003156662
0.04486084
0.06842041
0.034362793
0.020904541
0.0087051392
0.045379639
-0.0063171387
0.031799316
-0.0054702759
0.036865234
0.036712646
-0.0070037842
0.036224365
0.056854248
0.034576416
0.07623291
-0.0075454712
-0.010223389
-0.0026512146
0.091308594
-0.011421204
0.10058594
0.062164307
0.022567749
-0.0077972412
0.043609619
0.024612427
0.10931396
0.060241699
0.05166626
0.041412354
0.059509277
0.058898926
-0.0022296906
-0.010635376
0.04119873
0.010444641
0.020355225
-0.0092697144
0.10345459
0.071228027
-0.00033187866
0.051757812
-0.0012607574
-0.005821228
0.0087051392
0.067199707
0.089904785
0.10357666
-0.001832962
0.090698242
-0.005355835
-0.0036468506
0.020858765
0.03793335
-0.0052757263
0.051361084
-0.0026607513
-0.0039710999
-0.0010890961
-0.0090713501
-0.0049781799
-0.0034770966
-0.0098571777
0.07019043
-0.0025882721
0.1027832
-0.0063934326
-0.0039100647
-0.0012559891
0.071899414
-0.0018177032
-0.0051078796
-0.0031967163
0.0050010681
-0.0016469955
0.09185791
-0.0014429092
-0.0073394775
-0.0056114197
-0.0043334961
0.062805176
0.11462402
-0.00068473816
0.061248779
-0.002155304
-0.0022182465
0.028793335
-0.006652832
-0.0038299561
-0.010879517
0.015106201
0.0010242462
-0.0009803772
0.0030975342
-0.0049819946
0.005695343
0.01411438
0.028518677
-0.0092468262
0.021728516
0.066345215
-0.001499176
0.14172363
-0.0042381287
0.031219482
0.079040527
-0.00083875656
-0.0068702698
-0.0064277649
0.030426025
-0.0018472672
0.059295654
-0.0082397461
-0.0079574585
0.012519836
0.064758301
-0.0066566467
0.051147461
0.079467773
0.052429199
0.050720215
-3.1709671e-05
0.04989624
-0.00081729889
-0.00021576881
0.026855469
0.003156662
0.04486084
0.06842041
0.034362793
0.020904541
0.0087051392
0.045379639
-0.0063171387
0.031799316
-0.0054702759
0.036865234
0.036712646
-0.0070037842
0.036224365
0.056854248
0.034576416
0.07623291
-0.0075454712
-0.010223389
-0.0026512146
0.091308594
-0.011421204
0.10058594
0.062164307
0.022567749
-0.0077972412
0.043609619
0.024612427
0.10931396
0.060241699
0.05166626
0.041412354
0.059509277
0.058898926
-0.0022296906
-0.010635376
0.04119873
0.010444641
0.020355225
-0.0092697144
0.10345459
0.071228027
-0.00033187866
0.051757812
-0.0012607574
-0.005821228
0.0087051392
0.067199707
0.089904785
0.10357666
-0.001832962
0.090698242
-0.005355835
-0.0036468506
0.020858765
0.03793335
-0.0052757263
0.051361084
-0.0026607513
-0.0039710999
-0.0010890961
-0.0090713501
-0.0049781799
-0.0034770966
-0.0098571777
0.07019043
-0.0025882721
0.1027832
-0.0063934326
-0.0039100647
-0.0012559891
0.071899414
-0.0018177032
-0.0051078796
-0.0031967163
0.0050010681
-0.0016469955
0.09185791
-0.0014429092
-0.0073394775
-0.0056114197
-0.0043334961
0.062805176
0.11462402
-0.00068473816
0.061248779
-0.002155304
-0.0022182465
0.028793335
-0.006652832
-0.0038299561
-0.010879517
0.015106201
0.0010242462
-0.0009803772
0.0030975342
-0.0049819946
0.005695343
0.01411438
0.028518677
-0.0092468262
0.021728516
0.066345215
-0.001499176
0.14172363
-0.0042381287
0.031219482
0.079040527
-0.00083875656
-0.0068702698
-0.0064277649
0.030426025
-0.0018472672
0.059295654
-0.0082397461
-0.0079574585
0.012519836
0.064758301
-0.0066566467
0.051147461
0.079467773
0.052429199
0.050720215
-3.1709671e-05
0.04989624
-0.00081729889
-0.00021576881
0.026855469
0.003156662
0.04486084
0.06842041
0.034362793
0.020904541
0.0087051392
0.045379639
-0.0063171387
0.031799316
-0.0054702759
0.036865234
0.036712646
-0.0070037842
0.036224365
0.056854248
0.034576416
0.07623291
-0.0075454712
-0.010223389
-0.0026512146
0.091308594
-0.011421204
0.10058594
0.062164307
0.022567749
-0.0077972412
0.043609619
0.024612427
0.10931396
0.060241699
0.05166626
0.041412354
0.059509277
0.058898926
-0.0022296906
-0.010635376
0.04119873
0.010444641
0.020355225
-0.0092697144
0.10345459
0.071228027
-0.00033187866
0.051757812
-0.0012607574
-0.005821228
0.0087051392
0.067199707
0.089904785
0.10357666
-0.001832962
0.090698242
-0.005355835
-0.0036468506
0.020858765
0.03793335
-0.0052757263
0.051361084
-0.0026607513
-0.0039710999
-0.0010890961
-0.0090713501
-0.0049781799
-0.0034770966
-0.0098571777
0.07019043
-0.0025882721
0.1027832
-0.0063934326
-0.0039100647
-0.0012559891
0.071899414
-0.0018177032
-0.0051078796
-0.0031967163
0.0050010681
-0.0016469955
0.09185791
-0.0014429092
-0.0073394775
-0.0056114197
-0.0043334961
0.062805176
0.11462402
-0.00068473816
0.061248779
-0.002155304
-0.0022182465
0.028793335
-0.006652832
-0.0038299561
-0.010879517
0.015106201
0.0010242462
-0.0009803772
0.0030975342
-0.0049819946
0.005695343
0.01411438
0.028518677
-0.0092468262
0.021728516
0.066345215
-0.001499176
0.14172363
-0.0042381287
0.031219482
0.079040527
-0.00083875656
-0.0068702698
-0.0064277649
0.030426025
-0.0018472672
0.059295654
-0.0082397461
-0.0079574585
0.012519836
0.064758301
-0.0066566467
0.051147461
0.079467773
0.052429199
0.050720215
-3.1709671e-05
0.04989624
-0.00081729889
-0.00021576881
0.026855469
0.003156662
0.04486084
0.06842041
0.034362793
0.020904541
0.0087051392
0.045379639
-0.0063171387
0.031799316
-0.0054702759
0.036865234
0.036712646
-0.0070037842
0.036224365
0.056854248
0.034576416
0.07623291
-0.0075454712
-0.010223389
-0.0026512146
0.091308594
-0.011421204
0.10058594
0.062164307
0.022567749
-0.0077972412
0.043609619
0.024612427
0.10931396
0.060241699
0.05166626
0.041412354
0.059509277
0.058898926
-0.0022296906
-0.010635376
0.04119873
0.010444641
0.020355225
-0.0092697144
0.10345459
0.071228027
-0.00033187866
0.051757812
-0.0012607574
-0.005821228
0.0087051392
0.067199707
0.089904785
0.10357666
-0.001832962
0.090698242
-0.005355835
-0.0036468506
0.020858765
0.03793335
-0.0052757263
0.051361084
-0.0026607513
-0.0039710999
-0.0010890961
-0.0090713501
-0.0049781799
-0.0034770966
-0.0098571777
0.07019043
-0.0025882721
0.1027832
-0.0063934326
-0.0039100647
-0.0012559891
0.071899414
-0.0018177032
-0.0051078796
-0.0031967163
0.0050010681
-0.0016469955
0.09185791
-0.0014429092
-0.0073394775
-0.0056114197
-0.0043334961
0.062805176
0.11462402
-0.00068473816
0.061248779
-0.002155304
-0.0022182465
0.028793335
-0.006652832
-0.0038299561
-0.010879517
0.015106201
0.0010242462
-0.0009803772
0.0030975342
-0.0049819946
0.005695343
0.01411438
0.028518677
-0.0092468262
0.021728516
0.066345215
-0.001499176
0.14172363
-0.0042381287
0.031219482
0.079040527
-0.00083875656
-0.0068702698
-0.0064277649
0.030426025
-0.0018472672
0.059295654
-0.0082397461
-0.0079574585
0.012519836
0.064758301
-0.0066566467
0.051147461
0.079467773
0.052429199
0.050720215
-3.1709671e-05
0.04989624
-0.00081729889
-0.00021576881
0.026855469
0.003156662
0.04486084
0.06842041
0.034362793
0.020904541
0.0087051392
0.045379639
-0.0063171387
0.031799316
-0.0054702759
0.036865234
0.036712646
-0.0070037842
0.036224365
0.056854248
0.034576416
0.07623291
-0.0075454712
-0.010223389
-0.0026512146
0.091308594
-0.011421204
0.10058594
0.062164307
0.022567749
-0.0077972412
0.043609619
0.024612427
0.10931396
0.060241699
0.05166626
0.041412354
0.059509277
0.058898926
-0.0022296906
-0.010635376
0.04119873
0.010444641
0.020355225
-0.0092697144
0.10345459
0.071228027
-0.00033187866
0.051757812
-0.0012607574
-0.005821228
0.0087051392
0.067199707
0.089904785
0.10357666
-0.001832962
0.090698242
-0.005355835
-0.0036468506
0.020858765
0.03793335
-0.0052757263
0.051361084
-0.0026607513
-0.0039710999
-0.0010890961
-0.0090713501
-0.0049781799
-0.0034770966
-0.0098571777
0.07019043
-0.0025882721
0.1027832
-0.0063934326
-0.0039100647
-0.0012559891
0.071899414
-0.0018177032
-0.0051078796
-0.0031967163
0.0050010681
-0.0016469955
0.09185791
-0.0014429092
-0.0073394775
-0.0056114197
-0.0043334961
0.062805176
0.11462402
-0.00068473816
0.061248779
-0.002155304
-0.0022182465
0.028793335
-0.006652832
-0.0038299561
-0.010879517
0.015106201
0.0010242462
-0.0009803772
0.0030975342
-0.0049819946
0.005695343
0.01411438
0.028518677
-0.0092468262
0.021728516
0.066345215
-0.001499176
0.14172363
-0.0042381287
0.031219482
0.079040527
-0.00083875656
-0.0068702698
-0.0064277649
0.030426025
-0.0018472672
0.059295654
-0.0082397461
-0.0079574585
0.012519836
0.064758301
-0.0066566467
0.051147461
0.079467773
0.052429199
0.050720215
-3.1709671e-05
0.04989624
-0.00081729889
-0.00021576881
0.026855469
0.003156662
0.04486084
0.06842041
0.034362793
0.020904541
0.0087051392
0.045379639
-0.0063171387
0.031799316
-0.0054702759
0.036865234
0.036712646
-0.0070037842
0.036224365
0.056854248
0.034576416
0.07623291
-0.0075454712
-0.010223389
-0.0026512146
0.091308594
-0.011421204
0.10058594
0.062164307
0.022567749
-0.0077972412
0.043609619
0.024612427
0.10931396
0.060241699
0.05166626
0.041412354
0.059509277
0.058898926
-0.0022296906
-0.010635376
0.04119873
0.010444641
0.020355225
-0.0092697144
0.10345459
0.071228027
-0.00033187866
0.051757812
-0.0012607574
-0.005821228
0.0087051392
0.067199707
0.089904785
0.10357666
-0.001832962
0.090698242
-0.005355835
-0.0036468506
0.020858765
0.03793335
-0.0052757263
0.051361084
-0.0026607513
-0.0039710999
-0.0010890961
-0.0090713501
-0.0049781799
-0.0034770966
-0.0098571777
0.07019043
-0.0025882721
0.1027832
-0.0063934326
-0.0039100647
-0.0012559891
0.071899414
-0.0018177032
-0.0051078796
-0.0031967163
0.0050010681
-0.0016469955
0.09185791
-0.0014429092
-0.0073394775
-0.0056114197
-0.0043334961
0.062805176
0.11462402
-0.00068473816
0.061248779
-0.002155304
-0.0022182465
0.028793335
-0.006652832
-0.0038299561
-0.010879517
0.015106201
0.0010242462
-0.0009803772
0.0030975342
-0.0049819946
0.005695343
0.01411438
0.028518677
-0.0092468262
0.021728516
0.066345215
-0.001499176
0.14172363
-0.0042381287
0.031219482
0.079040527
-0.00083875656
-0.0068702698
-0.0064277649
0.030426025
-0.0018472672
0.059295654
-0.0082397461
-0.0079574585
0.012519836
0.064758301
-0.0066566467
0.051147461
0.079467773
0.052429199
0.050720215
-3.1709671e-05
0.04989624
-0.00081729889
-0.00021576881
0.026855469
0.003156662
0.04486084
0.06842041
0.034362793
0.020904541
0.0087051392
0.045379639
-0.0063171387
0.031799316
-0.0054702759
0.036865234
0.036712646
-0.0070037842
0.036224365
0.056854248
0.034576416
0.07623291
-0.0075454712
-0.010223389
-0.0026512146
0.091308594
-0.011421204
0.10058594
0.062164307
0.022567749
-0.0077972412
0.043609619
0.024612427
0.10931396
0.060241699
0.05166626
0.041412354
0.059509277
0.058898926
-0.0022296906
-0.010635376
0.04119873
0.010444641
0.020355225
-0.0092697144
0.10345459
0.071228027
-0.00033187866
0.051757812
-0.0012607574
-0.005821228
0.0087051392
0.067199707
0.089904785
0.10357666
-0.001832962
0.090698242
-0.005355835
-0.0036468506
0.020858765
0.03793335
-0.0052757263
0.051361084
-0.0026607513
-0.0039710999
-0.0010890961
-0.0090713501
-0.0049781799
-0.0034770966
-0.0098571777
0.07019043
-0.0025882721
0.1027832
-0.0063934326
-0.0039100647
-0.0012559891
0.071899414
-0.0018177032
-0.0051078796
-0.0031967163
0.0050010681
-0.0016469955
0.09185791
-0.0014429092
-0.0073394775
-0.0056114197
-0.0043334961
0.062805176
0.11462402
-0.00068473816
0.061248779
-0.002155304
-0.0022182465
0.028793335
-0.006652832
-0.0038299561
-0.010879517
0.015106201
0.0010242462
-0.0009803772
0.0030975342
-0.0049819946
0.005695343
0.01411438
0.028518677
-0.0092468262
0.021728516
0.066345215
-0.001499176
0.14172363
-0.0042381287
0.031219482
0.079040527
-0.00083875656
-0.0068702698
-0.0064277649
0.030426025
-0.0018472672
0.059295654
-0.0082397461
-0.0079574585
0.012519836
0.064758301
-0.0066566467
0.051147461
0.079467773
0.052429199
0.050720215
-3.1709671e-05
0.04989624
-0.00081729889
-0.00021576881
0.026855469
0.003156662
0.04486084
0.06842041
0.034362793
0.020904541
0.0087051392
0.045379639
-0.0063171387
0.031799316
-0.0054702759
0.036865234
0.036712646
-0.0070037842
0.036224365
0.056854248
0.034576416
0.07623291
-0.0075454712
-0.010223389
-0.0026512146
0.091308594
-0.011421204
0.10058594
0.062164307
0.022567749
-0.0077972412
0.043609619
0.024612427
0.10931396
0.060241699
0.05166626
0.041412354
0.059509277
0.058898926
-0.0022296906
-0.010635376
0.04119873
0.010444641
0.020355225
-0.0092697144
0.10345459
0.071228027
-0.00033187866
0.051757812
-0.0012607574
-0.005821228
0.0087051392
0.067199707
0.089904785
0.10357666
-0.001832962
0.090698242
-0.005355835
-0.0036468506
0.020858765
0.03793335
-0.0052757263
0.051361084
-0.0026607513
-0.0039710999
-0.0010890961
-0.0090713501
-0.0049781799
-0.0034770966
-0.0098571777
0.07019043
-0.0025882721
0.1027832
-0.0063934326
-0.0039100647
-0.0012559891
0.071899414
-0.0018177032
-0.0051078796
-0.0031967163
0.0050010681
-0.0016469955
0.09185791
-0.0014429092
-0.0073394775
-0.0056114197
-0.0043334961
0.062805176
0.11462402
-0.00068473816
0.061248779
-0.002155304
-0.0022182465
0.028793335
-0.006652832
-0.0038299561
-0.010879517
0.015106201
0.0010242462
-0.0009803772
0.0030975342
-0.0049819946
0.005695343
0.01411438
0.028518677
-0.0092468262
0.021728516
0.066345215
-0.001499176
0.14172363
-0.0042381287
0.031219482
0.079040527
-0.00083875656
-0.0068702698
-0.0064277649
0.030426025
-0.0018472672
0.059295654
-0.0082397461
-0.0079574585
0.012519836
0.064758301
-0.0066566467
0.051147461
0.079467773
0.052429199
0.050720215
-3.1709671e-05
0.04989624
-0.00081729889
-0.00021576881
0.026855469
0.003156662
0.04486084
0.06842041
0.034362793
0.020904541
0.0087051392
0.045379639
-0.0063171387
0.031799316
-0.0054702759
0.036865234
0.036712646
-0.0070037842
0.036224365
0.056854248
0.034576416
0.07623291
-0.0075454712
-0.010223389
-0.0026512146
0.091308594
-0.011421204
0.10058594
0.062164307
0.022567749
-0.0077972412
0.043609619
0.024612427
0.10931396
0.060241699
0.05166626
0.041412354
0.059509277
0.058898926
-0.0022296906
-0.010635376
0.04119873
0.010444641
0.020355225
-0.0092697144
0.10345459
0.071228027
-0.00033187866
0.051757812
-0.0012607574
-0.005821228
0.0087051392
0.067199707
0.089904785
0.10357666
-0.001832962
0.090698242
-0.005355835
-0.0036468506
0.020858765
0.03793335
-0.0052757263
0.051361084
-0.0026607513
-0.0039710999
-0.0010890961
-0.0090713501
-0.0049781799
-0.0034770966
-0.0098571777
0.07019043
-0.0025882721
0.1027832
-0.0063934326
-0.0039100647
-0.0012559891
0.071899414
-0.0018177032
-0.0051078796
-0.0031967163
0.0050010681
-0.0016469955
0.09185791
-0.0014429092
-0.0073394775
-0.0056114197
-0.0043334961
0.062805176
0.11462402
-0.00068473816
0.061248779
-0.002155304
-0.0022182465
0.028793335
-0.006652832
-0.0038299561
-0.010879517
0.015106201
0.0010242462
-0.0009803772
0.0030975342
-0.0049819946
0.005695343
0.01411438
0.028518677
-0.0092468262
0.021728516
0.066345215
-0.001499176
0.14172363
-0.0042381287
0.031219482
0.079040527
-0.00083875656
-0.0068702698
-0.0064277649
0.030426025
-0.0018472672
0.059295654
-0.0082397461
-0.0079574585
0.012519836
0.064758301
-0.0066566467
0.051147461
0.079467773
0.052429199
0.050720215
-3.1709671e-05
0.04989624
-0.00081729889
-0.00021576881
0.026855469
0.003156662
0.04486084
0.06842041
0.034362793
0.020904541
0.0087051392
0.045379639
-0.0063171387
0.031799316
-0.0054702759
0.036865234
0.036712646
-0.0070037842
0.036224365
0.056854248
0.034576416
0.07623291
-0.0075454712
-0.010223389
-0.0026512146
0.091308594
-0.011421204
0.10058594
0.062164307
0.022567749
-0.0077972412
0.043609619
0.024612427
0.10931396
0.060241699
0.05166626
0.041412354
0.059509277
0.058898926
-0.0022296906
-0.010635376
0.04119873
0.010444641
0.020355225
-0.0092697144
0.10345459
0.071228027
-0.00033187866
0.051757812
-0.0012607574
-0.005821228
0.0087051392
0.067199707
0.089904785
0.10357666
-0.001832962
0.090698242
-0.005355835
-0.0036468506
0.020858765
0.03793335
-0.0052757263
0.051361084
-0.0026607513
-0.0039710999
-0.0010890961
-0.0090713501
-0.0049781799
-0.0034770966
-0.0098571777
0.07019043
-0.0025882721
0.1027832
-0.0063934326
-0.0039100647
-0.0012559891
0.071899414
-0.0018177032
-0.0051078796
-0.0031967163
0.0050010681
-0.0016469955
0.09185791
-0.0014429092
-0.0073394775
-0.0056114197
-0.0043334961
0.062805176
0.11462402
-0.00068473816
0.061248779
-0.002155304
-0.0022182465
0.028793335
-0.006652832
-0.0038299561
-0.010879517
0.015106201
0.0010242462
-0.0009803772
0.0030975342
-0.0049819946
0.005695343
0.01411438
0.028518677
-0.0092468262
0.021728516
0.066345215
-0.001499176
0.14172363
-0.0042381287
0.031219482
0.079040527
-0.00083875656
-0.0068702698
-0.0064277649
0.030426025
-0.0018472672
0.059295654
-0.0082397461
-0.0079574585
0.012519836
0.064758301
-0.0066566467
0.051147461
0.079467773
0.052429199
0.050720215
-3.1709671e-05
0.04989624
-0.00081729889
-0.00021576881
0.026855469
0.003156662
0.04486084
0.06842041
0.034362793
0.020904541
0.0087051392
0.045379639
-0.0063171387
0.031799316
-0.0054702759
0.036865234
0.036712646
-0.0070037842
0.036224365
0.056854248
0.034576416
0.07623291
-0.0075454712
-0.010223389
-0.0026512146
0.091308594
-0.011421204
0.10058594
0.062164307
0.022567749
-0.0077972412
0.043609619
0.024612427
0.10931396
0.060241699
0.05166626
0.041412354
0.059509277
0.058898926
-0.0022296906
-0.010635376
0.04119873
0.010444641
0.020355225
-0.0092697144
0.10345459
0.071228027
-0.00033187866
0.051757812
-0.0012607574
-0.005821228
0.0087051392
0.067199707
0.089904785
0.10357666
-0.001832962
0.090698242
-0.005355835
-0.0036468506
0.020858765
0.03793335
-0.0052757263
0.051361084
-0.0026607513
-0.0039710999
-0.0010890961
-0.0090713501
-0.0049781799
-0.0034770966
-0.0098571777
0.07019043
-0.0025882721
0.1027832
-0.0063934326
-0.0039100647
-0.0012559891
0.071899414
-0.0018177032
-0.0051078796
-0.0031967163
0.0050010681
-0.0016469955
0.09185791
-0.0014429092
-0.0073394775
-0.0056114197
-0.0043334961
0.062805176
0.11462402
-0.00068473816
0.061248779
-0.002155304
-0.0022182465
0.028793335
-0.006652832
-0.0038299561
-0.010879517
0.015106201
0.0010242462
-0.0009803772
0.0030975342
-0.0049819946
0.005695343
0.01411438
0.028518677
-0.0092468262
0.021728516
0.066345215
-0.001499176
0.14172363
-0.0042381287
0.031219482
0.079040527
-0.00083875656
-0.0068702698
-0.0064277649
0.030426025
-0.0018472672
0.059295654
-0.0082397461
-0.0079574585
0.012519836
0.064758301
-0.0066566467
0.051147461
0.079467773
0.052429199
0.050720215
-3.1709671e-05
0.04989624
-0.00081729889
-0.00021576881
0.026855469
0.003156662
0.04486084
0.06842041
0.034362793
0.020904541
0.0087051392
0.045379639
-0.0063171387
0.031799316
-0.0054702759
0.036865234
0.036712646
-0.0070037842
0.036224365
0.056854248
0.034576416
0.07623291
-0.0075454712
-0.010223389
-0.0026512146
0.091308594
-0.011421204
0.10058594
0.062164307
0.022567749
-0.0077972412
0.043609619
0.024612427
0.10931396
0.060241699
0.05166626
0.041412354
0.059509277
0.058898926
-0.0022296906
-0.010635376
0.04119873
0.010444641
0.020355225
-0.0092697144
0.10345459
0.071228027
-0.00033187866
0.051757812
-0.0012607574
-0.005821228
0.0087051392
0.067199707
0.089904785
0.10357666
-0.001832962
0.090698242
-0.005355835
-0.0036468506
0.020858765
0.03793335
-0.0052757263
0.051361084
-0.0026607513
-0.0039710999
-0.0010890961
-0.0090713501
-0.0049781799
-0.0034770966
-0.0098571777
0.07019043
-0.0025882721
0.1027832
-0.0063934326
-0.0039100647
-0.0012559891
0.071899414
-0.0018177032
-0.0051078796
-0.0031967163
0.0050010681
-0.0016469955
0.09185791
-0.0014429092
-0.0073394775
-0.0056114197
-0.0043334961
0.062805176
0.11462402
-0.00068473816
0.061248779
-0.002155304
-0.0022182465
0.028793335
-0.006652832
-0.0038299561
-0.010879517
0.015106201
0.0010242462
-0.0009803772
0.0030975342
-0.0049819946
0.005695343
0.01411438
0.028518677
-0.0092468262
0.021728516
0.066345215
-0.001499176
0.14172363
-0.0042381287
0.031219482
0.079040527
-0.00083875656
-0.0068702698
-0.0064277649
0.030426025
-0.0018472672
0.059295654
-0.0082397461
-0.0079574585
0.012519836
0.064758301
-0.0066566467
0.051147461
0.079467773
0.052429199
0.050720215
-3.1709671e-05
0.04989624
-0.00081729889
-0.00021576881
0.026855469
0.003156662
0.04486084
0.06842041
0.034362793
0.020904541
0.0087051392
0.045379639
-0.0063171387
0.031799316
-0.0054702759
0.036865234
0.036712646
-0.0070037842
0.036224365
0.056854248
0.034576416
0.07623291
-0.0075454712
-0.010223389
-0.0026512146
0.091308594
-0.011421204
0.10058594
0.062164307
0.022567749
-0.0077972412
0.043609619
0.024612427
0.10931396
0.060241699
0.05166626
0.041412354
0.059509277
0.058898926
-0.0022296906
-0.010635376
0.04119873
0.010444641
0.020355225
-0.0092697144
0.10345459
0.071228027
-0.00033187866
0.051757812
-0.0012607574
-0.005821228
0.0087051392
0.067199707
0.089904785
0.10357666
-0.001832962
0.090698242
-0.005355835
-0.0036468506
0.020858765
0.03793335
-0.0052757263
0.051361084
-0.0026607513
-0.0039710999
-0.0010890961
-0.0090713501
-0.0049781799
-0.0034770966
-0.0098571777
0.07019043
-0.0025882721
0.1027832
-0.0063934326
-0.0039100647
-0.0012559891
0.071899414
-0.0018177032
-0.0051078796
-0.0031967163
0.0050010681
-0.0016469955
0.09185791
-0.0014429092
-0.0073394775
-0.0056114197
-0.0043334961
0.062805176
0.11462402
-0.00068473816
0.061248779
-0.002155304
-0.0022182465
0.028793335
-0.006652832
-0.0038299561
-0.010879517
0.015106201
0.0010242462
-0.0009803772
0.0030975342
-0.0049819946
0.005695343
0.01411438
0.028518677
-0.0092468262
0.021728516
0.066345215
-0.001499176
0.14172363
-0.0042381287
0.031219482
0.079040527
-0.00083875656
-0.0068702698
-0.0064277649
0.030426025
-0.0018472672
0.059295654
-0.0082397461
-0.0079574585
0.012519836
0.064758301
-0.0066566467
0.051147461
0.079467773
0.052429199
0.050720215
-3.1709671e-05
0.04989624
-0.00081729889
-0.00021576881
0.026855469
0.003156662
0.04486084
0.06842041
0.034362793
0.020904541
0.0087051392
0.045379639
-0.0063171387
0.031799316
-0.0054702759
0.036865234
0.036712646
-0.0070037842
0.036224365
0.056854248
0.034576416
0.07623291
-0.0075454712
-0.010223389
-0.0026512146
0.091308594
-0.011421204
0.10058594
0.062164307
0.022567749
-0.0077972412
0.043609619
0.024612427
0.10931396
0.060241699
0.05166626
0.041412354
0.059509277
0.058898926
-0.0022296906
-0.010635376
0.04119873
0.010444641
0.020355225
-0.0092697144
0.10345459
0.071228027
-0.00033187866
0.051757812
-0.0012607574
-0.005821228
0.0087051392
0.067199707
0.089904785
0.10357666
-0.001832962
0.090698242
-0.005355835
-0.0036468506
0.020858765
0.03793335
-0.0052757263
0.051361084
-0.0026607513
-0.0039710999
-0.0010890961
-0.0090713501
-0.0049781799
-0.0034770966
-0.0098571777
0.07019043
-0.0025882721
0.1027832
-0.0063934326
-0.0039100647
-0.0012559891
0.071899414
-0.0018177032
-0.0051078796
-0.0031967163
0.0050010681
-0.0016469955
0.09185791
-0.0014429092
-0.0073394775
-0.0056114197
-0.0043334961
0.062805176
0.11462402
-0.00068473816
0.061248779
-0.002155304
-0.0022182465
0.028793335
-0.006652832
-0.0038299561
-0.010879517
0.015106201
0.0010242462
-0.0009803772
0.0030975342
-0.0049819946
0.005695343
0.01411438
0.028518677
-0.0092468262
0.021728516
0.066345215
-0.001499176
0.14172363
-0.0042381287
0.031219482
0.079040527
-0.00083875656
-0.0068702698
-0.0064277649
0.030426025
-0.0018472672
0.059295654
-0.0082397461
-0.0079574585
0.012519836
0.064758301
-0.0066566467
0.051147461
0.079467773
0.052429199
0.050720215
-3.1709671e-05
0.04989624
-0.00081729889
-0.00021576881
0.026855469
0.003156662
0.04486084
0.06842041
0.034362793
0.020904541
0.0087051392
0.045379639
-0.0063171387
0.031799316
-0.0054702759
0.036865234
0.036712646
-0.0070037842
0.036224365
0.056854248
0.034576416
0.07623291
-0.0075454712
-0.010223389
-0.0026512146
0.091308594
-0.011421204
0.10058594
0.062164307
0.022567749
-0.0077972412
0.043609619
0.024612427
0.10931396
0.060241699
0.05166626
0.041412354
0.059509277
0.058898926
-0.0022296906
-0.010635376
0.04119873
0.010444641
0.020355225
-0.0092697144
0.10345459
0.071228027
-0.00033187866
0.051757812
-0.0012607574
-0.005821228
0.0087051392
0.067199707
0.089904785
0.10357666
-0.001832962
0.090698242
-0.005355835
-0.0036468506
0.020858765
0.03793335
-0.0052757263
0.051361084
-0.0026607513
-0.0039710999
-0.0010890961
-0.0090713501
-0.0049781799
-0.0034770966
-0.0098571777
0.07019043
-0.0025882721
0.1027832
-0.0063934326
-0.0039100647
-0.0012559891
0.071899414
-0.0018177032
-0.0051078796
-0.0031967163
0.0050010681
-0.0016469955
0.09185791
-0.0014429092
-0.0073394775
-0.0056114197
-0.0043334961
0.062805176
0.11462402
-0.00068473816
0.061248779
-0.002155304
-0.0022182465
0.028793335
-0.006652832
-0.0038299561
-0.010879517
0.015106201
0.0010242462
-0.0009803772
0.0030975342
-0.0049819946
0.005695343
0.01411438
0.028518677
-0.0092468262
0.021728516
0.066345215
-0.001499176
0.14172363
-0.0042381287
0.031219482
0.079040527
-0.00083875656
-0.0068702698
-0.0064277649
0.030426025
-0.0018472672
0.059295654
-0.0082397461
-0.0079574585
0.012519836
0.064758301
-0.0066566467
0.051147461
0.079467773
0.052429199
0.050720215
-3.1709671e-05
0.04989624
-0.00081729889
-0.00021576881
0.026855469
0.003156662
0.04486084
0.06842041
0.034362793
0.020904541
0.0087051392
0.045379639
-0.0063171387
0.031799316
-0.0054702759
0.036865234
0.036712646
-0.0070037842
0.036224365
0.056854248
0.034576416
0.07623291
-0.0075454712
-0.010223389
-0.0026512146
0.091308594
-0.011421204
0.10058594
0.062164307
0.022567749
-0.0077972412
0.043609619
0.024612427
0.10931396
0.060241699
0.05166626
0.041412354
0.059509277
0.058898926
-0.0022296906
-0.010635376
0.04119873
0.010444641
0.020355225
-0.0092697144
0.10345459
0.071228027
-0.00033187866
0.051757812
-0.0012607574
-0.005821228
0.0087051392
0.067199707
0.089904785
0.10357666
-0.001832962
0.090698242
-0.005355835
-0.0036468506
0.020858765
0.03793335
-0.0052757263
0.051361084
-0.0026607513
-0.0039710999
-0.0010890961
-0.0090713501
-0.0049781799
-0.0034770966
-0.0098571777
0.07019043
-0.0025882721
0.1027832
-0.0063934326
-0.0039100647
-0.0012559891
0.071899414
-0.0018177032
-0.0051078796
-0.0031967163
0.0050010681
-0.0016469955
0.09185791
-0.0014429092
-0.0073394775
-0.0056114197
-0.0043334961
0.062805176
0.11462402
-0.00068473816
0.061248779
-0.002155304
-0.0022182465
0.028793335
-0.006652832
-0.0038299561
-0.010879517
0.015106201
0.0010242462
-0.0009803772
0.0030975342
-0.0049819946
0.005695343
0.01411438
0.028518677
-0.0092468262
0.021728516
0.066345215
-0.001499176
0.14172363
-0.0042381287
0.031219482
0.079040527
-0.00083875656
-0.0068702698
-0.0064277649
0.030426025
-0.0018472672
0.059295654
-0.0082397461
-0.0079574585
0.012519836
0.064758301
-0.0066566467
0.051147461
0.079467773
0.052429199
0.050720215
-3.1709671e-05
0.04989624
-0.00081729889
-0.00021576881
0.026855469
0.003156662
0.04486084
0.06842041
0.034362793
0.020904541
0.0087051392
0.045379639
-0.0063171387
0.031799316
-0.0054702759
0.036865234
0.036712646
-0.0070037842
0.036224365
0.056854248
0.034576416
0.07623291
-0.0075454712
-0.010223389
-0.0026512146
0.091308594
-0.011421204
0.10058594
0.062164307
0.022567749
-0.0077972412
0.043609619
0.024612427
0.10931396
0.060241699
0.05166626
0.041412354
0.059509277
0.058898926
-0.0022296906
-0.010635376
0.04119873
0.010444641
0.020355225
-0.0092697144
0.10345459
0.071228027
-0.00033187866
0.051757812
-0.0012607574
-0.005821228
0.0087051392
0.067199707
0.089904785
0.10357666
-0.001832962
0.090698242
-0.005355835
-0.0036468506
0.020858765
0.03793335
-0.0052757263
0.051361084
-0.0026607513
-0.0039710999
-0.0010890961
-0.0090713501
-0.0049781799
-0.0034770966
-0.0098571777
0.07019043
-0.0025882721
0.1027832
-0.0063934326
-0.0039100647
-0.0012559891
0.071899414
-0.0018177032
-0.0051078796
-0.0031967163
0.0050010681
-0.0016469955
0.09185791
-0.0014429092
-0.0073394775
-0.0056114197
-0.0043334961
0.062805176
0.11462402
-0.00068473816
0.061248779
-0.002155304
-0.0022182465
0.028793335
-0.006652832
-0.0038299561
-0.010879517
0.015106201
0.0010242462
-0.0009803772
0.0030975342
-0.0049819946
0.005695343
0.01411438
0.028518677
-0.0092468262
0.021728516
0.066345215
-0.001499176
0.14172363
-0.0042381287
0.031219482
0.079040527
-0.00083875656
-0.0068702698
-0.0064277649
0.030426025
-0.0018472672
0.059295654
-0.0082397461
-0.0079574585
0.012519836
0.064758301
-0.0066566467
0.051147461
0.079467773
0.052429199
0.050720215
-3.1709671e-05
0.04989624
-0.00081729889
-0.00021576881
0.026855469
0.003156662
0.04486084
0.06842041
0.034362793
0.020904541
0.0087051392
0.045379639
-0.0063171387
0.031799316
-0.0054702759
0.036865234
0.036712646
-0.0070037842
0.036224365
0.056854248
0.034576416
0.07623291
-0.0075454712
-0.010223389
-0.0026512146
0.091308594
-0.011421204
0.10058594
0.062164307
0.022567749
-0.0077972412
0.043609619
0.024612427
0.10931396
0.060241699
0.05166626
0.041412354
0.059509277
0.058898926
-0.0022296906
-0.010635376
0.04119873
0.010444641
0.020355225
-0.0092697144
0.10345459
0.071228027
-0.00033187866
0.051757812
-0.0012607574
-0.005821228
0.0087051392
0.067199707
0.089904785
0.10357666
-0.001832962
0.090698242
-0.005355835
-0.0036468506
0.020858765
0.03793335
-0.0052757263
0.051361084
-0.0026607513
-0.0039710999
-0.0010890961
-0.0090713501
-0.0049781799
-0.0034770966
-0.0098571777
0.07019043
-0.0025882721
0.1027832
-0.0063934326
-0.0039100647
-0.0012559891
0.071899414
-0.0018177032
-0.0051078796
-0.0031967163
0.0050010681
-0.0016469955
0.09185791
-0.0014429092
-0.0073394775
-0.0056114197
-0.0043334961
0.062805176
0.11462402
-0.00068473816
0.061248779
-0.002155304
-0.0022182465
0.028793335
-0.006652832
