0.562408
-1.248206
-0.249953
0.551619
0.270180
-0.569662
-0.657083
-1.382982
0.465654
0.374270
1.627758
-0.521629
0.005350
0.460889
0.483192
0.756683
-1.565652
0.504215
0.582122
-0.491930
-2.613304
-0.542803
-2.200493
0.027306
1.531309
-0.052280
0.802184
-0.118037
0.189928
-0.909285
-0.409997
-0.031835
0.954693
-0.223145
0.221758
-0.346506
1.313538
0.143418
-0.700093
1.315170
2.379575
-0.061526
-1.552331
0.061163
-1.199206
-1.122330
0.554436
0.992606
0.518834
-1.208881
0.787373
-1.590629
0.014499
-0.552325
-1.069541
1.879935
-0.658454
0.128417
-0.656508
0.658001
0.799118
0.188129
1.892401
-0.129641
0.363219
-0.215245
0.886347
-1.442917
-0.011898
1.378739
-0.739917
1.539714
-0.316317
0.458181
-0.564251
1.151701
-1.398068
-0.153828
-0.742600
-1.075462
-0.378381
0.710372
-1.340097
-1.977314
-1.356748
-0.719961
-0.979950
0.853802
-1.089740
-0.861681
0.297643
0.212307
-1.542353
-1.722894
1.652608
-1.617038
0.476448
-0.226208
-0.453477
-0.177041
0.037365
0.464131
0.042012
-0.349372
-1.687772
0.852166
0.487456
0.301417
-0.510524
0.904665
-2.097172
-1.694401
1.770254
0.460336
-1.628638
0.777179
0.273861
-1.035737
-0.267583
-1.260295
-2.218350
-0.079652
0.350896
1.264446
-0.305196
0.168566
-0.582769
0.160815