0.11358643
-0.012153625
-0.021194458
-0.0076217651
0.019042969
0.07635498
0.009185791
0.11431885
0.061645508
-0.0057144165
0.17651367
0.0043411255
0.028701782
0.029434204
-0.016342163
0.022491455
-0.0053329468
-0.0054969788
0.092529297
-0.010795593
0.096557617
0.033935547
0.00043177605
0.092346191
-0.0044059753
0.0018310547
-0.0064964294
0.092651367
-0.012504578
-0.0045585632
-0.012413025
-0.0013608932
-0.0021286011
-0.0036411285
0.038574219
0.01902771
-0.0015630722
0.099304199
0.22473145
0.011581421
0.17541504
0.059875488
-0.012527466
0.1126709
-0.011512756
0.085266113
0.087585449
0.019760132
0.048858643
0.28808594
0.063476562
-0.015144348
0.042877197
0.070861816
0.05166626
-0.00068473816
0.037841797
0.077209473
-0.0090713501
0.07043457
-0.0036716461
-0.0082092285
-0.0095672607
-0.008972168
0.096740723
-0.0060119629
0.024078369
-0.0031833649
-0.01197052
-0.0093841553
0.014785767
-0.0056648254
0.10046387
-0.0075073242
-0.0090560913
0.065917969
0.14440918
0.075073242
-0.013023376
-0.0053863525
-0.011207581
0.06451416
0.1418457
-0.0050392151
0.10351562
-0.0058822632
0.0052185059
0.036010742
-0.0054206848
0.092163086
-0.0040054321
0.21459961
-0.0011558533
-0.014343262
-0.010047913
0.023376465
0.080688477
0.045562744
-0.0010414124
-0.0043563843
0.16687012
-0.018936157
-0.0063667297
-0.012153625
-0.011428833
0.14978027
0.016311646
0.012229919
0.12756348
0.12115479
0.085205078
0.15002441
-0.009765625
0.016937256
0.086853027
-0.001742363
0.085021973
-0.0020771027
0.021102905
-0.00248909
0.06451416
-0.0052566528
0.1149292
-0.0067100525
-0.0095367432
-0.0029411316
-0.0015707016
0.067810059