-0.003502
0.013840
0.048218
-0.078918
0.083435
-0.043182
0.023178
0.024704
0.021423
-0.063049
0.056824
-0.056000
-0.022690
0.080750
-0.005836
-0.060333
0.009895
0.066956
0.067139
-0.062866
0.109619
0.065430
0.064026
0.061401
0.024979
0.001686
-0.071289
0.017105
-0.062164
0.041321
-0.067139
-0.022171
0.018021
-0.079468
0.080261
0.055176
0.111450
0.067322
0.050323
0.067810
0.068054
-0.045258
0.021713
-0.077881
-0.065918
-0.008545
0.007904
0.047272
0.077026
0.003300
0.076233
0.052460
-0.064880
-0.015022
-0.045471
0.039124
-0.018784
0.049194
-0.051117
-0.038818
0.014740
0.044464
-0.050323
-0.046631
0.091492
0.025131
0.013054
-0.083923
-0.092590
0.062256
-0.025543
-0.009567
0.014114
-0.004192
0.054016
-0.062561
-0.079041
-0.022141
-0.045502
-0.075806
-0.040680
-0.064026
0.039429
0.047363
0.040833
0.085327
-0.029892
-0.020752
-0.011932
0.032043
-0.000797
0.065247
-0.007488
0.036163
0.011734
-0.025497
-0.047882
0.083557
-0.018723
0.039948
0.000892
0.075562
-0.021225
-0.041565
0.037170
-0.030090
-0.080933
-0.076660
-0.040924
-0.078003
0.070984
-0.067993
-0.013924
0.031677
0.055511
-0.009247
-0.020050
0.048340
0.067261
-0.044281
0.058502
0.027618
0.036377
0.004593
0.080200
-0.090881
-0.036896
-0.055328
0.053436
-0.012215
0.084656
0.050446
0.033600
0.067383
-0.041534
0.017288
0.019913
0.045502
-0.008598
-0.032135
0.012253
0.000945
-0.032562
-0.089905
-0.043213
-0.079590
0.041534
-0.059662
-0.068726
-0.066895
0.045013
0.072144
-0.010880
-0.052155
-0.067749
0.003002
-0.092834
0.084717
-0.052032
-0.038177
0.005253
0.082153
-0.091736
0.042023
-0.009521
0.011528
0.017517
0.041931
0.023056
-0.061035
0.037964
0.079895
-0.090149
-0.023666
-0.057739
-0.000229
-0.027023
0.006813
-0.019730
-0.005081
-0.000415
0.042969
-0.002625
0.027710
0.023483
-0.043396
-0.069519
-0.086670
-0.062073
0.085938
-0.014793
0.038483
0.056335
-0.106384
-0.089111
-0.006065
-0.059479
0.021973
-0.073242
-0.023346
-0.047455
0.080566
0.081726
0.089417
-0.083496
-0.053558
-0.036530
-0.094910
-0.076782
0.059601
0.101379
0.057800
-0.055206
0.070068
-0.026901
-0.043823
-0.026962
-0.035309
0.037018
-0.030060
0.078735
-0.084778
0.051971
-0.044861
0.022156
0.057556
-0.070312
0.049988
-0.006222
-0.011200
0.026978
0.058899
-0.020111
0.080811
0.061920
0.074707
0.064758
0.011635
0.085876
-0.068481
-0.007015
0.035889
0.031281
0.044189
0.097290
-0.058807
-0.021912
-0.001003
0.091003
0.024658
0.075989
0.081360
0.058197
0.016281
0.032288
0.027512
-0.050751
-0.010132
0.046143
-0.033264
-0.107300
-0.065674
0.039429
-0.062988
-0.007019
0.010483
0.011086
-0.049744
0.049805
-0.012848
-0.003956
0.055237
-0.031158
0.071228
-0.076050
-0.005947
0.005833
-0.089355
0.055511
0.030930
-0.034088
0.014549
-0.030426
-0.025055
-0.055145
0.053162
0.004818
-0.029877
-0.019699
0.004429
0.026062
-0.035950
-0.086609
-0.034760
-0.067810
0.046448
0.050964
0.072205
0.023407
0.066589
-0.025711
-0.009148
0.065674
0.042450
0.006710
0.071167
-0.006725
0.040710
0.017105
0.075195
-0.026077
0.067810
0.072205
0.036652
0.089966
-0.043365
-0.035614
-0.053986
0.002905
0.057709
0.018768
0.057281
0.021225
-0.009018
0.036072
-0.007618
0.035858
0.026886
0.037964
-0.015991
0.026184
0.010780
-0.047089
-0.011902
0.037720
-0.030228
0.070435
-0.084839
-0.072632
0.034973
0.104614
0.040405
0.011108
-0.019699
0.033783
0.006577
0.026718
-0.083862
0.083374
0.024658
0.035767
0.097412
-0.019531
0.000699
0.070374
0.018539
0.047211
0.080627
-0.076599
-0.084656
-0.082520
-0.077148
0.052307
-0.029541
0.014618
-0.040100
-0.043091
0.038757
0.059052
-0.076599
0.013390
-0.069153
0.060120
-0.047241
-0.071045
0.090454
-0.040314
-0.071045
-0.040009
0.008308
0.034790
-0.064880
-0.005318
0.091980
0.070679
-0.014832
0.056396
0.018738
-0.030716
-0.020416
0.076965
-0.075439
0.035370
0.013489
0.024902
0.055908
0.006119
0.016968
0.020157
0.064575
-0.001602
0.090637
-0.077332
-0.037262
-0.031891
0.042969
0.045685
0.031250
0.015762
-0.036621
0.036224
-0.028641
-0.067627
-0.008301
-0.000669
0.108704
-0.050385
0.040009
0.063354
-0.035858
-0.019562
0.004898
0.010056
0.040833
0.065735
-0.064697
0.051880
-0.031982
0.077209
0.001694
0.006340
0.057343
-0.077271
0.091675
-0.069824
-0.033386
0.077148
0.061737
0.023682
-0.083557
-0.062195
0.002405
-0.084351
0.083862
0.000172
-0.020218
0.050842
-0.008156
-0.030975
-0.008972
-0.079102
-0.067017
-0.080322
-0.076843
-0.009697
0.056244
-0.038300
-0.002094
0.067749
-0.047852
-0.012360
-0.003841
0.029602
-0.050110
0.024750
0.002687
0.011787
0.029587
-0.043335
0.052643
-0.071289
-0.027466
0.048676
0.056732
-0.077820
-0.036163
0.070251
0.001839
0.064941
-0.017670
-0.062988
0.059387
0.012558
0.007145
0.075684
-0.008865
-0.050415
-0.075806
-0.041595
0.045471
-0.003529
-0.031281
-0.060883
0.012039
0.027969
0.050232
-0.007534
-0.074707
0.005409
0.046936
0.020508
0.043396
0.041229
0.001799
-0.092224
0.009125
0.001539
0.065735
-0.015717
-0.080200
-0.070984
-0.039825
-0.000241
0.017624
0.043152
0.035706
-0.055634
-0.064392
-0.001100
-0.023148
-0.053192
-0.045471
-0.054779
0.014221
-0.068787
-0.072998
0.026154
0.069458
0.045410
-0.057709
-0.049652
0.088013
-0.037537
0.078674
0.016098
-0.052429
0.029480
0.035889
-0.026291
-0.078125
-0.002798
0.037872
-0.071045
0.076233
-0.096558
-0.028503
0.022125
-0.027130
-0.016968
-0.025482
0.094910
-0.027466
0.019333
-0.046326
0.046143
0.015152
0.078003
0.005428
-0.017395
-0.020248
0.029434
-0.059448
-0.019363
-0.066284
0.068909
-0.075012
-0.061066
0.001551
0.068848
-0.063721
0.026398
-0.045593
-0.059509
-0.055664
-0.042542
-0.046906
0.052094
0.020172
0.033203
-0.057251
0.036743
-0.057343
-0.001327
-0.061249
-0.009552
0.018387
0.008675
-0.000858
0.033173
-0.015518
0.070312
-0.037323
-0.087524
0.064758
-0.053040
-0.006771
-0.019318
-0.063171
-0.075134
0.077637
0.067871
0.060669
-0.001184
0.059845
-0.052063
-0.035767
-0.040894
-0.038177
-0.029510
0.066833
0.047363
-0.030212
-0.008881
-0.011200
0.058838
0.047760
0.020538
-0.094299
0.004910
-0.060211
-0.095764
0.060150
-0.013184
-0.078369
0.038971
-0.004349
-0.003723
0.065491
0.039764
-0.014977
0.013977
0.012512
0.060303
-0.077393
-0.025131
-0.091064
-0.036469
0.070496
0.080750
-0.010231
-0.028198
0.088257
0.051270
-0.012047
0.037781
-0.076416
-0.050232
0.044952
-0.036926
-0.019760
0.039795
0.023621
0.059387
-0.055969
-0.012260
0.067078
0.081787
0.056793
-0.017456
-0.072205
0.024200
-0.086304
0.096375
0.065430
0.036316
-0.019699
0.029816
0.000057
-0.046844
-0.030624
-0.073364
0.008896
0.070312
0.085205
-0.062500
0.059082
-0.017715
0.004848
-0.057648
0.041931
-0.069214
0.060242
0.077332
-0.056580
-0.022156
0.013512
-0.087158
-0.066528
-0.077576
0.022552
0.026398
-0.024887
0.009521
-0.020004
-0.041992
0.032745
0.036926
0.059601
0.078125
-0.002243
-0.026337
0.016708
-0.046875
0.068298
-0.012634
-0.046906
-0.058960
0.005470
-0.042603
0.071350
-0.013939
0.005486
0.049438
-0.069763
0.028320
0.034302
-0.062500
-0.074524
-0.012695
-0.074158
0.095459
0.005821
0.053802
-0.072083
-0.003933
0.082703
0.009026
0.030060
-0.079346
-0.023300
-0.001976
0.068726
-0.032867
0.068665
0.056702
0.004807
0.067749
0.015617
0.062927
0.026978
-0.039795
-0.082947
0.056030
0.022522
0.076172
-0.039612
0.019318
-0.064514
-0.062866
-0.060760
0.084656
-0.069092
0.076843
-0.040649
0.082703
-0.014496
0.016220
-0.063721
0.076111
-0.067993
0.081909
-0.004326
-0.001301
0.009789
-0.057068
0.082703
-0.024414
0.012390
0.053619
-0.050446
-0.009171
0.020264
0.030731
0.008644
-0.004498
-0.010872
0.061554
-0.000200
0.075500
0.083801
-0.069824
0.070618
0.065186
0.061249
-0.071655
-0.006378
-0.069214
-0.001839
0.026794
0.023895
0.027817
-0.017853
0.063049
-0.057129
-0.013962
-0.040436
0.020233
0.083252
-0.033447
0.003502
0.057892
0.022949
-0.042542
-0.019028
-0.060150
0.082153
0.014656
-0.030762
0.031189
0.038727
-0.009148
0.033325
0.027527
-0.062927
0.030487
0.040558
0.062195
-0.051056
0.062500
0.046234
-0.010307
-0.075195
-0.050568
0.026276
-0.070618
0.055115
-0.069092
-0.018829
0.073914
0.083313
0.009720
0.008636
0.032928
-0.038971
-0.014725
-0.049164
-0.022339
0.032684
0.083435
-0.036102
-0.037842
-0.008850
-0.074280
0.055481
-0.005470
0.052856
-0.078491
-0.018845
-0.029770
-0.024246
-0.007008
-0.049377
0.001896
0.014992
0.059631
0.004101
-0.070801
-0.047394
-0.012596
0.093506
0.026672
-0.037476
-0.034302
-0.076355
-0.060974
-0.072876
0.004871
0.022232
0.042664
-0.078003
-0.025436
0.033478
-0.073547
0.026230
0.000518
0.045288
0.013702
0.085754
-0.071045
0.006104
-0.003012
0.010132
0.077637
0.020828
-0.070129
0.084656
0.008774
-0.062866
-0.036163
0.042908
-0.043182
0.041626
0.050262
-0.059845
-0.067383
0.057220
0.054321
-0.051788
-0.013092
-0.040985
-0.074585
0.044830
0.014870
0.073975
0.044189
-0.102783
0.033966
-0.060852
0.019012
0.055267
0.091064
-0.005657
-0.035706
0.002817
0.067505
-0.025024
-0.055359
0.025681
-0.042603
-0.029022
0.031403
-0.096802
0.032928
-0.082214
-0.066223
0.027802
0.031113
0.019913
0.104980
-0.034149
0.004898
0.047119
0.072144
-0.080933
-0.094177
0.018692
0.001336
-0.010345
-0.015289
0.031647
-0.011513
0.035278
-0.012604
-0.096313
0.006393
0.022919
0.086060
0.069763
0.070923
-0.001185
0.016129
-0.039856
-0.020721
-0.051636
0.009819
0.012711
-0.098877
-0.039490
0.055054
-0.039856
-0.052216
-0.035767
0.046021
-0.037781
0.006142
-0.026596
-0.076599
0.045654
0.046265
0.122742
0.056366
-0.012146
0.019119
0.083862
0.101257
-0.059875
-0.007286
0.064636
0.048431
0.064941
0.017944
0.029541
-0.062225
0.024445
0.060211
-0.016251
-0.123596
0.028381
0.049347
-0.023148
-0.062347
-0.017975
-0.091553
0.011185
0.072998
-0.005280
-0.049622
0.025909
0.063599
-0.010155
0.101868
0.071655
-0.025818
0.025696
0.022156
0.044739
-0.043060
-0.044769
0.085632
0.120056
0.037811
-0.056915
0.107239
0.100159
-0.068237
-0.002432
0.094055
0.049011
0.087769
0.036621
-0.062927
-0.054413
0.070801
0.014221
-0.000422
-0.081055
0.032867
0.089661
0.069275
-0.078369
0.061646
-0.089722
-0.013916
0.095398
0.088379
-0.010490
-0.059235
0.048126
0.066406
-0.055847
-0.031586
0.101074
-0.046082
0.025726
-0.034790
-0.049957
0.030472
-0.027115
-0.032013
0.046112
0.021332
-0.001674
-0.007889
-0.051880
0.036011
0.050873
-0.004620
-0.076782
0.072021
0.055420
0.004543
0.038788
-0.067200
-0.074524
-0.047852
-0.023132
0.074890
0.071411
-0.043152
-0.031555
-0.014702
0.043121
-0.048248
-0.026260
-0.079651
0.031616
0.059265
-0.007717
0.049774
0.079590
0.064941
0.002127
-0.037537
0.022797
0.093262
0.033447
-0.015099
0.033783
0.062164
-0.083740
-0.001698
0.022598
-0.045502
-0.027023
-0.054810
0.043671
-0.046997
-0.044098
-0.053009
0.020157
0.010788
0.054443
0.093323
0.053009
-0.045837
-0.016754
-0.014847
0.059509
-0.045135
0.036591
0.085510
-0.037140
0.065857
-0.017197
-0.072205
-0.017776
-0.062225
-0.059113
0.003784
0.076233
0.055511
-0.029831
0.048889
0.033051
-0.017120
0.028168
-0.069885
0.063293
-0.072571
-0.079834
0.059906
-0.007408
-0.012642
0.008430
-0.052856
0.008720
-0.078918
-0.110168
-0.044434
-0.063477
-0.079041
-0.030380
-0.061554
0.044891
-0.048218
0.075867
-0.041077
-0.044098
-0.014099
-0.008797
0.037201
-0.012581
-0.011696
0.000606
0.056854
0.020508
-0.071167
-0.054443
-0.037170
0.058807
0.022354
0.032074
-0.042572
-0.015625
0.034058
-0.062073
-0.071106
0.063049
-0.014038
0.051239
0.041626
0.072327
0.026764
0.024948
0.093567
0.033478
0.083740
-0.010811
0.104980
0.010864
0.056793
0.039276
-0.008018
0.069946
0.018524
0.067261
-0.071716
-0.052338
-0.020187
0.079712
-0.039307
-0.060822
-0.027481
-0.043213
0.086182
-0.020767
-0.074219
0.047974
0.033142
0.065247
-0.069031
-0.042358
0.074463
-0.051880
-0.029129
0.039581
0.041138
0.095581
-0.010429
0.040009
-0.044525
-0.041351
-0.087524
0.056671
-0.044861
0.077759
-0.035889
0.016937
-0.025726
-0.079285
0.007858
0.009567
-0.032166
0.007504
-0.046600
0.078613
-0.029007
0.083984
-0.055969
0.083374
-0.022232
-0.075623
-0.072144
0.068909
0.072510
0.077881
0.044342
-0.028595
0.085388
0.001877
0.083374
-0.069031
-0.027390
0.034729
-0.065674
-0.023010
0.055634
-0.042816
0.060242
0.053986
0.064087
0.022690
0.051361
-0.060059
-0.059418
0.048309
-0.023483
-0.041260
-0.009026
0.058441
0.059143
-0.081299
-0.070007
0.082642
0.022095
0.009735
0.059540
0.047699
-0.011627
0.062500
0.029480
0.056519
-0.073975
0.076050
-0.076660
-0.008812
0.044800
0.034943
0.012520
0.068542
0.091248
0.023972
-0.034485
0.049408
0.104675
0.074341
0.044678
-0.013786
-0.073486
-0.077209
-0.062561
-0.070618
-0.033722
-0.046997
-0.083069
0.077942
-0.076477
0.075317
-0.010162
-0.002398
0.015190
0.080505
-0.018265
0.029190
0.013191
-0.020126
0.011650
-0.078186
0.062988
0.036499
-0.004478
0.076965
-0.048828
0.079834
0.052155
-0.006966
0.016891
0.041321
-0.041046
-0.053802
0.062805
0.018127
0.067444
0.000203
0.026413
0.023300
-0.061920
-0.039032
0.057831
0.068237
0.016296
0.052032
0.041138
0.021500
-0.045746
0.020584
-0.045654
0.049225
0.052612
-0.073608
-0.044891
0.016846
0.048462
-0.065308
-0.057220
-0.067749
-0.072815
0.063843
-0.040741
-0.083252
-0.048523
0.085327
-0.015343
0.045898
-0.008606
0.017883
-0.073425
-0.064209
-0.022141
0.077942
-0.004196
0.026764
0.088623
0.074402
-0.073547
-0.021103
0.072266
-0.045349
0.054749
-0.001452
0.042267
-0.050140
0.020096
-0.059784
0.005539
-0.076172
-0.058899
0.006859
0.075073
-0.057281
0.016800
-0.025253
-0.018753
-0.051361
-0.055939
-0.008842
-0.005695
-0.072510
-0.088501
-0.083679
-0.057434
-0.033447
0.048279
0.016953
-0.007454
0.038452
0.038635
0.023697
-0.053070
0.070312
0.080750
-0.065430
0.039978
-0.076843
0.031799
0.051422
0.053680
0.054047
0.069153
0.045013
-0.028152
0.018250
-0.063354
-0.037689
0.056152
-0.021866
-0.067017
0.078247
0.088074
-0.041443
-0.015915
-0.028564
0.016174
-0.021790
-0.015419
-0.058929
-0.048431
-0.012627
0.058441
-0.082336
0.020020
-0.062195
0.063293
-0.035919
0.075378
0.017990
0.056458
-0.020386
-0.012337
0.050873
0.024399
-0.029236
0.089417
0.031738
-0.066467
-0.054932
-0.036896
0.045166
0.041016
-0.000090
0.036194
-0.048431
0.058167
-0.066956
-0.066101
-0.058105
-0.033051
0.086365
0.020767
0.030273
0.062012
-0.005928
0.021469
-0.061890
-0.018280
0.067566
-0.062134
0.040314
0.007759
-0.006840
0.087402
0.066833
-0.073792
0.056030
-0.038025
0.045868
0.083191
-0.052887
-0.005718
0.009933
-0.029556
-0.050446
0.014420
0.033447
-0.011795
-0.043945
-0.026566
-0.024292
0.028717
0.085022
0.043884
0.032471
0.072510
-0.003563
0.080200
-0.023010
-0.073364
0.072571
-0.049194
-0.054199
-0.037537
-0.007782
0.083618
0.050171
0.033966
-0.082031
-0.014313
0.045044
0.063232
-0.052765
0.010841
-0.022629
-0.057587
0.016052
0.046539
0.007473
0.054382
-0.045563
-0.066467
0.049622
-0.068604
0.048126
0.030655
0.031952
-0.032867
0.061523
-0.024734
-0.023849
-0.026718
-0.014702
0.010979
-0.024826
-0.030762
-0.018936
-0.067749
-0.006538
-0.046906
-0.080078
-0.075745
0.060181
0.003819
-0.085693
-0.057648
-0.081909
0.017105
0.049713
0.033295
0.041565
-0.002268
-0.066772
-0.026382
0.019440
0.052765
-0.064392
0.038025
0.070435
-0.029892
-0.056946
0.035492
-0.068665
0.066895
0.000204
-0.059967
-0.061676
0.068237
0.029785
0.026108
0.079712
0.007069
-0.071655
0.074829
-0.048035
0.047119
-0.061554
-0.007507
0.069824
-0.027740
0.073669
0.040436
0.050079
0.074280
-0.039886
-0.079041
-0.062622
-0.060059
0.056610
0.020630
-0.020538
-0.025543
-0.059113
-0.043213
0.078918
-0.075623
0.007950
-0.057678
-0.056915
-0.021561
-0.071411
-0.031403
0.037170
-0.090393
-0.048981
0.081909
0.071777
-0.042664
0.028625
-0.052338
-0.004707
-0.058105
-0.037048
0.072937
0.033173
0.005241
0.045502
-0.044952
-0.072876
0.022507
-0.007446
0.012550
-0.051422
-0.011436
0.047302
-0.019424
-0.071228
-0.025574
0.059570
0.000521
-0.084961
0.080688
0.043701
0.016830
0.047638
-0.061218
-0.086121
0.037567
0.018158
-0.084412
-0.089355
0.076843
0.025894
-0.026520
0.073853
-0.079712
0.052032
0.007351
-0.054657
-0.019913
-0.008774
-0.079468
0.059235
-0.094177
-0.078247
-0.019852
-0.027649
-0.057281
-0.061615
-0.061798
0.017807
0.015129
0.059662
-0.044739
-0.018555
0.028900
0.001293
-0.010735
-0.023026
-0.034698
-0.022629
-0.097717
0.024750
-0.012589
-0.065979
0.061096
-0.013847
-0.044159
-0.004841
0.016342
0.087036
0.080383
0.003599
0.028229
-0.066895
0.031494
0.045319
-0.043549
0.053528
0.003468
-0.028015
0.019363
0.014671
-0.038849
0.033203
0.023956
0.004906
-0.028152
0.037292
-0.011009
0.028687
-0.015976
0.041077
-0.086670
-0.040192
0.071289
-0.078003
-0.004272
0.060486
-0.018311
-0.042389
0.065308
0.099548
0.043884
-0.035492
-0.069702
0.085571
-0.057098
-0.005962
-0.029907
0.038788
0.025726
0.088318
0.034393
0.046967
-0.101624
0.030807
-0.067017
0.008453
0.089111
0.005768
0.074402
0.027176
-0.002491
0.040192
-0.002405
0.080750
-0.030533
0.018265
0.084473
-0.006466
0.051880
0.077515
0.025482
-0.003651
0.001680
-0.061157
-0.001579
-0.060211
-0.042236
-0.036835
-0.000948
0.070129
0.081970
0.020874
0.012955
0.041321
-0.100342
-0.028198
0.096191
-0.040558
-0.035492
-0.001590
-0.074524
-0.006981
-0.079956
-0.064453
-0.089111
0.036957
-0.006969
0.014954
0.085266
0.080444
-0.066833
0.011887
0.026520
0.055939
-0.095947
0.051819
0.069824
-0.057007
-0.077271
-0.054962
-0.076721
-0.013420
0.005875
0.048767
-0.070557
0.012581
0.034454
-0.054718
0.065979
0.059875
0.058624
-0.012810
0.032928
0.058258
0.036652
-0.026123
0.063843
0.072510
-0.008301
-0.020416
-0.019836
-0.039581
0.034912
0.063232
-0.018417
-0.037781
0.020355
-0.059784
-0.014771
-0.090027
0.080444
0.041473
-0.061829
0.087830
0.059814
0.039703
0.069214
-0.097351
-0.045746
0.034668
0.003691
-0.037689
-0.028732
-0.014366
-0.050354
-0.088257
0.037384
-0.029831
-0.063354
-0.041962
-0.057037
0.047119
-0.095032
0.019867
0.034210
0.001104
-0.064331
0.021469
0.039612
0.034454
0.045532
0.040558
-0.041107
-0.066406
0.079590
-0.047791
-0.091125
0.073364
0.054047
0.035980
-0.013512
-0.000487
0.081543
-0.000455
0.076782
0.056152
0.026199
-0.002310
-0.057159
-0.038727
-0.028107
-0.048645
0.033783
0.049347
-0.063171
-0.091431
0.072449
0.019958
-0.086609
0.035461
0.019409
-0.023788
0.036102
0.049194
0.051910
0.043610
-0.038422
-0.039490
-0.010124
-0.061523
-0.018738
0.044250
0.000501
0.064209
-0.006184
-0.030014
-0.061462
0.056427
0.078613
-0.078796
-0.053131
0.070557
-0.031708
-0.077332
-0.034546
-0.003881
-0.072937
0.030838
0.052673
-0.069275
-0.042175
-0.028641
-0.076721
0.046997
-0.003042
0.027145
-0.042511
0.057434
0.036316
0.083191
0.033905
-0.056488
0.013565
0.053040
0.089600
0.000161
0.043549
-0.009209
0.049744
0.042786
-0.055023
0.012535
0.018860
0.109375
0.071533
-0.018494
0.023560
-0.011787
0.038055
0.082886
-0.025177
-0.014618
-0.015579
-0.014320
-0.036591
-0.061188
0.045471
-0.035461
0.067139
-0.001020
0.030472
0.036133
-0.105286
0.065186
0.037598
0.087036
0.053101
0.001936
-0.033356
-0.048157
0.037781
0.051178
-0.058502
0.032471
0.044556
0.091431
-0.035767
0.013588
0.103088
0.007221
-0.046631
0.071716
-0.050537
0.001276
-0.067200
-0.020569
-0.046204
-0.007767
-0.037994
-0.016098
-0.038177
0.026062
-0.094604
0.030136
0.010750
-0.049866
0.049347
-0.036072
0.044128
-0.052917
-0.028107
0.023148
-0.055359
-0.102600
0.059235
-0.031647
-0.043243
0.085876
0.034637
0.017899
0.039917
0.027908
0.034271
-0.019730
-0.055359
-0.023636
0.110291
0.047943
0.006687
0.037079
-0.054352
0.034454
-0.002869
-0.051270
0.029755
-0.018417
0.046295
0.040771
0.009247
-0.034149
-0.033630
0.089294
0.062805
-0.003754
-0.008408
-0.015076
0.064331
-0.003233
0.084473
-0.006153
0.054321
-0.052490
-0.036041
0.063232
-0.094849
-0.048096
0.081299
0.033447
-0.065491
-0.051147
0.060669
-0.016464
0.016617
-0.080383
-0.040588
0.020691
-0.023056
-0.009506
-0.011047
0.101196
0.027939
0.031372
-0.064819
0.021149
-0.002546
0.001320
-0.076721
-0.064026
0.004478
-0.039581
-0.037842
-0.056915
0.023499
0.085388
-0.014404
0.005440
-0.072205
-0.016937
0.070557
-0.010216
0.036621
-0.033356
0.054413
-0.035950
0.040955
-0.022141
0.043213
0.024323
-0.072388
-0.043701
-0.001400
0.046631
-0.002480
-0.069092
-0.018860
-0.053497
-0.011185
0.072693
-0.056976
-0.010895
0.051208
0.060547
0.001602
0.075317
-0.022766
-0.054260
-0.044250
0.018265
-0.002951
0.047729
0.075012
0.063232
0.037476
0.063538
-0.041565
0.064270
0.036957
-0.013351
0.059296
0.072754
-0.093811
0.011299
0.024078
0.005665
-0.005077
-0.019684
-0.060944
0.063538
0.073486
0.012276
-0.061188
0.023254
-0.022720
0.002398
-0.075989
0.009407
-0.004261
0.083130
0.072876
-0.083740
-0.023254
-0.073364
-0.013855
0.004375
-0.037750
0.081726
-0.031586
0.045898
-0.055084
-0.082214
0.083557
0.032776
-0.076416
-0.054749
0.065247
-0.019989
-0.066528
0.073486
0.008003
-0.052216
0.069336
-0.030792
-0.025436
0.024750
0.010864
-0.038422
-0.052917
-0.028458
0.076233
0.025787
0.088623
-0.058136
0.059021
-0.051575
-0.063782
0.012413
0.070740
0.027924
0.035217
0.034912
0.078552
0.044769
-0.088135
0.066040
0.097534
-0.053680
0.012756
0.085510
0.074097
0.045990
0.056610
-0.075806
0.056824
0.033813
0.011169
0.012772
0.024384
0.014839
0.078247
0.079895
-0.091614
-0.073181
-0.001371
0.022751
0.030045
-0.052673
0.097778
0.038086
-0.052826
0.003536
-0.039734
-0.051544
-0.042725
0.066162
0.061493
0.087830
-0.013641
0.005306
-0.033508
0.064514
-0.086792
0.083984
-0.045074
0.018005
0.000701
0.060089
0.005035
0.060974
0.077820
0.042847
0.073547
0.012253
0.029846
-0.016006
0.052460
-0.046692
-0.045258
-0.034088
-0.008659
-0.078674
0.012108
-0.033142
0.028793
-0.070374
0.086121
0.029770
-0.070801
0.070129
-0.005711
-0.046051
-0.037506
-0.071411
0.076782
-0.015671
-0.072083
0.033966
-0.006207
0.083679
-0.042450
0.022079
0.022552
-0.008286
-0.057587
0.083984
0.064697
-0.005322
-0.042969
0.021271
0.062927
0.008347
-0.026642
-0.049286
0.029434
0.063782
-0.083801
-0.046326
0.008484
0.078979
0.073242
-0.076599
0.091614
0.030090
0.042603
-0.004402
0.054688
-0.044312
-0.059662
-0.059662
0.009590
-0.007137
0.083618
-0.035645
0.008842
0.042511
-0.080811
-0.037842
0.047089
0.070618
0.026733
-0.050018
-0.071106
0.014603
0.047272
0.070618
-0.030838
-0.051178
0.015717
0.065918
-0.040680
-0.012703
-0.089966
-0.061371
-0.034241
0.087952
0.037323
-0.056824
-0.080078
0.019592
0.053955
0.052490
0.043701
0.085205
-0.084473
0.053528
0.018326
0.009018
-0.052612
-0.017273
0.035156
0.030670
-0.005856
-0.019104
0.033203
0.059326
-0.046753
0.021011
-0.001492
-0.051941
-0.059021
0.029388
-0.057648
-0.044220
0.094360
-0.077454
-0.067871
-0.041809
0.028030
-0.001006
0.023376
-0.030579
0.056061
0.062317
-0.082703
0.047638
0.020782
0.051880
0.053497
-0.007809
-0.056366
0.053101
-0.064636
-0.049164
-0.030899
-0.016342
0.059509
-0.018570
0.066589
-0.042145
0.074585
0.057709
-0.058777
-0.021103
0.056427
0.059082
-0.063354
0.045319
0.073242
0.073425
-0.039642
0.080872
0.027191
0.056763
0.035736
-0.053741
0.002670
-0.018570
-0.076172
0.089111
-0.037659
0.012749
-0.032104
0.006153
0.063049
0.042511
-0.005497
-0.025742
-0.078064
0.065369
0.078918
0.068481
-0.067932
-0.066650
0.065186
-0.037415
0.079224
-0.077148
-0.047241
-0.030365
0.070007
-0.048065
0.012093
-0.009872
-0.073547
-0.088867
0.079041
0.028290
0.074646
-0.055115
-0.061340
0.094238
-0.041046
0.057556
0.062378
0.020142
-0.087708
0.049347
-0.003002
0.036255
-0.046844
-0.006767
0.019287
-0.049194
0.036469
-0.010902
-0.070496
0.072388
0.011284
0.015068
-0.081970
-0.034729
-0.012093
-0.078064
-0.042847
-0.080078
-0.005554
0.076904
-0.005127
-0.068726
-0.049744
0.095215
-0.035400
0.017899
0.027451
-0.034302
0.033661
-0.009583
-0.047943
0.053070
0.051422
-0.022217
-0.050140
-0.035980
0.062744
-0.002672
0.010674
0.052216
0.066345
-0.008652
0.089417
0.040894
0.075134
0.085266
-0.052826
-0.082703
-0.071655
0.058533
-0.044281
-0.046051
-0.071045
-0.051941
0.081970
0.014336
-0.082275
-0.052948
-0.044220
-0.020813
-0.017624
0.039856
-0.046509
0.064697
0.023178
-0.007996
-0.011024
-0.058441
-0.066528
-0.030533
-0.067810
-0.047302
-0.062622
0.026840
0.029800
-0.010674
0.072998
0.037262
-0.052643
-0.018112
0.038361
0.068054
-0.075439
0.038544
0.064880
0.058716
-0.048431
-0.060425
-0.070374
0.015167
0.068481
0.060944
0.081909
-0.069153
-0.000764
-0.023743
-0.078857
-0.071167
-0.002560
0.037933
-0.032959
-0.069397
0.000366
-0.069580
-0.080933
-0.022247
-0.012978
-0.056763
0.071960
0.045563
0.044922
0.045258
0.022903
-0.007637
-0.047882
-0.058167
-0.020508
-0.042725
-0.071228
0.030197
-0.028320
0.088745
0.039978
-0.081421
-0.075684
-0.057556
-0.032349
0.083191
0.075195
-0.049713
-0.040222
0.030655
-0.006824
0.063721
-0.062866
0.030823
0.084473
0.072937
-0.031281
0.027328
0.034393
-0.003462
-0.015541
-0.070862
0.060364
0.092468
0.039551
0.066467
0.042511
-0.011421
0.040009
0.010124
-0.004402
0.039032
-0.014801
-0.047974
0.003052
-0.009399
0.028137
0.080017
0.065918
0.045319
0.000748
0.071716
-0.019730
-0.022675
-0.036163
-0.088623
0.077637
0.075073
-0.042267
-0.073608
0.088074
0.074280
-0.069519
0.034149
0.026062
-0.022751
0.056152
0.034576
-0.080933
-0.019638
-0.012741
-0.051788
-0.060028
0.064880
0.087585
0.006012
-0.038361
0.047516
0.070984
0.080261
-0.048767
0.014160
-0.035950
0.026215
0.021576
-0.078979
-0.059753
0.040527
-0.061218
-0.046448
-0.033569
-0.031219
0.005032
-0.038910
-0.062927
-0.007603
0.054321
0.031342
-0.013329
-0.031616
-0.021347
-0.061920
-0.000222
-0.033112
-0.039948
0.034119
-0.037262
0.005013
0.014877
-0.011826
0.036377
0.069153
0.017609
-0.011719
-0.064270
0.001005
-0.044830
-0.070984
0.071533
-0.085449
0.024551
0.053589
0.081238
-0.010689
0.085144
0.048981
0.082642
-0.001624
-0.080078
-0.061584
0.029984
0.060059
0.010925
0.072632
0.081970
0.039368
0.020340
0.078796
0.022919
0.043304
-0.006397
-0.074951
-0.046967
0.008141
0.024139
-0.042633
0.033203
-0.022766
0.035004
0.032135
0.072937
0.014046
-0.025009
-0.014511
-0.050873
0.075195
-0.036041
-0.057373
0.042084
-0.043793
0.034149
0.023361
0.081665
-0.001607
-0.050629
0.070618
-0.010605
-0.058502
0.067200
-0.060425
0.087891
0.007103
0.028275
0.029129
0.044464
0.014008
0.031204
-0.032562
0.051880
0.004265
-0.094910
0.012550
0.033630
0.035400
0.039886
0.017624
0.042816
-0.013138
0.012245
-0.079834
0.027191
0.034912
0.083801
-0.014076
0.067871
0.079163
-0.055206
0.017227
-0.037994
0.039948
0.033539
0.057465
0.063843
-0.025803
-0.008850
-0.085571
-0.005714
0.055084
-0.055481
0.089111
-0.084961
-0.055054
0.057007
-0.048737
-0.008911
0.028442
0.039520
-0.089905
0.004368
0.016846
-0.021698
-0.003244
-0.007576
0.069580
0.077393
-0.051483
-0.058472
-0.084473
0.032318
-0.081970
0.018951
-0.017136
0.040070
0.013321
0.057037
-0.062103
0.002831
0.085571
-0.031799
-0.064453
0.022446
-0.005947
0.085388
0.051025
0.054077
0.089966
-0.061035
-0.032623
0.013351
-0.012329
-0.074890
0.051086
-0.077759
0.042480
-0.032379
-0.083435
0.061249
-0.089233
0.024231
-0.081787
-0.053101
0.041473
-0.041779
0.039093
-0.037354
-0.030426
-0.039062
-0.021866
-0.029205
-0.002003
-0.066589
0.015068
-0.046051
-0.049835
-0.008232
0.067017
0.049622
-0.009964
-0.008148
0.073059
0.043427
0.029617
0.000665
0.087280
-0.020874
-0.062286
0.035095
0.081238
0.041626
-0.010704
-0.006859
0.040039
0.030045
-0.035522
-0.064209
0.037079
0.017792
-0.074402
0.056335
0.076843
-0.074768
0.051392
-0.033447
0.078125
0.074280
-0.087402
0.060608
0.020874
0.018829
0.090454
0.081970
-0.090149
-0.084473
-0.013535
-0.003441
-0.066345
0.063660
0.018845
-0.020676
-0.086609
0.022675
-0.007912
0.043060
0.011108
-0.026810
0.087585
-0.061890
0.005241
0.039154
0.030487
-0.032471
-0.078857
0.087280
-0.054474
0.002529
0.022552
-0.042389
-0.045990
-0.044495
0.022202
-0.000836
-0.075378
0.019150
0.008713
-0.005581
-0.005985
-0.050751
0.025299
-0.019913
0.020996
-0.080994
0.015686
-0.031708
0.075562
0.009315
-0.065735
-0.007557
0.083313
0.037323
-0.062042
0.022339
-0.053772
0.015556
-0.032074
-0.023315
0.045868
-0.033844
-0.058411
0.011078
-0.013176
0.040771
-0.026627
-0.025787
0.010803
-0.036713
-0.083679
0.008705
-0.080872
-0.015335
0.065552
-0.072815
-0.003803
-0.079346
-0.028549
0.054749
-0.026627
0.066528
0.096436
0.078430
0.082092
-0.030609
-0.067383
-0.069397
-0.018143
0.033264
0.070435
0.028381
-0.008041
0.046753
-0.057404
0.009010
-0.076660
0.065002
-0.050476
0.021896
0.073975
0.043243
0.061249
0.078979
0.014694
-0.028793
-0.056030
-0.057617
0.037415
0.041931
-0.056946
-0.063843
0.036621
0.030228
0.003960
-0.077820
0.004047
-0.059265
0.011108
0.044952
0.083984
-0.042419
-0.036774
0.069153
-0.038422
-0.007763
-0.085022
-0.040924
0.069397
0.007221
-0.052826
-0.024673
-0.041260
0.084595
-0.006207
-0.009628
-0.006474
0.039459
-0.061859
0.034973
0.051819
-0.038483
-0.027756
-0.075439
0.059692
0.049377
0.037292
0.068115
0.017532
-0.087891
-0.069519
-0.098328
-0.025436
-0.064636
0.074341
0.005291
0.000514
0.007412
0.036163
0.002222
-0.048401
0.004223
-0.070496
0.053101
0.028305
-0.044586
-0.052856
0.049530
-0.029160
-0.070557
-0.069946
-0.005989
0.014465
0.014313
-0.078857
0.033569
0.061127
-0.009827
-0.014580
-0.025101
0.084534
-0.062683
0.031799
0.051880
0.047943
-0.076904
-0.089783
-0.018494
-0.030075
-0.058075
-0.086243
-0.039978
-0.050842
-0.064880
-0.093811
-0.080383
-0.056580
-0.059723
-0.047241
0.061829
-0.065430
0.082581
0.099121
-0.077820
0.050140
-0.072083
-0.007160
0.085999
-0.006855
0.093750
-0.092468
-0.042419
-0.009781
-0.038361
-0.089111
0.032196
0.077881
0.028946
-0.040009
-0.035614
0.078979
0.025360
-0.097229
-0.023544
0.093140
-0.027115
0.044403
0.072388
-0.082214
0.030624
-0.068420
-0.046753
0.038452
0.035187
0.035278
-0.088379
-0.056793
-0.053314
0.049896
0.075806
0.113342
0.012405
-0.029999
-0.017731
-0.056366
-0.034515
0.036560
0.121704
0.083008
-0.042603
0.007835
-0.064087
-0.088928
0.054474
-0.057404
-0.075989
-0.025803
-0.087524
0.003393
0.020706
-0.038574
-0.040253
-0.033478
-0.074951
-0.074402
0.017395
-0.038696
-0.067566
-0.029572
-0.086121
-0.014473
-0.038025
-0.064331
0.022552
0.054504
-0.002094
0.034912
0.068420
0.072876
-0.033600
0.016876
-0.077148
-0.042358
-0.002951
-0.080261
-0.065918
-0.065308
-0.064270
0.042145
0.063660
0.027924
-0.058594
0.006649
-0.057190
0.091492
0.001167
0.059265
0.018555
0.093933
-0.048004
0.071411
-0.013702
0.050995
0.006413
-0.063782
0.080139
0.011955
-0.046844
-0.022049
-0.085815
-0.075012
-0.002199
-0.033905
-0.029572
0.072693
0.092529
-0.014618
-0.073608
0.034424
0.036804
-0.033722
0.069519
-0.027863
0.081970
0.031082
-0.088806
0.042114
0.021515
0.000603
0.024017
0.062164
-0.039062
0.022934
-0.058289
-0.026962
0.011848
-0.055695
0.072266
-0.092529
0.056427
-0.017578
0.071594
0.075684
0.028885
0.005917
0.077698
-0.014992
-0.085938
0.082642
-0.010895
-0.000954
0.049042
-0.024994
-0.025803
-0.075012
-0.035889
0.013733
0.014511
0.039978
0.032928
0.068359
-0.048737
0.069336
0.033844
0.054443
-0.056610
0.081055
-0.071838
0.071106
0.002407
0.065979
0.030365
-0.006607
-0.074707
-0.044617
-0.027313
-0.049164
-0.099976
0.043945
0.072205
0.025818
0.067200
-0.007046
0.041077
0.044525
0.035309
-0.033051
-0.013878
-0.014465
-0.018494
0.008980
-0.087646
-0.060059
0.037506
-0.046143
-0.021591
-0.006790
0.004795
0.080872
-0.030991
0.051025
-0.020462
-0.059326
0.069702
-0.013313
0.062500
-0.003489
0.018417
0.050293
-0.074219
0.021149
-0.082825
-0.026932
0.065857
0.055817
-0.051086
0.076111
-0.061523
-0.065063
-0.048462
-0.055023
0.001027
0.054840
-0.014198
-0.016647
0.052948
0.001096
0.054230
0.055573
0.063965
0.065430
0.088806
-0.009766
0.073303
0.014908
-0.053680
-0.050018
-0.032990
-0.004486
-0.063110
0.015793
0.068115
-0.086121
-0.067749
0.079590
0.061432
-0.026596
-0.022156
0.038086
0.078369
0.002144
0.065186
0.056488
-0.063599
-0.032654
0.009552
-0.065430
-0.096313
-0.032715
0.054840
0.018738
-0.031830
-0.067993
-0.073059
-0.075989
-0.001435
-0.042145
-0.108398
0.049377
-0.046722
-0.026001
-0.028870
-0.019958
0.022842
0.050201
-0.037964
-0.082397
0.069946
0.051453
-0.038391
0.080688
0.056458
-0.068115
-0.065796
0.010719
-0.025452
0.077332
-0.065063
-0.087708
0.065002
0.081299
-0.047394
0.074097
0.049072
0.026245
0.044586
0.084045
-0.047028
0.045258
0.058777
0.010788
0.048553
0.007557
-0.088867
0.001386
0.047272
-0.039642
0.019836
0.025253
-0.093262
0.026733
-0.082825
-0.009727
0.071472
-0.041321
0.009857
-0.029068
0.009598
0.085449
0.035492
-0.053284
0.084473
-0.063599
0.105591
0.056732
0.046997
-0.078308
0.051086
-0.070801
-0.056946
-0.008026
0.039154
0.027954
0.025192
-0.014328
0.050049
0.054810
-0.041840
-0.068237
0.001618
-0.047729
-0.020020
-0.067139
0.063416
-0.083008
-0.042053
0.033020
0.095398
-0.027313
0.022537
0.062561
0.022583
-0.017166
-0.077759
0.037231
0.055542
-0.021057
0.020035
0.043915
-0.052338
0.013145
0.080566
0.032959
0.040405
0.114136
0.051483
0.012726
-0.018814
-0.007706
-0.051422
0.051575
0.024200
0.068665
-0.073547
0.001143
-0.090393
-0.029861
0.067017
-0.067505
0.040283
-0.066650
-0.011963
0.077087
0.000701
0.044128
0.076965
-0.037415
0.013252
0.041626
0.108521
-0.041595
0.090698
-0.058044
-0.026932
-0.067566
-0.070740
0.058289
0.009354
0.018387
0.041931
0.039185
0.010559
-0.047821
0.080872
-0.078186
-0.059479
-0.010620
-0.050140
0.012207
-0.032806
-0.048920
-0.075012
0.021759
0.075562
-0.034180
0.009033
0.076233
-0.046661
0.068359
-0.049957
-0.016830
0.022018
-0.012260
0.024368
0.093140
0.044952
0.001788
0.037231
-0.084351
-0.025436
0.063110
0.123901
0.073486
-0.071716
0.056824
0.004436
0.007538
0.054718
-0.053864
0.038635
-0.034515
0.083740
-0.018280
0.055817
0.048370
-0.070862
-0.084900
-0.077454
-0.045807
-0.075195
-0.017242
-0.016800
-0.010910
-0.065491
0.047455
0.018280
-0.075256
0.062469
-0.083740
0.003162
-0.070679
-0.021530
-0.040253
-0.046600
0.046783
-0.041321
-0.000435
-0.031128
-0.065857
0.057098
0.002851
0.027588
-0.066650
0.082764
-0.081665
0.022644
-0.062744
0.018417
-0.042053
0.065674
0.047974
-0.055969
-0.050690
0.025131
-0.091492
0.032135
0.059814
-0.044556
0.077637
-0.094360
-0.077576
0.040405
-0.034149
-0.014061
0.028534
-0.064026
0.032013
0.037354
0.069702
-0.056519
0.026672
-0.053009
-0.043945
0.076843
0.059143
-0.000660
0.068359
0.021896
-0.079773
-0.077026
-0.019089
-0.032379
-0.039368
-0.031738
0.020630
-0.074280
-0.010475
-0.075317
0.001296
-0.002296
0.059967
0.042267
-0.014259
0.060608
-0.061920
0.009918
0.076294
0.008781
0.012238
0.064514
-0.088318
0.028412
-0.091980
0.072632
0.043915
-0.020126
0.075378
-0.005505
0.082214
-0.076599
0.050262
0.076721
0.044708
-0.079224
-0.086121
0.010254
0.051697
-0.039886
0.056000
-0.032104
-0.068298
0.071899
-0.064087
0.044281
-0.084839
-0.079529
-0.066223
-0.068054
0.076538
0.061462
-0.017426
0.013535
-0.039490
0.025360
0.011917
0.003519
-0.055023
-0.083984
-0.010017
-0.003618
0.066589
0.050354
0.072937
0.068604
0.053101
-0.061676
-0.046967
-0.016190
-0.017426
-0.084839
-0.063599
-0.083252
0.019714
-0.018570
-0.063232
0.059296
-0.004219
0.021088
0.018158
-0.004375
0.060699
0.062347
-0.022293
0.045715
-0.029877
0.016891
0.029053
0.040100
-0.061890
0.081970
-0.037384
0.076172
-0.004974
-0.048767
-0.022751
-0.024994
-0.040680
0.078857
0.006634
0.020233
-0.059601
-0.006966
-0.004604
-0.028732
0.030838
-0.062225
0.066711
0.068665
-0.003876
-0.088196
-0.022385
-0.056915
-0.050293
-0.034332
-0.022934
-0.069031
-0.002573
0.059021
-0.067017
0.006237
0.087769
0.002161
-0.072876
0.058868
0.054352
-0.079956
0.006008
0.017532
0.027756
0.073669
0.069275
-0.072937
-0.076965
-0.091064
-0.073364
0.002338
0.017746
0.008766
-0.036469
-0.084900
-0.071899
-0.063171
0.029953
0.066467
-0.032257
-0.028381
0.082336
0.006042
0.049469
0.003120
0.006420
-0.005253
-0.062805
0.067627
-0.005047
0.075195
0.009743
0.006004
0.001055
-0.088562
0.048615
0.046387
0.016800
0.026459
0.085999
0.040131
0.026398
0.015053
-0.003918
0.008820
0.045044
0.061127
0.054352
-0.018509
-0.016464
-0.026825
-0.053833
0.041046
-0.012047
0.059753
0.032013
-0.061584
0.002802
0.057678
0.059204
0.078247
-0.040558
-0.007721
0.021179
0.050720
0.009163
0.047089
0.059570
-0.032867
0.019455
-0.026749
-0.075439
0.005634
0.077393
-0.053589
0.034271
0.021942
-0.074646
0.065918
-0.042572
-0.054749
-0.006321
0.040985
-0.042603
-0.017014
-0.039276
-0.048065
0.063354
0.034546
-0.001120
0.075439
0.082581
0.043976
-0.042755
0.017731
-0.050293
0.011658
-0.004520
-0.021957
0.028336
-0.030991
-0.073059
0.050842
0.018555
0.013214
0.085144
-0.071777
-0.043640
0.040894
0.002598
0.015091
-0.019333
0.083618
0.071045
0.032135
-0.065491
0.035156
0.026642
0.072693
0.065430
-0.079651
-0.046265
0.077209
-0.033752
0.064148
0.076111
0.086853
-0.007675
-0.053070
0.039307
0.053589
-0.019608
0.017715
-0.004181
0.079285
0.058838
-0.031677
0.071411
0.018494
-0.059937
0.083191
0.046906
0.068115
0.050781
0.074768
0.045044
0.058563
0.088867
0.069946
-0.069763
-0.058533
0.056061
0.052307
0.050293
0.072144
0.023880
0.004860
0.039246
0.078674
0.085388
0.082581
0.082825
0.045166
0.043854
0.097778
0.045807
-0.092102
0.065430
-0.060852
0.031525
-0.026047
0.031799
0.014656
-0.077759
-0.025864
-0.062042
-0.031860
0.055054
-0.035522
-0.054504
0.037170
-0.015617
0.047821
0.006687
0.020798
-0.082581
-0.006218
-0.066956
0.049408
0.020462
-0.085022
0.080200
-0.024384
0.028046
-0.025375
0.075623
-0.055115
-0.081543
0.011429
-0.023926
-0.021439
0.018112
-0.022751
-0.078735
-0.063965
0.055878
-0.041779
-0.042206
-0.050232
0.047150
-0.030609
0.074829
-0.041870
-0.084900
0.004189
-0.026535
-0.078735
0.082336
-0.064026
-0.067566
0.049438
0.002054
0.077087
-0.062744
0.050781
-0.003368
-0.062378
0.065552
0.055420
0.061615
0.070374
0.017166
-0.034027
0.085083
-0.050140
0.044281
-0.068848
-0.052216
-0.008179
0.054565
0.052368
-0.009293
-0.000147
0.035736
0.043182
0.046509
-0.039276
-0.075439
-0.031342
0.042145
0.026108
0.077393
-0.084534
-0.017471
0.033325
0.020737
0.034546
-0.040161
-0.084106
0.046448
-0.036346
0.074463
-0.003393
-0.062927
-0.033539
0.050934
-0.059479
-0.070618
0.058929
0.055939
0.024353
0.029510
0.063354
0.036621
0.074829
0.001589
-0.064758
0.066467
-0.064636
0.009850
0.047974
0.049683
0.032166
0.086365
0.037445
-0.060059
-0.033447
-0.056946
0.084839
0.087341
0.026047
0.097839
-0.058990
0.006653
-0.062347
-0.028122
-0.011803
-0.008018
0.022842
-0.046173
0.086243
0.082153
-0.078491
0.020065
0.059448
0.045410
-0.031830
0.035004
0.002741
-0.007114
-0.071350
0.081177
0.027527
-0.050812
0.040527
0.061432
0.018127
0.055634
-0.103821
0.073669
0.069641
0.033447
-0.047729
0.029633
-0.081604
0.065491
-0.043457
0.040924
0.068420
0.057709
-0.028137
0.049988
0.060425
0.002354
0.016205
-0.031342
0.038940
0.078613
-0.073303
-0.077148
0.069580
-0.013603
0.031235
-0.055878
0.052582
0.036499
-0.088013
0.094421
0.041290
0.048431
0.091125
-0.040985
-0.033508
-0.051086
0.057953
0.049988
0.014977
0.080994
0.027527
-0.054840
-0.069458
0.063538
-0.047028
-0.060059
-0.068726
-0.009361
-0.057434
0.032532
-0.084106
0.002979
0.108337
0.058258
-0.047729
-0.003101
-0.024399
-0.075439
-0.076294
0.000086
-0.015594
-0.069641
0.083252
-0.008408
0.012596
-0.096497
-0.074768
0.071289
0.042511
-0.088928
0.091248
-0.056824
0.052765
0.080017
0.046082
0.036835
-0.075378
0.002556
0.091980
0.028503
0.016037
-0.031433
0.086975
-0.000234
0.085632
-0.071106
0.033508
-0.074707
-0.007404
-0.043671
-0.052765
0.035919
-0.063049
-0.054596
-0.024490
-0.046539
-0.000319
0.041870
-0.016357
-0.045319
0.071594
-0.054749
0.078552
0.011391
-0.083923
-0.066528
0.057434
0.040131
0.060181
-0.003752
-0.050446
0.063965
-0.009979
-0.061188
-0.072083
0.085144
-0.028671
0.067688
-0.008911
0.055145
0.033417
0.047668
-0.055756
0.046143
-0.051697
0.023148
-0.058105
-0.003941
-0.084717
-0.014526
-0.072083
0.048706
-0.042053
0.054626
0.052765
-0.063660
0.060150
0.039886
0.052521
0.051605
0.069885
0.088867
0.008957
0.064819
0.031281
-0.085999
0.046204
0.058044
-0.011955
-0.009109
0.023849
0.065979
0.000199
0.030319
-0.012695
-0.019989
-0.085266
0.081604
0.021255
-0.044159
-0.027557
-0.052765
-0.085388
0.002850
0.012871
0.046051
0.021194
0.050110
0.045959
-0.038605
-0.051361
0.076782
-0.014053
0.045776
0.070923
-0.030426
0.049805
-0.073303
0.020660
0.054657
0.045044
0.041077
0.077698
0.039764
0.052734
0.062744
-0.073059
-0.003693
-0.054352
-0.064941
-0.019913
0.049133
-0.041992
0.023270
0.054810
-0.038727
0.065491
-0.084717
0.062500
-0.026627
0.067810
-0.013954
-0.059265
0.032288
-0.040771
0.021988
-0.021606
-0.004040
-0.039368
-0.044189
-0.034851
0.061310
-0.023453
0.013344
-0.045380
0.046570
0.042633
0.075745
-0.028183
0.066833
-0.032501
0.001111
-0.011604
0.056396
-0.011299
-0.066895
0.028488
-0.060791
0.061005
-0.038666
0.003691
0.040863
0.076111
-0.077881
-0.026169
-0.046875
-0.024063
0.059723
-0.019592
0.017899
0.055573
-0.078003
0.021011
-0.007301
-0.058075
0.080322
0.085999
0.065186
0.002272
0.047424
0.015991
0.072937
-0.033020
-0.092041
0.083435
0.080200
-0.004425
0.055542
0.016464
-0.061798
0.050568
-0.045990
-0.042694
0.078308
-0.015602
0.023865
0.079163
0.004421
-0.037201
0.052246
0.012314
-0.008011
-0.044525
0.002434
-0.063599
-0.073242
-0.039551
0.073059
-0.048340
0.048920
-0.006710
-0.004112
-0.052704
-0.005524
-0.006771
-0.016541
-0.020355
-0.017303
-0.013252
-0.017761
-0.028778
0.075012
0.031174
0.100403
-0.050293
0.050873
-0.053986
-0.064636
0.048462
-0.032715
0.051483
0.005283
-0.006866
0.043915
-0.030762
-0.041779
0.013092
0.008583
-0.052582
-0.002966
-0.083008
0.070435
-0.031097
-0.082153
0.037842
-0.020447
-0.029007
-0.039948
0.070862
0.013695
-0.001484
-0.068970
-0.044617
0.048126
0.080505
-0.060822
-0.072449
-0.056763
0.066956
0.017685
-0.007355
-0.032776
-0.044861
0.029175
0.019882
0.069885
0.057129
-0.023178
0.061859
0.019516
-0.031143
-0.034882
0.006618
0.012718
-0.060547
0.027176
-0.028107
0.011993
-0.002581
0.033112
-0.050903
-0.037720
-0.020981
-0.042664
0.047455
-0.028336
-0.045593
0.051666
0.045776
0.074280
0.039154
0.072144
-0.055328
0.029953
0.030930
0.080139
-0.059906
-0.042175
0.058838
-0.051361
-0.073547
0.073914
0.067444
0.075256
-0.038635
0.058258
0.024918
0.042267
-0.024429
-0.056122
0.038330
0.053070
-0.004456
0.035339
0.069458
-0.067810
-0.058685
0.066528
-0.058899
-0.043427
0.015991
-0.070862
0.067566
0.083374
-0.029984
0.076050
-0.048981
-0.074890
-0.016251
-0.033539
-0.011612
0.074585
0.012810
-0.005859
-0.010239
-0.057587
-0.029266
0.057953
0.036835
0.087036
0.081482
0.019699
-0.039734
-0.048737
0.006084
0.036804
0.001885
-0.086731
-0.056427
0.063354
-0.060699
0.002522
-0.060028
-0.001679
0.034943
0.021759
-0.048828
0.011597
0.007019
0.088074
-0.061829
-0.068176
0.071594
0.088562
-0.019318
-0.014877
-0.055298
-0.019577
0.016449
-0.014900
0.032959
0.068542
0.011398
0.063354
0.039276
-0.003502
0.027054
0.029053
0.054901
-0.014603
-0.049683
-0.047546
-0.004261
0.035797
0.034515
0.060486
0.046722
0.053436
-0.057709
0.046021
0.057434
0.003511
-0.018372
0.007858
0.002043
0.054840
-0.009262
0.038055
0.039368
0.035065
-0.057098
0.004585
-0.035187
0.019882
0.061859
-0.021729
0.048492
-0.008835
-0.077942
-0.060364
0.071777
0.078003
-0.071655
-0.008675
-0.006645
-0.055115
-0.036285
-0.078369
-0.019608
0.082642
0.020233
-0.034241
0.058777
-0.047791
-0.043213
0.087402
-0.046722
-0.020203
0.004333
-0.090698
-0.078979
0.044830
0.003675
0.000987
0.021912
0.012039
-0.001090
-0.016129
0.083923
0.025909
-0.030396
0.054932
-0.019836
-0.002371
-0.081055
-0.055725
-0.062683
-0.016357
0.074341
0.076782
0.058472
-0.027512
-0.016663
0.081360
-0.026413
0.012314
-0.033722
-0.045410
-0.056030
-0.007286
0.087402
-0.001959
-0.012764
0.056213
0.051514
-0.012619
0.055145
0.090210
-0.040680
-0.009941
0.002081
-0.083862
-0.038818
0.007397
-0.026031
0.037140
-0.076660
0.056396
-0.074707
0.015915
-0.026230
0.018326
-0.045929
0.063477
-0.041687
0.018005
0.050629
-0.004768
0.022339
-0.058319
0.069397
0.002178
0.087036
0.083069
-0.057098
-0.016373
-0.024796
0.002647
-0.054749
-0.050201
-0.027740
0.039032
-0.006073
0.088745
0.002829
0.066589
0.022446
-0.071228
0.078979
-0.080872
-0.059235
0.080078
-0.075439
0.064514
0.024750
-0.068054
-0.008102
0.048279
-0.040833
0.064575
0.083252
0.036713
0.071533
-0.080994
0.072266
-0.052643
-0.038483
-0.078552
0.001827
-0.060822
0.068970
0.077637
-0.043884
0.071594
-0.065796
0.061035
-0.014389
-0.040985
0.058868
0.083740
0.069763
-0.079773
0.029587
0.063049
0.005074
0.052979
-0.080688
-0.028412
-0.053040
0.050232
0.025421
-0.069641
0.051239
0.071167
-0.071777
0.092041
0.002346
-0.072021
0.004128
0.071594
0.037292
-0.000092
-0.008965
-0.062683
0.073425
-0.083374
-0.039764
-0.026245
0.099792
0.024963
-0.049377
0.024673
0.040558
0.025635
-0.019135
-0.017441
-0.025177
0.062988
-0.006866
-0.019989
0.009552
0.028107
-0.014679
0.072510
0.017242
0.045959
-0.036591
0.052063
0.070190
0.031525
0.076477
-0.051666
0.065674
-0.088928
-0.057159
-0.035889
0.003189
0.047913
0.082825
-0.058228
0.024277
-0.055817
-0.089539
-0.044189
0.067078
-0.088562
0.062225
0.020462
-0.046021
0.028610
-0.000023
-0.041321
-0.093445
0.022308
-0.002598
-0.053192
0.053101
0.040680
0.062622
0.015915
-0.054474
0.028290
-0.042633
0.015884
-0.058563
0.047394
-0.056976
-0.014618
0.045227
0.068298
0.009460
-0.030640
0.011452
-0.032349
0.026749
-0.043701
0.029800
-0.017212
0.067871
0.017807
0.068665
0.101624
0.019119
-0.027802
0.038849
-0.049286
0.064819
-0.007687
0.005928
-0.038910
0.079895
-0.094055
-0.017868
0.059387
0.102234
0.025940
-0.009476
-0.020309
0.069763
0.061615
0.088257
0.038940
-0.060425
0.051300
-0.060730
0.059967
-0.025116
0.028732
-0.063782
0.054596
-0.062561
0.036560
0.011169
0.064026
0.035156
0.021698
-0.039948
0.052612
-0.055359
0.057892
0.040009
0.071899
-0.020737
0.035980
0.066650
-0.012825
-0.052277
-0.068970
-0.047791
-0.016495
-0.059784
0.045135
-0.000168
-0.031921
0.042480
0.043060
-0.063416
-0.045349
0.064819
0.026718
-0.060883
-0.014496
0.024353
-0.052673
0.034607
0.010971
-0.067505
0.005913
-0.012978
0.012154
0.043915
-0.039978
0.040741
0.055908
0.039337
-0.016312
-0.017471
0.017197
0.028976
-0.052155
-0.006390
-0.058105
-0.043518
-0.015007
-0.020218
0.074646
-0.026733
0.021133
0.088501
0.096680
-0.036255
0.008476
-0.020920
0.052063
0.004482
-0.032471
0.041595
-0.063538
0.004169
-0.001357
0.045074
0.021683
-0.044983
0.039124
0.053497
-0.084167
-0.050262
-0.059570
0.038605
0.054443
-0.013359
0.028549
-0.063354
-0.013428
0.066223
0.053894
-0.021240
-0.024780
0.035675
-0.063904
-0.037933
0.041656
0.041962
0.041992
0.020233
0.056274
0.092651
-0.007641
-0.038147
-0.065735
0.022781
0.004566
-0.010033
0.015038
0.057312
-0.016953
-0.012581
0.056793
0.022293
-0.016449
-0.073608
0.026566
0.022842
0.063354
0.067810
-0.079468
0.085083
0.043060
0.010033
-0.039215
-0.066589
0.048279
0.077759
-0.036469
0.047607
0.080627
0.058258
0.053925
0.003283
-0.023132
-0.013237
0.007973
-0.012306
0.070007
-0.005795
0.023453
-0.070129
-0.025772
0.074829
-0.009186
-0.072693
0.070801
-0.009605
-0.048462
-0.018188
-0.056946
-0.099365
0.077209
0.025375
0.092957
-0.053986
0.082764
0.000745
0.019470
0.001949
0.010300
0.083130
-0.050873
-0.035889
-0.072998
0.039490
-0.064758
0.011047
-0.026276
0.030411
-0.021072
0.043854
-0.049805
0.068176
0.048492
-0.059998
0.071411
0.015900
-0.035034
0.091797
-0.052917
-0.083374
-0.074890
0.050690
0.036438
-0.065002
0.033691
-0.000965
0.062683
-0.063232
-0.014656
-0.057556
-0.084229
-0.088623
-0.038788
-0.015602
-0.022995
-0.007488
-0.055054
0.004757
0.084778
-0.000009
-0.066528
-0.016205
0.080261
0.005894
-0.062866
0.029892
0.080139
0.042969
0.002968
-0.031311
0.111877
-0.070862
-0.077942
-0.026932
-0.044067
0.062622
0.041718
-0.070740
-0.047577
0.066223
-0.050232
0.005291
-0.014374
-0.050720
0.012299
-0.022736
0.044434
0.067810
-0.041840
0.011940
0.087708
0.073730
-0.055511
0.037994
-0.081848
0.074890
0.071838
-0.020798
0.007896
0.106812
-0.057678
0.067261
-0.072571
0.044617
-0.014236
0.083496
0.088623
0.076843
0.029282
-0.016373
0.057617
0.035797
0.053375
0.052673
0.033813
0.041443
0.078308
-0.002691
-0.014435
0.083435
0.021698
0.045013
-0.012749
-0.073669
0.071533
-0.038574
0.075012
0.014061
0.001553
-0.079224
0.088989
-0.012131
0.085144
0.008461
0.034363
0.039398
-0.039795
0.021347
-0.018051
0.053894
0.041138
0.058838
0.053864
-0.050568
-0.057281
-0.044952
0.039764
-0.036804
0.018921
0.048004
-0.060242
-0.044861
-0.022797
0.072021
0.080444
0.091309
-0.049164
-0.015320
-0.017639
-0.008232
-0.056244
-0.036133
-0.061249
0.041107
0.056580
-0.067505
0.019669
0.036346
-0.048218
-0.097534
-0.030746
0.072632
-0.008148
0.072693
0.091797
-0.024826
-0.045349
0.024399
0.007183
-0.065857
-0.041321
-0.032867
0.007229
0.023438
-0.014725
0.013847
0.079163
0.045349
-0.078430
0.057465
0.001307
-0.071411
0.038513
0.071655
0.023605
0.064514
-0.018616
0.061523
-0.023941
0.089111
-0.067749
-0.036316
0.088501
0.086304
-0.055298
0.079834
-0.035553
-0.065491
-0.047546
0.005482
-0.036316
-0.021606
-0.103271
0.052795
-0.079590
0.102600
-0.055786
-0.043732
0.040192
-0.056976
0.053833
0.085083
-0.033478
-0.067810
0.017853
0.015526
-0.071411
-0.042511
-0.074280
-0.035583
0.012924
0.083496
-0.058411
-0.008080
-0.058777
0.039948
0.030579
-0.062225
-0.058807
-0.080383
-0.014503
-0.063965
0.088623
0.023865
0.019531
-0.009529
0.051544
-0.054565
0.001108
0.024551
0.021606
0.002962
0.064819
0.075134
-0.020599
0.024170
-0.028320
0.057556
0.094116
0.014923
0.049194
0.027679
-0.066040
-0.043182
-0.064636
-0.014832
0.018753
0.093628
0.059143
0.006828
0.073608
0.009804
0.060364
0.078796
-0.015274
-0.018250
0.043488
-0.051605
0.081299
-0.017319
-0.086609
0.025726
-0.010933
0.037476
0.080750
0.045929
-0.027863
0.052917
-0.081970
-0.048279
0.024414
0.062683
0.068420
0.069031
0.035278
0.081116
0.005123
0.004734
-0.074463
-0.059509
0.043854
-0.005360
-0.084045
0.051666
0.048157
-0.009834
-0.061981
-0.043304
-0.025421
-0.065063
-0.077881
0.088867
0.073242
-0.042358
0.029800
-0.040802
0.062744
-0.072449
0.023102
0.032928
-0.062042
-0.068726
0.002314
0.042328
0.077698
0.046844
0.093994
0.083130
0.025574
0.051544
0.031799
0.031235
0.025192
-0.034058
0.063171
0.020615
0.090149
0.059998
0.042114
-0.091797
0.015312
0.051178
0.017365
-0.016541
-0.037689
0.084900
-0.067444
0.019028
-0.052979
-0.041809
-0.021164
-0.002161
0.010384
-0.027374
-0.004318
0.116089
-0.093018
-0.078491
0.023788
0.004650
0.084534
0.032288
-0.037048
0.001410
0.093872
-0.013794
-0.061768
-0.009766
-0.044312
-0.007618
-0.053253
0.024643
0.089172
-0.065125
0.050140
0.071289
-0.025192
0.031677
0.075989
-0.007111
0.072937
0.045685
-0.078674
0.069519
0.057770
-0.077881
0.036621
0.067810
0.062347
0.012543
-0.001431
0.000221
0.091675
0.082764
-0.031616
0.037445
-0.006008
0.077271
0.030945
-0.039673
-0.051697
-0.062927
-0.060333
0.047729
0.027176
0.012840
-0.002117
0.083679
-0.062195
-0.082703
0.056732
-0.002739
0.067017
0.040222
-0.080872
0.023727
-0.006721
0.054108
0.033875
-0.007473
0.062805
-0.021301
-0.041199
0.069214
0.059998
-0.072937
0.053131
0.071472
0.012711
-0.034576
-0.008057
0.004261
-0.057831
-0.059113
-0.009109
0.024887
-0.006638
0.070984
-0.052490
0.042358
0.050720
-0.045410
0.020340
0.007244
0.021454
0.074219
0.054047
0.033966
0.090576
0.003508
-0.010040
-0.057434
0.016571
0.044922
0.040588
-0.028076
-0.036316
0.090393
-0.031235
0.028702
0.024307
-0.062988
0.017258
0.017624
-0.064392
0.077698
-0.073792
-0.057312
-0.085022
0.007927
-0.021896
0.004829
-0.000387
0.037537
-0.071045
-0.033447
0.081909
-0.047302
-0.062988
0.041687
0.086365
-0.067566
0.045807
-0.022568
0.009537
0.024475
0.042328
-0.038635
0.065002
-0.027435
-0.009186
-0.038757
0.020493
-0.048035
-0.080566
-0.090698
-0.038757
-0.003061
0.003191
-0.007607
-0.022217
-0.082336
0.087280
0.009186
0.053497
-0.067078
0.042725
-0.031830
-0.040649
0.032074
0.070007
-0.013306
0.020447
-0.014191
-0.069031
0.026321
0.048004
-0.058685
0.018967
0.046783
-0.025085
-0.007973
-0.044861
-0.028366
-0.069214
0.045258
0.012360
0.023117
-0.024124
-0.066040
0.019394
0.078491
0.005779
-0.083618
-0.032623
-0.019150
0.058868
0.067261
-0.052979
-0.000776
-0.074829
0.024231
-0.044159
0.001376
0.026123
-0.020279
0.071350
-0.069763
0.047638
0.007935
-0.054504
-0.019791
-0.072815
-0.053925
-0.007988
0.045532
-0.006084
0.038055
0.093872
0.018021
-0.056915
-0.005939
-0.083008
-0.066589
0.062988
0.012932
0.031647
0.003773
0.052734
0.018356
-0.028152
-0.093567
-0.063354
-0.096680
0.025894
0.073242
-0.017410
0.044159
0.001614
0.059784
0.033783
0.066711
-0.050690
-0.057617
0.076782
0.090454
-0.023544
-0.093750
0.048309
0.012665
-0.059326
-0.020676
0.058228
0.088806
-0.042175
0.015213
-0.046997
-0.036957
0.036224
-0.083496
0.099915
0.088684
-0.085999
-0.076050
-0.068298
-0.026505
0.080200
0.076416
-0.041962
0.028473
-0.042542
0.090454
0.081970
0.080811
-0.077332
0.011505
0.054565
0.044708
0.034088
0.025711
0.081238
0.011192
0.029953
0.036377
-0.031311
0.053497
0.060974
-0.018906
-0.050873
-0.026413
-0.003111
-0.006783
-0.077820
0.014229
-0.023529
0.059143
-0.064819
-0.004631
-0.002588
-0.075378
-0.028656
-0.006622
0.039886
-0.037384
0.085388
-0.039246
0.068542
0.025452
-0.019363
-0.013611
0.057922
0.042206
0.015961
-0.069641
0.029099
-0.025009
0.076172
0.043030
0.019775
0.062805
0.014175
0.070984
0.018341
-0.068359
0.065491
0.094238
0.054443
0.046478
-0.074524
-0.079895
0.083679
0.064575
-0.007526
0.090149
0.020523
-0.058624
0.038208
-0.020599
-0.081970
-0.030670
-0.024460
0.010262
0.069580
-0.048523
-0.019501
-0.078735
0.061951
-0.044373
-0.076904
0.082092
0.004261
-0.047424
-0.084290
-0.026581
0.087219
0.041565
0.087341
0.047302
-0.097839
0.069580
0.022751
0.085693
-0.002728
-0.012840
0.056549
0.023621
0.049896
0.017044
0.056580
0.088806
-0.052765
0.077515
-0.075439
0.077393
-0.071228
-0.066895
-0.015465
0.088440
0.081543
-0.001396
-0.049408
-0.016052
0.092163
-0.039062
-0.033112
-0.063354
-0.035645
0.006611
0.006145
0.017593
0.026489
0.075867
-0.072937
0.089600
0.046783
-0.009689
-0.061646
0.069885
0.064331
-0.084534
0.007637
0.014725
0.052032
0.054443
-0.071777
-0.065979
-0.061859
-0.056396
-0.056824
-0.051666
-0.076599
0.050201
0.078613
-0.056702
-0.083313
0.091736
-0.000858
0.060089
0.056030
0.078308
0.050262
-0.067993
-0.012222
-0.025070
-0.062805
0.085815
-0.003008
0.053986
0.043732
0.015076
-0.072998
0.081787
0.088867
0.017822
-0.061554
0.036041
-0.018250
-0.066833
-0.008331
-0.006016
-0.018234
-0.051025
-0.050995
-0.061768
-0.053802
-0.005219
-0.039032
0.025970
-0.056061
-0.015205
0.065979
0.054413
0.053162
0.069214
-0.054352
0.005756
0.008682
0.049286
-0.058502
0.016220
0.090027
0.076599
0.000349
0.053192
0.054016
0.005554
-0.021408
-0.016373
-0.024551
-0.075928
0.033173
-0.081909
0.042877
-0.024750
0.026505
0.021088
-0.081360
0.074707
0.072021
-0.022583
0.064941
-0.053040
-0.062347
-0.025009
0.020035
-0.078186
-0.064575
0.042053
0.026611
0.050018
-0.064270
-0.029236
0.026566
-0.026901
0.017166
0.036957
-0.024750
0.017548
0.069031
-0.026367
0.046539
-0.035767
0.085632
-0.050537
0.065613
0.019882
-0.024414
-0.092957
-0.041748
0.048248
-0.077209
0.034180
-0.015373
0.100220
-0.062256
-0.080017
-0.010750
0.027176
-0.014961
-0.073242
-0.077332
0.095764
-0.051910
-0.033600
0.064270
-0.042480
-0.071350
0.048309
0.015015
0.044556
-0.055084
-0.000801
0.001855
-0.088318
-0.020508
0.068481
-0.044739
-0.032959
-0.027618
-0.003857
-0.014130
-0.017593
-0.067139
0.065491
-0.070190
-0.026642
0.042572
-0.074341
-0.058563
0.056122
0.057892
0.079712
-0.046692
0.018158
-0.048157
-0.054993
0.074768
0.010681
0.031158
-0.034271
-0.071533
-0.051178
0.082703
0.009308
0.058105
-0.012100
-0.064636
-0.029251
0.027069
0.003464
0.002151
0.041046
0.037506
-0.060638
-0.070679
0.010948
0.021545
0.081177
-0.031921
-0.064087
0.084167
-0.081909
-0.059052
-0.042206
-0.060272
-0.073303
0.069580
0.026596
-0.016357
0.067749
0.083557
0.069641
-0.041626
-0.048248
-0.032837
0.058075
-0.051056
-0.077393
-0.053680
-0.062683
-0.062927
-0.069214
0.013939
0.000602
-0.045441
-0.077576
-0.089722
-0.059814
0.076416
-0.044769
-0.004883
0.067993
0.050507
0.009682
0.086243
-0.031769
0.046326
0.051086
-0.024612
-0.023682
-0.013351
0.030182
0.003922
-0.060913
-0.054230
-0.058258
-0.014198
-0.001989
0.023666
0.051727
0.047333
0.087585
-0.062012
-0.075378
-0.021927
-0.003675
0.106506
-0.063843
0.070068
0.001199
0.017761
0.089355
-0.031311
0.062347
0.025482
-0.051544
0.005157
-0.018875
0.051300
0.000638
0.008911
-0.043549
0.028198
-0.034454
0.030182
-0.070007
0.060699
-0.008217
0.037689
-0.053436
-0.010864
0.060638
0.009293
-0.008682
-0.066528
-0.059326
-0.023499
-0.039490
-0.056824
0.020691
0.103271
0.018097
-0.017166
0.012947
-0.009674
-0.077209
0.027939
0.088745
-0.062561
-0.008537
-0.070862
0.012306
0.036255
0.079651
0.086487
-0.015320
-0.043610
0.076904
0.056641
0.035645
-0.055023
0.041779
-0.037384
0.011200
-0.044769
0.019226
0.018906
0.028107
-0.060272
-0.077393
-0.062866
-0.055634
0.072937
0.027618
-0.066772
0.069397
0.007950
0.026260
-0.029037
0.074036
0.044617
0.067993
-0.014610
0.036407
0.040314
-0.001751
0.042694
-0.078125
0.007114
-0.033997
0.058594
0.054077
-0.069580
0.069153
-0.060486
0.021866
-0.018112
0.086670
-0.002075
0.068420
0.089539
0.081848
0.017120
0.068665
-0.089478
-0.036041
-0.056183
0.076660
-0.028656
0.026291
-0.061676
0.002850
-0.034485
0.019897
-0.010788
-0.011414
-0.064880
0.024353
0.053680
0.022415
-0.007889
-0.086243
0.061798
0.066528
-0.039124
0.079590
0.059204
-0.030807
-0.027222
0.010620
-0.014450
-0.055389
0.082031
0.095764
-0.049377
-0.012642
0.039917
-0.078186
-0.087830
-0.082397
-0.112610
0.102478
-0.017197
0.093201
0.005939
0.003792
0.049347
-0.007484
-0.055237
0.085815
0.057251
0.018814
0.023041
0.070679
0.068298
-0.011780
0.056580
0.033478
-0.073792
-0.002209
-0.062286
0.071228
0.050323
-0.071533
-0.044037
-0.084778
0.059967
-0.097656
-0.082581
-0.082581
-0.011528
0.009682
-0.011246
-0.026657
-0.048218
-0.118042
0.075562
0.035828
0.042603
0.036041
0.002914
0.039246
-0.063110
0.036926
-0.032227
0.060211
0.009880
-0.030182
0.077332
0.009293
0.004631
-0.011139
0.096191
-0.058624
0.057892
-0.009781
0.002190
-0.066406
-0.042419
-0.013077
-0.072266
-0.000802
-0.016983
0.064758
0.049957
-0.039734
-0.047150
-0.052429
0.063110
-0.043488
0.060638
-0.039490
0.068726
0.082703
0.056183
-0.063477
-0.045624
0.003403
-0.043304
0.018295
0.028427
0.080627
-0.013489
0.056244
0.036407
0.042755
-0.037018
0.060699
-0.043610
0.031525
-0.007324
0.051483
0.082825
0.078552
-0.074524
0.000227
0.034637
-0.001944
-0.061554
-0.069702
0.031082
-0.028000
0.047607
0.022842
0.057739
0.021667
0.059753
-0.038574
0.028229
0.086548
0.069580
-0.021576
0.053131
0.054962
0.032135
-0.007591
0.069336
0.042664
0.067932
0.012650
-0.076111
0.064209
0.036255
0.030746
0.039856
0.078552
-0.027023
0.042358
0.017761
-0.026779
-0.038605
0.056671
-0.079163
-0.089478
-0.053131
0.064392
-0.058990
0.086792
-0.072693
-0.001669
-0.085388
-0.003166
-0.014824
-0.070984
0.063965
0.022888
-0.048279
-0.054108
-0.071289
-0.024612
0.036835
0.018600
-0.037415
0.085693
0.060181
-0.051270
0.052643
-0.033020
0.056213
0.044098
-0.070374
-0.001862
-0.028488
0.016968
0.054169
0.087830
-0.016556
-0.051788
0.079346
0.048645
0.036591
0.072327
0.010277
-0.043243
0.062439
0.042633
-0.057861
0.074402
-0.013977
0.014214
-0.041687
0.042694
-0.058167
0.072449
0.009125
-0.024704
0.038330
-0.056915
0.014336
0.054016
0.039124
-0.043121
0.050659
-0.070496
-0.053131
-0.094177
-0.089294
-0.053223
0.064514
-0.088989
0.047119
-0.007568
0.075256
0.005039
0.099243
-0.058105
0.042419
-0.058563
-0.064026
0.039154
-0.015213
0.057159
0.072693
-0.008369
-0.051422
-0.021042
0.050781
-0.051331
0.066772
-0.043549
-0.080505
0.040131
0.033417
-0.080994
0.044495
0.059326
-0.059326
0.034210
-0.078796
-0.014343
-0.002115
-0.021561
0.015152
-0.085571
0.073730
0.059937
-0.100891
0.073242
-0.034607
-0.042450
-0.044495
0.000039
0.036072
0.064880
0.083130
0.084290
-0.057831
-0.090637
0.069946
-0.091248
0.005390
0.015480
-0.011169
-0.031174
-0.042480
-0.000790
0.015869
-0.003326
0.068054
0.033356
-0.092957
-0.068115
0.075684
0.090881
-0.012650
0.045288
0.004128
-0.040131
-0.004456
-0.016968
-0.054718
-0.087769
-0.047211
-0.030396
-0.004524
-0.064270
0.043823
-0.068298
-0.078857
0.013687
0.015778
-0.062256
0.027573
-0.019211
-0.009392
-0.067261
-0.051361
0.068726
-0.067322
-0.090271
0.082092
0.017609
-0.005550
0.093018
-0.078369
-0.011116
-0.016602
-0.028442
-0.060944
0.009697
-0.028732
-0.009926
0.073730
0.029007
0.037201
0.071716
0.004841
0.031708
-0.044708
0.018311
0.057190
0.044281
-0.044434
0.035156
-0.046021
0.111816
-0.022293
0.039215
-0.063538
0.056274
-0.032471
-0.020447
-0.059906
0.063843
0.063293
0.077026
-0.083313
0.076355
-0.056366
-0.093933
-0.028290
-0.017975
-0.014153
-0.018066
0.087036
-0.064819
-0.004459
0.067566
-0.105408
0.062439
0.054108
0.075928
-0.029663
-0.025558
0.001340
-0.009422
-0.029465
0.059937
0.059692
0.021790
-0.064026
0.066895
-0.050018
-0.073364
0.045502
-0.038269
-0.070557
0.046204
-0.038116
-0.002039
-0.034607
-0.013916
0.041748
-0.071350
0.078491
-0.008591
-0.078064
0.048218
0.026398
-0.078247
-0.065552
0.080933
0.038269
-0.070679
0.042969
-0.018768
-0.001377
0.072754
-0.005001
-0.028793
0.044647
-0.024872
-0.010208
-0.006477
0.030884
-0.028641
0.045166
0.047241
-0.011719
-0.000049
0.033173
-0.043732
0.032837
-0.003469
0.101624
-0.032837
0.062469
-0.059906
0.000917
0.019028
0.050110
-0.068909
-0.000555
0.019592
0.027069
0.069702
-0.000892
0.089233
-0.058289
-0.081604
0.025650
-0.017792
0.052368
-0.000781
0.014076
0.090637
-0.014587
0.027695
-0.025436
-0.004501
-0.034515
-0.014793
-0.042847
0.010078
0.006306
0.038574
-0.008957
-0.011726
-0.027756
-0.071289
0.006546
-0.028168
0.028961
0.035095
0.051086
-0.042206
-0.064209
-0.072632
-0.019531
-0.031921
-0.049591
0.048248
0.039185
-0.056580
0.054016
0.083862
0.059357
0.023224
-0.046600
-0.052582
0.081665
0.087891
0.028366
0.052368
0.030258
0.027710
0.017456
-0.013908
0.003485
0.090942
-0.064331
0.063904
0.016312
0.071838
-0.013687
0.026215
-0.009819
0.075500
-0.032684
0.060913
0.074524
-0.057098
-0.048401
-0.065247
-0.084167
0.025314
-0.081848
0.017349
-0.085876
-0.074219
0.020340
-0.089233
-0.019073
-0.012718
-0.009483
-0.064392
0.037415
0.022293
-0.069702
-0.062500
-0.051697
0.026337
0.013626
0.014313
-0.030212
0.065857
-0.006493
0.019012
0.080383
0.055756
-0.055664
0.077759
0.051361
0.002230
0.016083
-0.077515
0.045715
0.012375
0.024124
-0.022385
0.032715
0.034332
0.043945
-0.080078
0.005039
0.019852
0.090210
0.049683
0.073669
0.012909
-0.042480
-0.058807
0.050690
-0.079895
-0.020508
0.016785
-0.067444
0.006897
0.025406
0.014076
0.035431
0.022339
-0.069458
-0.078064
-0.085571
-0.005917
-0.009148
0.076477
0.088562
-0.056519
-0.015503
0.029358
0.078003
0.022354
0.044708
0.083618
-0.061859
0.093140
0.072571
-0.028534
-0.054535
-0.031113
0.085693
-0.032074
-0.066162
0.054535
0.046844
0.015808
0.073181
-0.078857
-0.017212
-0.054474
0.045197
0.011734
-0.072937
0.055573
0.067810
0.055298
0.056305
-0.060455
-0.074463
0.076416
0.046967
0.014618
-0.065918
-0.058624
0.090881
0.017242
-0.051239
-0.071045
0.057556
-0.030350
0.059937
-0.070862
0.077271
-0.032990
0.035919
0.051758
0.067688
0.024750
-0.003109
0.021042
0.038025
0.010277
0.065308
-0.088501
-0.081726
0.046509
0.019913
0.024292
0.020813
-0.022705
0.065063
0.062317
-0.071106
0.000822
0.006985
-0.003944
0.023163
-0.036072
-0.011978
-0.002659
0.078369
-0.047943
-0.020401
-0.041138
0.072510
-0.078796
-0.078735
0.004658
-0.017349
-0.006081
0.020126
0.084839
-0.035858
-0.006508
-0.010208
-0.007126
0.078552
-0.058899
0.075806
0.070068
-0.048737
-0.053528
-0.022308
-0.012421
0.018311
-0.084534
-0.038391
0.007492
0.047729
-0.026642
-0.086792
-0.080811
0.031433
-0.032654
0.085571
-0.040192
-0.018982
0.072510
-0.032074
0.034668
-0.029144
0.011909
-0.013168
0.002466
-0.016891
0.041687
-0.050476
0.023407
0.045502
0.056854
0.023987
-0.070801
-0.079773
0.023788
0.020477
0.068604
0.048798
0.026550
-0.074158
0.051300
-0.036407
-0.034210
0.077087
0.048920
-0.009766
0.071716
-0.093933
0.005993
0.069397
-0.013428
-0.077026
0.063293
-0.042084
0.000829
0.036957
0.008400
-0.064392
0.034546
0.048370
0.081909
0.047363
0.040009
-0.030640
-0.030563
-0.063904
0.007320
-0.085815
-0.013054
-0.024765
-0.038696
0.032532
0.080750
-0.029633
-0.065247
-0.016479
-0.071167
0.073364
-0.073242
-0.009850
0.068726
0.010666
-0.045502
0.041962
-0.067871
-0.078613
0.071350
0.020264
0.034027
0.056946
-0.042175
0.020508
-0.061249
-0.036865
0.026749
0.050476
0.026657
-0.050568
0.004856
0.057739
0.009834
-0.014252
0.072998
0.025803
-0.006554
0.047455
0.056122
0.050934
-0.065063
0.030930
0.046051
0.006004
-0.048828
-0.079651
0.075684
-0.071289
0.008018
0.062073
0.013428
-0.076599
-0.006958
0.093567
0.061096
-0.080505
-0.008583
0.083923
0.089661
0.077087
0.019485
0.005085
-0.018753
0.007027
0.042450
0.076233
0.080261
-0.078857
-0.029953
-0.093445
0.000329
0.026077
0.001698
-0.029892
-0.027145
-0.001326
-0.006374
-0.008179
0.023026
-0.078369
0.053192
0.007591
0.022552
0.039062
-0.055145
0.052643
0.014160
0.028412
-0.025665
-0.005100
0.024841
-0.039398
-0.069763
-0.070801
-0.031982
0.086243
-0.013992
-0.039093
0.053467
-0.087036
0.084961
-0.064209
-0.072144
-0.032898
0.002874
0.030289
0.052032
0.067566
-0.017166
-0.022461
-0.074585
-0.036804
0.073853
0.026108
-0.080383
-0.033539
-0.024612
-0.090881
0.015366
-0.042603
0.045410
-0.016998
-0.075134
0.019547
-0.039642
-0.046326
-0.031952
0.056702
0.057159
0.101318
-0.056702
-0.011253
-0.064026
-0.087097
0.040894
-0.071533
-0.064270
-0.066345
0.035980
0.007305
0.018448
0.061035
-0.052765
-0.039062
0.075867
0.001264
0.029037
-0.076538
0.016495
0.033173
0.086487
0.024612
0.064087
-0.062561
0.083679
0.023041
-0.012589
-0.089600
-0.084473
0.061707
0.006233
0.091797
0.061066
0.045898
-0.020172
0.043793
0.012177
0.039246
0.030670
-0.004147
-0.011177
0.103943
0.083679
-0.025177
0.073792
-0.025116
0.057037
0.078003
-0.044281
0.093750
0.023071
-0.024231
-0.057526
0.002890
-0.024094
-0.009644
-0.000468
-0.057068
0.040588
-0.034546
0.000282
-0.075378
0.018356
-0.030670
0.069031
-0.040497
-0.052002
-0.091797
0.077332
0.092712
0.032776
0.099670
0.008331
0.036438
-0.071411
-0.058929
-0.072449
-0.057587
-0.082031
-0.024734
-0.017487
0.027985
-0.042664
0.072266
-0.046051
0.083252
-0.036102
0.039215
-0.029755
-0.062500
0.090515
0.051117
0.023392
0.071106
-0.002590
-0.003727
-0.058105
-0.057037
-0.085571
0.003809
0.042664
0.011703
-0.092957
0.035553
-0.070923
0.096252
-0.100342
0.000635
0.030685
0.030807
0.036499
-0.070007
-0.017349
0.022552
-0.040741
-0.092712
0.007835
-0.086914
0.093689
0.004498
-0.051849
0.074646
0.090027
-0.034393
-0.039215
0.087280
0.045929
-0.035736
0.065247
0.021973
0.047668
0.027939
0.063232
-0.019196
-0.053467
-0.024994
-0.056305
0.006104
0.008369
-0.041046
0.068176
0.033234
0.064087
-0.033600
-0.048492
0.075317
-0.070435
0.029510
-0.034271
0.038635
0.015167
-0.061188
0.030045
-0.074829
0.038849
-0.045624
0.004192
-0.083923
-0.015152
0.059906
0.004379
-0.037048
-0.021805
0.039429
-0.031830
-0.032288
-0.037750
-0.034790
-0.045593
-0.056671
0.057617
-0.024307
0.034149
-0.014145
-0.066284
0.081543
0.036530
0.037109
-0.023544
-0.033783
-0.038300
-0.037262
0.012215
0.020355
0.111389
0.078613
0.028168
0.004742
-0.026443
0.031052
-0.010345
0.013245
0.029327
0.031342
0.059692
-0.045593
0.073730
0.057526
0.027344
0.070129
0.020493
0.003979
-0.041626
-0.009651
0.009789
0.040253
0.017853
0.110413
0.014534
0.018631
0.046722
-0.036926
-0.080078
0.034241
-0.024033
0.050964
-0.069397
-0.062988
-0.051239
-0.054199
0.014198
-0.081787
0.007431
0.008102
-0.035339
-0.070862
0.039093
-0.031921
-0.076843
0.058411
-0.024384
-0.005322
-0.014389
-0.005634
0.119568
-0.013733
-0.049469
-0.067383
0.032684
-0.043427
-0.050842
-0.065735
-0.082031
0.076782
-0.067017
-0.060730
-0.012711
-0.003513
-0.013947
-0.007019
0.045685
0.048737
-0.017899
-0.056671
-0.044556
0.007828
-0.017960
0.024918
-0.047546
0.024719
0.071411
-0.072937
0.005295
-0.016983
0.083557
0.026184
0.059021
0.076660
-0.011108
-0.064270
-0.052643
0.045624
0.063843
-0.072327
-0.030930
0.060516
0.026031
0.026764
-0.014412
-0.057861
-0.042572
0.052979
-0.040894
0.081116
0.010689
0.095947
-0.013222
-0.082275
-0.053650
-0.073486
-0.009499
-0.032349
-0.055664
-0.067505
-0.009674
0.018539
-0.036377
-0.062805
0.064453
0.025146
0.048401
0.072205
0.000885
-0.024139
0.054352
-0.035156
-0.037231
-0.005100
-0.061462
-0.015762
-0.019394
0.044098
-0.044922
-0.024826
0.002382
0.060028
-0.005672
0.036011
-0.065369
0.046997
0.048737
0.008575
0.031738
-0.063416
-0.060303
0.025894
0.045837
-0.052612
-0.081055
0.099304
-0.079346
0.044403
0.022278
0.059601
-0.034119
0.002575
-0.034637
0.061005
0.063171
0.066223
-0.041443
-0.008934
0.009117
-0.044525
0.075562
0.042084
0.069702
0.059814
0.078064
0.059540
-0.007675
0.062195
0.014854
-0.067932
-0.054626
-0.002186
0.066345
-0.083130
-0.064636
0.052948
-0.063538
-0.027679
-0.045868
-0.061493
0.020126
0.005894
-0.014015
-0.071045
-0.072815
-0.046997
-0.028732
-0.069275
-0.060669
-0.040497
-0.115051
0.098694
0.084778
0.070557
-0.070801
-0.034851
0.075745
-0.038483
-0.047485
-0.081787
0.022095
-0.061554
-0.083130
0.025162
0.042725
0.028305
-0.054840
0.037781
-0.076965
0.050537
0.058685
-0.009583
0.054230
0.002520
-0.009254
-0.002541
-0.060730
0.026535
-0.006763
0.019424
0.075073
-0.048798
-0.041626
-0.020676
0.031677
0.008987
-0.043274
-0.063110
0.024429
-0.041748
-0.018005
-0.024277
0.056244
0.005711
-0.020782
-0.070129
0.017899
0.032471
-0.038635
0.080933
-0.084290
0.014954
0.027481
-0.072510
-0.043243
-0.083313
-0.054382
0.085999
-0.067627
-0.064697
0.101868
-0.069275
0.011810
-0.073669
0.047089
0.083618
0.040375
-0.065735
-0.059967
-0.009270
0.057770
-0.001540
0.034821
-0.061737
0.045227
0.016281
0.066711
-0.034576
-0.056702
0.030640
0.013031
-0.075317
0.017441
0.009689
-0.061005
-0.084351
0.095276
-0.051392
-0.016495
0.031921
-0.062073
0.027008
0.084473
0.057068
-0.090454
-0.000769
0.007172
0.083191
0.086243
-0.050171
0.071960
-0.018402
-0.054993
0.076050
0.077087
0.008072
-0.049316
0.082275
0.010765
-0.027130
-0.064148
-0.030045
-0.011734
-0.020737
-0.021484
0.072388
-0.012474
-0.013748
0.086548
0.077026
0.077942
0.024765
0.080383
-0.061340
-0.032806
-0.060760
-0.021072
-0.001972
0.017960
0.026566
0.065796
-0.052551
-0.030640
0.019394
-0.000917
0.074707
0.005600
-0.017960
-0.033691
-0.033203
-0.016998
-0.079956
0.055450
-0.053680
0.022095
0.051697
0.075256
0.051208
-0.062134
-0.080078
0.013405
0.003635
0.005219
0.053345
0.084167
-0.076721
-0.041138
-0.036591
0.017395
-0.060028
0.043823
-0.003990
0.053223
0.053314
0.010025
-0.076538
0.023331
0.033447
0.070679
0.023056
-0.036072
-0.064209
-0.049744
-0.021622
0.048798
0.031433
-0.042114
0.043243
0.025085
0.007202
0.027679
-0.057343
-0.000513
0.048187
0.031952
-0.006340
-0.002260
-0.037567
-0.032928
0.028259
-0.053345
-0.015083
0.035248
-0.016113
0.012802
-0.004261
0.090393
-0.073792
0.064941
0.024918
-0.022095
-0.024918
0.029510
-0.007996
0.010437
-0.014542
-0.073181
-0.036224
0.049316
-0.030579
0.033051
0.044525
0.054260
0.008728
0.089722
0.055054
0.028809
0.003162
-0.041962
-0.035675
-0.025024
-0.000626
0.011223
-0.000834
0.058533
-0.008911
-0.063354
-0.084717
-0.048218
-0.014336
-0.000084
0.089966
-0.024826
0.012177
-0.045837
0.022827
0.041870
0.089355
0.058380
0.028473
-0.069458
-0.075378
0.044220
-0.028122
-0.000462
0.085938
0.020218
-0.020462
0.026245
-0.083557
-0.070007
0.038483
-0.065063
0.034790
-0.014023
-0.002172
-0.011864
0.073608
0.007935
-0.028412
-0.004658
-0.071716
0.065308
-0.037903
-0.078125
-0.047577
0.042664
-0.038452
-0.059784
0.086914
-0.012222
-0.025116
0.035614
-0.002104
0.033813
0.103333
0.078918
0.030228
0.045837
0.008347
0.023376
0.050537
-0.005821
0.006706
-0.062561
-0.009537
-0.034821
-0.008331
-0.045929
0.040466
-0.029022
-0.026596
-0.042633
0.072632
-0.059418
-0.012680
-0.052155
-0.100464
0.079956
0.068481
-0.067444
-0.026825
-0.007599
-0.039185
0.041229
-0.057373
-0.051361
0.073303
-0.018524
0.092529
0.065674
0.045227
-0.012634
-0.020859
0.092590
0.071716
-0.020432
0.118896
-0.011528
0.037354
-0.014709
-0.010414
0.048615
0.062622
-0.076111
0.041840
-0.081848
0.047302
0.072815
-0.029800
0.054443
-0.012962
-0.043732
-0.078491
-0.048431
-0.042389
-0.049194
0.080383
0.013222
-0.069519
-0.013779
0.064697
0.008507
-0.069946
0.066467
-0.020477
-0.014076
0.074341
0.065857
-0.002392
0.047455
-0.058716
0.094910
-0.030411
0.001495
0.045624
0.017120
0.015610
-0.016251
-0.084290
-0.008774
0.080322
-0.058868
0.011497
0.040497
-0.060089
-0.003914
-0.040527
-0.018936
0.001551
0.060425
0.048065
0.081421
-0.064148
-0.005283
-0.028397
-0.056488
0.020706
-0.005428
-0.049927
-0.034302
-0.052917
0.089417
0.038177
0.013031
-0.002934
0.030746
0.050903
-0.079102
0.027405
0.003807
0.086792
0.070679
0.072571
0.029922
0.050751
-0.027481
0.044006
-0.011848
-0.057648
0.026337
-0.037506
0.039856
0.005424
0.029892
-0.058533
-0.070190
-0.058075
0.004417
-0.087036
0.069031
0.033325
0.066345
0.048553
-0.055878
0.065857
0.002419
0.039642
0.049103
-0.096252
0.075378
0.006615
0.042267
0.038635
0.095337
-0.037598
0.015671
-0.019333
0.085754
0.047791
0.068542
0.000404
0.010155
-0.034180
-0.028290
0.018646
0.002892
0.079529
-0.039215
-0.004826
0.041626
-0.017853
-0.004833
0.029297
-0.031830
-0.017563
-0.022354
0.044006
-0.022247
-0.096497
-0.040955
-0.008003
-0.077881
-0.043610
-0.032410
0.043610
0.101807
-0.056061
0.006424
0.006622
0.061279
0.049438
0.056732
-0.000213
0.093994
-0.043518
-0.093506
-0.055878
0.059113
0.002253
-0.017853
-0.054047
0.007767
0.015366
0.045074
0.021011
-0.078186
0.005753
0.043488
0.047577
0.035461
0.012413
-0.038544
-0.010689
-0.091431
0.048218
0.060425
-0.071106
-0.063110
-0.011292
0.031982
0.042908
-0.075317
0.011383
-0.064453
0.084351
0.111633
0.012184
0.054932
-0.086487
-0.010742
0.032898
-0.078247
-0.042572
0.022842
0.009071
0.001807
0.091187
0.036713
-0.046844
0.082825
0.075928
0.003351
-0.005726
0.012352
-0.078430
-0.042694
0.022278
-0.014542
0.097168
-0.072327
-0.032745
-0.006645
-0.045532
-0.095642
0.078857
-0.035522
-0.002745
0.045715
0.016159
0.035126
-0.016464
-0.057465
-0.042633
-0.094604
0.091248
0.039917
-0.001313
-0.016907
-0.056793
-0.012466
0.094482
-0.076477
-0.057526
-0.077576
-0.036926
0.005165
-0.024536
0.034882
-0.067505
0.074463
0.037079
0.025162
0.035919
0.057404
-0.066223
-0.043121
-0.006752
0.079224
-0.013626
0.067322
-0.056122
0.045105
0.059906
0.010735
0.000025
-0.097168
0.070251
0.005833
-0.068848
0.081604
0.015991
-0.064453
-0.025131
-0.089783
0.018341
0.068604
0.018356
0.089966
-0.091064
-0.065552
0.067749
0.021774
-0.063110
0.066406
0.023987
0.002298
0.057434
-0.055695
-0.037689
-0.096558
0.045135
-0.070068
-0.008072
-0.006981
0.024963
0.016815
0.083069
-0.000576
-0.059692
-0.016510
-0.004978
0.083557
-0.061768
-0.011917
-0.087891
0.003498
0.031219
-0.036987
-0.043671
-0.051697
0.026703
-0.052582
-0.081848
0.046326
-0.004986
-0.084656
-0.008591
0.067688
-0.017181
-0.042664
0.064575
0.023071
0.063416
0.068665
-0.082031
0.080566
0.062225
0.015480
-0.025223
0.055298
-0.044128
0.010963
0.084656
-0.001780
0.034027
0.029373
-0.015343
0.068176
0.035217
0.051422
-0.004700
0.061462
0.039978
0.033844
-0.003429
-0.090820
-0.066833
-0.007057
0.005650
-0.066284
0.072021
-0.018066
-0.081299
0.041809
-0.050659
-0.066467
0.027786
0.038483
-0.041351
-0.033295
0.007751
-0.028366
-0.053680
-0.054382
0.063416
-0.046021
-0.016800
0.079834
0.014122
0.091736
0.016479
0.062500
0.045044
-0.032867
-0.064331
-0.068481
0.012009
0.037872
0.083191
-0.031738
-0.036591
0.031769
-0.032684
0.008659
-0.066345
0.090637
-0.054535
-0.048462
-0.002619
-0.064270
0.056335
-0.074768
0.043762
-0.048492
0.075317
-0.064026
0.095947
-0.034698
0.048462
-0.042023
-0.045959
0.089111
0.003231
-0.035187
-0.009315
-0.029007
0.048828
0.023575
-0.068542
0.070312
0.012489
-0.082092
-0.076721
0.001608
0.058655
-0.082764
-0.042450
0.080200
0.042633
-0.064331
-0.076050
0.091858
0.072449
0.070923
0.038391
0.060913
-0.078796
-0.011345
0.032776
-0.026611
0.070129
-0.099548
0.044678
0.074951
0.062805
0.050018
0.027252
-0.045013
-0.005844
0.035248
0.012123
-0.069702
-0.094238
0.019592
0.018753
0.049438
-0.014198
-0.047455
0.035553
-0.034851
0.015030
-0.000147
0.012978
-0.029251
0.054504
-0.010513
-0.017792
0.075012
-0.073486
0.092712
-0.067810
-0.052429
-0.072388
0.060577
-0.011185
0.046295
-0.000712
0.085632
-0.081055
-0.068542
0.081238
0.004768
0.000910
0.093384
0.076416
-0.074219
-0.024551
0.044708
-0.010078
0.021896
0.008644
0.060822
0.030899
-0.079041
-0.022690
-0.053711
-0.049469
0.070496
0.004028
-0.051331
0.034790
0.011009
-0.010635
0.034882
0.023056
-0.055817
0.023453
-0.000676
-0.073975
-0.067749
0.081177
0.066589
0.006035
-0.069397
0.047089
-0.008774
-0.084473
0.051117
-0.069702
0.084961
-0.012871
-0.066101
0.020767
0.051788
0.087830
0.067017
0.012146
0.052856
-0.004047
0.037537
0.079468
0.079285
0.067322
0.043915
0.048523
-0.076172
0.044342
-0.060913
0.061371
0.033356
0.045807
0.060577
-0.036224
0.065674
-0.059845
-0.024200
0.052063
-0.017807
0.035950
0.084839
0.005222
-0.011497
0.053864
0.059906
-0.045013
-0.073181
0.060242
0.044312
0.005692
0.068298
0.047699
0.089050
0.068054
-0.032867
-0.072083
-0.041260
0.013557
0.034973
0.017044
0.044891
-0.037964
-0.039124
0.009605
-0.065430
-0.035156
-0.052795
-0.041534
-0.019089
0.075806
0.088196
0.084412
0.038025
0.033020
-0.007156
-0.023224
0.042236
-0.043945
0.025528
-0.002056
-0.050720
0.074219
0.084412
0.043335
-0.038879
0.044098
0.087891
0.052887
-0.058441
-0.075073
0.064697
-0.037659
0.030411
-0.001294
-0.081970
0.006615
0.009422
0.003130
0.029663
-0.016632
-0.028442
-0.080078
0.030212
0.077637
0.000090
0.100830
0.043274
-0.069885
-0.073547
0.050903
-0.008156
-0.066345
0.020874
0.042328
-0.036072
-0.075684
-0.057922
-0.039581
0.002508
-0.034454
0.082642
0.042664
-0.013130
0.011765
0.055878
-0.048279
-0.005409
0.085938
-0.013588
0.010925
0.062256
-0.005150
0.054626
-0.089844
0.018188
-0.057892
0.065735
-0.065735
0.006947
0.069214
0.069580
0.026047
0.030365
0.036377
-0.063721
-0.043915
0.024719
0.019562
-0.011955
-0.001106
-0.066345
-0.079285
-0.074402
-0.005222
0.027908
0.035034
0.074585
0.022415
0.061279
-0.024063
-0.033783
-0.004456
-0.001550
-0.017792
0.023422
0.029022
0.033783
-0.060486
-0.090149
0.025528
-0.007153
0.060272
0.079895
0.041931
0.033569
0.055634
-0.036346
0.082397
0.034607
-0.023453
0.013680
0.004967
0.070496
0.060730
0.023056
-0.010559
0.011978
-0.064880
-0.035187
0.061462
-0.004356
0.046326
-0.045044
0.055115
0.022400
-0.030518
-0.029541
0.034851
-0.049988
-0.023193
-0.037415
-0.036591
-0.002161
0.080139
0.083496
-0.023590
0.077820
-0.011772
0.010910
0.036591
0.065186
0.077881
0.001940
-0.011772
0.030045
-0.055664
-0.071106
-0.016907
0.025955
-0.035278
0.076294
-0.080322
-0.057739
-0.048523
0.025146
-0.047516
