-0.086914062
-0.088378906
1.2666016
0.37646484
0.057769775
0.49487305
0.20202637
-0.089111328
0.72949219
-0.034057617
-0.08770752
-0.018478394
-0.11773682
-0.0015220642
-0.12658691
0.80664062
0.50683594
0.67626953
-0.018981934
-0.016784668
1.0087891
-0.00522995
0.81152344
0.31787109
0.68847656
0.10662842
-0.010925293
-0.076660156
-0.030761719
0.42114258
0.8125
1.4697266
0.12072754
-0.0026245117
-0.043792725
-0.047241211
0.25390625
0.828125
0.22167969
1.3320312
0.23803711
0.05480957
0.050018311
0.16882324
0.15881348
-0.0068893433
-0.0026855469
0.31591797
-0.017272949
-0.023834229
0.34814453
0.34814453
0.40576172
-0.050872803
-0.063720703
0.79833984
0.66552734
0.86523438
-0.040405273
0.022018433
-0.024917603
0.59667969
0.26928711
-0.056854248
0.0597229
-0.012580872
0.1427002
0.69287109
0.37890625
0.058624268
0.35302734
0.60400391
1.0800781
-0.073852539
-0.060852051
-0.022018433
-0.034088135
0.55224609
0.11437988
-0.02406311
0.74121094
0.28710938
0.024658203
0.75683594
0.38793945
0.18273926
-0.093017578
-0.10180664
-0.077209473
1.3554688
0.91015625
0.29101562
-0.052734375
0.82080078
0.70800781
-0.034912109
0.76660156
-0.039123535
-0.0095443726
-0.11791992
-0.16064453
-0.065063477
0.60986328
0.37695312
0.68359375
0.82617188
1.3710938
0.6328125
0.82421875
-0.027587891
-0.014190674
-0.073608398
0.46704102
-0.18847656
0.46704102
1.3076172
-0.016815186
-0.022689819
0.63720703
-0.047271729
-0.025436401
0.12316895
-0.035797119
-0.065063477
0.56298828
-0.036743164
-0.0061531067
0.64892578