0.028214
-0.004314
-0.030960
0.048798
0.072388
-0.017776
0.049408
0.041351
0.069336
0.004925
0.004513
-0.074585
0.043823
0.085327
-0.083618
0.071045
-0.074829
0.067017
-0.044098
0.037781
-0.025070
0.056366
-0.050476
-0.010002
-0.006245
0.051270
0.079041
0.035706
-0.034912
-0.035706
-0.077820
0.001904
-0.092468
-0.028473
0.092590
0.010178
-0.061554
-0.081421
-0.083557
0.079529
0.015900
0.086182
-0.004192
-0.063965
0.033783
0.048523
-0.003307
-0.007759
0.035645
0.071533
-0.042999
-0.076965
0.031982
0.052307
0.086548
0.003069
-0.071777
0.005810
0.029419
-0.052399
0.053833
0.064026
-0.084412
0.039581
0.077576
0.067810
0.064026
-0.088013
0.034515
0.004730
0.046082
-0.056488
0.035034
-0.056610
0.051971
0.077148
-0.043579
-0.085510
0.068970
-0.006653
0.060181
0.018509
-0.049194
-0.057373
0.080322
0.067200
0.005295
0.004009
0.090881
-0.042297
0.060638
0.062286
-0.045349
-0.079102
-0.018234
-0.049103
0.059784
-0.059814
0.088013
-0.035309
-0.051361
-0.030609
0.024231
0.037964
-0.086487
0.065002
0.041504
0.012642
-0.052979
0.056244
-0.026428
-0.014969
-0.040131
-0.051605
-0.049927
0.080994
0.021240
0.076233
0.028763
0.022583
-0.064209
0.048248
-0.062317
-0.070312
-0.020584
-0.016418
-0.033417
-0.026749
-0.061523
0.041992
-0.047913
-0.077759
0.072266
-0.027771
0.060425
-0.053223
-0.013321
-0.083252
0.073853
0.007343
-0.035553
-0.009506
-0.029495
0.023941
-0.087280
0.018982
-0.034729
-0.076233
0.078979
-0.052521
0.050720
0.071167
-0.052643
-0.048920
0.051056
-0.078552
0.065796
0.028946
0.040649
-0.025665
-0.074951
-0.052185
0.003944
0.020691
-0.055481
0.026108
0.074097
-0.051147
-0.040436
0.083130
-0.070007
0.078003
-0.085388
0.089172
-0.025360
0.063904
-0.083496
-0.075256
0.087646
-0.021866
0.070557
-0.005905
0.004238
-0.043945
0.022415
0.059723
0.078308
0.026474
-0.072449
-0.005547
0.017075
-0.053955
-0.056671
-0.035034
0.033600
0.022766
-0.026703
0.000586
-0.028152
-0.084839
0.075378
0.031860
-0.035126
0.012871
0.015335
-0.051971
0.021149
0.020355
0.012932
-0.005409
-0.002007
0.081604
0.013557
0.031769
0.023392
-0.001457
-0.045593
-0.042145
0.069641
0.062744
-0.061890
-0.027679
-0.008484
0.008263
0.005131
-0.044586
0.013664
0.047302
0.009102
0.099548
0.023346
0.011330
-0.006332
-0.022034
-0.039520
-0.023788
0.036774
-0.038666
0.069336
-0.003222
-0.012184
0.084229
-0.036316
0.056824
-0.053284
-0.059509
0.032532
0.051331
-0.061615
-0.077026
-0.010010
0.059814
0.003922
0.018158
-0.016541
-0.080078
-0.027283
0.001535
-0.042572
0.054138
-0.065552
-0.057404
-0.028992
0.084351
0.084412
-0.015480
0.069580
-0.044098
0.078674
-0.026901
-0.075134
-0.007858
0.051941
0.047058
-0.039917
0.031982
-0.038055
-0.043884
0.039215
0.070190
-0.077698
-0.054016
-0.027298
0.049896
-0.035980
0.081604
-0.066467
0.060730
0.044525
-0.081787
-0.039276
0.039062
-0.078369
0.041870
-0.006824
0.064209
-0.010582
-0.010056
0.008369
0.041107
-0.000493
-0.045868
0.094116
0.019470
0.006397
-0.044678
0.039032
-0.058685
-0.063477
-0.085510
0.071350
0.022888
0.049377
-0.018204
-0.007027
0.026260
0.002028
0.020798
-0.001305
0.042969
-0.082642
-0.075928
-0.034943
0.036957
-0.078979
0.039764
-0.067749
-0.075806
0.060547
0.070923
-0.076111
0.001512
-0.065247
-0.029327
-0.060242
0.028442
0.042969
-0.055847
-0.048798
0.000746
0.014313
0.006416
0.012573
0.006382
-0.023239
-0.051788
0.070862
0.000629
-0.053253
0.001599
0.050812
0.025818
-0.051758
0.085938
0.030640
-0.020279
-0.075195
-0.055847
0.028397
0.044220
0.083435
0.005653
-0.023468
-0.015900
0.085632
-0.062622
0.063660
-0.020340
0.044128
0.001708
-0.091003
0.011635
-0.013092
-0.069153
0.062988
0.034424
0.032501
-0.007145
-0.025864
-0.048096
0.007797
-0.068420
-0.046173
-0.059723
0.014618
0.040863
0.088989
0.001808
-0.040436
0.059845
-0.031921
0.051605
0.038605
0.014771
-0.090393
0.026825
0.036713
0.041687
0.024643
0.088867
0.050812
0.024261
0.004612
-0.081726
-0.069397
0.084717
-0.031433
-0.078003
-0.066467
-0.027756
0.037720
-0.028976
0.025635
0.001724
-0.088867
-0.040527
0.001469
0.062073
-0.011391
-0.019928
-0.030823
-0.053070
-0.027390
0.062439
0.035309
0.047302
-0.012466
0.029266
0.048004
-0.041016
-0.068115
0.042847
-0.055298
0.051056
0.044678
-0.024460
-0.089966
0.072876
0.054779
0.053955
0.064270
-0.081665
0.047974
-0.088013
-0.075317
-0.010040
0.016434
0.097961
0.001665
0.009789
-0.085754
0.101929
-0.076721
0.100220
-0.073547
0.014961
0.124878
-0.030579
0.024551
0.041382
-0.032257
-0.044830
0.079163
-0.068542
0.062805
0.030487
-0.092834
-0.024384
0.057465
0.055176
-0.072205
0.018387
0.057404
-0.051483
0.054962
-0.048157
0.080811
-0.076965
-0.035828
0.056580
-0.085938
0.037292
-0.040131
-0.072327
-0.052307
0.019577
-0.024933
-0.086243
-0.064697
0.002934
0.040253
-0.013878
0.077942
-0.052734
-0.043793
-0.033142
0.075684
0.005146
0.082214
0.029358
-0.035889
-0.062134
0.088379
0.083801
-0.064270
0.035736
-0.067383
0.044800
-0.021591
0.021301
0.050415
0.065918
-0.009537
0.053406
0.007523
0.046448
-0.047577
-0.071838
-0.033203
0.052307
-0.057373
0.063354
-0.067322
0.063354
0.033966
-0.068665
-0.045990
-0.096252
0.045044
0.081055
0.098267
0.031311
-0.037262
-0.046295
-0.014099
0.075928
0.070435
0.035767
0.060242
0.080933
-0.067688
0.056366
-0.045746
0.015686
-0.076843
-0.064209
0.040894
-0.063293
0.079163
0.035950
0.027817
-0.077820
-0.022354
0.010773
0.092529
-0.054291
-0.005379
0.053375
-0.017853
0.028809
0.094666
-0.059601
0.036743
0.089294
0.050323
-0.038666
-0.027130
0.075928
-0.051483
0.037445
0.058350
0.068054
-0.040955
0.017334
0.011978
-0.032806
-0.050476
-0.063965
0.033478
-0.027496
-0.062469
-0.076538
0.034851
0.085510
0.055176
0.077820
-0.069153
-0.044739
0.052887
-0.030807
-0.054321
0.102173
0.032013
0.089783
0.010406
-0.049377
-0.074402
0.064697
-0.038605
0.096436
0.008568
0.046570
0.098267
-0.081909
-0.078552
-0.026474
0.040436
0.042877
0.045044
-0.054535
-0.084473
-0.051117
-0.085632
0.024216
0.031006
-0.080811
0.036133
-0.084167
-0.062134
0.100830
0.073181
-0.037781
0.061066
-0.062927
-0.030121
-0.042755
0.098755
0.085693
0.029999
-0.075928
-0.056335
0.046967
0.002142
-0.039093
-0.034760
-0.070312
0.029434
0.029694
-0.053772
0.014114
-0.064270
0.037140
-0.046509
0.085938
-0.054871
0.023849
-0.031189
-0.080566
0.039734
0.078918
0.049713
0.000690
-0.059357
0.031891
-0.092712
-0.085571
0.041229
-0.088257
0.035095
0.044342
-0.050964
0.048218
-0.066589
0.018875
0.053131
0.023956
0.080200
0.049316
-0.054535
-0.082581
-0.051300
0.075623
0.045288
0.026154
-0.003517
-0.037720
0.045013
0.049103
0.000357
-0.009010
-0.027771
0.003296
-0.027908
0.086243
0.012161
0.017487
-0.011406
0.009682
-0.059021
-0.083496
-0.060181
-0.007294
0.057373
0.023438
-0.028229
0.041626
-0.037354
-0.046112
-0.065002
0.059631
0.090393
0.068054
-0.003841
-0.039368
0.054718
-0.079468
0.000622
-0.051819
0.084534
-0.075623
0.075378
0.004906
0.000313
0.015167
0.031860
-0.051880
0.085510
0.057678
-0.060760
0.085693
0.010643
-0.019760
-0.073181
-0.015411
-0.055969
-0.025223
0.033295
0.065308
-0.070496
0.093079
0.003841
-0.047394
-0.010147
-0.062683
-0.087524
0.039368
0.017944
-0.002707
-0.001512
0.005844
-0.035095
0.042480
0.052673
-0.048859
0.059204
0.013641
-0.058197
0.011513
0.015038
0.065063
-0.015175
0.020782
0.059509
-0.013908
0.081177
-0.040497
0.006336
0.075928
-0.072449
-0.009659
-0.059235
-0.004524
-0.056061
0.051300
-0.083679
-0.077209
-0.022339
-0.041168
-0.074890
-0.042938
-0.062866
0.034912
0.066284
-0.046967
-0.032440
0.050049
0.002611
0.001684
0.033234
-0.026138
0.074158
0.076294
0.040894
0.075745
0.059998
0.084839
-0.008179
-0.071472
0.021255
-0.080200
0.051208
0.013840
-0.036041
-0.080566
-0.000427
-0.038208
0.071289
-0.008919
-0.007866
0.050079
0.004051
-0.039307
-0.062805
-0.070679
-0.027222
0.071167
0.034973
-0.036041
-0.067566
0.003948
-0.035583
0.084961
-0.087158
0.079651
0.049927
-0.077698
0.008011
-0.055450
0.018036
-0.012581
0.079529
-0.033875
0.041687
-0.013687
-0.050201
-0.085815
-0.012543
0.086060
-0.019547
0.023987
-0.000907
-0.032990
0.080811
-0.004879
-0.069397
-0.063721
-0.044495
-0.063049
0.031052
-0.007137
-0.039337
-0.021790
0.028397
0.055206
0.084412
0.023438
-0.053223
-0.089050
-0.041870
-0.077881
0.090576
0.016342
0.028290
0.052063
0.086182
0.060974
0.016327
0.012558
-0.073669
0.042328
-0.007511
0.030685
0.057220
-0.072998
-0.056671
-0.071045
-0.009613
0.046906
0.088379
-0.053802
0.009575
0.083862
0.088013
-0.005680
-0.024521
-0.020340
-0.017197
-0.024078
0.070801
-0.033356
0.052429
0.008972
-0.077271
0.045288
0.084595
0.053223
-0.040527
-0.023376
0.019806
-0.068909
0.078735
0.044037
-0.044647
-0.019867
0.027557
-0.068726
0.084778
-0.030258
0.034668
0.059265
-0.002775
-0.044739
0.075134
-0.076599
-0.071960
-0.073059
0.026291
-0.024231
-0.055969
-0.058868
0.073853
-0.069092
-0.016495
-0.022293
-0.006638
0.005291
0.031769
0.023941
0.064453
-0.013931
0.067932
0.019592
-0.028061
0.013710
0.065552
0.046570
0.007721
0.077209
0.027054
0.082336
0.081421
0.050415
0.077087
-0.068481
0.059967
0.045197
-0.009216
-0.051056
-0.063354
0.062408
-0.004456
0.062164
0.032043
-0.070923
-0.044678
-0.010826
-0.038849
0.049377
-0.046356
0.065430
-0.035889
0.090088
-0.014374
0.005959
-0.092346
0.079285
-0.014153
0.046967
0.073608
0.003527
0.016144
-0.014137
0.081116
0.073730
-0.023560
-0.023239
0.024750
0.056244
0.044647
-0.047028
-0.000825
0.061005
0.028854
0.021698
-0.082458
0.024857
0.088074
-0.054413
0.022202
-0.029358
-0.056763
-0.011284
-0.048706
-0.029495
0.072083
-0.040161
-0.020813
0.058258
-0.061371
0.010063
0.043365
0.028976
0.080688
-0.084290
-0.019745
-0.032257
-0.041962
0.075195
0.000878
0.050842
0.088928
0.004402
-0.090576
-0.032837
0.023468
-0.032135
0.069397
0.051819
-0.043793
0.036804
-0.036438
-0.078979
0.012344
0.004955
-0.038635
0.011177
0.016418
0.010376
0.010986
-0.004044
0.055878
-0.033142
0.078247
0.099365
0.088135
0.061035
0.034821
-0.067932
-0.004868
-0.064331
0.053101
-0.080017
0.055023
-0.047699
0.058502
-0.023727
-0.017944
0.033783
-0.007988
0.045074
0.084412
0.082520
-0.001001
-0.004524
0.054016
-0.030426
0.008408
0.007660
-0.089111
-0.080872
0.113159
-0.046051
0.022644
-0.062347
-0.068848
0.067322
0.067749
-0.026932
0.103516
-0.002523
-0.022781
-0.040680
-0.074219
0.037689
-0.066895
-0.067200
0.034698
-0.034088
-0.043610
0.047180
0.005196
0.056976
-0.030899
-0.046722
-0.078247
-0.067566
-0.086548
-0.061432
0.009972
-0.038910
-0.023819
-0.061859
-0.085632
-0.036835
0.039551
-0.040710
-0.045166
-0.001027
0.089294
-0.060425
-0.039368
-0.065430
-0.079468
-0.039185
0.002361
0.024475
0.096558
-0.054260
-0.025024
0.049438
-0.000603
-0.063232
-0.019028
-0.058563
-0.025726
0.017227
-0.055664
-0.073914
0.011482
0.001680
-0.030609
-0.015976
0.080688
0.061615
0.037018
0.056183
0.065613
-0.004601
0.064392
0.071289
0.037018
-0.077942
0.003519
0.046448
-0.079895
-0.033386
-0.073181
0.052856
0.022202
-0.028610
0.029129
-0.078186
-0.040649
-0.066589
-0.063965
0.022537
0.032074
0.045868
0.066040
0.001472
-0.040527
-0.067139
0.020172
-0.028473
0.074707
-0.004528
0.032684
0.048523
-0.038818
-0.033051
0.089905
-0.039734
0.031372
0.078125
-0.089111
0.055359
0.001227
-0.000573
0.008598
-0.087830
0.065857
-0.086731
-0.036438
0.058228
0.019882
0.028290
0.021439
-0.029953
-0.073547
-0.056671
0.052429
-0.045441
0.052338
-0.043976
0.083069
-0.021622
-0.038696
0.052032
-0.099060
0.041138
0.084534
-0.031433
0.061707
-0.033691
-0.025330
0.048004
-0.037201
0.081360
-0.067566
-0.028671
0.067871
-0.074585
-0.054749
-0.065247
0.062500
0.041748
-0.002903
0.052582
-0.042511
-0.030518
0.099426
0.039429
0.003323
0.082764
-0.083740
-0.069458
-0.025436
-0.016495
0.077881
0.002052
-0.030746
-0.051941
-0.081970
0.048553
0.056824
0.033783
0.052643
0.058502
-0.012260
-0.065430
-0.004143
-0.046631
0.100647
0.060120
-0.013954
0.042511
0.011612
-0.073730
0.034210
0.094910
-0.031464
-0.032928
-0.075928
-0.007732
-0.053955
0.068542
0.012726
0.051239
-0.015930
-0.007664
-0.015518
-0.014854
-0.057037
0.000082
-0.036438
0.101196
0.060181
0.014267
0.063416
-0.040466
0.059967
0.079651
0.014442
0.072327
-0.035614
0.041718
0.056519
-0.058807
0.064575
0.064209
0.012802
0.019684
-0.033997
0.041962
-0.063416
0.067566
-0.038971
-0.057922
-0.065552
-0.053772
0.063416
0.074036
-0.032135
0.057922
-0.038116
0.055115
-0.070068
0.047089
0.013229
0.048370
0.036469
0.072144
-0.064209
-0.051636
-0.010376
0.020035
-0.005852
0.053009
-0.054138
-0.062286
-0.063782
0.067505
-0.059326
0.022964
0.019180
-0.074707
-0.075439
-0.021454
0.048218
-0.099670
-0.066223
0.057678
-0.013382
-0.007919
0.020462
-0.014481
0.082458
-0.026871
-0.086243
0.022903
0.080383
-0.029678
-0.092590
-0.017105
0.050568
-0.009842
-0.057068
0.022232
-0.028732
0.046722
0.071533
0.046082
-0.016754
0.053955
-0.036652
0.016113
0.084351
-0.041962
-0.039978
-0.074402
0.069641
-0.024628
0.060516
-0.094971
-0.004433
0.001161
0.062927
-0.039062
0.054993
-0.012329
-0.010742
-0.059113
-0.008789
0.074280
-0.035126
0.079163
-0.028702
-0.015533
-0.076111
0.045013
-0.028595
-0.086243
-0.061462
0.086121
-0.044983
-0.061615
0.020920
-0.025848
-0.012306
-0.035004
0.064270
-0.043152
0.043518
-0.014267
-0.048737
0.047394
-0.084412
0.029938
0.073975
-0.062439
0.026459
-0.030197
0.008667
0.002094
0.047882
-0.083130
-0.072815
0.034393
-0.054688
-0.008461
0.044281
-0.033936
0.073914
-0.084351
0.064941
-0.082214
-0.042358
0.032928
-0.054077
0.034943
-0.066345
0.054260
0.088501
0.056641
-0.015465
-0.049713
-0.011589
0.070251
-0.069702
0.097656
0.102600
-0.086914
-0.045654
0.063599
0.034821
-0.026093
0.002907
-0.028580
0.057495
0.023590
-0.063416
-0.048462
0.040283
0.036987
0.049561
0.017838
-0.080994
-0.084717
0.024567
-0.036621
-0.005680
0.023499
0.046295
0.072388
0.007042
0.069824
-0.002785
-0.040527
0.032043
-0.031067
0.013702
0.004448
0.059723
0.001510
0.073730
0.049042
-0.006458
0.037140
-0.023987
-0.030228
-0.085938
0.032501
-0.019577
0.070129
-0.051422
-0.007740
0.028534
0.074951
-0.053528
-0.067810
0.047150
-0.007950
0.002728
-0.035431
0.041809
-0.024994
-0.082214
0.035370
-0.049255
-0.044312
-0.004501
-0.005379
-0.026611
0.078796
0.055298
-0.060669
0.026138
-0.085022
-0.034882
0.087524
0.015396
0.050110
0.002476
0.047119
-0.083496
-0.006741
0.068481
-0.035492
-0.043030
-0.055145
0.064941
0.024338
-0.026413
-0.006622
-0.053345
-0.102234
0.068848
0.031219
-0.010429
0.046417
-0.031021
0.031464
-0.020859
0.064819
0.043823
-0.002615
0.001984
-0.069946
-0.075378
0.056274
-0.083618
-0.057556
-0.016663
-0.013153
0.033173
0.097778
-0.047699
0.052551
-0.045013
0.074524
-0.083374
0.034241
0.056274
-0.028427
-0.078613
0.011467
-0.028229
-0.084045
-0.008797
-0.075012
-0.006435
-0.011116
-0.062469
-0.054474
0.005543
-0.030853
-0.067627
0.087646
0.028809
0.073547
-0.039398
0.047272
0.037750
0.021667
-0.024307
0.016006
-0.066406
0.077637
0.087341
-0.000508
0.001012
-0.019623
-0.065918
-0.027878
0.002272
0.002426
-0.054169
-0.060364
0.051941
-0.052917
0.075317
-0.043884
0.048828
0.002323
-0.062164
-0.064392
0.053345
-0.069824
0.027863
0.070129
-0.024948
0.084534
-0.007553
-0.034393
0.039764
-0.014290
-0.029526
-0.061646
-0.036163
0.045471
0.048340
-0.009476
-0.040985
0.006359
0.005581
0.066833
0.114563
0.099121
0.084961
-0.011772
0.057251
0.023727
-0.054016
-0.053040
0.043518
0.053589
0.061737
-0.022354
-0.012794
-0.064941
-0.056458
-0.062683
-0.064453
-0.010498
0.100525
0.002642
-0.081543
-0.068237
-0.022614
0.006397
0.086365
-0.050507
0.022278
0.015511
0.009331
0.013542
-0.064758
-0.057770
0.031647
0.069031
0.079041
-0.067688
0.062469
0.023987
-0.047028
0.073425
-0.014977
-0.056030
0.012321
0.058350
0.078491
-0.063843
0.079407
0.029175
-0.073120
-0.026367
-0.065857
-0.061981
-0.027740
0.083923
-0.019608
-0.020325
-0.050598
0.016357
0.049988
-0.045563
-0.032745
-0.083435
-0.062408
-0.003847
0.073730
0.034119
0.031036
-0.074219
-0.062134
-0.062805
0.072021
0.017731
0.044739
-0.032318
0.024780
0.034576
0.043152
0.008698
-0.024963
0.041809
0.041321
-0.037170
-0.004654
-0.061401
-0.054230
0.037750
0.088501
-0.063477
0.085510
-0.065552
0.055786
-0.017471
-0.072571
-0.085083
-0.057220
0.036285
-0.040833
0.027100
-0.001283
-0.072266
0.055206
-0.013329
0.001746
0.041687
0.030212
-0.047485
0.000960
-0.025955
0.074158
-0.048706
0.045624
-0.019165
0.104492
-0.064941
-0.025497
-0.032471
-0.011642
0.031113
0.022018
-0.058655
0.029739
-0.067810
0.061493
0.076477
-0.021271
-0.067261
0.031403
0.005173
0.099304
-0.077148
0.020645
-0.047729
0.056976
0.029266
-0.013611
0.045929
-0.004551
-0.021149
0.040314
-0.049011
-0.013725
0.059601
0.044434
-0.017273
0.065308
-0.014801
0.053680
0.013451
0.014168
0.009506
-0.004856
-0.076843
0.036926
0.031158
-0.032776
0.023544
0.049438
0.011673
-0.073547
-0.002567
0.100647
-0.096497
0.033569
-0.021393
-0.047913
-0.061493
0.071594
0.085571
0.058563
0.065186
0.097595
-0.009102
0.052948
0.033417
-0.017776
-0.041443
-0.065369
0.012245
0.091614
0.035339
0.009270
0.082947
0.047882
0.050842
-0.030670
0.081665
0.007153
0.054382
0.002104
0.118835
-0.007198
0.036469
0.019821
-0.039886
0.003227
-0.051331
0.066772
0.076599
0.005825
-0.062439
0.081238
0.059509
0.079407
0.058197
0.021942
0.054840
0.008560
0.065857
0.016159
0.059692
-0.062805
-0.022964
0.075562
0.013191
-0.035736
-0.018311
0.053558
0.000459
0.065247
0.045685
0.023102
-0.035980
-0.074707
0.013725
0.005974
-0.029938
0.029602
0.053070
0.018478
0.030685
-0.048157
0.022018
0.027664
-0.029968
-0.026321
-0.047089
0.036621
-0.019547
0.046539
-0.081055
0.058746
-0.023544
-0.001454
0.068115
0.063599
-0.020462
-0.034607
0.074829
0.021713
-0.015930
-0.081543
0.061584
0.000124
-0.075867
0.001840
-0.091248
-0.033386
0.033936
-0.001913
0.040619
0.065369
-0.070679
0.061096
0.058899
0.079956
-0.060944
-0.023575
0.041779
0.028473
0.013779
0.085449
0.081787
-0.055206
-0.028214
0.030273
-0.052338
-0.016800
0.013962
-0.010658
-0.029663
-0.011719
0.069580
-0.083435
-0.065369
-0.058624
-0.057800
0.062622
-0.038086
0.042206
0.013580
-0.010277
0.066833
0.052826
-0.052734
-0.051300
-0.072998
-0.072083
0.063599
-0.033813
-0.002064
-0.055542
-0.029526
0.044037
0.036377
-0.027634
0.064331
-0.079834
0.068665
0.002274
0.022125
0.071045
0.029816
-0.025848
0.021561
-0.073608
-0.034607
0.076904
0.060333
0.012329
0.054413
0.028610
0.058502
-0.009956
0.086182
-0.022156
-0.000568
-0.030548
-0.013969
-0.036652
0.009453
-0.024078
-0.073242
-0.080933
0.043762
0.060059
0.000576
-0.042358
0.094360
0.048737
0.015495
-0.063171
0.027054
0.053741
-0.040344
0.071167
0.081970
-0.015160
0.086853
0.045746
0.033264
0.014626
-0.035858
-0.049561
-0.017059
0.018646
-0.010406
0.037659
0.041656
0.046173
-0.044739
-0.023117
0.000200
-0.002567
-0.050262
-0.025574
0.016586
-0.069031
-0.004852
-0.048920
-0.051300
-0.009293
0.084229
-0.072998
0.048187
-0.003149
-0.027328
0.020996
0.034058
0.078491
-0.010498
-0.031235
0.041138
0.054871
0.037231
0.024994
0.034882
-0.078003
0.027603
-0.032318
-0.031799
0.010429
-0.013725
-0.040497
0.037079
-0.068054
-0.040741
-0.075562
-0.071289
-0.019455
0.005867
-0.014160
-0.016464
0.052185
-0.083740
0.006271
0.015976
-0.024628
0.095947
0.009125
0.044067
0.062988
0.004677
-0.000293
-0.079407
-0.077087
0.030273
-0.056335
0.047241
0.061829
0.068420
0.078857
-0.005035
-0.057617
-0.073730
-0.080566
0.064453
0.056335
0.082092
-0.059265
0.043579
0.062256
0.025284
-0.056458
-0.039764
-0.019760
0.080872
0.058655
-0.033020
0.089722
-0.060822
0.085449
-0.053741
0.011276
-0.035278
0.008728
-0.066101
-0.071045
-0.015335
0.063965
0.091003
0.027878
0.015549
0.006329
-0.010162
-0.076904
0.075500
-0.085754
-0.052979
0.047424
-0.031097
-0.047791
-0.074219
0.022354
0.051788
0.048950
0.048096
0.067749
0.040253
-0.065613
-0.090698
0.022781
0.003712
0.049774
0.047302
0.005558
0.005398
0.084839
-0.057953
0.057526
0.007233
-0.039886
0.056305
0.021393
0.053619
-0.068665
-0.058594
0.039886
-0.069580
0.042877
-0.050873
0.003555
0.047089
-0.065857
0.016602
-0.033264
0.033173
0.000858
0.038818
-0.046173
-0.010643
-0.038544
-0.023026
0.018784
-0.046967
0.044800
-0.030075
-0.050629
0.011162
-0.091125
-0.021729
0.059631
-0.074890
0.055573
0.050140
0.017746
0.065796
-0.048706
-0.014374
-0.076721
0.021255
0.093750
0.081970
-0.038269
0.084595
0.062500
-0.043945
0.004745
-0.037964
0.088806
0.065186
0.015030
-0.067932
0.037384
0.018311
-0.053436
-0.083557
0.057861
0.078735
-0.029373
0.008469
-0.025009
-0.055176
-0.074219
-0.060669
-0.063416
-0.042969
-0.005554
0.023727
0.044495
-0.073669
0.057617
0.056000
-0.035309
-0.006210
-0.064514
0.013947
0.061523
-0.070984
0.066284
-0.041534
0.009796
0.036957
-0.059174
-0.061646
0.027344
0.082764
-0.004253
0.055756
0.063721
0.006912
0.002838
-0.023590
0.098572
0.019699
0.056519
0.004879
-0.000990
0.040436
0.033630
0.032349
-0.038086
-0.010719
0.046326
0.060669
-0.091980
0.087585
-0.055573
0.090210
-0.042450
-0.050049
-0.001276
-0.079163
-0.000602
-0.035828
-0.046265
-0.061218
-0.057007
-0.051758
0.053925
-0.003069
0.086670
-0.086304
0.020294
-0.054138
0.045898
-0.034149
-0.063721
0.062439
-0.014481
0.053864
-0.078064
0.100464
0.057037
-0.024261
0.081970
0.094727
0.016022
0.006039
0.040253
0.066772
0.037170
0.018478
0.048340
0.024445
0.013832
0.012344
0.073547
0.028122
-0.054718
0.059784
0.033630
-0.043915
-0.061584
-0.066650
0.049316
-0.039337
-0.091797
0.077332
-0.058197
0.036377
-0.079407
-0.057312
0.045837
0.010849
-0.078674
0.055756
-0.067444
-0.058105
-0.062683
0.053497
0.013474
-0.035492
-0.064270
-0.051941
-0.008049
0.050354
-0.004055
-0.012337
0.075317
-0.006920
-0.080627
-0.000067
0.067871
0.064209
0.059082
-0.005581
-0.078247
-0.026352
0.042633
0.072693
0.037537
0.067383
0.080383
-0.023743
-0.063782
-0.012695
-0.043701
-0.020340
0.032898
-0.034515
-0.014297
-0.039795
0.014374
-0.002178
-0.000498
0.047729
-0.051147
-0.026352
-0.045807
0.060303
0.018784
-0.046600
0.006252
-0.073425
0.035370
-0.036224
0.008652
0.020721
-0.009758
0.042755
-0.042999
0.019211
-0.002562
0.001895
-0.037689
-0.089783
0.010544
-0.022919
0.076233
-0.000800
0.057037
-0.027344
-0.058289
-0.030014
-0.007717
-0.060974
-0.027145
-0.014763
0.092529
0.025330
0.018204
-0.023239
0.071350
0.048096
-0.001133
0.090271
-0.089844
0.015137
-0.086731
-0.013206
0.043976
0.061005
0.073425
-0.075317
-0.017883
0.025284
0.043335
0.069763
0.083435
0.057800
0.006870
-0.035919
0.023651
0.032410
0.009079
-0.014412
-0.035797
0.055511
0.060150
0.039581
0.020584
0.055267
-0.061005
-0.001329
0.001878
0.015182
0.044464
0.066345
0.050079
-0.013130
-0.063477
0.058929
-0.033325
-0.059296
0.071167
-0.069336
0.050812
-0.072693
-0.039215
0.019318
-0.074219
0.003620
0.018127
0.039673
-0.041290
0.008461
0.086304
0.068420
0.036957
-0.042847
0.084534
0.083923
-0.006771
-0.040161
-0.024368
-0.062622
0.003201
0.088013
0.019073
0.087341
-0.040100
0.088074
-0.026382
0.070190
0.040924
-0.029633
0.094177
0.055969
-0.025116
-0.078674
-0.045502
0.019714
-0.021698
-0.076294
-0.070007
0.026245
0.016129
-0.049469
-0.026428
-0.077759
0.073730
0.012573
-0.023483
0.033478
-0.069275
-0.061890
0.093811
0.091431
-0.059204
-0.074402
0.085571
0.016815
0.062469
-0.031189
0.005924
-0.036652
0.029068
-0.012444
0.077026
-0.003847
0.008194
0.068848
0.067383
-0.037415
-0.064819
0.045624
0.040131
-0.068665
-0.073242
-0.015625
-0.068604
0.053253
-0.033600
0.030457
0.068481
-0.083130
-0.074341
-0.050201
0.075928
0.086487
0.010048
-0.038147
0.009995
-0.074036
0.018280
-0.055573
-0.009064
0.046753
-0.067383
0.004990
0.027985
0.072144
0.025330
-0.009186
-0.007835
-0.065308
-0.037079
-0.021515
0.035889
-0.067017
-0.000072
-0.081238
-0.061768
-0.027603
-0.009865
0.061615
-0.014809
0.042694
0.076599
0.053375
0.043365
-0.056915
-0.077087
-0.019226
0.026154
-0.033051
0.025406
-0.073242
-0.018158
-0.039429
0.060150
0.003445
-0.012085
0.038635
0.072693
-0.082397
0.014870
-0.063721
0.045074
0.080750
-0.062134
-0.090027
-0.071045
0.035614
-0.009254
0.021652
-0.069336
0.013481
0.067139
-0.060608
-0.011696
-0.022339
-0.021469
0.054535
0.040833
-0.054993
-0.067200
-0.007065
-0.028732
0.046936
-0.050507
0.018524
-0.053436
0.003864
0.018433
-0.075928
-0.019913
0.002747
-0.055359
0.086060
0.070190
-0.010544
0.078796
-0.084595
-0.074219
0.077576
0.080444
-0.014122
-0.060974
-0.042999
-0.013092
0.039215
-0.077759
0.008812
0.042938
0.043610
-0.054810
-0.023926
0.077454
-0.065796
0.036499
-0.069275
-0.085083
0.092468
0.064087
-0.020508
-0.042664
-0.031586
-0.072083
-0.001809
-0.009811
0.024963
0.075073
0.035919
-0.060791
0.080322
-0.088135
-0.031769
-0.030411
-0.034729
0.025024
-0.066223
0.081726
0.030151
-0.076538
-0.036560
-0.027817
-0.080322
-0.066895
-0.033112
-0.064453
-0.061890
0.075745
-0.051239
0.018982
0.058411
0.030991
-0.030746
-0.100220
-0.034698
0.072571
-0.070251
-0.064697
0.064758
0.018066
0.079163
-0.037170
-0.080322
-0.003910
0.052582
0.033936
0.067932
0.016663
0.016693
-0.065796
-0.053986
0.051453
-0.087524
0.033691
-0.064270
-0.058014
-0.047668
0.053436
0.033600
-0.054169
0.078918
0.047241
-0.025299
0.083557
-0.001595
0.044220
0.085205
-0.033539
-0.057007
-0.038971
-0.031830
0.081421
-0.072998
0.054749
0.080017
-0.044220
0.040863
-0.041931
0.056488
0.024094
0.051544
0.041290
-0.048004
0.077759
-0.062225
-0.035980
0.052460
0.033508
-0.062073
0.013832
0.066650
0.041138
-0.028412
0.024353
-0.031921
-0.025223
0.038879
-0.026306
-0.062805
-0.021454
-0.090088
0.100403
0.042694
0.039246
0.008179
0.003302
-0.000178
0.039398
0.093689
0.052765
-0.050415
-0.013489
0.052307
-0.058136
0.000572
-0.012627
-0.055237
-0.047333
0.044586
-0.036194
0.008591
0.047791
-0.048981
0.012360
-0.079468
-0.114685
0.085022
0.030731
0.089050
-0.087402
0.098267
0.009521
-0.021713
0.028152
0.074158
-0.018555
-0.067688
-0.112854
0.072754
-0.028732
-0.067383
0.021866
0.054108
0.005054
-0.067505
-0.025635
0.055695
-0.012489
0.007397
-0.008591
-0.068420
0.042114
0.056610
0.024200
-0.038055
0.083313
0.002745
-0.055939
0.053741
-0.044464
0.016632
0.060791
-0.065491
0.088745
0.046722
-0.049652
0.029846
-0.010895
-0.040466
0.015556
0.007217
-0.050415
-0.067993
-0.082397
0.083679
0.068665
-0.013374
-0.023621
-0.076660
0.052094
0.045685
-0.058411
0.062866
0.047516
0.047852
-0.054474
-0.002405
0.014732
0.061005
-0.003174
0.047882
0.024567
0.053955
0.023102
0.041138
-0.008133
-0.013435
0.029602
0.015533
0.048126
-0.041412
-0.001083
-0.016266
-0.088074
0.042603
0.070068
0.071594
-0.050385
-0.005943
-0.009552
-0.025238
-0.016312
0.052643
0.014061
0.005695
0.016647
-0.017075
-0.077087
-0.010780
0.010307
-0.033752
-0.086060
-0.015327
0.028351
0.073608
-0.060760
0.064758
0.002304
0.076721
0.033447
-0.074585
-0.077637
-0.039337
0.065369
0.092041
0.038055
0.046082
0.041687
0.030060
0.037933
0.034088
-0.013451
-0.067688
0.033447
0.035828
0.069397
-0.043915
0.031113
-0.098389
-0.094666
0.003235
-0.030441
-0.022415
-0.045563
-0.058899
-0.086670
-0.038696
-0.015945
-0.002117
-0.063110
0.019836
-0.070068
0.042084
0.035309
0.070496
-0.086243
-0.005428
0.014572
0.046997
0.093506
0.015778
0.093994
0.037445
-0.002047
-0.074646
-0.010399
-0.024506
0.095154
-0.058380
0.070190
-0.003983
0.054626
0.063660
-0.007725
0.082642
-0.073303
-0.091614
-0.025116
-0.027878
0.064941
-0.004551
0.038452
-0.011559
-0.065308
0.064270
-0.013641
0.045624
0.038147
-0.078613
0.079956
0.070007
-0.005577
-0.016510
-0.051605
0.073547
0.016953
0.024887
0.074097
0.036469
0.049225
0.026169
0.033234
0.002838
0.065369
0.038971
0.043152
0.059723
0.054535
0.008759
-0.001865
-0.062683
0.074280
-0.093140
-0.086121
-0.026810
0.065918
0.042389
0.054199
-0.036072
-0.017853
-0.050629
-0.099609
0.013954
0.036224
-0.058899
0.017014
0.095276
-0.050476
-0.038879
0.035889
-0.029099
-0.038818
-0.080505
0.006802
0.024231
0.029449
-0.090698
0.056854
0.071045
-0.019531
0.075439
-0.020401
0.032532
-0.075806
-0.021378
0.002560
0.013527
-0.008606
-0.073914
0.069031
0.094177
0.059692
-0.055054
-0.012314
-0.013687
-0.051117
0.018768
0.046021
-0.048828
-0.057739
0.101196
0.006241
0.022049
-0.047760
-0.056366
0.038055
0.010857
0.056702
0.009460
-0.068726
-0.006050
-0.029480
-0.062622
0.078918
0.065857
-0.024048
-0.052155
-0.035339
-0.011307
-0.075623
-0.085205
0.020782
-0.018509
0.049072
-0.077759
-0.054047
0.092163
-0.023895
-0.037598
0.009979
-0.002180
-0.054016
0.069580
0.065918
0.034790
0.017288
0.059845
0.004421
-0.005756
-0.055206
0.085999
0.048340
-0.006367
0.030136
-0.086731
-0.056274
-0.082458
-0.048004
-0.075989
0.073853
0.008598
-0.020111
0.055237
-0.020462
0.057465
0.106506
0.044586
0.068054
-0.002304
-0.058289
-0.023041
0.054504
0.057434
-0.025970
0.067505
0.042389
-0.049713
-0.076721
-0.022690
-0.059357
0.046265
-0.073364
-0.023834
-0.070862
-0.006794
-0.074890
0.022507
0.080872
0.057343
-0.048279
-0.074097
-0.071350
0.029358
-0.052582
0.076477
0.021423
-0.005955
0.017593
0.040009
-0.018234
-0.035919
0.008034
-0.087708
0.063904
0.057709
0.051849
-0.008186
0.041138
0.031525
0.093567
0.033722
-0.004543
0.014023
0.088867
-0.044434
-0.032532
-0.033417
0.010498
0.000109
0.003281
0.006462
-0.025299
-0.069885
-0.029099
0.010536
0.113647
-0.079407
-0.065918
-0.020401
0.033691
0.061920
0.020737
0.063171
0.001043
-0.021057
0.068420
-0.073059
0.043549
0.068420
0.053009
-0.037079
0.038391
0.060944
0.054169
-0.067139
0.056213
0.095459
-0.089661
-0.018677
0.046875
-0.024536
-0.017227
-0.081360
-0.064453
-0.088196
-0.077820
0.093689
0.008919
0.064453
0.063293
0.086121
0.055603
0.032257
0.090088
0.078125
-0.064697
0.011223
0.102783
0.070251
-0.064087
-0.073242
-0.083740
-0.018005
0.032013
-0.067566
-0.046265
0.082458
0.046967
0.067566
0.039795
0.014923
0.080200
0.052856
-0.059845
-0.019623
0.019531
0.069092
-0.005268
0.059174
0.024536
0.070251
0.039093
-0.006287
0.091980
-0.001522
-0.042267
-0.078003
-0.061493
-0.070618
-0.029510
0.034821
0.054596
0.066162
0.034760
-0.044586
0.092529
0.034882
-0.081055
-0.007477
0.066711
-0.014107
-0.022430
-0.059906
-0.076233
-0.043335
-0.045837
0.041901
-0.017822
0.045593
-0.063232
0.068542
0.023819
0.074463
0.088989
0.058929
-0.006550
-0.030838
0.067566
0.016342
0.026093
-0.027985
0.043213
0.029694
-0.053833
-0.060913
0.095459
0.040802
0.081848
0.014732
-0.061646
-0.054626
-0.029663
-0.052734
0.086304
-0.052002
-0.017944
0.010025
0.051575
-0.003170
0.063660
0.015884
-0.069275
0.045776
-0.035370
-0.073975
0.057129
0.004169
0.037872
0.051941
0.070740
0.009140
-0.050598
-0.047333
0.010399
0.085388
-0.073059
-0.005821
-0.055267
-0.064819
-0.071350
0.013901
-0.069946
-0.009193
0.077454
0.030365
0.014374
0.027069
0.078491
-0.067322
-0.044922
0.045837
0.064941
-0.071899
0.070435
0.076416
0.013824
-0.018036
0.051758
0.110107
-0.069580
0.009293
0.038147
-0.017487
0.025421
0.035889
0.005329
-0.079163
-0.083008
0.038116
-0.076416
0.052490
-0.040070
-0.035126
-0.050293
0.088135
0.080261
0.005501
-0.032196
0.035461
0.042206
0.038422
0.029190
0.003975
0.085815
0.037476
0.011284
0.046021
-0.053314
0.054718
-0.033936
-0.088379
0.022858
-0.056366
0.051178
0.031586
0.005722
0.018661
0.021362
-0.058685
-0.071716
0.066895
0.088867
0.039734
0.029007
-0.015137
0.066284
0.028717
0.001968
-0.070557
-0.023483
-0.086609
-0.047516
-0.009018
-0.077087
-0.049652
0.088196
-0.002787
0.082642
-0.014847
-0.056488
-0.013763
-0.056244
-0.071594
-0.033569
-0.032471
0.049316
0.067749
0.091675
-0.032227
-0.041565
0.015266
0.028488
-0.007713
-0.047272
-0.029999
0.025070
-0.076477
0.092407
0.009689
0.031235
0.060089
-0.010300
0.081177
0.058136
0.075745
0.076599
-0.035492
-0.013458
-0.026764
0.005581
-0.080139
-0.054596
0.007042
0.077515
0.023712
-0.033783
0.093201
-0.044861
0.044373
0.086243
0.032074
0.067383
-0.082886
-0.040222
0.016373
-0.027908
-0.029892
0.027283
0.010696
0.063354
0.048950
-0.053436
0.045074
0.080505
0.063477
-0.029175
-0.021591
-0.010445
0.084534
-0.013390
-0.075806
0.073669
-0.062469
0.077515
0.048096
0.042969
-0.074829
0.026382
0.017822
0.025391
-0.052795
0.062561
0.090576
-0.017242
-0.015060
0.012985
0.020630
0.075623
-0.086731
-0.023026
-0.069214
-0.018402
-0.044312
-0.031403
0.006470
0.038300
0.052551
-0.064575
-0.052673
-0.040222
0.030701
0.040253
0.002428
0.023895
-0.065857
0.046875
-0.091431
0.041901
-0.084106
-0.058289
-0.011086
0.001005
-0.034760
0.065674
0.035889
0.023392
0.012482
0.001934
0.085693
-0.004604
-0.090881
-0.033173
-0.001374
-0.016312
-0.029037
0.082947
-0.083496
-0.063049
0.074890
0.034149
-0.021698
0.058044
-0.030197
0.008156
-0.071655
-0.022278
-0.033600
-0.039795
0.085999
-0.002701
-0.007103
0.044495
0.079651
0.022064
-0.011070
0.096985
0.073303
-0.058441
-0.067810
0.058594
0.008240
0.076599
-0.029190
-0.066956
-0.037323
0.007713
-0.006344
0.062683
0.020630
0.005947
-0.003721
0.045013
-0.047638
-0.018860
-0.093384
0.082947
-0.092407
-0.011063
0.065918
0.102661
0.037720
0.042694
-0.047913
-0.051483
-0.029602
0.064148
-0.022812
0.058899
0.037476
-0.011482
0.011078
0.072632
0.035034
0.012024
0.070984
-0.033752
0.055145
0.058990
-0.001343
-0.019638
-0.066040
0.092468
-0.000559
0.066956
-0.061829
-0.088196
-0.052063
0.073486
-0.013069
0.003080
-0.087524
-0.065552
0.083496
0.000457
-0.062561
0.035583
0.063782
0.068787
0.031235
0.025970
-0.000808
-0.066406
0.030273
-0.086975
0.029739
0.052185
-0.001042
0.010986
-0.080933
0.038788
0.043274
0.075439
0.038208
-0.057983
-0.002226
0.061554
0.024216
0.034271
-0.066711
0.069153
0.028320
0.035095
-0.059784
0.072327
-0.000812
-0.019470
-0.089172
-0.081055
0.086731
0.022476
-0.075134
-0.083313
-0.096985
-0.002199
-0.068176
0.084839
-0.014549
-0.066406
-0.036682
-0.004654
0.022034
-0.010170
0.053925
0.089661
0.055389
-0.006275
-0.044617
-0.071838
0.059204
-0.042389
0.052551
0.048096
-0.017242
0.051697
-0.022385
0.018814
-0.079651
0.035065
0.063171
-0.093140
-0.017960
0.065125
0.077209
-0.043243
-0.007275
0.061859
-0.021393
0.005947
-0.036682
-0.015884
0.007122
0.059723
0.069153
-0.024460
0.067322
0.039978
0.020569
0.044250
0.055420
-0.012314
-0.064209
-0.009117
-0.031921
0.038605
-0.066956
0.010612
0.075928
-0.067810
0.037354
-0.061890
-0.046539
-0.043915
-0.006851
0.047089
-0.046021
-0.009018
0.004490
-0.073303
0.009979
0.084045
-0.018555
0.006737
-0.038971
-0.057953
-0.015266
0.030121
0.010498
-0.077881
0.042816
-0.067810
0.051056
0.067139
0.017014
0.051025
0.094116
-0.014114
0.076294
0.077942
0.005386
-0.085327
0.024261
-0.044159
-0.039032
-0.057434
0.072693
-0.052032
-0.031982
0.070068
0.091614
0.012726
0.018936
0.034637
-0.035553
0.002335
-0.015564
0.016312
-0.065186
-0.051697
-0.070190
0.053253
-0.015884
0.019455
-0.083862
-0.027740
0.061829
-0.041321
0.085571
-0.009544
-0.084900
0.010498
-0.062561
0.034637
0.063843
0.062988
-0.077759
-0.008949
-0.022308
-0.037506
0.047119
-0.046783
-0.053894
-0.009827
0.027145
-0.028229
-0.018814
0.038666
0.076294
-0.071167
-0.059326
-0.000969
-0.014099
0.053680
-0.068726
0.083984
-0.074524
0.085266
0.018402
-0.040771
0.011208
-0.069397
0.039734
-0.020584
-0.035614
-0.040039
-0.067261
0.045654
0.071777
-0.036530
0.028931
-0.025040
-0.038910
0.025711
-0.066895
-0.053162
-0.039124
0.005997
0.081238
-0.027237
-0.079590
-0.067322
0.082520
0.001903
-0.045410
0.029205
-0.015182
-0.013443
-0.028091
0.073303
0.091553
0.098206
0.044373
0.039276
-0.085144
0.038635
-0.001991
-0.054535
-0.006001
0.092896
-0.037689
-0.070923
-0.027100
0.054657
-0.026428
-0.059692
-0.001872
0.037109
-0.087158
0.103516
0.011070
-0.033203
-0.062927
0.084473
0.043854
0.009537
0.057404
-0.004913
0.061188
0.007496
-0.052490
-0.010704
-0.000848
-0.081848
0.092224
-0.018158
0.053528
-0.038452
-0.024033
0.004284
0.014755
0.044464
-0.007236
-0.070251
0.001715
0.093933
-0.075378
0.066772
0.093567
-0.070496
0.054504
0.028580
-0.016037
-0.035980
-0.015945
0.071106
0.008507
-0.054535
-0.056030
-0.006126
0.067993
0.009392
-0.001386
0.029449
-0.060547
0.069397
0.032959
-0.002911
-0.038910
0.029327
-0.047241
0.067444
0.006676
-0.006859
-0.043243
-0.062683
-0.050690
0.028015
0.083496
-0.000522
-0.025620
0.004745
-0.091064
-0.023193
-0.032867
0.076233
0.018173
0.070618
-0.003469
0.003702
0.070251
0.073242
0.076050
-0.054962
-0.031525
0.066589
-0.082153
-0.033142
-0.037079
-0.062988
0.062744
-0.041901
0.028534
-0.044403
-0.048218
-0.031677
-0.078125
-0.035339
-0.075806
0.069031
-0.033020
-0.079773
0.061249
0.000557
0.003223
-0.076538
0.041992
-0.076050
-0.066528
0.048431
-0.068542
0.036591
-0.034851
-0.065674
-0.024597
0.068115
0.057007
-0.015976
-0.009521
0.064331
-0.020950
-0.035797
0.039978
0.040985
0.033539
-0.070312
0.020935
0.029922
0.069275
0.002539
-0.043060
-0.029404
-0.064026
0.026657
0.021866
0.098755
0.093750
0.050323
-0.016129
0.048462
-0.050659
-0.006374
0.082397
0.077454
0.085571
0.059174
-0.062866
-0.073975
0.064026
-0.014427
-0.051178
-0.011452
0.032471
-0.055145
0.065491
-0.036041
0.040314
0.046021
-0.076599
-0.021774
-0.074707
-0.016617
0.018372
0.075500
0.061157
0.048401
-0.050751
0.065918
-0.038513
-0.073364
0.087708
0.047577
0.062012
-0.022690
0.035278
-0.025467
0.073730
-0.050964
-0.066040
0.003019
0.052277
0.039215
-0.051086
-0.016037
0.077759
0.057495
-0.051971
0.085205
-0.061340
0.041504
-0.050018
-0.059204
-0.047577
0.085510
-0.022675
-0.026443
0.085571
-0.040985
0.090820
-0.061432
0.003727
0.063293
0.040314
-0.066284
-0.016281
0.062317
-0.025482
-0.075623
0.073853
0.007744
-0.002613
0.037140
-0.094421
0.082825
0.056793
-0.084900
-0.024017
-0.084106
0.077454
-0.064941
-0.074219
-0.015900
-0.067139
-0.076050
-0.048004
-0.000647
0.073914
-0.032196
-0.007668
0.040436
-0.041107
-0.038208
-0.015717
-0.024948
-0.054993
-0.091125
-0.025711
0.042877
-0.018387
-0.032257
0.070068
-0.017776
0.063049
-0.056854
-0.068054
-0.037933
-0.028259
-0.067505
0.015915
-0.061371
-0.033295
-0.055664
0.028854
-0.007515
0.077209
-0.005028
-0.084412
-0.004673
-0.036804
-0.032410
0.090820
-0.024445
-0.048004
-0.073425
-0.028625
0.040710
-0.069214
-0.044342
-0.048126
-0.026230
0.042511
0.067017
-0.001341
-0.069031
0.048828
-0.004807
0.000642
0.007645
0.019272
-0.081482
-0.012726
-0.089600
-0.033813
0.016098
0.070801
-0.040588
-0.081299
-0.067383
0.013107
-0.001500
-0.004379
0.061859
-0.076233
0.030991
-0.034058
-0.080933
-0.016159
0.083252
0.063354
0.043732
-0.034393
0.044525
-0.009552
-0.029816
0.054077
0.090637
0.093628
-0.053558
-0.062683
0.067078
-0.036438
0.018570
0.028809
-0.044556
-0.018555
0.015045
-0.012520
0.065918
0.088196
-0.082153
0.013725
-0.052124
0.083252
0.054199
-0.080505
0.073364
0.079590
-0.091919
-0.027252
-0.072266
-0.025055
-0.074280
0.066467
-0.077209
0.048706
0.037964
0.072876
0.059875
0.033966
-0.078064
0.069824
0.006989
0.009453
-0.072083
0.018311
-0.007572
-0.043579
0.021027
0.056946
-0.029190
0.018539
-0.099182
0.003899
0.033356
-0.079834
-0.052643
0.036316
-0.014572
-0.062134
-0.019455
-0.024567
0.068604
-0.022659
0.012604
0.063477
0.039185
-0.083618
-0.015976
-0.072998
0.012245
-0.010399
-0.007835
-0.002766
-0.075989
0.020020
0.036163
0.018875
-0.006077
0.047546
-0.072815
0.034180
-0.073730
0.046173
0.014748
0.062408
-0.022263
-0.051086
0.030991
-0.032166
-0.050598
-0.024109
-0.074768
0.013298
0.081421
0.054474
0.022369
0.048767
-0.034729
-0.075928
0.020721
0.078796
0.019897
-0.007500
0.072449
-0.046448
-0.012947
0.095276
0.046356
-0.034515
0.084534
0.094421
0.069458
0.069946
-0.013794
-0.026047
-0.018478
-0.020569
-0.022919
-0.012169
-0.049408
-0.008850
0.072083
-0.019745
-0.091187
-0.023041
0.077881
-0.069946
0.066956
-0.066040
0.017197
0.071228
-0.061096
-0.041321
-0.078552
-0.082458
-0.065430
-0.052032
-0.020065
0.025787
-0.005043
0.034607
-0.036865
-0.003197
-0.052734
0.030762
-0.024963
-0.053375
0.056488
-0.024185
-0.018372
-0.007133
-0.073853
0.078918
0.065918
0.052155
0.053864
0.011795
-0.048767
0.032135
-0.072144
0.022873
0.019730
0.068420
-0.021759
0.068481
-0.021896
-0.036987
0.071838
0.052338
0.070496
0.070312
0.026016
-0.041534
-0.072937
-0.009277
-0.036682
-0.070190
-0.034241
-0.049622
-0.062042
0.049347
-0.005455
0.073181
0.028931
-0.085571
-0.052277
-0.033508
0.044983
-0.047119
0.048309
0.066467
0.041321
0.009674
0.047058
0.082397
0.061646
0.053192
0.093933
0.024963
-0.096741
-0.053528
0.015190
0.017899
0.086487
0.015022
0.090454
-0.088745
-0.038147
0.051605
0.052032
0.025757
0.047668
-0.007339
-0.068787
0.015808
-0.079468
-0.069702
-0.012344
0.031738
0.085205
-0.042236
-0.000680
-0.048889
-0.062683
-0.085938
0.029129
-0.029053
-0.003914
0.062164
0.081482
0.029236
-0.082458
0.089905
-0.091370
-0.018753
0.021606
-0.039398
-0.014397
-0.007175
0.028824
-0.062988
0.020981
-0.021210
0.070068
-0.084534
0.063171
-0.005455
0.087585
-0.070068
0.055786
0.026825
-0.045197
-0.079102
-0.040131
-0.038513
0.029785
0.002237
0.029633
-0.034027
-0.012939
0.082886
-0.045685
-0.097473
-0.069519
-0.068542
-0.064270
0.014313
-0.055939
-0.017502
0.098145
0.077698
0.086182
0.049500
0.023697
0.007656
-0.011490
0.002443
-0.003271
0.049042
0.007435
-0.036743
-0.078369
0.065369
0.019302
0.024139
-0.021927
-0.069641
0.072937
-0.019775
0.010590
0.027420
-0.007057
0.082458
0.070923
0.079285
0.062988
0.059265
-0.075012
-0.028534
0.010475
-0.067383
0.062042
0.053589
-0.070190
0.058716
0.069641
-0.000703
0.005955
0.036804
-0.081665
-0.017960
0.082275
-0.007874
0.004738
-0.039978
-0.086792
0.082275
-0.050903
0.026749
0.046692
-0.088928
-0.082031
-0.019196
-0.070190
0.054718
0.081726
0.073730
0.022736
0.008331
0.004692
0.003063
-0.060303
-0.090881
0.078064
-0.055389
0.012520
0.000487
0.017776
-0.014381
-0.016235
-0.038239
0.021759
0.066101
0.082275
0.014763
0.067444
0.027832
0.062347
-0.081421
0.076111
0.076294
-0.038147
0.070679
-0.026840
-0.059814
0.010704
-0.059753
-0.059174
-0.045013
-0.069336
0.089905
0.036346
0.032074
0.026398
-0.048981
0.020645
0.068420
-0.045074
0.048218
0.024826
-0.027542
-0.014282
-0.083496
0.064331
0.049255
-0.042542
-0.005638
0.019745
-0.063416
-0.021378
0.029129
-0.065735
0.076233
-0.010849
0.047729
0.002790
-0.051666
-0.044312
-0.029114
-0.024277
-0.040527
0.047546
0.043518
-0.067383
0.025314
0.049164
-0.085754
-0.003983
0.025391
0.033966
0.089478
-0.087524
-0.086182
-0.018433
0.060547
-0.048187
0.059052
0.095947
0.030441
-0.021317
-0.044617
-0.042267
0.054779
0.065674
0.035614
0.060822
0.001056
0.054901
0.063721
-0.060455
0.066589
-0.046570
0.005527
0.048889
-0.028122
0.075684
-0.021347
0.085938
-0.067078
-0.009018
0.078918
-0.041656
-0.019653
-0.036377
-0.013618
0.080017
0.087891
-0.028656
-0.008797
0.050262
-0.016953
-0.027435
-0.052765
-0.018677
0.067078
0.072327
0.053802
0.075073
-0.033386
-0.029678
0.069031
-0.027435
-0.006187
-0.034119
-0.088440
0.024689
0.073059
-0.062317
-0.092224
-0.017975
-0.093384
0.074158
-0.068604
-0.030792
0.007648
0.029205
0.026932
0.072266
0.001283
-0.070129
0.047028
-0.072632
0.057281
-0.032532
0.071594
0.057587
0.112061
0.085388
0.023727
0.084106
-0.083984
0.061432
0.028549
-0.033936
-0.021210
0.033112
0.031006
0.069336
0.026718
-0.038727
-0.004662
-0.080872
0.000194
0.042938
0.009056
0.051147
0.000559
-0.002617
0.007370
-0.065735
0.055176
0.035492
0.025726
-0.004768
-0.027664
-0.022537
-0.052704
0.006996
-0.062561
0.100830
-0.090637
-0.015289
-0.066040
0.073853
0.042389
0.007568
-0.083130
-0.033234
0.006287
0.035858
-0.018524
0.020905
0.044006
-0.018066
0.037201
-0.003574
-0.011597
0.030365
0.030640
0.068298
0.025681
0.027557
-0.042175
0.002186
0.021179
0.008202
-0.037872
-0.020172
0.017197
0.054840
0.087158
0.089050
0.036255
-0.058380
-0.021301
-0.053467
-0.009071
0.060181
-0.044525
0.000895
-0.082031
-0.081299
-0.078552
-0.018173
-0.011879
-0.036072
-0.004940
0.039368
-0.058319
-0.001391
0.051422
-0.037292
0.041138
0.036285
0.051544
0.035736
0.022766
0.034485
0.101257
0.064819
-0.065430
0.065002
0.046661
-0.042664
-0.060272
-0.046875
0.115662
-0.039032
0.040863
0.082825
0.052887
0.040100
0.081177
-0.041443
-0.033173
-0.068176
0.029053
-0.001239
0.108704
0.035156
-0.035004
0.016678
0.059357
0.003275
0.061920
0.048340
0.014786
0.021881
-0.035736
-0.084351
0.071960
-0.054230
0.053467
0.035645
-0.055908
0.034454
-0.063721
0.008644
-0.075745
0.050995
0.029694
-0.078186
-0.073425
-0.064209
0.092590
0.008781
-0.019287
-0.017212
0.067261
-0.064148
-0.041779
0.043976
0.035736
-0.060394
0.029922
-0.071411
0.003929
-0.028259
-0.023224
0.034882
-0.023407
-0.003450
-0.111389
0.028900
0.017532
-0.024765
0.039703
-0.015587
-0.067200
-0.063049
-0.020981
0.083313
0.017426
-0.028763
0.001487
0.024719
0.000607
0.003296
-0.026932
-0.013855
-0.038330
-0.038544
0.014046
-0.088440
0.099731
0.041565
-0.064697
-0.034241
-0.010704
-0.093811
0.075378
0.032440
-0.083557
0.072510
-0.012337
0.060883
0.055634
0.048492
-0.030289
-0.062866
-0.083801
0.062347
0.059906
-0.014435
-0.084900
-0.027817
-0.032318
-0.025833
-0.054657
0.080139
0.033905
-0.014465
-0.036713
-0.004845
-0.058105
0.024933
-0.067993
-0.051880
-0.068970
0.074402
0.093262
0.005238
0.029526
0.087585
0.019577
0.016983
-0.049835
0.012856
0.051056
0.059601
0.089966
-0.071960
-0.060303
0.064575
0.017624
0.049591
0.057800
-0.044678
-0.029266
0.076477
-0.018494
-0.019012
-0.028976
-0.082092
-0.021988
0.017227
-0.079712
-0.051270
0.067749
0.039337
0.060883
-0.078186
-0.036682
-0.004532
0.096497
0.042236
-0.088501
0.067444
0.030396
-0.061005
-0.035370
0.095459
0.108521
-0.044861
-0.027634
0.107849
-0.039795
-0.017059
-0.051239
0.011703
-0.021667
0.053802
0.052155
0.024536
0.013588
-0.054718
-0.048065
-0.083862
0.046021
0.002722
0.014061
-0.070801
-0.058350
0.013138
0.033569
0.034271
0.055328
0.009407
-0.032745
0.041077
-0.030014
0.112366
0.000486
-0.038025
0.060638
0.097717
-0.075562
-0.009575
-0.015343
0.036499
-0.099121
0.052307
0.014236
0.115234
0.105103
0.008438
0.014412
-0.059204
0.088989
-0.035522
-0.053009
-0.029190
-0.048248
-0.068665
0.028717
-0.062988
-0.063171
-0.049133
-0.033936
0.047577
-0.044952
0.017578
-0.092773
-0.069397
0.062683
0.037140
0.046692
0.069092
0.051697
0.035004
0.039642
0.063354
-0.082458
0.026642
-0.061768
0.035187
0.033844
0.075745
0.048615
-0.058838
-0.044159
0.001005
0.009682
-0.024918
-0.014130
-0.074463
0.018692
-0.016006
0.052887
0.071655
-0.007751
0.050323
0.036957
-0.028152
-0.040527
0.005341
0.011803
0.043304
-0.016098
0.033722
0.030182
0.078979
0.041443
0.071533
0.011482
-0.049561
0.088623
-0.001090
0.006607
0.049591
0.042664
0.083252
0.002413
0.022629
0.049164
0.007801
-0.008484
0.006123
-0.020050
0.087646
0.034729
0.062561
0.008499
0.026627
-0.006832
-0.067017
0.041077
0.082520
-0.010628
-0.035309
-0.078064
-0.018661
0.013847
0.055664
-0.085510
-0.074463
0.052063
0.049103
-0.071045
0.022659
0.035828
-0.007641
-0.034698
0.050385
-0.048462
0.000428
0.040558
0.004837
-0.028061
0.019958
0.060089
-0.033478
-0.057861
0.038757
0.007057
-0.073303
0.061859
-0.047791
-0.016922
0.001880
0.066467
0.079529
0.006947
-0.060852
0.032501
-0.030869
-0.033508
0.004349
-0.079956
0.069153
0.079041
0.036743
-0.026886
-0.061676
0.003765
-0.043121
0.039703
-0.042664
-0.054596
-0.000629
0.081299
0.053833
0.031555
-0.045990
0.010933
-0.012329
-0.030151
0.067078
0.050415
0.054260
-0.083313
-0.092163
0.030624
0.096802
-0.026260
0.053009
-0.071594
0.033173
-0.001475
-0.052094
-0.062164
-0.019363
-0.031769
-0.009476
0.032288
-0.051117
0.004543
0.003386
0.096863
0.019424
-0.037567
0.099976
0.073914
0.010315
0.087341
-0.016159
0.096558
0.043396
0.000908
0.009537
0.023178
-0.034851
0.065063
-0.004597
-0.062408
0.064270
-0.044159
-0.040924
-0.036621
0.104431
0.071289
-0.074341
0.090393
0.065308
-0.004765
0.003555
-0.041870
0.003807
-0.048401
-0.039948
-0.021179
-0.023285
0.098389
0.022446
0.086853
0.053436
-0.064758
0.116333
0.087891
-0.028625
0.060333
0.078491
0.067993
-0.006653
0.076904
0.003487
0.025925
-0.082825
0.091187
0.007591
0.015167
0.014458
0.055878
-0.014175
-0.056641
-0.050079
-0.078613
0.051971
0.096619
0.060120
0.016296
0.014763
0.055817
-0.019592
0.087830
-0.067749
-0.002859
-0.043060
0.010513
0.026871
-0.050446
-0.004261
0.027725
-0.018311
-0.065979
-0.069031
-0.011543
0.032471
0.048279
0.016144
0.029373
-0.019196
-0.017807
-0.005325
0.050232
-0.014008
-0.080933
0.003592
0.056519
-0.015732
-0.061157
-0.013786
0.030106
0.057983
0.060699
0.051331
-0.020798
0.027054
0.049469
-0.085083
-0.067566
0.045532
0.049377
0.081787
-0.069763
0.013573
0.006512
-0.079834
-0.004688
-0.040009
-0.084534
-0.029434
-0.011993
-0.027695
0.080688
0.002647
-0.057434
-0.017899
0.036530
0.018814
-0.067932
0.062744
0.025284
-0.083008
0.034973
0.065613
-0.056396
0.076416
-0.013008
0.057556
0.076233
0.014175
0.012405
0.038300
-0.040863
-0.004009
-0.021378
0.035004
-0.039703
0.028152
-0.077515
0.068359
-0.008072
-0.049011
-0.004932
0.042725
0.081116
-0.081604
-0.002644
0.046417
-0.082092
0.005882
0.001493
-0.068298
-0.080872
-0.008957
-0.088013
-0.076233
0.053284
-0.017242
0.060608
-0.044861
0.051758
-0.067383
-0.030167
0.073303
0.007748
0.039093
0.051422
-0.001177
0.085022
0.038513
-0.078125
-0.030884
0.023834
-0.032013
0.020691
0.078064
-0.034210
-0.008354
0.015717
-0.049561
0.053162
-0.091248
-0.084595
0.052673
-0.036682
-0.033478
0.034851
-0.070190
0.062042
0.000550
-0.043060
-0.000862
0.071350
0.078979
0.005768
-0.000167
0.021988
-0.079041
0.077759
-0.009293
0.010422
0.013779
0.063538
-0.069946
0.035034
0.032684
0.065125
-0.017715
0.077942
-0.045074
0.027023
0.014626
0.025146
0.019089
0.023178
-0.049072
0.059662
-0.071533
0.012245
0.056824
-0.015434
0.052765
0.064026
0.062347
0.041443
-0.037231
0.051544
0.041351
0.029358
0.042511
-0.030167
-0.033112
0.065552
-0.089478
-0.006245
-0.014557
-0.042084
-0.040375
-0.087280
-0.086182
-0.054626
-0.093689
-0.034821
0.041473
-0.016907
-0.057892
-0.055084
-0.046997
-0.064209
-0.008018
-0.039886
-0.038910
0.035370
-0.075256
0.049683
0.091858
0.021576
-0.054657
0.061401
-0.059601
0.082520
0.068787
0.050537
0.005749
-0.025497
-0.042603
0.033691
0.031799
0.019470
-0.006325
0.041687
-0.083252
0.003860
-0.027985
0.006439
-0.008263
-0.031143
0.003683
0.019409
-0.028336
0.073914
-0.079834
-0.043457
0.028030
-0.005787
-0.047943
0.000438
-0.022339
0.091187
-0.014839
-0.004005
-0.012856
-0.074219
0.017654
0.000316
-0.039764
-0.077393
0.064453
-0.068848
-0.020508
-0.085938
0.054260
-0.001668
0.030029
0.087341
0.023071
0.045319
-0.065369
-0.088257
-0.016708
-0.002893
-0.032959
-0.024811
0.035004
-0.090942
-0.076172
0.050751
-0.055145
0.072937
0.032532
0.075012
-0.052582
0.058472
0.070679
0.045319
0.023911
-0.078735
-0.040680
0.049835
0.070923
-0.070801
-0.024673
-0.053741
0.015839
0.045044
-0.014847
-0.039551
0.036987
0.036346
0.056854
-0.090759
-0.033112
0.036102
0.046265
-0.068054
-0.007271
-0.077209
-0.027878
0.080627
-0.002773
-0.052887
0.030731
0.008072
-0.000585
-0.053802
-0.064758
-0.083374
-0.065186
0.025696
0.054596
-0.061951
-0.038483
-0.007130
-0.063843
0.051392
-0.049530
0.083130
-0.087524
0.032776
-0.052216
0.039825
-0.046234
-0.051971
0.067444
-0.038025
-0.030396
0.042267
0.049500
-0.006653
-0.024338
0.021255
0.011871
0.037598
-0.062866
0.000334
-0.052704
-0.003410
-0.070557
0.053864
-0.044312
-0.074646
0.082336
0.085815
0.041168
0.079468
0.063232
-0.051270
-0.001529
-0.086121
-0.008186
0.027725
-0.019989
-0.068420
-0.092102
0.081604
-0.027786
-0.030243
-0.091248
-0.030014
-0.050995
-0.079712
0.028046
-0.069702
-0.082092
-0.039978
-0.043823
0.048340
0.071777
-0.067139
-0.072205
-0.052673
-0.049866
0.026550
-0.053894
0.045319
-0.019409
-0.061981
0.062561
-0.034180
0.023865
0.047760
-0.050720
-0.080017
0.085327
-0.075623
-0.025269
-0.037109
-0.000370
-0.050598
0.041565
-0.034973
-0.032867
-0.048401
-0.069214
0.018524
-0.065796
0.039490
-0.026566
0.027512
0.071777
-0.057678
-0.076782
0.003670
0.026978
0.051147
-0.017960
0.048584
-0.091919
0.036865
-0.060242
0.062561
0.071289
-0.040039
-0.058044
-0.083130
0.049469
-0.074402
-0.066772
-0.002724
0.005932
-0.015625
0.088379
0.043182
0.035767
-0.054932
0.060791
-0.075989
0.004112
-0.014565
-0.054871
-0.058868
0.041748
-0.066406
0.046356
0.036377
0.070496
-0.068909
-0.070007
-0.017838
-0.016327
-0.003216
0.082458
0.053040
0.036652
0.059082
0.075684
0.001782
0.000536
-0.054047
-0.073303
0.082581
-0.061523
0.071533
0.071533
-0.027832
-0.057495
0.044891
0.014023
-0.057526
-0.077393
0.039246
0.063354
0.092529
-0.019730
0.026779
-0.040863
0.049957
0.061707
-0.013817
-0.068787
0.088623
-0.020966
0.088135
-0.063477
-0.056854
-0.012329
0.020355
0.018692
-0.055603
0.012627
0.035889
-0.032410
0.102600
0.038452
0.024384
-0.088013
0.034271
0.024246
0.004021
0.090881
0.078735
-0.033600
-0.004429
0.069580
0.064209
-0.037964
-0.018967
-0.105835
0.063965
0.065125
0.076355
-0.009232
0.006641
-0.045959
-0.061279
0.012581
-0.068726
0.060120
0.054260
0.067566
-0.035004
-0.020798
0.005833
0.089783
-0.039185
0.106445
-0.035950
0.022171
0.035187
0.051361
-0.040710
0.075134
-0.043549
0.067200
0.002605
0.060883
0.058105
-0.044586
0.077881
0.101135
0.017822
0.066528
0.030258
0.001477
-0.068176
-0.034546
0.039886
0.042419
-0.040009
-0.042328
0.047546
-0.027405
0.012848
0.015701
0.025345
-0.068176
0.027390
0.057190
0.024490
0.025848
-0.042023
0.052277
-0.002398
-0.031616
-0.088196
-0.037964
0.078552
0.071594
0.033264
0.001107
-0.043945
-0.079895
-0.054657
0.040100
-0.043243
-0.051483
0.051971
-0.016052
-0.049103
0.013268
-0.071045
-0.021225
0.034027
-0.067566
-0.010818
0.071777
0.034180
-0.019669
0.078186
0.040894
-0.086853
-0.081665
-0.077576
0.019699
0.072083
0.065186
-0.077759
0.018188
-0.026947
0.064209
-0.061646
-0.042511
-0.063904
-0.024414
-0.012100
-0.068359
-0.055725
0.044800
-0.021042
-0.026123
-0.051178
0.089172
0.015808
-0.031860
-0.001552
-0.000045
0.032654
-0.036957
0.041565
0.054382
0.090027
-0.007690
-0.060822
-0.063110
-0.010406
-0.010284
-0.047516
0.002079
-0.049683
-0.042633
-0.047180
-0.070801
-0.084229
0.071045
0.072571
-0.003656
-0.054260
0.034149
-0.062439
-0.074097
0.064209
-0.069336
0.006496
0.049957
0.051208
-0.050659
0.065552
-0.037811
-0.078308
-0.079956
0.079102
-0.030106
0.066650
-0.014709
0.022491
0.029526
0.042358
0.006268
-0.023300
0.073181
-0.014282
-0.014618
0.047882
0.066040
-0.044250
-0.021622
0.066895
-0.030304
-0.007095
0.041168
0.000015
-0.062317
0.069824
0.019241
0.038788
-0.059296
-0.035583
0.078552
0.050995
0.020035
-0.014450
0.076965
-0.046967
0.068237
-0.049225
0.066284
-0.030319
0.017120
0.005726
-0.073792
0.027496
-0.033325
-0.054657
-0.065857
0.066284
-0.063354
0.079346
0.058105
-0.048828
0.024963
0.030014
0.005089
0.085266
-0.006573
0.067932
0.062378
0.040619
0.017502
0.035980
-0.071045
-0.031311
-0.031189
0.073669
-0.062744
0.055725
0.032196
-0.026169
-0.033417
-0.038818
0.077820
0.091919
0.009796
-0.010689
0.054901
-0.043396
0.027786
-0.003986
0.026016
-0.025436
-0.046387
0.086365
-0.067322
-0.023788
-0.031006
-0.019821
-0.063599
0.047760
0.049927
0.027084
-0.016602
-0.039612
-0.024612
0.000242
0.023697
0.031464
0.007378
0.090027
-0.037262
-0.037384
0.034698
-0.010048
-0.076233
0.056641
0.047424
0.008263
-0.046967
-0.001206
-0.076050
-0.018768
0.033234
0.042938
-0.072754
0.025909
-0.031097
-0.047333
0.019409
0.084534
-0.060913
-0.009605
0.054962
0.030777
0.085205
-0.010406
-0.053284
0.046387
-0.010147
-0.023560
0.050903
-0.084473
0.080383
0.014229
0.088806
0.077698
0.016937
-0.061859
-0.023773
0.035034
-0.029358
0.116028
0.037109
-0.053802
-0.027542
-0.053070
-0.044678
0.067444
0.038330
0.035309
-0.002794
0.015259
-0.038300
-0.024948
-0.090881
0.003222
0.027298
-0.005440
-0.007530
0.077637
-0.067993
-0.010315
0.014145
-0.038605
-0.036652
0.032776
-0.027725
-0.007553
-0.027802
-0.053955
0.033417
0.003212
-0.058380
-0.055115
-0.052185
0.063171
0.041748
-0.004818
-0.071960
0.062347
0.050415
-0.032074
-0.068970
-0.038361
-0.077454
-0.024323
0.057770
0.051758
-0.060028
-0.067078
-0.045349
0.072632
0.083008
-0.037262
0.066467
0.087036
0.079163
-0.077332
-0.024002
-0.021027
0.059692
0.025696
0.016159
-0.013382
0.003542
0.012253
-0.047455
-0.086548
0.033264
0.061035
-0.057526
0.075134
-0.041321
-0.079651
0.090454
0.076782
0.031494
0.043304
-0.071716
0.009003
-0.081848
-0.039307
-0.079285
-0.068970
0.023590
0.073059
-0.052124
-0.022461
-0.040344
0.080688
0.057831
0.092346
0.069702
-0.016022
0.050659
-0.033844
-0.036163
0.070496
-0.032227
-0.057739
-0.001952
0.073914
0.056671
0.007038
-0.072815
-0.042908
-0.070251
-0.016617
-0.038422
0.065979
-0.015442
-0.078796
0.046265
-0.019348
0.015976
-0.066650
-0.026337
0.057709
0.096130
0.031921
0.100159
-0.032471
-0.061035
0.051422
0.038361
-0.008072
0.082214
-0.059509
0.026871
0.040619
-0.045563
0.093079
0.107666
-0.056763
0.034943
0.071289
-0.035065
-0.056244
0.017609
-0.045715
-0.019714
0.081055
0.087585
0.008797
-0.047424
0.071899
-0.076721
0.087524
-0.063232
0.029053
-0.026810
0.078552
-0.000358
0.056824
-0.034149
-0.014633
-0.033722
0.064880
-0.026321
-0.069397
-0.044922
-0.066833
0.069641
0.041168
0.077515
-0.089661
-0.017853
0.028381
-0.008743
0.075500
-0.080933
-0.076599
-0.029419
-0.018600
0.085938
0.040405
-0.018326
-0.012833
0.036224
0.070984
-0.006554
0.051147
-0.015289
0.061554
0.037384
-0.003103
-0.084534
0.031952
-0.075012
0.032288
0.000213
0.034576
-0.058258
0.039215
-0.020935
-0.065125
-0.090942
-0.066833
-0.009590
-0.080322
-0.009895
0.062927
0.009720
-0.034546
-0.043671
-0.009766
-0.074585
0.003296
-0.086792
0.056458
0.021576
0.073547
-0.037628
0.068787
0.051575
0.055847
-0.080139
-0.003033
-0.060852
-0.066833
-0.078613
0.033691
-0.016495
0.029892
0.050262
0.056366
-0.027405
-0.046051
0.058990
0.076538
-0.051056
-0.050873
0.041107
-0.024857
-0.066589
-0.065857
-0.093445
-0.079834
0.083740
-0.094910
0.027512
-0.078369
0.067749
0.028503
0.008469
0.064270
0.053711
-0.079468
-0.072327
-0.087280
-0.053040
0.046204
0.042450
-0.044891
-0.051941
-0.070190
-0.081238
-0.071411
-0.049896
0.057556
0.093567
-0.066467
0.080750
0.036407
-0.028687
-0.002197
-0.039001
-0.063538
-0.050262
0.009827
0.045837
0.050720
0.029160
0.029602
0.046631
-0.040771
-0.023209
-0.071533
0.066956
-0.084045
-0.033325
-0.064758
-0.026123
0.023972
-0.016174
-0.033844
0.028778
-0.089905
-0.008339
0.001948
-0.078613
0.046814
0.019043
0.006664
0.062256
-0.084290
-0.028351
-0.068054
-0.021118
0.060852
-0.007759
-0.060883
-0.066284
0.070374
0.055756
0.047943
0.037384
0.093567
0.027496
0.040070
0.057648
0.079590
0.009277
0.038116
0.010170
-0.003586
0.072144
-0.032776
-0.066528
-0.081543
0.029633
-0.076294
-0.027206
-0.027100
-0.029480
-0.063599
0.103333
-0.064148
0.001804
-0.010712
0.021500
0.091980
-0.077881
0.075989
-0.079529
0.060150
0.052948
-0.082153
0.012192
0.013763
-0.045624
0.017014
-0.077332
-0.040314
0.003126
-0.084717
0.040863
-0.067871
0.060730
0.031830
0.024567
-0.049652
-0.075134
-0.062927
-0.067261
-0.083740
0.023880
-0.046936
0.024597
0.014214
0.020706
0.078064
-0.078186
0.040253
-0.000024
0.035858
-0.048401
-0.078186
-0.020859
-0.048065
0.071533
-0.065186
0.010338
-0.060547
-0.085999
-0.074585
0.042908
0.034729
-0.081421
0.006992
-0.077209
-0.057770
0.019745
0.037903
0.040558
-0.085327
0.001911
0.005268
0.033661
-0.069702
0.032410
-0.024994
0.014839
-0.003727
-0.031052
-0.032654
-0.070007
0.019455
-0.044861
-0.066711
-0.068115
0.025467
0.008987
0.042908
0.088684
-0.089783
-0.022156
-0.015991
-0.000953
-0.006184
-0.006260
0.009224
-0.052032
0.054749
0.066345
0.015320
0.016617
-0.080811
-0.064880
0.022308
0.009995
0.006073
0.030472
-0.061890
0.009750
-0.010811
0.044708
-0.029572
-0.069336
0.044800
0.013466
-0.059753
0.090820
0.021423
-0.045959
0.069763
-0.093628
0.060669
0.019928
-0.008034
0.079102
0.028000
-0.038269
0.048615
-0.076111
-0.039612
0.045807
0.077209
-0.053772
-0.055664
-0.027527
-0.006428
0.065430
-0.030121
0.049438
-0.007771
0.054962
-0.069946
-0.071289
0.011978
0.013123
-0.037659
-0.088440
-0.018356
-0.023605
0.028931
0.058563
-0.007748
-0.069519
-0.006374
-0.010818
-0.002083
-0.081848
0.033051
0.061401
-0.036224
0.064148
0.022034
0.005444
-0.088074
-0.027435
0.056458
-0.003990
0.002396
-0.007587
0.005718
-0.076111
0.094177
-0.045349
0.032349
-0.061676
0.056061
-0.080200
-0.025299
-0.082886
0.015450
-0.026703
0.082275
-0.034912
0.043365
-0.025925
-0.033081
-0.043823
0.082520
-0.070007
0.093933
-0.083130
0.047485
-0.084290
0.036163
-0.005844
-0.037842
-0.087708
-0.070984
0.084106
0.031067
-0.040161
0.058380
0.067505
0.007683
0.053436
-0.053314
-0.090698
0.058411
-0.047913
-0.030884
0.067993
-0.060974
0.062622
-0.082458
0.058197
-0.094727
-0.039062
0.063110
-0.041016
-0.012810
0.084839
0.045929
-0.048035
-0.036560
0.027679
0.059753
-0.057678
-0.011307
-0.006302
0.015945
-0.058960
-0.025085
0.087036
0.020248
0.052307
-0.044952
0.080627
0.093933
0.075806
0.020111
-0.027725
0.060486
0.067383
0.033752
0.069580
0.071350
0.003708
-0.045532
0.084106
0.054901
-0.076172
-0.020554
-0.065552
-0.049255
0.101196
0.076477
0.074158
0.013779
-0.065796
-0.011856
0.038879
-0.034393
-0.014328
-0.034790
-0.039886
-0.082581
0.015930
-0.079468
-0.055786
-0.049957
-0.044617
0.028610
-0.002869
0.050537
-0.050232
-0.056274
-0.017456
-0.008270
0.003098
-0.085449
0.034210
0.078552
0.091553
-0.083923
-0.050354
-0.067261
-0.045685
0.048157
-0.009872
0.038849
-0.070557
0.074768
0.096191
-0.042450
0.042999
-0.004833
-0.078430
0.069885
0.054108
0.015900
-0.000123
0.047821
-0.079163
-0.002684
0.004658
0.048920
-0.077087
0.070984
0.041779
0.053955
-0.031586
-0.024353
0.026688
-0.052094
0.011826
0.044037
0.058960
-0.015465
0.048004
0.074463
-0.027527
0.050415
0.081543
0.077454
0.077637
0.061096
-0.074829
-0.068970
-0.052277
0.075989
-0.050995
0.038300
0.039093
0.020233
0.030228
-0.035553
-0.000199
0.025757
0.047791
0.052643
-0.066406
-0.009361
-0.052826
-0.058105
-0.011620
-0.043640
-0.018402
0.027451
0.053589
-0.008316
-0.059662
-0.060791
-0.023758
-0.067749
-0.006680
-0.013412
0.013565
0.003822
0.000481
-0.073547
0.009827
0.089111
0.027084
0.007343
0.018616
0.069763
-0.047089
0.048279
0.016663
0.024811
0.064453
-0.049835
0.090515
-0.008034
0.047485
0.055786
0.024414
0.010139
-0.033112
-0.083130
0.007801
0.074890
-0.036865
-0.039337
-0.077881
-0.073120
0.004547
-0.038452
0.025085
0.014740
-0.004238
-0.082092
0.114685
0.015717
-0.018784
0.068054
0.071655
0.047119
-0.033752
-0.096680
-0.005039
-0.078064
0.022171
-0.033478
0.065857
0.038940
0.064819
-0.053497
-0.094910
-0.012627
-0.058990
0.005070
-0.036774
-0.049927
0.065552
0.000696
0.079895
-0.078857
0.050110
-0.005775
-0.046143
0.015213
0.032379
0.001204
-0.069885
-0.073303
-0.034119
0.028275
0.032562
-0.087158
0.032349
-0.083679
0.025650
0.033142
0.030777
-0.058228
-0.039734
0.075195
0.061890
0.031708
-0.031799
0.001772
0.032806
-0.053558
-0.060059
0.077026
0.063904
0.007912
-0.090942
-0.039124
0.074890
0.070557
-0.047302
-0.069885
-0.004570
0.051361
-0.021393
-0.010529
0.023621
0.003824
0.057648
0.058807
-0.006378
-0.077637
-0.012108
0.077698
-0.024277
-0.012230
0.055389
-0.084290
-0.060944
-0.010811
0.029083
0.096619
-0.029984
-0.033325
0.092041
-0.029877
0.066101
-0.011169
0.062805
0.084534
-0.030212
0.006542
-0.035217
-0.052216
0.092712
0.010910
0.001842
0.081604
0.063171
-0.071350
0.028580
-0.053436
0.046844
0.036987
0.052917
0.010010
-0.001054
0.062866
-0.008667
-0.066467
-0.080811
-0.000823
0.093933
0.012901
0.024429
0.091858
-0.005157
-0.053741
-0.053131
0.029312
0.069092
-0.063843
0.035400
-0.019424
0.060883
0.083862
-0.021454
-0.053802
-0.015480
0.007046
-0.016907
0.070129
0.006927
-0.005188
0.035370
-0.053864
-0.032898
-0.060669
-0.034332
-0.041962
0.051514
-0.090515
0.013596
-0.017807
-0.061066
0.013779
-0.025986
0.012314
0.009254
0.042419
0.041901
-0.036194
-0.087646
0.009010
-0.008179
0.077637
-0.016647
0.076782
-0.017487
-0.052094
-0.011963
-0.050140
0.033478
0.050293
0.061249
0.039764
-0.041595
-0.080933
-0.071411
-0.040009
0.052216
-0.012459
0.010941
-0.015625
-0.092773
-0.014816
0.032227
-0.048737
0.074829
0.072693
-0.050476
0.026245
-0.000416
-0.005550
0.005184
0.006077
-0.078247
-0.045441
-0.028793
-0.003216
-0.028992
-0.009438
-0.085571
-0.075745
0.006580
0.073364
-0.027985
0.025070
0.033722
0.035645
0.018707
-0.073242
0.057953
-0.039520
0.051849
-0.017776
-0.024292
-0.008499
0.039124
-0.075928
0.019272
-0.008018
-0.050507
0.073364
0.061890
0.037476
0.085083
0.014542
0.044678
0.022736
0.044708
0.078125
-0.035034
-0.009438
-0.073425
-0.011490
0.078369
0.077271
0.002848
-0.061035
0.003044
-0.027588
-0.050018
0.083801
0.057678
0.049194
-0.072754
0.013985
0.047577
-0.040466
-0.072205
0.039734
-0.040710
-0.002155
-0.059143
-0.039154
0.063171
-0.062073
-0.029449
-0.023621
0.061615
0.028046
0.080933
-0.062225
0.000161
0.082947
-0.071106
-0.067139
-0.007721
-0.054199
0.033508
-0.072388
0.000184
0.073608
-0.043457
0.027557
-0.004799
-0.079590
0.073608
-0.016220
-0.049561
0.062378
0.016357
-0.060120
0.067200
-0.079468
-0.016617
-0.096985
0.043823
-0.007473
0.051971
0.008392
-0.038544
-0.014320
0.064880
-0.045959
-0.082153
-0.098145
-0.087463
0.084167
0.028076
-0.055267
0.055756
0.070740
-0.022293
-0.069275
0.074036
-0.060669
0.000764
-0.081421
-0.066101
-0.059448
0.069153
-0.016846
0.016006
-0.054535
0.032867
-0.033722
0.028214
-0.060699
-0.015945
0.083862
-0.021210
0.034058
0.073669
0.060699
0.051544
-0.029922
0.083740
0.022934
-0.030655
0.003994
0.053955
-0.072754
-0.039062
-0.056732
0.048279
0.021866
0.025208
0.026428
0.022705
-0.027939
-0.046814
-0.020920
0.052307
0.068115
-0.062500
-0.013130
0.028946
-0.070618
0.047363
0.066956
-0.076294
-0.039642
-0.062073
-0.024673
-0.052673
0.067322
0.062805
-0.005306
-0.076965
0.086182
-0.044952
-0.060150
-0.098145
-0.001679
0.055359
0.087585
0.080811
0.031799
-0.012108
0.077087
0.064453
0.023636
0.067871
0.021927
-0.031189
0.069153
-0.075928
0.018112
-0.006931
0.008301
-0.037537
0.055359
0.000170
0.022995
-0.076538
-0.069214
-0.026108
-0.072266
-0.073425
0.077209
0.041473
-0.091736
-0.042023
-0.053253
-0.040955
0.033325
0.045715
-0.046906
-0.039795
0.035675
0.073059
0.069031
-0.060486
-0.076294
-0.004536
0.041931
-0.062927
-0.006531
0.082764
0.076782
0.085693
0.058289
-0.046570
0.008728
0.046875
0.009552
-0.058929
0.000274
-0.031677
-0.017746
0.082703
0.068665
-0.008614
0.046326
0.088135
-0.035675
-0.075623
0.086792
-0.026703
0.028366
-0.015396
-0.054626
0.071594
-0.031586
0.022858
0.031128
0.023987
0.069336
-0.006954
0.032745
-0.075012
0.053894
0.030731
0.052063
-0.019211
-0.051025
0.026245
-0.065430
0.012184
-0.068604
0.030991
0.028397
0.005993
0.049927
-0.042358
0.089050
0.020691
0.042389
0.039398
0.018707
-0.009804
0.090637
-0.081726
-0.053589
0.067627
0.070129
0.026031
0.002317
-0.071533
-0.023071
0.058380
0.007397
0.066406
0.012123
0.036072
0.072327
0.031982
0.086670
0.074158
-0.020447
-0.082703
0.037292
-0.044861
0.088867
-0.061615
0.014771
-0.007256
0.006641
0.077271
-0.106018
0.051056
0.012703
-0.022095
-0.019318
-0.079834
-0.064209
0.005138
0.085083
-0.019348
0.018646
-0.047089
-0.077026
-0.021683
-0.064819
-0.068481
-0.082397
0.026749
-0.037598
0.029907
0.011940
-0.087280
0.053497
0.000753
-0.030899
0.037811
0.017807
0.045135
0.034363
-0.098145
0.076050
0.058624
0.062225
0.005833
0.072021
0.065674
0.025940
0.061005
-0.081909
-0.046356
-0.007298
-0.043701
0.023712
0.016968
0.028915
0.039856
0.026566
0.090759
0.090820
-0.052704
0.036377
-0.017807
-0.008255
-0.066833
-0.069275
0.086609
-0.011230
-0.080261
-0.023590
0.001144
-0.007263
0.058990
0.075562
-0.050262
-0.054749
-0.044586
0.046204
0.078613
-0.080139
0.042908
0.047150
-0.036133
0.024612
-0.076294
0.083008
-0.080688
0.053711
-0.023010
-0.054230
-0.069763
0.074097
0.015160
0.000808
-0.010773
0.032562
-0.102661
-0.084106
-0.014206
0.035980
0.063354
0.034821
-0.037048
0.020401
-0.041748
0.053497
-0.047241
-0.052277
0.092041
0.094055
-0.084290
0.007942
-0.080627
0.066223
-0.004383
0.097717
-0.039307
0.015854
-0.031006
-0.018265
0.018097
0.024200
-0.019150
-0.018250
0.024719
-0.075867
0.071350
0.035248
0.051178
-0.026779
-0.045624
0.087646
-0.050446
-0.027481
-0.059570
0.061249
-0.047638
0.016891
-0.027451
0.076843
0.037842
-0.050781
0.049744
-0.013535
-0.010178
0.076233
0.016525
0.045166
-0.036743
0.024307
-0.015915
-0.017349
0.087585
0.037384
-0.010452
-0.066345
-0.023605
-0.018799
-0.071472
0.066650
-0.005386
0.018219
-0.007301
0.005787
-0.059143
0.001870
-0.017151
-0.087891
0.027405
0.020874
0.053101
-0.023926
0.045380
-0.075989
0.040436
0.044189
-0.040771
-0.034485
-0.026962
0.096130
0.024597
-0.017044
-0.010956
0.089294
-0.065796
-0.067017
-0.055481
0.000116
0.089600
-0.040741
-0.011284
-0.035522
-0.030884
0.068420
0.053253
-0.045715
0.073486
-0.040680
0.076843
-0.008972
-0.070190
-0.054321
0.054901
-0.046967
-0.081299
0.064453
-0.089233
-0.000526
-0.039398
0.039215
0.063660
-0.013412
0.081543
-0.016022
0.057678
-0.076050
0.081177
-0.077209
0.082825
0.057983
-0.016373
0.064758
0.073730
-0.067932
0.056366
-0.012779
0.048126
0.058807
0.027298
-0.001987
-0.085632
-0.036743
-0.073181
-0.067871
-0.029160
-0.049286
0.072327
0.006088
0.062500
-0.001221
0.021530
-0.047333
0.062744
-0.012451
-0.078491
-0.075134
-0.057373
-0.077698
-0.000278
0.075195
-0.026459
-0.074463
-0.025574
0.060303
0.077698
0.026855
0.039215
-0.012054
0.045959
0.068054
-0.030258
0.032227
0.024857
-0.021423
0.045013
0.075623
-0.067993
0.009056
0.095215
-0.064880
-0.083496
0.004501
0.054321
-0.013161
-0.056702
-0.046173
0.070374
-0.042114
0.024872
0.025223
0.066711
-0.058685
0.058441
0.101624
-0.006035
-0.080627
0.072632
0.041931
-0.033356
-0.036163
-0.053619
-0.042114
-0.008759
-0.054535
-0.043335
-0.085938
-0.070435
0.057892
-0.020996
0.030167
-0.046844
-0.006916
0.054779
0.081421
0.095581
-0.011017
-0.027878
-0.038605
0.024231
-0.005600
0.059296
-0.068604
-0.091125
-0.005848
-0.075989
-0.080505
0.067871
0.051788
0.023453
0.014702
-0.064819
0.045441
0.079529
-0.065369
0.024033
0.084900
0.040283
0.093811
0.042053
-0.022156
-0.004845
-0.057190
-0.017929
0.034882
-0.000320
0.016327
0.000522
-0.021637
-0.014664
0.002386
0.071228
0.072510
0.009789
0.056335
-0.056519
-0.003008
0.071472
-0.014923
0.002724
-0.060059
0.069702
-0.008720
0.091553
0.054321
0.043854
-0.008720
-0.068054
0.019745
-0.095581
-0.024658
0.058472
-0.028595
0.068848
0.007004
0.018692
-0.061249
0.022324
0.065796
0.093140
-0.015427
-0.022018
0.031891
0.044281
-0.080688
0.083496
-0.069458
-0.040497
-0.009087
0.081726
-0.026031
0.076599
0.093140
-0.115479
0.063721
0.019363
0.004169
0.042847
-0.055359
-0.042694
0.025742
-0.012291
-0.020401
0.028030
-0.020828
0.093262
-0.013687
0.071350
-0.055634
0.003288
0.073853
-0.055908
-0.033936
0.059662
0.036804
0.005539
-0.064148
-0.024399
-0.078247
0.037537
0.076172
0.035278
0.070312
0.022827
-0.008347
0.013710
0.040680
0.031525
-0.075989
-0.029495
0.039459
-0.034973
0.046143
0.085083
0.023605
-0.016556
-0.065796
-0.005100
0.080750
-0.019882
-0.049652
0.011162
0.021210
-0.068420
-0.021652
0.055328
0.088074
0.053986
0.007694
-0.070557
0.018707
-0.017151
-0.024307
0.025543
-0.024139
0.005295
-0.059845
0.097046
0.055634
-0.008018
-0.066772
-0.055054
-0.007973
-0.016342
0.061371
-0.038300
-0.087219
-0.059601
0.071716
0.028564
-0.063965
-0.054108
-0.091187
-0.102783
-0.071533
-0.032867
-0.018478
-0.006489
0.053040
0.044769
0.038300
0.066162
-0.026062
-0.041840
-0.052521
-0.020432
-0.063354
-0.001719
0.002699
0.096436
-0.063416
0.013451
0.082458
-0.024353
-0.051483
0.086304
0.040894
0.012650
-0.065308
0.007008
-0.061157
0.031372
-0.038757
0.065491
-0.079590
-0.052734
0.073547
-0.005600
0.081726
0.085266
0.021393
-0.031860
0.033142
-0.001509
-0.065491
-0.088745
0.081177
0.025574
-0.010880
-0.010506
-0.035461
-0.043701
-0.070740
0.054596
0.014160
-0.072754
-0.028030
0.019608
-0.035522
0.061646
0.061615
-0.002026
-0.060150
0.061218
-0.011414
0.029221
-0.071899
-0.033997
0.065735
0.102600
-0.045868
-0.087585
0.103699
-0.069641
-0.050232
-0.054077
0.067139
-0.028763
0.016663
-0.076904
0.009514
-0.046600
0.109436
-0.030777
-0.057251
-0.002697
-0.063538
0.069702
0.070312
-0.024506
0.045715
-0.021545
-0.030594
-0.042786
0.009819
0.008850
-0.038605
0.011299
-0.025574
-0.088501
-0.018204
-0.108887
0.037323
-0.065002
0.123596
0.076050
-0.017426
-0.072876
-0.006702
-0.058075
0.062622
0.018707
-0.025711
-0.112061
-0.035278
-0.056091
-0.002165
-0.023529
-0.023148
-0.065491
-0.047272
0.054016
0.016312
0.022644
0.069885
0.030731
0.053436
-0.058014
-0.027466
-0.104858
-0.076233
-0.107422
-0.036163
0.024643
0.057739
-0.052490
-0.099854
-0.064392
-0.104675
-0.057343
0.053009
0.075562
0.000064
0.068604
-0.051971
0.019882
0.001928
0.071777
0.023224
-0.012825
0.078552
0.073914
0.046112
-0.026154
0.049469
-0.073730
-0.020111
-0.073669
0.041962
-0.000294
0.088196
0.098694
-0.000945
0.051361
-0.036957
0.081116
-0.056549
-0.103088
0.026993
-0.068054
-0.038513
0.054016
0.048615
-0.104980
-0.081421
-0.011787
0.044189
-0.037659
-0.030365
-0.053192
0.018860
-0.014870
-0.098450
-0.052795
0.017181
-0.065735
0.062744
-0.062744
-0.055237
0.080872
0.078003
0.054352
-0.007294
-0.081238
0.006138
0.089966
-0.066284
0.032257
0.066528
0.092407
0.077026
0.081543
-0.038452
0.027023
-0.039276
-0.015488
-0.034424
0.075623
-0.039581
-0.062408
-0.051178
-0.003620
-0.074280
0.054138
0.072937
-0.042450
0.057343
-0.062988
0.030624
-0.078064
0.041748
-0.101807
0.047882
0.063965
-0.021133
0.074768
-0.039398
0.047943
-0.067261
0.057617
-0.034882
0.084900
0.031113
-0.060089
0.087891
0.047516
0.037720
-0.005650
-0.028381
-0.011177
0.019241
-0.016144
0.106812
0.087158
0.079712
-0.043304
-0.027908
-0.044495
-0.019135
0.075989
0.026382
0.002703
-0.066162
0.042999
-0.054565
0.081299
0.017303
0.085754
0.019028
0.069214
0.056946
0.035767
0.061127
0.073303
0.040375
0.089478
0.020828
-0.062927
0.049561
-0.001920
-0.021072
0.075623
-0.005863
-0.008499
-0.036896
0.082397
0.080750
0.075623
-0.014732
-0.061401
-0.037018
0.009605
-0.060211
-0.017517
-0.060852
0.040497
0.051636
0.050049
-0.013092
-0.065186
0.013390
-0.022034
0.014549
-0.073303
-0.065369
0.081848
0.065002
-0.044037
-0.022339
-0.014275
0.021927
0.031555
-0.045258
0.091248
-0.012321
0.050079
-0.075806
-0.048004
0.092041
0.005428
0.053162
-0.068726
0.065918
0.002190
-0.002216
-0.057495
0.088196
0.051117
-0.028915
0.038361
0.005512
-0.088318
-0.019638
0.071655
-0.073669
-0.010712
-0.019882
-0.034332
-0.063049
-0.052399
-0.067017
-0.067993
-0.016449
0.071411
-0.021790
0.024368
0.034790
0.013351
-0.013580
0.023087
-0.061646
-0.068115
0.053162
0.041443
-0.025787
-0.064758
-0.005627
-0.091614
-0.000696
-0.048767
-0.080139
-0.001053
-0.026993
-0.049591
0.072510
-0.049744
0.012184
-0.028458
0.042206
-0.058472
-0.074036
0.053162
-0.038727
0.027023
0.015503
0.030777
0.083069
-0.002048
0.010185
-0.027283
-0.044739
0.048340
0.018112
0.010330
-0.060638
0.074890
0.080139
-0.056763
0.068909
-0.042175
-0.043121
-0.015045
-0.048431
0.087891
-0.074524
0.071167
-0.038116
-0.021393
-0.016495
-0.014717
0.022919
0.027527
0.054962
0.032379
0.035736
0.056671
-0.073181
-0.088440
-0.066223
0.085144
0.090637
-0.096252
0.082703
-0.025070
-0.029922
0.017105
-0.003073
0.063416
-0.047485
0.033783
-0.003206
-0.029907
0.082642
0.037506
-0.029236
-0.054749
-0.042389
-0.073547
-0.069519
0.064209
0.033569
0.011497
0.039948
0.054596
-0.017639
0.025452
-0.038025
-0.008209
-0.016953
0.055695
-0.061829
-0.046936
-0.086121
-0.000608
0.038269
0.032593
-0.023453
0.046692
0.056519
-0.045593
0.047241
-0.035339
-0.046814
-0.013809
-0.046417
0.078491
0.015823
0.070129
0.040222
0.077515
-0.040527
-0.064575
0.037964
-0.053925
0.073486
0.070312
0.042816
-0.012756
0.049774
0.038879
0.066528
-0.071106
0.032104
-0.052094
-0.039124
0.048279
0.026138
0.046051
0.076965
0.062225
-0.071594
0.029877
0.022522
0.069092
-0.013496
-0.046417
-0.050964
0.018860
-0.022522
-0.063721
-0.104431
-0.029953
0.042999
-0.078186
0.030823
-0.023712
-0.002935
-0.011650
-0.000936
-0.106628
0.025162
-0.005932
-0.038330
-0.030212
-0.021698
0.024185
-0.072021
-0.024521
-0.068176
-0.018295
0.019684
-0.100403
-0.028900
0.016190
-0.066223
-0.030136
0.037048
-0.070007
-0.007378
0.052307
-0.071350
-0.013412
-0.034576
0.070557
0.003510
-0.051392
0.007698
-0.012772
0.016754
0.021729
-0.054810
0.041779
-0.012955
0.044006
0.034882
0.022797
0.081604
-0.033417
0.022888
0.036346
-0.024368
0.022903
-0.004601
0.082764
-0.043640
-0.057739
-0.018997
0.042633
0.035614
0.057068
0.077942
0.041962
-0.046387
-0.041565
0.014359
0.053955
0.013779
0.085754
0.067688
-0.035736
-0.014549
0.028595
0.072083
-0.002386
0.085022
0.073425
-0.020218
0.035400
0.003040
0.023148
0.076294
-0.044128
-0.072266
-0.080200
0.010292
0.084595
0.049744
0.084290
-0.031403
0.043091
-0.034119
-0.041199
-0.026154
-0.013504
0.043549
0.054382
-0.057831
0.056061
0.025848
0.040680
-0.034576
0.057617
-0.070190
-0.063477
0.044128
-0.082642
0.000915
0.084900
-0.007538
-0.021301
0.054657
0.010162
0.032990
-0.023621
0.062286
-0.052063
-0.025116
0.045654
-0.067749
-0.056396
-0.037231
0.007111
-0.022858
0.034180
0.026016
-0.012581
-0.008255
-0.040161
-0.010269
-0.091919
-0.058594
0.037109
-0.063538
0.010834
-0.076355
-0.090088
0.056091
0.021454
-0.005043
0.040192
0.033875
0.070129
-0.078064
-0.071716
0.081848
-0.059113
-0.029984
-0.063416
0.026688
0.039307
0.030075
-0.061798
0.065369
-0.009514
-0.003515
0.025726
0.001418
-0.024506
0.023590
0.034943
0.072510
0.025894
0.087891
0.015236
0.022186
-0.050781
-0.057709
-0.038086
0.027481
-0.019806
0.041504
-0.003012
-0.070862
-0.070801
0.056824
-0.009460
-0.048737
-0.071960
0.043030
-0.045349
0.038391
0.020859
0.026917
0.006809
0.047943
-0.024780
0.036652
0.035492
-0.088867
-0.046509
0.088989
-0.048889
0.002787
-0.082825
0.085205
-0.082275
0.018173
0.060333
0.025742
-0.032196
0.051819
0.080139
0.091614
0.016449
0.052490
-0.002859
0.052795
-0.004520
-0.066406
-0.013268
-0.064880
-0.005871
-0.079346
0.061066
-0.078857
0.044556
-0.016678
0.074829
-0.030334
0.037628
0.004013
0.058838
-0.077271
0.048401
-0.052094
-0.087952
0.033020
0.088501
0.070496
-0.040314
-0.094543
-0.065247
0.052277
-0.023117
-0.043701
0.080566
-0.034546
0.000196
0.088440
-0.023209
0.032867
-0.013924
0.044983
0.042145
0.001053
0.033203
0.084595
-0.000844
-0.033600
-0.034546
-0.020935
0.021698
-0.005112
-0.017258
0.083679
0.033508
0.043579
-0.026550
-0.011887
0.014786
-0.033203
-0.058594
-0.070618
0.015350
-0.072327
-0.073975
0.057861
-0.018250
-0.062744
-0.044739
-0.029404
0.017014
-0.015915
-0.056030
-0.053314
-0.007088
-0.056061
-0.074341
-0.071655
-0.067688
0.061615
-0.032379
-0.047607
0.072021
-0.075806
-0.018707
0.016663
0.056244
0.052277
0.025253
0.009506
-0.009041
0.014969
-0.051605
-0.011726
-0.060608
0.030304
-0.082703
-0.078552
-0.018967
0.086914
-0.083130
0.016037
0.029831
0.004139
0.056244
-0.077637
-0.037506
-0.003002
0.064331
-0.021118
0.056549
0.072083
0.030746
0.073486
-0.045471
-0.030548
0.072388
0.068848
0.069092
-0.087952
0.041901
0.030716
0.042847
0.088623
0.077576
-0.048615
0.005150
-0.019119
0.067444
0.024063
-0.055450
0.073853
-0.069336
0.015007
-0.039001
0.088806
-0.066040
-0.002142
-0.073547
0.076782
0.044373
0.070374
0.018738
-0.034973
0.091431
0.000145
