0.012832642
-0.046508789
0.056945801
0.0057830811
-0.043640137
-0.052398682
0.0089950562
-0.038513184
-0.065979004
0.06652832
0.052276611
-0.054351807
1.2040138e-05
0.044433594
0.054779053
-0.054290771
-0.027328491
0.0045852661
-0.026168823
0.062744141
-0.021484375
0.019073486
-0.039886475
0.082580566
0.06463623
0.042327881
0.073669434
-0.0037212372
0.037384033
-0.027130127
0.014526367
-0.038116455
-0.078552246
0.079345703
-0.014152527
-0.050750732
0.075439453
-0.066467285
0.070739746
0.026199341
0.046142578
0.050598145
0.078613281
0.0019369125
0.034667969
0.0081939697
0.0081558228
-0.078979492
0.051879883
0.066345215
-0.06137085
-0.0062522888
-0.042694092
0.025665283
-0.032897949
0.031738281
-0.0625
0.073059082
-0.06628418
0.0095672607
0.074279785
0.049682617
-0.04309082
-0.0044250488
0.00095796585
-0.039306641
-0.078796387
-0.075439453
0.01953125
0.039520264
0.027954102
-0.014045715
-0.0262146
-0.014778137
0.013305664
0.095092773
0.070617676
-0.051696777
0.029968262
-0.048370361
0.081237793
-0.062866211
-0.049468994
0.054199219
0.025421143
0.036865234
0.053100586
-0.067565918
-0.05380249
0.02923584
-6.0617924e-05
0.022628784
-0.063171387
-0.053253174
0.058166504
-0.014541626
-0.029846191
0.024459839
0.085998535
0.082519531
0.0049972534
-0.083618164
0.031829834
0.014129639
0.067871094
0.093078613
-0.013931274
-0.031219482
-0.076538086
0.030410767
0.027679443
0.067749023
0.053405762
-0.040893555
-0.028671265
0.084106445
-0.03793335
0.017410278
-0.028747559
0.079589844
0.024032593
-0.05947876
0.049072266
0.037597656
0.078308105
-0.073913574
-0.022476196
0.071350098
