0.52441406
0.2109375
-0.082519531
0.328125
-0.21862793
-0.32104492
-0.054168701
-0.16430664
-0.30615234
0.56054688
0.75
0.099853516
0.2487793
-0.1953125
0.060302734
0.2109375
0.32006836
-0.06640625
0.28466797
0.61914062
-0.12457275
-0.43408203
0.078796387
0.56103516
0.25463867
0.31689453
0.069519043
0.80126953
-0.15075684
-0.203125
-0.13891602
0.11199951
0.22924805
-0.2298584
-0.019943237
0.19763184
-0.13049316
0.48999023
0.24719238
0.23718262
0.46630859
-0.36303711
0.22265625
-0.32128906
-0.23693848
0.21826172
-0.044250488
0.009765625
-0.22644043
0.19506836
-0.24621582
0.47460938
-0.78466797
0.10449219
0.19140625
0.29174805
0.21606445
-0.2286377
0.20898438
0.39599609
1.2158203
0.059356689
-0.19213867
0.25244141
0.28686523
-0.35766602
-0.041625977
0.18395996
0.56201172
-0.43530273
0.32055664
0.16882324
0.13684082
-0.60400391
-0.019638062
0.01864624
0.11547852
-0.36499023
0.19726562
-0.24536133
0.49926758
0.019165039
0.28295898
-0.50634766
0.19519043
0.020843506
0.56542969
-0.035430908
0.19750977
0.1439209
-0.040924072
0.22680664
0.74511719
-0.33178711
0.42456055
-0.19848633
0.39672852
0.24414062
0.28857422
0.41870117
0.54003906
0.27612305
0.24560547
-0.050354004
0.11358643
-0.27709961
0.91064453
0.20239258
0.52294922
0.54931641
0.29492188
0.54003906
-0.53271484
-0.27734375
-0.070983887
-0.44628906
0.21655273
-0.28857422
0.63867188
0.59326172
-0.36743164
0.2388916
-0.62646484
-0.15441895
-0.58544922
0.11047363
-0.37255859
0.19506836