0.024795532
1.0693359
1.0146484
0.73242188
-1.1503906
-0.043273926
-0.20654297
2.9277344
0.81103516
0.63232422
0.32861328
-1.2509766
1.9003906
0.24353027
0.83544922
3.3632812
-0.71826172
-1.1318359
-3.0214844
-0.94726562
0.98828125
0.52587891
-1.4121094
0.46923828
-0.98388672
1.7617188
0.2322998
1.1767578
0.86523438
1.0205078
0.72607422
1.7148438
1.8779297
1.2666016
-1.4892578
-2.8242188
3.390625
-2.2070312
-0.43383789
0.79443359
-0.24108887
-1.7148438
0.23876953
-0.72363281
-0.32958984
-1.8349609
-0.77099609
1.7197266
-0.10693359
1.0664062
0.23022461
-0.82568359
0.98828125
1.4814453
-1.7929688
1.6220703
-0.80859375
1.3359375
-1.1328125
-1.0195312
1.8261719
0.20751953
1.5761719
-0.39379883
0.24182129
1.3017578
0.25170898
0.48950195
-1.2509766
0.76953125
-0.19592285
1.1279297
0.60791016
-2.1757812
3.0507812
0.50634766
0.4699707
3.3964844
1.1650391
-0.70703125
0.20617676
1.3222656
-0.86328125
0.89746094
-2.0527344
1.3798828
1.7978516
2.4804688
-1.9589844
-0.86572266
0.79736328
2.8300781
-1.3349609
1.1210938
-1.4472656
0.67285156
-1.1416016
-0.54980469
1.1474609
-0.13220215
-0.2578125
0.15539551
0.60595703
1.0449219
-0.67285156
1.0244141
1.1611328
-2.7695312
-0.37255859
-0.2376709
-2.0761719
-1.5673828
0.56982422
0.46801758
1.2578125
0.51904297
-1.6669922
1.0859375
-0.75
-0.70166016
0.073852539
-0.15856934
-0.29541016
-1.4541016
0.69726562
0.050354004
1.6572266
1.1064453