0.028595
0.017715
0.005695
0.029663
-0.020737
-0.019531
0.021591
-0.020828
-0.013451
-0.019089
-0.017761
0.013130
0.028564
0.024078
0.017410
0.013382
-0.042511
0.017059
0.011520
-0.006226
0.015778
0.010681
0.029419
0.044250
0.039673
-0.003815
0.030716
-0.016357
-0.001943
0.001749
-0.018936
0.020447
0.011841
-0.032196
0.006874
0.021393
0.021545
0.005192
-0.025955
0.003635
-0.043091
-0.006645
-0.032928
-0.039368
-0.015129
-0.050385
-0.031647
0.035492
-0.006027
0.007492
-0.018860
-0.002018
-0.005806
0.029129
-0.027115
-0.014061
-0.030304
0.001646
-0.007645
-0.003374
-0.023300
-0.013016
0.012451
0.012131
-0.028122
-0.027023
-0.010254
-0.002901
0.014709
0.010002
0.002012
0.045807
-0.045868
-0.045227
0.021072
-0.002932
-0.002810
0.040741
0.023361
-0.037567
-0.039795
-0.011444
-0.001708
-0.047302
-0.001941
0.008614
-0.034790
-0.027237
-0.041168
-0.013382
-0.026154
-0.000168
-0.011093
0.024719
-0.002996
0.011742
0.002729
-0.009125
0.013130
0.040253
-0.019150
0.023392
0.032684
0.024796
0.004124
0.029099
-0.035583
0.028336
0.008301
0.049011
0.013229
0.011902
-0.001133
-0.026627
-0.010948
-0.001834
0.014053
0.034912
0.027328
-0.028763
0.011635
0.032318
-0.021835
0.011559
0.015869
-0.015976
0.003309
0.021942
0.039429
0.015152
-0.029205
0.012566
0.008301
-0.031647
-0.002018
-0.026047
-0.023178
0.022446
0.000138
0.012787
0.021774
-0.033295
-0.007843
-0.026184
-0.032745
0.000867
0.003456
0.033752
0.006531
0.006184
0.023621
0.015274
0.025284
-0.006958
0.017532
0.037415
-0.023224
-0.028870
0.000726
-0.005783
0.016251
0.027740
-0.020905
0.041290
0.017914
-0.031097
0.013947
0.004490
0.025192
0.022888
0.016159
-0.033630
-0.006878
0.029541
0.008263
-0.042084
-0.016968
0.013924
-0.015556
0.017273
0.000285
0.042114
-0.027237
-0.016876
-0.023880
-0.018478
0.034821
0.013496
0.007244
0.028061
-0.035187
-0.013695
0.013641
0.013062
-0.035339
0.035522
0.036713
0.009911
-0.021271
0.007595
-0.021774
0.005367
-0.019028
-0.013802
-0.027100
0.019730
-0.003557
-0.000257
0.035095
-0.010605
-0.019669
0.000786
-0.018417
-0.000846
0.018021
0.045532
0.029755
0.024216
-0.025070
0.017120
-0.027664
-0.025070
0.017212
0.029022
-0.024490
-0.002172
-0.004101
-0.030624
0.023529
-0.024597
-0.021729
-0.030457
0.011711
0.007214
0.038971
0.011803
0.029251
0.022873
-0.020905
0.039978
-0.025665
0.005135
-0.030289
-0.036774
-0.026733
0.019272
-0.000983
-0.008415
0.026871
-0.019989
-0.009163
-0.035553
0.014450
0.009201
-0.007980
0.003729
-0.019745
0.004433
0.025894
-0.006832
-0.005611
-0.018860
0.017548
0.021011
0.031143
0.038361
-0.022903
-0.017960
-0.012833
0.019485
0.023392
0.006199
0.027679
-0.012932
0.027481
0.016617
0.011551
-0.009903
-0.007168
-0.010391
-0.021545
0.000497
0.029419
0.028214
0.005951
-0.013115
0.017517
-0.021362
0.025742
-0.029358
0.001553
-0.012344
0.013336
0.001216
0.009544
0.031586
-0.014565
-0.010582
-0.017548
0.036560
0.010284
0.021484
-0.012543
0.033508
-0.034668
0.021530
-0.010956
0.016937
0.031708
-0.021118
0.008530
0.024628
-0.021393
0.019226
0.006062
0.034698
0.000671
-0.025650
0.005306
0.001570
-0.027283
0.018494
0.033661
-0.029434
0.021698
0.033936
-0.019180
-0.021469
-0.001851
-0.014465
0.014938
0.016098
-0.017059
-0.016663
-0.010300
0.033356
-0.026443
0.024933
-0.034393
-0.004452
0.022751
-0.018387
-0.031525
0.005322
0.000670
0.013191
0.031799
0.038300
0.028931
0.040771
-0.042542
0.017899
0.031464
-0.017212
0.027298
0.007675
0.007835
0.015030
-0.011353
0.019714
0.037598
-0.020645
0.028397
-0.008644
0.021149
0.010933
0.022629
-0.009224
-0.037109
0.015121
0.028870
0.023682
0.009781
-0.028946
-0.022827
0.004551
-0.025848
-0.029510
-0.027634
0.035004
-0.027893
-0.003399
-0.028366
0.021133
0.001019
0.025177
-0.015404
0.027344
-0.018906
-0.005787
-0.017548
0.013451
-0.016129
0.015656
-0.022598
-0.025192
0.001034
-0.038544
0.017517
-0.018433
0.020416
-0.034760
-0.016815
-0.040344
-0.020401
-0.003944
-0.020096
0.008514
-0.017548
-0.002314
-0.017502
0.013573
0.032318
-0.004429
0.037292
-0.023926
0.029892
0.010818
0.018173
0.023361
-0.026947
0.010254
-0.015419
-0.026611
0.024231
0.011154
-0.000238
-0.015297
0.020386
0.027908
-0.026749
-0.018753
0.024872
0.020996
-0.000671
-0.008255
0.006546
0.019287
-0.035522
-0.022186
0.017807
-0.039246
-0.013893
0.022385
0.052307
-0.030914
0.030334
-0.010490
-0.024750
-0.032104
-0.019318
-0.018906
0.002077
0.015388
-0.000180
0.012238
0.008080
-0.002285
0.034515
-0.002193
0.001348
0.011391
0.036469
0.011162
-0.011360
0.021423
-0.018494
0.017624
-0.048004
-0.036865
-0.003725
0.022263
-0.019653
-0.008720
0.001189
0.026215
0.002998
-0.023193
-0.014305
0.018494
0.016052
0.021393
0.020111
-0.012840
-0.032532
-0.030258
-0.020676
0.001595
0.019241
0.008041
0.011368
0.022034
-0.004410
-0.009514
0.005375
0.018463
0.025757
0.010635
0.017441
0.028992
-0.047180
-0.001105
-0.026413
-0.009895
0.001413
0.036163
-0.024384
-0.016678
-0.004940
-0.034149
-0.028992
-0.014114
0.031952
0.006165
-0.026657
-0.020020
-0.024597
0.033203
0.001382
0.008720
0.015114
-0.019348
0.036621
-0.001009
0.016647
-0.029068
0.004395
0.005558
-0.030762
-0.030075
-0.025391
-0.009796
-0.029572
-0.002241
-0.006039
0.000517
0.028992
0.033844
-0.008499
0.029785
0.037659
-0.034302
-0.036072
0.009583
-0.004135
0.033661
-0.012703
-0.012787
0.017258
-0.025162
0.020767
0.028366
0.025314
-0.012947
0.016098
-0.012756
0.027054
0.023849
0.002619
0.007687
0.026581
0.030624
0.007359
0.024414
-0.020279
-0.023422
0.023300
0.006989
0.008072
-0.019394
-0.017227
-0.025558
0.021469
-0.004333
-0.003613
-0.034119
0.003555
0.017288
-0.029633
0.027542
0.020264
0.031769
-0.000558
0.001352
-0.035797
0.024048
-0.024246
0.012283
0.030380
0.023834
0.000479
-0.026520
0.013954
-0.007942
-0.005516
-0.028519
-0.010895
-0.003323
-0.003521
0.029160
0.003376
-0.025085
-0.022018
0.024521
0.033142
0.010170
-0.024109
-0.017044
-0.007648
-0.049500
0.018967
-0.019089
0.022934
0.005562
0.011284
-0.002193
-0.004929
0.022034
0.007248
0.012268
0.010208
0.028870
0.012825
0.012863
0.026154
0.006485
0.004910
0.029861
-0.004822
-0.026901
0.032013
-0.031891
0.029938
-0.029312
0.016235
0.026093
-0.003756
-0.016205
0.032196
0.020081
-0.065552
0.006321
0.045410
0.014854
0.030502
0.004211
0.027420
0.004078
-0.019058
-0.029541
0.037720
-0.020889
0.019882
0.001771
-0.001728
0.060120
0.002460
0.029221
0.016510
0.015152
-0.016006
0.022079
-0.044678
0.005013
-0.030380
-0.017944
0.003885
0.035034
-0.007874
-0.016678
0.002995
-0.001724
-0.040558
0.009903
0.033783
-0.015518
0.014946
-0.011665
-0.000885
-0.031586
0.024323
0.038818
-0.037048
0.040955
-0.021744
0.012627
-0.001337
-0.031403
0.010979
0.022125
0.010529
0.030609
0.014481
0.027481
0.033142
-0.009583
0.018387
-0.012657
-0.027176
0.012650
-0.002750
-0.003309
0.027710
0.000592
0.004925
0.028976
-0.027222
-0.012482
0.021545
0.007011
0.025009
-0.017502
-0.017960
0.026398
-0.011940
0.015488
-0.004868
-0.013977
0.003906
0.006763
0.022415
-0.040375
0.008865
-0.020599
0.042450
0.009590
-0.021149
0.061066
0.051025
0.026062
-0.027649
0.006287
0.004059
0.017776
-0.027023
0.032440
-0.019043
0.030518
-0.005634
0.004635
0.009514
0.006290
-0.019867
-0.003830
-0.002033
0.019287
-0.012268
0.016022
0.025101
-0.011406
-0.014572
-0.032959
0.031403
-0.009857
-0.024048
-0.011208
0.043549
-0.003450
0.005047
0.010002
0.005756
0.010910
-0.023331
0.026169
-0.029953
0.022385
0.026932
-0.015274
-0.001387
-0.003754
0.005486
-0.006104
-0.021774
-0.008247
-0.000959
0.026566
0.003353
0.016876
0.000014
0.015686
-0.026184
-0.026047
0.022552
0.039093
-0.019882
0.014214
0.007683
-0.030090
0.003653
-0.034912
0.011604
0.012527
-0.022873
-0.016373
-0.005154
-0.028809
0.030579
-0.017273
0.010544
0.020203
0.033661
0.012230
0.028000
0.019302
0.002144
-0.013733
0.033234
-0.021729
-0.023804
-0.022171
-0.037018
-0.022247
0.033173
-0.018951
0.000042
0.010468
-0.012756
-0.029465
0.002102
0.002352
0.021133
-0.005825
0.019653
0.000568
0.000202
-0.000519
0.023743
-0.019577
0.013947
-0.023880
-0.007927
0.019745
0.015076
0.033112
0.033386
-0.025604
0.019531
0.006363
-0.014671
0.019623
-0.007168
-0.006397
-0.006474
-0.031281
0.030914
-0.022125
0.008995
-0.020676
-0.010010
0.017899
0.025223
0.020905
-0.030273
-0.012878
-0.009903
0.029922
-0.010178
0.034637
-0.022552
-0.022598
-0.016556
0.010208
-0.000757
-0.021942
0.016846
-0.021774
-0.034912
-0.019226
-0.004528
-0.015511
0.005177
0.005878
0.033173
0.007622
-0.018875
0.007851
-0.002886
0.004627
-0.010902
-0.055481
0.000696
-0.002525
0.017471
0.022324
0.017624
-0.022034
-0.006725
0.036774
0.000857
-0.001581
-0.035217
0.003420
-0.014618
-0.006599
0.013115
-0.012550
0.040802
0.010963
-0.002615
0.000977
-0.017960
0.013855
0.007252
0.003067
-0.004108
0.003460
-0.006172
0.020142
0.015778
-0.024490
-0.014008
-0.026154
-0.003994
-0.034454
0.023849
-0.021133
0.036102
0.020660
-0.034698
0.006786
0.016006
0.005203
-0.004646
0.002514
-0.009529
-0.012619
0.016403
0.018051
-0.006378
0.017441
0.030746
0.033051
-0.010582
-0.016617
0.037109
-0.033875
0.034821
0.032104
0.034424
-0.016205
0.029144
0.018738
-0.011253
0.011780
0.030411
-0.013039
0.003853
0.029053
0.013206
0.024506
0.005787
0.027069
0.030304
0.031464
-0.009789
0.005501
-0.002834
0.005142
-0.026550
-0.002979
0.000999
-0.009079
-0.008736
-0.028656
0.022461
0.011925
0.033112
-0.007477
0.006649
0.020935
0.022110
0.024765
-0.028214
-0.030228
-0.014969
0.016937
-0.030487
0.026657
-0.027512
0.026443
0.004997
-0.033630
-0.036285
-0.035980
0.000110
-0.030228
0.013824
0.010147
-0.028152
0.038635
-0.008057
-0.025101
-0.003971
0.013603
-0.012856
-0.012970
-0.002962
0.015182
-0.025253
-0.004906
0.010445
0.014610
0.023849
-0.030136
-0.029648
-0.012184
-0.021500
-0.008095
0.031586
-0.025742
0.023758
0.005379
0.037476
-0.030609
0.018860
-0.019302
0.000047
0.022049
0.021683
-0.019073
0.013374
-0.031372
0.038940
0.031372
0.009583
-0.005463
0.031052
-0.028946
-0.003740
-0.011749
0.037628
-0.020370
-0.002903
-0.007133
0.025024
-0.009468
0.012207
-0.025909
0.017181
0.043335
-0.022614
0.008598
-0.007111
-0.004875
-0.026581
0.023849
-0.028885
0.011147
-0.022385
-0.006962
-0.024887
0.018997
0.018280
0.005871
-0.035950
-0.016235
0.003773
0.031158
-0.010170
0.025574
0.000263
-0.006256
0.014885
0.018158
0.008644
-0.018448
-0.012840
0.020584
-0.011978
-0.027496
0.004429
-0.030151
0.026550
0.003164
-0.009544
0.022202
0.034454
-0.032074
-0.001595
0.014420
-0.021194
0.016769
-0.036621
0.031143
0.009819
-0.003586
0.007965
-0.013535
0.027344
-0.024918
-0.024414
-0.027985
-0.013351
0.010139
0.033539
0.008034
0.012390
0.011528
-0.001125
0.026917
-0.026642
-0.016022
0.019669
0.032135
-0.033112
0.011948
-0.002567
0.031616
-0.005402
0.031799
-0.024902
0.002554
0.007179
0.007713
0.032288
-0.020004
0.021439
0.012993
0.000816
0.021179
0.005184
-0.029068
-0.007828
0.024490
-0.025681
-0.010460
-0.004032
0.019043
0.037659
-0.028687
-0.015205
-0.026291
0.006050
0.001302
0.008026
-0.019272
0.021194
-0.019928
0.026154
0.035431
-0.000639
-0.029587
0.020920
0.018661
-0.005310
-0.030701
0.004307
-0.028778
0.010071
0.011238
-0.006256
-0.001822
0.020996
-0.027695
-0.014107
0.025833
0.017746
-0.021164
0.033691
0.029648
-0.007362
0.020752
-0.031189
0.013779
-0.000740
0.026611
-0.007793
-0.012444
-0.029266
0.015594
-0.023148
0.002758
0.013634
-0.042542
0.021164
-0.015320
0.028564
-0.011734
0.011093
0.015015
-0.023483
-0.010117
-0.015839
0.019958
0.032471
-0.037079
-0.011261
-0.037109
0.023117
-0.026794
-0.005772
0.005283
-0.018814
0.040283
-0.011742
0.009232
-0.006184
-0.012192
0.009377
0.044098
0.004688
0.014214
-0.012032
0.007420
-0.024628
-0.024841
0.039032
-0.008896
0.000687
0.023392
-0.012253
0.015244
0.011192
0.012604
0.008797
0.012421
0.030411
0.015434
-0.022064
-0.008514
-0.010704
-0.018799
0.030319
0.009125
-0.017761
-0.013275
-0.016632
-0.023132
0.022552
-0.002979
-0.001513
-0.012169
-0.025986
0.020020
-0.024399
-0.000432
-0.002962
0.030823
-0.027512
0.005539
0.017349
0.006824
-0.043671
0.038605
-0.000760
0.031464
-0.009628
-0.025452
-0.029770
0.022369
0.022369
0.037720
0.028793
-0.014481
-0.021133
-0.022537
-0.022690
0.025146
-0.015274
-0.024338
0.017044
0.013969
0.000697
0.040649
-0.042236
-0.023987
-0.013580
0.028336
0.038208
0.021255
-0.024643
-0.025436
-0.009346
-0.024109
-0.015244
-0.004017
0.001527
0.035278
-0.009102
-0.019485
-0.025330
-0.022766
0.017853
0.020325
0.002405
0.014267
0.036530
-0.017410
0.031982
0.022949
0.025558
0.010277
-0.010368
0.005516
-0.031342
-0.015900
-0.030746
-0.012077
0.033936
0.017792
-0.024185
0.012955
-0.005718
0.026062
0.003044
0.025177
-0.031891
0.009010
0.010086
0.015343
0.025024
-0.020294
0.019836
0.016113
0.004177
-0.002535
0.029114
-0.005466
-0.008575
-0.014114
0.037384
0.002060
-0.013062
0.032379
-0.000438
0.007050
-0.030212
0.032562
-0.008514
0.030457
-0.014725
-0.030258
0.010078
-0.030151
0.012344
-0.033112
0.030441
0.033508
0.030685
0.019379
0.007980
0.025375
-0.025894
-0.002775
-0.020538
0.029663
-0.023163
-0.022675
-0.010231
0.029266
0.002747
0.000859
0.014038
-0.034485
0.032166
-0.014023
0.026230
0.016983
-0.018982
-0.004551
-0.013618
0.019699
0.013580
-0.015541
-0.005760
0.016373
-0.031342
-0.017761
-0.014610
0.022110
-0.025772
-0.001199
0.033295
0.019272
0.006348
0.011444
0.022003
-0.009468
-0.001941
-0.025726
0.014343
0.017059
-0.005043
0.006401
-0.025055
-0.031555
-0.000464
-0.027740
-0.003508
0.018875
-0.021851
-0.004978
-0.023895
0.017014
0.006138
0.016815
-0.033691
0.006241
0.003286
-0.011246
-0.002991
-0.013870
0.012016
0.008499
0.018982
0.024170
0.006264
-0.002525
-0.018661
0.031143
-0.021942
0.027771
-0.011688
-0.036438
0.010056
-0.011681
-0.033997
0.015465
0.018661
0.016144
-0.032898
-0.000729
0.031952
0.024307
0.006306
-0.029221
0.023285
-0.006306
0.031097
0.027771
0.014740
-0.008957
-0.023590
-0.010422
0.008469
-0.011993
0.021866
-0.009216
-0.000784
-0.024536
0.038513
-0.007214
-0.031006
-0.014877
0.028961
-0.009354
-0.032440
0.024307
0.033722
0.023865
-0.037781
0.038391
-0.018936
0.020859
-0.006752
-0.000935
-0.022339
0.005619
0.012955
-0.018723
0.006039
-0.035339
0.020233
-0.028305
0.008705
0.007694
0.012520
-0.001587
0.006020
0.014328
0.002134
-0.013420
-0.022552
0.010887
-0.022858
0.009369
0.018112
-0.016312
0.029938
-0.025864
0.029770
-0.009872
0.018219
-0.014938
0.014000
-0.025375
0.020477
0.033539
-0.003284
0.005856
0.008774
-0.006847
0.000013
0.005196
-0.005390
-0.021866
-0.027206
-0.010941
-0.016922
0.024933
0.036255
-0.007298
-0.027481
0.023361
0.007355
-0.009750
-0.002102
-0.033691
0.003313
-0.027832
0.036530
-0.038177
0.011147
0.010414
-0.004410
0.007988
0.030472
-0.002048
-0.036377
-0.003929
0.032928
0.039429
-0.009529
-0.013908
0.015465
0.002958
0.007778
0.026138
0.027313
0.001462
0.006111
0.030075
-0.020844
0.012573
0.006573
0.024368
-0.002634
-0.000136
0.016174
-0.025650
-0.043884
-0.006413
0.007248
0.018799
0.002602
-0.025818
-0.034149
-0.037140
0.017578
-0.030151
0.017532
0.014595
-0.023560
0.024857
0.050629
-0.004673
-0.000780
0.024689
-0.001750
0.003340
0.040009
-0.040894
0.000912
-0.026718
0.007702
-0.009552
0.026733
-0.052582
-0.010445
-0.038971
-0.014618
0.008751
-0.012665
-0.037781
-0.031021
-0.038696
0.015976
-0.025818
0.003471
0.001520
0.015266
-0.036743
0.013718
0.004066
0.019516
-0.020432
-0.039886
-0.012650
-0.034241
0.040985
-0.039307
0.005993
-0.013618
-0.017975
0.019135
-0.064880
-0.023941
-0.008598
-0.045044
0.013245
0.017014
-0.026871
-0.048218
-0.004810
0.026733
-0.009644
-0.040863
0.039368
0.040833
-0.019806
0.028152
-0.030350
0.027985
0.050171
0.047455
-0.000710
-0.040070
0.037384
0.014999
-0.049683
0.007446
-0.045868
-0.021317
-0.010689
-0.033997
-0.035950
0.032654
-0.019653
-0.048462
-0.003122
0.004345
-0.008759
-0.024933
0.028244
-0.029709
-0.008904
-0.056335
-0.009399
-0.013687
0.045227
-0.044342
-0.023361
0.034332
0.023148
-0.037933
-0.020554
-0.020691
0.022675
0.000673
-0.011505
-0.034058
-0.048615
-0.018234
-0.003271
0.010513
-0.037811
0.003288
0.046051
-0.035614
-0.006523
-0.027039
-0.046295
0.042419
0.030334
-0.019196
0.016357
-0.022491
0.030075
-0.024384
-0.055054
0.005432
0.018997
-0.024521
0.027557
0.006176
0.022110
-0.038361
-0.021545
0.037445
0.023544
0.003769
0.009384
-0.036377
0.001503
0.030029
0.020630
0.011688
-0.022415
-0.009804
0.021683
-0.007500
0.002539
-0.024460
0.039001
0.023911
0.026993
-0.008934
0.041962
-0.028381
-0.022003
0.015884
0.014183
-0.024338
0.036804
0.037628
0.023972
0.028870
0.031647
0.028336
0.008759
-0.025711
-0.011513
0.003351
-0.019928
0.009514
0.028503
0.018448
0.023361
-0.003477
-0.026642
-0.020279
0.028336
-0.025864
0.027954
-0.019241
0.005550
0.027344
0.025894
-0.029053
0.028961
-0.021057
-0.000566
-0.011101
-0.058594
0.003504
-0.023392
-0.011856
0.011932
0.020554
-0.004646
0.003302
0.035767
0.019577
0.012436
0.025391
-0.003336
0.020782
0.005390
-0.009590
-0.000237
0.043243
-0.008263
-0.023483
-0.030334
0.007797
0.041107
-0.035126
0.026382
-0.028702
-0.006252
0.013847
-0.014107
-0.009262
-0.018280
-0.014778
0.012489
-0.036469
0.034332
-0.026520
0.006313
0.013680
-0.012589
-0.003149
-0.016373
0.004276
-0.013252
-0.032715
0.014091
-0.003258
-0.000843
0.030319
-0.012421
0.025574
0.012611
0.029572
0.005836
0.027512
-0.007935
-0.007950
0.001006
0.012466
-0.004837
-0.011574
-0.023590
0.025833
-0.003904
-0.004536
0.025284
-0.005775
-0.008774
0.005127
0.023071
0.019623
0.022614
-0.028625
0.031128
0.037170
-0.001554
-0.001729
0.033417
0.023117
-0.011375
0.030701
-0.009422
0.003283
-0.015732
0.008545
-0.020294
-0.003029
-0.016251
0.009682
0.026321
0.019974
0.025909
0.016373
-0.012444
-0.005573
-0.011375
0.040680
-0.012772
0.028854
-0.007622
-0.012077
0.003317
-0.010803
-0.010101
-0.006626
0.011909
-0.008522
0.021591
0.011566
-0.001249
0.005020
0.012154
-0.010941
-0.027786
-0.001524
0.002462
0.028046
0.017334
-0.037170
-0.020096
-0.017838
0.021500
0.036102
0.031311
0.027328
0.009071
0.004974
-0.027115
0.023987
-0.015579
-0.019913
-0.028259
0.011597
-0.014435
-0.017578
0.036194
0.002953
0.027618
-0.027573
0.030365
-0.011497
0.009483
0.028824
-0.011955
-0.018280
-0.014954
-0.036652
-0.022842
0.015656
0.038086
-0.015015
0.008263
-0.025757
-0.018799
0.027206
0.022385
0.022003
0.033203
0.023270
0.020721
0.032837
-0.021286
-0.036743
-0.000829
-0.000059
0.005413
0.004105
-0.035339
-0.017563
0.022171
0.005154
0.006924
0.018295
-0.012688
0.027847
0.030258
-0.007805
-0.021591
-0.023911
-0.009644
0.003620
-0.002449
0.006516
-0.025558
-0.028412
0.038361
0.020370
0.028427
-0.017059
-0.036072
-0.036346
-0.034088
-0.020996
0.004906
-0.012001
0.034302
0.030975
-0.013565
-0.015884
0.015114
0.001260
-0.018051
-0.042847
0.016373
-0.022293
-0.002924
0.003204
-0.053986
0.005234
-0.041077
-0.009583
0.045563
0.007214
-0.031281
-0.020813
-0.048309
0.002272
-0.040985
0.017395
0.014458
-0.021240
-0.039093
0.002895
0.015076
-0.032135
-0.059235
0.010544
-0.041016
0.004078
0.002619
-0.009300
-0.048584
0.034393
0.008347
-0.048157
-0.024307
-0.011200
-0.030121
-0.029434
0.036530
-0.018845
0.024780
0.017044
-0.023163
-0.017487
-0.019470
-0.005749
0.014503
0.000546
-0.036926
0.006744
-0.002014
0.024689
-0.011322
0.003038
-0.001176
-0.002485
-0.003952
-0.023163
0.029968
-0.013939
0.011078
0.018234
-0.050507
0.020920
0.016495
0.016479
-0.017700
0.000030
0.003771
-0.006367
-0.003033
0.001118
-0.009102
0.015236
0.047058
-0.048126
0.015053
0.034576
0.005672
-0.041748
-0.027725
0.002018
-0.009415
-0.038239
0.023682
-0.031219
0.001167
0.010796
0.010399
0.022278
0.038666
-0.004604
0.023621
0.016830
-0.043793
-0.027802
0.032745
-0.003153
0.002239
0.009399
0.030869
0.013840
0.021469
0.018768
0.031311
0.048309
0.016769
-0.059326
-0.019379
0.013451
-0.020386
0.000354
-0.039246
0.017685
-0.008453
-0.015160
-0.010262
0.016678
-0.014908
0.016571
-0.014626
-0.021210
-0.021347
-0.014816
0.002537
0.010727
0.003344
-0.034821
-0.024597
0.039093
0.033478
-0.014381
0.026276
-0.001462
0.030090
0.012947
0.025024
0.025436
0.005665
0.014297
-0.013077
0.030243
0.037018
-0.038696
-0.020645
0.039825
0.019516
-0.023117
0.013947
-0.020737
0.015495
-0.024994
-0.021103
0.042145
0.029755
0.033966
-0.000566
0.000013
0.005844
-0.024582
-0.016953
-0.014191
0.003164
-0.029175
-0.032013
0.037292
-0.006767
0.038361
0.014229
-0.004379
0.005413
0.005627
-0.015900
0.014313
-0.017105
-0.005589
-0.028519
0.003956
-0.010147
0.031586
0.023087
0.025238
0.031235
-0.023102
-0.030609
-0.009979
-0.042053
-0.032257
0.021469
-0.009575
0.026138
-0.023529
-0.028061
0.027451
0.029175
0.021240
0.013512
0.022369
0.041840
-0.018906
0.024185
0.022003
0.037476
0.016220
0.015068
0.004330
0.038208
-0.023285
-0.042816
-0.001190
-0.023041
0.001225
-0.014481
-0.002220
0.000813
-0.004406
0.016006
0.027252
-0.012695
-0.026031
-0.020065
-0.023712
-0.035034
0.016266
-0.008400
0.028183
0.009666
-0.041382
-0.007332
0.024094
0.035278
-0.006710
0.030121
-0.011925
-0.011429
-0.010818
0.003023
-0.016846
-0.026093
0.017715
0.026627
0.037842
-0.025833
-0.034332
0.019730
0.015274
0.036438
0.013474
-0.029160
0.009666
0.031647
0.011452
0.027985
0.038788
0.021500
-0.032898
0.005360
0.018646
-0.016174
-0.017914
-0.022141
-0.012642
-0.000183
0.004246
0.028229
-0.043213
0.023163
0.006252
0.005901
0.028946
0.032318
-0.015610
-0.029221
0.020554
0.023117
0.042450
-0.019302
-0.025818
-0.028580
0.040314
0.037659
-0.018433
0.005116
-0.013817
-0.037659
0.041595
0.043945
-0.009857
-0.032806
-0.024445
0.003872
-0.030365
0.040070
0.024612
-0.025848
0.032349
-0.000128
-0.014854
-0.000688
-0.007427
-0.016556
-0.018295
-0.039917
-0.024628
-0.019379
-0.019852
-0.012810
0.035583
-0.022156
-0.028412
0.042633
-0.051208
-0.011070
0.022720
0.015121
0.004498
-0.000149
0.020767
-0.016983
0.025070
-0.011848
0.006855
0.002909
-0.020370
0.000297
-0.024963
0.024323
-0.001864
0.026184
0.023560
-0.008759
-0.017197
-0.021133
-0.016251
-0.017365
-0.017395
0.012817
0.003109
0.004433
0.024918
0.038361
0.024918
-0.039032
0.000460
-0.022751
-0.000396
-0.002562
-0.012558
-0.028412
0.039215
-0.006062
0.026443
0.003557
-0.018402
0.028687
-0.014214
-0.012383
0.011452
0.002138
-0.005859
-0.017227
0.014893
-0.005829
-0.023392
0.010757
-0.017181
-0.006039
-0.010086
0.025009
0.009544
0.002184
-0.019180
0.011078
0.004677
0.024872
0.004925
0.006680
-0.000608
-0.005268
-0.020905
0.012337
-0.021103
-0.013779
0.026367
-0.000419
0.011353
-0.014496
-0.008316
-0.022202
-0.010315
0.009407
-0.045959
-0.046631
-0.009911
0.002659
0.013893
-0.012993
-0.000722
0.009705
0.051025
-0.049286
0.033630
0.009987
-0.006786
-0.041595
-0.017441
-0.037415
0.029709
-0.029510
-0.007744
-0.024307
-0.004112
-0.007896
0.016251
0.001321
0.049316
0.003099
-0.006924
-0.006290
-0.018311
0.032593
0.004765
0.016754
-0.031586
-0.020370
-0.031647
0.029724
-0.003046
-0.026276
-0.019318
0.010406
0.032318
0.027512
-0.034241
0.025131
0.014053
-0.021011
-0.017242
0.007206
-0.038757
0.021179
-0.039490
0.027054
-0.019302
-0.024826
0.063477
-0.008781
0.038544
0.044189
-0.026596
-0.007530
0.028336
0.034241
0.006638
0.016846
-0.001442
0.012688
0.035767
-0.014801
0.015839
-0.011307
0.042938
-0.044342
0.013596
0.051422
0.023193
0.006336
0.002058
0.024750
-0.018158
-0.009598
-0.006790
-0.041626
0.004074
-0.025360
0.003233
-0.017456
0.037201
0.009529
0.026947
-0.054016
0.010696
-0.011185
0.031891
0.025604
-0.000810
-0.036072
-0.026520
-0.006687
0.018356
-0.012077
0.001638
0.013466
-0.005554
-0.026443
-0.025330
-0.010620
-0.011314
-0.036163
-0.016357
-0.006531
-0.010742
0.036255
0.000250
-0.040497
-0.010948
-0.001528
-0.012138
0.019730
-0.001926
-0.017563
0.009521
0.019226
0.050323
-0.027603
-0.032593
0.010445
0.027771
0.006172
-0.034027
-0.007702
-0.018539
-0.001000
0.014931
-0.018417
0.022934
-0.022675
-0.006718
-0.028152
0.028427
0.003654
0.008080
0.016144
0.032776
0.040131
0.037750
0.006451
-0.004951
-0.029984
0.022827
-0.038086
0.023621
-0.015961
0.034515
0.019012
0.016312
0.025696
0.027496
0.021240
0.011932
-0.012794
-0.024399
0.039795
-0.010025
0.019562
-0.011269
0.028946
0.032410
0.021774
-0.010689
-0.006260
-0.015182
-0.042755
0.032623
0.022766
-0.041229
0.036713
0.011322
-0.051636
-0.016846
-0.021805
0.037018
0.028595
0.030380
-0.006779
-0.033966
0.043304
0.011597
-0.022461
-0.005013
0.029709
-0.018661
-0.020599
0.020264
0.013237
0.034058
0.009293
0.029800
-0.004124
-0.016235
-0.013199
-0.010910
-0.014206
-0.021866
0.014359
0.002996
0.038879
-0.019608
-0.003506
0.020065
-0.022552
-0.022644
0.008286
0.018799
-0.019928
0.003361
0.001240
0.005569
-0.033630
-0.013611
-0.012749
-0.007965
-0.020538
0.040466
0.022171
-0.015007
-0.016235
-0.021042
-0.014206
0.019165
0.006496
-0.021240
0.023743
-0.025101
0.021439
-0.036316
0.012650
0.014381
-0.041809
0.010521
-0.008759
0.004204
-0.022324
-0.048859
0.030350
0.010017
-0.049377
-0.048401
-0.040436
0.002632
-0.013947
-0.057434
0.025894
0.014297
-0.013168
-0.019928
-0.050751
-0.007248
-0.030258
-0.018631
0.021042
0.026352
-0.046509
-0.005741
0.011772
0.010216
-0.026306
-0.014801
-0.014893
-0.012886
-0.006428
-0.006645
0.025620
0.005917
0.002468
-0.031921
-0.034180
0.024536
0.020935
-0.000237
0.016830
-0.023880
0.014717
-0.011597
0.025299
0.007133
-0.018372
-0.006828
0.015182
-0.045990
0.013840
-0.038513
-0.040314
0.010223
0.008797
0.028351
0.004223
0.023483
-0.030289
-0.038269
0.044098
0.005123
-0.020493
-0.032715
-0.006302
0.037018
-0.022079
0.008545
0.026596
0.019333
-0.017685
0.007515
-0.024033
0.035461
0.020248
0.036194
0.006664
-0.009315
0.013275
0.013557
-0.032379
-0.022507
-0.017593
-0.013222
0.001357
0.007462
0.021683
0.012924
-0.004486
-0.004490
-0.027252
0.034088
0.015167
-0.023895
0.021805
0.021683
0.005558
-0.046692
-0.034943
-0.029465
0.023392
-0.047546
-0.015594
-0.051086
0.052063
-0.027603
0.047058
-0.014397
-0.014771
0.004532
-0.022476
0.012978
0.008560
-0.009354
0.006680
-0.009499
-0.015076
-0.038239
0.019592
-0.011230
-0.002558
-0.018753
0.005791
0.020035
0.026382
0.014053
0.074036
0.084412
-0.022186
0.067688
-0.034149
0.007866
-0.027603
0.037598
-0.026337
-0.008873
0.021133
-0.013542
0.047089
-0.020523
0.101318
0.025375
0.015244
-0.009682
0.035370
0.038696
0.077026
-0.006401
-0.083435
-0.080139
0.043335
0.018967
0.057098
-0.020279
-0.019394
-0.031464
0.037872
0.006104
0.039978
-0.024933
0.005039
0.035370
-0.012550
0.041565
0.013870
0.050415
-0.015915
-0.032745
0.025040
-0.031372
0.027100
0.021088
0.010918
0.005733
0.014992
0.021332
-0.000191
0.023895
0.025146
0.041718
0.036316
0.007957
0.006844
-0.001103
0.033051
-0.027740
0.065369
0.014046
0.018463
-0.024918
0.026581
-0.007782
0.019806
-0.042908
0.064575
0.059204
-0.002911
0.063599
0.001447
-0.020264
0.076050
-0.001939
0.033600
0.033295
0.053894
0.004738
-0.060364
-0.054321
0.038849
0.035309
0.020462
0.012146
0.000205
0.026047
0.043671
0.042847
0.008476
0.027496
0.016052
-0.036743
0.043213
-0.016724
0.023575
0.025681
0.011086
-0.000420
-0.000949
-0.020660
0.062439
0.027679
0.009247
0.020355
0.000214
0.067444
0.017624
-0.044525
-0.061951
0.042664
0.041046
0.004204
-0.020065
0.003592
-0.031830
0.011711
0.076477
-0.022415
0.009407
0.006981
0.041870
-0.005512
-0.010094
0.033905
-0.007282
0.001369
-0.018173
0.004547
0.016281
0.016739
-0.013557
-0.016968
0.008545
-0.044800
0.023712
0.034668
-0.001122
-0.000102
0.005878
-0.028656
0.023819
0.010094
-0.007942
-0.008072
-0.007942
0.006031
-0.007061
0.026978
0.049530
-0.022705
0.025223
0.014297
-0.003159
-0.011482
0.011429
0.013054
-0.015221
-0.000576
-0.014862
-0.025192
-0.029526
0.026825
-0.031494
0.025620
0.042358
-0.018341
-0.018280
0.027328
-0.001448
0.009422
0.027588
0.010437
0.024521
0.003569
0.033112
0.016464
-0.002188
-0.021927
-0.025406
0.003477
0.013084
-0.000387
-0.024750
-0.016068
0.022049
-0.004185
0.022949
-0.004791
0.000678
-0.025864
0.006882
0.005920
0.025101
0.021790
-0.032684
0.002451
-0.024048
-0.074646
0.018478
-0.009224
-0.021988
-0.011406
0.006508
-0.031830
-0.029373
0.022919
0.027176
0.041351
0.030075
-0.022171
0.008156
0.013878
0.027939
0.026291
0.024536
0.017365
0.004276
0.033295
-0.037445
-0.036285
-0.025864
-0.015129
-0.046204
0.029037
-0.007133
-0.006062
0.044250
0.012642
-0.025986
0.023453
-0.001050
0.016083
-0.023224
0.030838
0.021164
0.017532
0.017593
-0.007206
0.019470
0.006943
0.007801
0.015450
0.042938
-0.012466
-0.000462
-0.005379
-0.009995
0.021500
0.041962
-0.017899
-0.031006
0.001260
0.033386
-0.002588
0.028580
0.039246
0.034882
0.032135
0.012650
0.004616
0.004063
0.039459
0.024216
0.020081
-0.004410
-0.022888
0.012260
-0.039459
0.033295
-0.021774
-0.027710
0.026657
0.015564
0.015358
0.012924
-0.006023
0.001501
-0.017166
-0.003584
-0.006107
0.028412
0.039429
-0.003387
-0.056580
-0.014091
-0.026047
0.010475
-0.003408
-0.025391
0.021133
-0.015671
0.024506
0.034302
-0.010155
0.009392
0.000590
-0.014397
0.010574
0.031372
0.028992
0.022858
-0.012573
0.002659
-0.032104
-0.032990
-0.009476
0.008102
0.018463
-0.017960
0.002195
-0.008652
-0.045044
0.014687
-0.020462
0.036072
-0.021317
0.032349
-0.033539
0.027313
0.017380
-0.025864
-0.029373
0.029068
0.029221
-0.035095
-0.005341
0.003975
-0.006065
0.005257
-0.026184
-0.023712
0.034760
0.001445
0.001378
-0.011284
-0.005112
0.034332
0.036011
0.021027
-0.004261
-0.033112
-0.018921
0.026855
-0.013809
0.032928
0.004169
0.023911
-0.036469
-0.000722
0.005424
-0.021500
-0.001978
-0.010132
-0.013580
-0.006603
-0.023132
-0.001710
0.038177
0.007359
-0.029541
-0.051117
0.016144
-0.002314
0.015175
-0.027252
-0.035553
0.004375
-0.027451
-0.028229
-0.014236
-0.016891
0.023727
0.000419
0.028152
0.022125
-0.008270
0.021240
0.032379
0.005192
-0.008499
0.042542
0.008972
-0.043854
-0.008659
-0.012482
0.006241
-0.016022
0.004688
0.031235
-0.008804
-0.021667
-0.008873
-0.034485
-0.013702
-0.033844
-0.012199
0.017136
-0.004063
-0.022827
0.024017
0.020599
-0.005737
-0.016968
-0.002356
0.001515
0.030258
-0.006287
-0.032898
-0.046722
0.031403
-0.037201
0.029343
0.007965
0.013206
-0.043121
0.025528
0.028656
0.029327
-0.002769
-0.022614
-0.026398
-0.037262
0.018738
-0.006565
-0.011726
0.007919
-0.044189
-0.042267
0.027863
-0.028488
0.024261
0.022614
0.005386
-0.038147
0.019562
-0.031067
-0.022842
0.013916
-0.025635
-0.029175
-0.029312
0.044281
-0.000040
-0.040375
0.008911
0.021271
0.005703
-0.022995
-0.023193
-0.034271
0.037415
-0.025711
0.018066
-0.025742
0.012840
0.029846
0.008186
0.039215
0.000012
-0.025040
-0.035400
0.020523
0.016754
0.020355
0.019958
0.020386
-0.000812
-0.020035
-0.039368
0.013428
0.003416
-0.009529
0.017273
-0.011780
0.048309
-0.016159
0.029785
-0.017349
-0.029114
-0.007675
0.003016
-0.011780
0.015411
-0.019775
-0.030411
-0.032166
-0.029083
-0.008736
-0.035400
-0.022568
-0.021530
0.023331
-0.023163
0.012939
-0.011726
-0.005234
-0.005016
0.014771
0.009445
0.004025
-0.024475
0.007820
0.033203
-0.034454
-0.033478
0.001390
-0.004112
-0.038025
0.029739
0.004036
0.019608
-0.008926
-0.015640
-0.023666
-0.009384
0.026215
-0.012634
0.002844
0.001575
0.022781
-0.023605
-0.025467
-0.016861
-0.000330
0.032990
-0.028107
-0.038116
0.030624
0.029083
-0.013512
0.023148
-0.014130
0.018890
-0.024277
0.004475
0.031204
0.017899
-0.017914
-0.024246
-0.003698
-0.015900
0.012024
0.033691
-0.003361
0.033142
-0.019318
-0.010284
0.005650
0.022552
-0.000072
0.038696
-0.002260
0.027557
0.001141
-0.035339
-0.028839
0.020004
-0.014229
-0.021255
-0.034424
0.001669
0.019012
-0.000150
0.040619
0.041931
-0.028244
0.000106
-0.011681
0.029068
0.012650
-0.019775
-0.002316
0.013138
0.004166
-0.003340
-0.018097
0.005692
0.026291
0.004147
0.020370
0.002911
-0.023132
-0.019318
0.017899
-0.034454
0.001777
0.036011
-0.031006
0.024658
0.001556
0.026123
0.012512
0.044983
-0.011711
0.000317
-0.028046
0.003508
-0.005634
0.016296
0.013840
-0.004333
0.038666
0.034180
-0.023972
-0.042725
0.001167
0.012634
-0.028305
0.012451
-0.015701
-0.001898
0.017899
-0.045105
0.002396
0.012115
-0.008598
0.001337
-0.016998
0.009750
-0.012283
0.004017
0.015144
-0.004707
0.021255
0.013763
0.010681
0.002527
0.013107
-0.001661
-0.022568
-0.000844
-0.026031
0.031433
0.028702
0.002193
-0.022842
0.012161
-0.041443
-0.014755
0.016907
-0.054657
-0.018402
0.007458
-0.011505
-0.043884
-0.040405
-0.055695
-0.011070
0.003605
-0.033722
-0.014488
0.006508
0.047913
-0.019882
0.003534
0.027634
0.063843
0.004265
0.009315
-0.031281
0.016998
0.030914
-0.017227
0.005344
0.027145
0.032501
0.016876
-0.011932
-0.029999
-0.014053
-0.018646
0.013023
-0.013580
-0.011246
-0.046814
-0.031143
-0.042480
-0.004501
-0.006268
0.008240
0.000694
-0.026596
-0.000624
0.045776
-0.000103
0.027161
-0.026413
-0.032715
0.000410
0.030930
0.009209
0.004597
-0.004848
0.000160
-0.008560
0.041199
0.005302
-0.055023
-0.021942
0.029221
0.049866
-0.040894
0.013786
0.014946
0.001222
-0.012909
-0.060730
0.035675
-0.031113
-0.017502
-0.018600
-0.035980
-0.013306
0.000115
0.002077
0.010124
-0.005203
-0.038208
-0.027771
-0.020325
-0.024796
0.017899
-0.018799
-0.006710
0.061310
0.005932
0.037720
0.004944
-0.010155
-0.006611
-0.033722
0.015160
0.055573
0.016953
0.048615
-0.004185
-0.017380
0.015457
0.003555
0.035187
0.028656
0.027802
0.033691
0.017975
-0.017426
-0.026688
-0.010643
0.027023
-0.036987
0.040100
-0.007103
0.020920
-0.040314
-0.018814
-0.016541
0.054688
-0.019348
-0.010323
-0.020325
0.005798
-0.054718
0.019852
-0.049133
0.012169
-0.024719
-0.018356
-0.003393
0.009201
-0.012604
-0.002754
0.033020
0.002211
0.011353
-0.037689
-0.008911
-0.004768
-0.004589
-0.031738
0.002537
0.001974
0.010117
0.014709
0.008553
0.025650
-0.027924
0.003853
-0.019638
0.024734
0.006100
-0.025238
0.032990
0.029938
0.020523
0.023956
0.000012
0.017715
-0.012024
-0.030228
0.011864
-0.029739
-0.001153
-0.017532
0.002947
-0.005383
-0.019989
0.034790
-0.020645
-0.003553
0.004940
-0.017395
-0.031250
-0.003038
0.022018
-0.003990
0.027924
-0.028778
-0.013268
-0.029053
0.031204
0.018433
-0.033447
-0.030014
-0.027649
0.025238
-0.006805
-0.011871
0.020340
0.003054
0.030304
0.014595
-0.022903
-0.008392
-0.021439
-0.006115
-0.028915
-0.027390
-0.003714
0.014076
-0.019485
-0.005913
-0.012375
-0.040192
-0.014969
-0.027908
0.036652
-0.003897
0.001570
0.004139
-0.005123
0.014336
0.016190
-0.022934
-0.002951
-0.026154
-0.030884
0.033264
-0.014580
-0.029541
-0.002897
-0.019897
-0.027328
-0.007797
-0.022934
-0.022247
-0.022110
0.003603
0.036163
-0.015160
0.019562
0.027481
-0.009926
0.027725
0.028137
0.031830
-0.003918
0.021179
-0.029785
-0.014839
-0.002337
0.022659
0.008072
-0.030884
-0.007183
0.019516
0.006744
0.010788
0.013641
-0.005035
0.024414
-0.037811
-0.030045
-0.026398
0.000684
-0.020477
-0.007450
0.038116
0.026016
-0.007202
-0.014671
0.013451
-0.027512
0.034241
0.027649
-0.038025
0.012825
0.007706
0.031097
0.013184
0.037842
-0.009224
-0.009308
0.030304
0.013824
-0.014534
-0.002615
-0.003288
0.027374
0.005543
-0.008636
0.010437
0.034576
-0.015541
-0.011665
-0.031799
-0.007137
-0.035736
-0.007820
0.004765
-0.031647
-0.023590
0.022202
0.012894
-0.021255
-0.025513
0.008095
0.013290
0.028397
0.028595
-0.001172
0.026245
-0.037476
0.004311
-0.008148
0.022278
0.005447
0.008217
-0.025146
0.015305
0.030640
-0.020386
0.017334
-0.025635
-0.013664
0.024063
0.001049
-0.016861
0.002497
0.022141
0.033997
0.021545
-0.023209
0.032501
-0.017014
0.024002
0.012138
-0.033386
-0.024551
-0.017212
-0.023453
-0.013138
0.012093
0.021439
0.032440
0.003132
-0.021759
-0.012032
0.020813
-0.018478
-0.011070
-0.006168
-0.010498
0.019974
-0.031342
0.016403
0.026688
0.006031
0.039795
-0.012238
-0.024399
0.014847
0.027023
0.020218
0.027695
0.022247
-0.008095
0.013969
0.010262
0.036255
-0.021210
0.007168
-0.007481
-0.001294
0.006069
0.019089
0.011971
-0.018707
0.021164
-0.016083
-0.009285
0.000727
0.007603
-0.009018
-0.011185
-0.036987
0.000162
-0.033020
-0.034821
0.034851
-0.035309
-0.005405
0.031891
0.050201
-0.008423
0.029938
0.047333
-0.011131
-0.018005
0.016205
0.034943
-0.015305
-0.014320
0.021286
-0.003359
-0.003714
0.022232
0.020096
0.020248
-0.001585
-0.010330
-0.034668
0.020782
0.014549
0.009094
-0.053864
0.001017
-0.014137
-0.014862
-0.019577
0.026016
-0.015839
0.002542
-0.018387
-0.001707
-0.004837
0.023132
-0.056519
0.007809
0.012276
0.043213
-0.012550
-0.023148
0.007835
0.008789
-0.014725
0.004768
-0.000851
0.022202
-0.028976
-0.010979
-0.052094
0.031235
0.002651
-0.034119
-0.015625
0.019257
-0.025269
0.030670
0.006729
0.015106
-0.001110
0.039124
0.032501
0.008270
0.012589
-0.039581
-0.012207
-0.018494
-0.029678
0.033234
-0.026566
0.017990
-0.023697
-0.009369
0.025162
0.014366
-0.009254
0.011627
0.008118
-0.035431
0.013496
-0.015450
0.029678
0.012474
-0.002548
0.030746
-0.012711
-0.024582
0.042572
0.026657
-0.029068
0.037598
0.019669
-0.002211
0.005630
-0.015488
-0.013405
-0.035004
0.001794
0.043243
-0.037262
-0.019211
0.039062
0.012505
0.027435
-0.037964
0.020264
-0.015205
0.016708
-0.024780
0.020447
0.008392
-0.003782
-0.003593
-0.025375
0.016098
0.041901
0.006611
-0.011658
0.032654
-0.048828
0.031250
0.028625
0.000813
-0.035034
0.041138
0.034698
0.030151
-0.003506
-0.017319
0.003090
0.019714
0.001978
0.017471
-0.017456
0.014771
0.016464
0.033508
0.008560
-0.026199
0.029953
-0.034912
-0.026108
0.033051
0.008858
0.029846
0.014442
-0.031158
0.027771
0.004517
0.015007
0.000242
0.006954
-0.004314
0.017715
0.003206
0.002275
0.008560
-0.036377
-0.006294
-0.024704
-0.013687
0.016724
0.020752
-0.001955
-0.033722
0.039734
-0.021652
-0.003420
-0.004047
0.018158
-0.027527
0.000157
0.034851
-0.031250
-0.009628
-0.007675
0.031921
-0.019012
0.034607
-0.023438
-0.011383
-0.007080
-0.014252
-0.009216
0.010605
0.029663
-0.010864
-0.023743
-0.021561
-0.006580
0.000403
0.018600
-0.018448
0.011604
0.021194
0.013535
-0.022385
0.004574
0.044067
0.037933
-0.032928
0.039062
0.025375
-0.036530
0.035278
-0.035278
0.010071
-0.017471
-0.014236
-0.028000
-0.026413
-0.030563
0.013290
-0.017014
-0.020950
0.004040
0.010971
0.012947
0.032684
0.027786
-0.011787
0.035767
-0.025940
0.000094
-0.014885
0.013824
-0.024811
0.023270
0.008476
0.022842
-0.016891
0.009300
-0.033447
0.025253
-0.006947
-0.031769
0.019440
0.027008
0.028351
-0.020615
-0.012985
0.018799
-0.006157
-0.001005
0.024719
0.025742
0.009430
-0.016663
-0.018677
0.028595
-0.006424
0.015869
0.009521
-0.009956
0.037750
-0.030823
-0.028671
0.005783
-0.027313
0.029404
0.015625
0.007866
-0.014511
0.034210
-0.014336
0.001686
-0.022781
0.021988
-0.004108
-0.022186
-0.005249
-0.011864
-0.026062
-0.010986
-0.023239
0.016296
-0.027313
0.022110
-0.022186
0.010223
0.030975
0.012436
0.036560
-0.008972
-0.022385
-0.013100
-0.015884
0.015297
-0.003870
0.026581
-0.026855
-0.027496
0.005253
0.016388
-0.007114
-0.026672
0.026184
0.016068
0.024002
-0.000858
-0.002733
-0.021286
-0.008926
-0.013855
-0.027557
0.029388
-0.014801
-0.015282
0.025238
0.024567
-0.007851
0.025879
-0.035614
-0.026581
0.013817
-0.006889
0.015579
-0.021591
0.021515
0.000789
0.028122
0.022186
0.031128
-0.034058
-0.019394
0.007080
0.030838
0.006481
0.031708
-0.023285
0.004353
0.020660
0.031250
0.035095
0.008049
0.026566
0.000579
0.000348
0.016891
-0.001127
-0.009666
0.032196
0.006317
-0.010651
-0.032532
-0.004513
-0.003214
0.001757
0.026718
0.013359
0.016861
0.009735
-0.019196
0.013008
0.023010
0.007660
0.006996
0.013458
-0.000777
-0.009399
-0.021072
-0.005795
-0.024277
0.002995
-0.021194
-0.031494
0.004631
-0.017639
-0.013382
0.027664
0.015884
-0.007698
0.011894
0.014763
-0.008110
-0.017365
-0.012596
-0.033875
0.012123
0.022125
-0.029648
0.027069
0.022568
-0.021515
0.027969
-0.015991
0.007496
0.035706
0.020599
-0.014412
-0.027130
0.026733
-0.003771
0.016495
-0.033447
0.003098
-0.041382
-0.011200
0.000295
-0.022247
-0.006531
0.020630
0.031311
0.018311
0.014038
-0.007233
0.021240
-0.034546
0.009743
-0.027451
0.016495
0.005344
0.021942
-0.010643
0.030930
-0.001016
0.016815
-0.004456
0.027023
0.006035
0.039398
0.012009
0.006573
0.033173
-0.024475
0.021805
-0.037170
-0.014381
0.011055
0.007423
-0.025513
-0.024857
-0.006947
0.004284
-0.042236
-0.018280
0.030930
0.021042
0.029663
-0.000080
-0.018402
0.005241
0.014328
-0.012749
0.002773
-0.050629
0.020004
-0.011719
-0.007282
-0.001017
0.038391
0.033875
0.002094
-0.019913
0.018143
-0.005253
-0.011490
0.039337
0.018204
0.003319
0.009148
0.028351
0.006149
0.040588
0.007778
0.014496
-0.003832
0.006046
-0.021652
0.020264
-0.004951
0.007725
0.025925
0.040070
0.008728
-0.001069
-0.029739
-0.021408
-0.005924
0.025208
0.009781
-0.037659
0.017303
0.041260
0.025055
-0.006077
-0.023270
-0.019897
0.036835
0.040436
-0.020813
-0.016708
-0.032898
0.006145
0.031464
-0.010994
-0.004253
0.019684
-0.032074
-0.013542
0.017746
0.011253
0.009590
0.008186
-0.034119
-0.023361
-0.017838
-0.003447
-0.028671
-0.008636
0.036774
0.009140
0.031982
0.049133
-0.020050
-0.034637
0.041504
-0.028473
0.030457
-0.006519
0.002975
-0.022964
0.030807
-0.033356
0.002853
0.045074
-0.038727
0.009087
-0.033081
-0.041168
-0.008308
0.006443
-0.044098
0.021072
-0.030624
0.002312
0.010956
-0.023865
-0.008110
-0.027939
0.021774
0.032410
-0.024765
-0.027740
0.039673
-0.024460
-0.017517
-0.006718
-0.015129
0.014519
0.025223
-0.011330
-0.025955
-0.027435
-0.033783
-0.011818
-0.042175
-0.010254
0.008240
0.000388
-0.019455
-0.018692
0.016312
-0.038879
0.006851
0.002291
0.031372
-0.045227
0.004871
-0.010666
-0.004387
0.005428
0.008492
0.048828
-0.015747
0.002323
0.022034
-0.015778
-0.039307
-0.039581
-0.021255
0.013763
0.015144
-0.043152
-0.018799
0.022171
-0.029785
0.019730
0.010788
-0.009460
-0.017685
0.020233
-0.016418
-0.003889
-0.009193
-0.008736
0.017120
-0.046356
-0.002953
-0.003773
-0.002052
-0.030396
-0.025620
-0.004078
-0.028427
0.022552
-0.016479
0.028610
-0.016144
-0.008438
0.015625
-0.006199
0.019119
0.036774
-0.021011
0.037262
-0.011307
-0.006706
0.027496
-0.031219
-0.017883
0.042145
-0.012512
0.019089
0.004040
0.024719
0.013969
-0.021454
-0.038208
0.022614
0.009247
0.007450
-0.003056
-0.007812
-0.001060
-0.002281
-0.003109
0.000421
0.026306
-0.020325
0.031036
-0.001391
-0.026047
0.006409
-0.006035
-0.019623
-0.006638
0.006351
0.022842
-0.020187
0.029449
-0.032623
0.007957
0.006596
0.029083
-0.014320
0.006664
-0.015732
-0.028564
-0.042938
0.014725
-0.022827
0.012177
0.024857
0.029190
0.014694
-0.003849
-0.029358
0.002148
-0.023727
0.019211
-0.021744
0.035095
-0.024689
-0.017929
-0.005081
-0.005661
-0.000061
0.028351
0.002937
0.015625
0.016296
0.018188
-0.016388
0.006607
-0.028076
0.003124
-0.028442
-0.009201
-0.017303
-0.011108
-0.010391
0.026932
0.022552
-0.035431
0.027817
0.027573
-0.022369
0.032745
0.002932
0.018234
0.019394
-0.015656
0.007000
0.024689
0.002417
-0.002502
-0.032074
0.010735
0.009270
-0.022293
-0.003563
0.014656
0.002697
0.021545
-0.013489
0.000829
-0.019974
0.027557
-0.028641
0.012680
-0.022171
0.027847
0.017838
-0.023788
0.006058
0.008408
-0.013855
-0.018707
-0.016998
-0.006355
0.005344
0.038513
-0.003197
-0.001944
0.001900
0.010368
-0.000087
0.012154
0.004921
-0.012383
0.017639
-0.014900
-0.026840
-0.035767
-0.012009
-0.009842
-0.027679
-0.016327
0.018524
0.022308
-0.022583
0.020416
-0.029785
-0.001590
-0.014297
-0.009186
-0.026352
-0.020615
0.019348
0.031067
0.033966
0.006119
-0.014618
0.036072
0.012489
-0.011032
0.037201
-0.028030
0.029984
0.022385
0.016174
-0.024963
-0.016754
0.014687
0.026337
0.034088
0.046234
-0.005802
-0.022064
0.011497
-0.014931
0.031052
0.030807
0.021729
0.030411
-0.008690
-0.034088
-0.001469
-0.000276
-0.030884
-0.000321
0.009583
-0.020248
0.004730
0.037048
0.035217
0.001672
0.041321
-0.020889
-0.038574
-0.016937
0.011719
0.007595
0.000052
0.015213
0.020935
0.006744
-0.002106
-0.021378
0.037445
-0.010300
0.006542
-0.031586
0.043823
0.010704
-0.011551
-0.026123
-0.034515
0.023529
-0.017319
-0.012474
0.017044
0.007069
-0.015976
-0.002237
-0.007919
0.024277
0.019592
-0.030487
-0.015167
0.005981
-0.029053
-0.001820
0.023132
0.019333
-0.016998
0.009392
0.031586
0.034241
-0.017487
-0.006508
0.015625
0.010345
0.004528
-0.007935
-0.030975
-0.008583
-0.004585
-0.006382
-0.007805
-0.003075
0.034973
-0.026062
-0.013779
-0.006561
0.031250
-0.029755
-0.007820
-0.039642
-0.004192
0.047607
0.026871
-0.011322
-0.032837
-0.010468
0.000128
-0.010056
-0.025574
0.018066
0.016174
-0.003374
-0.033325
0.010391
-0.009666
-0.031372
0.002367
-0.038239
-0.011604
0.011955
0.009300
-0.009514
-0.028625
-0.023621
-0.003075
-0.004566
0.046356
-0.012672
0.001966
0.033875
0.019684
0.025208
0.004589
0.022446
0.000605
0.003094
0.027023
0.009964
0.015587
-0.041656
0.004066
-0.022659
-0.021637
0.011787
-0.003233
-0.039581
0.006710
-0.017242
0.013924
0.041901
-0.025803
-0.033447
-0.023911
-0.027328
0.034210
-0.009598
0.023346
-0.013084
0.005096
-0.019882
-0.029022
-0.004395
-0.009445
-0.004425
0.002735
-0.002123
-0.021393
0.048828
-0.017517
0.029373
-0.026535
-0.021927
0.012894
-0.011879
-0.041718
-0.007736
0.022980
-0.009369
-0.016190
0.026642
0.003683
0.005157
0.021988
-0.015732
0.018875
-0.025269
0.010048
-0.002764
-0.000621
0.016190
-0.002853
0.020355
0.009567
-0.031067
-0.018982
0.037384
-0.021149
0.020142
0.030914
-0.034058
0.001426
-0.035980
0.014572
-0.025696
0.028534
-0.020721
0.010925
0.028519
-0.020554
0.010948
-0.020081
-0.008553
-0.022995
0.003601
0.037476
-0.019684
-0.036804
-0.019653
-0.010078
-0.007675
-0.012283
-0.001548
-0.026611
-0.030167
-0.017502
-0.018005
-0.016525
-0.015350
-0.031067
-0.011818
-0.000858
0.014130
0.019592
-0.036407
0.022995
-0.004883
-0.030716
-0.010216
-0.019577
0.047119
-0.014183
0.029312
-0.000608
0.031860
-0.028824
0.031891
0.010780
-0.005756
0.006302
0.024887
-0.001443
0.035675
-0.014015
-0.037811
-0.017197
0.037872
-0.019531
-0.042419
0.023468
-0.020050
-0.026962
0.004051
-0.026474
0.006096
0.001657
-0.021591
0.001932
-0.009293
0.008263
-0.024216
0.024887
-0.013710
0.026276
0.018143
0.030518
0.001767
-0.028793
0.002579
0.025681
-0.017502
-0.029266
-0.016037
-0.035797
-0.013229
0.032776
-0.020004
-0.034393
0.007519
-0.011070
0.019409
-0.005939
0.032074
-0.026031
-0.041809
0.028610
0.042877
0.018158
0.023026
0.006382
-0.014221
0.020248
0.025543
0.025192
-0.017258
-0.021378
0.019882
0.023483
-0.034058
0.001191
0.002983
-0.021240
-0.019150
0.026703
-0.003626
0.026306
0.001974
0.031464
0.019714
0.026276
0.011696
0.000053
-0.009109
0.027802
-0.022812
0.021042
-0.003960
-0.019135
0.036133
0.008293
0.002867
-0.015068
0.019485
-0.021881
-0.006824
-0.028549
-0.021530
-0.031021
0.005249
-0.029449
0.036163
-0.022415
0.013191
0.005142
-0.030457
0.009422
-0.028046
-0.011208
0.030472
0.016434
-0.002666
-0.003813
0.031433
0.016769
-0.029495
-0.021378
0.011391
-0.006550
-0.009598
0.008331
-0.038361
-0.016785
-0.019653
-0.002766
0.015312
-0.002123
-0.018433
0.036804
0.031006
0.008064
-0.033875
0.000546
0.027283
-0.014145
0.012978
0.040894
0.023132
-0.002838
0.019653
-0.029999
0.001941
0.019272
-0.022476
-0.020615
-0.023117
0.007389
0.012711
-0.023758
0.030960
0.006233
-0.003454
-0.006382
0.019257
0.036469
-0.031219
0.035034
0.000725
-0.036865
0.052185
0.003229
-0.002373
-0.004227
-0.037567
0.019241
0.007721
-0.025909
-0.024460
0.024612
-0.010544
0.001528
-0.038910
-0.014549
0.017441
-0.020660
-0.015640
0.013893
0.001753
-0.050812
-0.007664
-0.013435
0.022507
0.046600
0.021576
0.011444
0.011360
0.023468
0.021988
0.039154
0.015236
-0.024673
0.002472
0.011833
-0.018448
-0.002607
-0.013855
0.010719
-0.009399
0.027664
-0.025803
0.001357
0.042603
-0.031647
0.027222
0.031708
0.008224
0.021133
0.015717
0.013298
0.028915
0.026840
-0.034912
0.014801
-0.026779
-0.003746
-0.059753
0.020844
-0.019165
0.008194
0.001760
-0.015625
-0.023117
0.015312
-0.022400
0.039215
-0.016388
0.022873
0.027847
0.012848
-0.041718
-0.019531
-0.012520
0.039917
0.045319
0.015686
0.032715
-0.028351
0.036774
0.007835
-0.014221
-0.004372
0.037384
0.063416
0.040344
-0.014793
0.007896
-0.025879
-0.008568
-0.010483
-0.035614
-0.007183
-0.043091
-0.028091
0.007187
-0.015869
0.022903
-0.034515
-0.009544
0.031647
0.044189
-0.012283
0.023804
-0.029984
-0.007378
-0.031586
-0.027069
-0.058807
-0.005413
0.020172
-0.019424
-0.016479
-0.022263
-0.046021
0.010094
0.020706
-0.032257
0.028381
-0.025208
-0.044128
-0.035583
-0.011322
-0.005764
-0.004200
0.040924
0.018387
0.020065
-0.011429
0.006611
-0.016876
-0.029617
0.002626
-0.013062
0.001030
-0.033813
-0.031891
0.041351
-0.027847
0.007351
-0.037201
-0.001637
0.018311
-0.006752
0.018463
-0.018097
0.013557
-0.015274
0.038635
0.025650
-0.046204
-0.028534
0.013748
-0.024628
-0.023087
0.015221
-0.005280
-0.011528
0.008926
-0.019775
0.015533
-0.008942
-0.036774
-0.029572
-0.015533
0.015762
-0.026154
0.031494
0.009689
0.018875
-0.034485
-0.008774
-0.007069
-0.014435
0.007263
-0.010574
-0.015373
-0.020447
0.021835
-0.011040
-0.030716
0.009445
0.017044
0.021576
-0.045441
0.009575
0.016388
-0.003712
0.012360
0.013855
0.019226
-0.019272
-0.016953
-0.021454
-0.032623
0.001718
-0.018433
0.003881
-0.045349
0.010315
0.013733
-0.009529
0.030426
-0.002838
0.007137
0.014015
-0.014915
0.003441
-0.042755
-0.008530
-0.019257
-0.022949
-0.015579
-0.011589
-0.004543
0.034698
-0.041931
-0.048492
-0.012398
0.000632
0.000239
-0.039307
-0.010941
-0.017166
-0.006489
-0.040100
-0.030518
0.000524
0.025635
-0.015358
-0.055756
0.035217
-0.002956
-0.011581
0.019730
0.034119
0.007164
0.004932
-0.021484
-0.008797
-0.003370
-0.033569
0.030472
0.006100
0.013161
0.027390
-0.006664
-0.020294
0.006023
0.010056
-0.023468
0.036682
0.003839
0.027878
0.020828
0.031738
-0.022430
-0.030685
0.014496
-0.007927
-0.009758
0.027527
-0.007896
0.009415
0.026413
-0.022629
-0.006317
-0.024414
-0.025696
-0.008080
-0.022217
0.015244
-0.013496
0.019104
0.008026
-0.004395
-0.009377
0.026749
0.032166
-0.025421
-0.030991
0.027542
-0.029694
-0.002047
0.007652
-0.011749
0.026474
0.026138
0.016678
0.027390
-0.040741
-0.026443
0.003683
-0.018860
-0.028503
-0.018555
-0.006546
0.012291
-0.013092
0.019516
0.007240
-0.010704
0.027328
0.035095
-0.017975
0.020187
0.012947
-0.003723
-0.002300
-0.000365
-0.001867
-0.001514
-0.019180
0.000936
0.030289
-0.014091
0.010658
-0.000525
0.035400
0.013489
0.001201
-0.026886
-0.014893
-0.022614
0.032745
0.023911
0.008575
0.021362
0.000491
0.005772
-0.026810
0.013062
-0.038788
-0.013672
-0.017120
0.018448
0.027451
0.018326
0.001381
0.010849
0.005066
0.016022
0.002272
0.022354
0.030640
0.009422
-0.009216
0.003922
-0.009888
-0.019852
-0.009544
-0.009193
0.025574
-0.005581
0.027344
-0.023117
0.026352
0.027283
-0.012749
0.000069
0.018661
0.028488
-0.012787
0.010597
0.017303
0.007881
0.020813
0.022675
0.015556
-0.026306
-0.010208
0.022522
0.025665
-0.037567
-0.024567
-0.019958
0.008591
-0.003229
0.030182
0.011726
-0.013672
-0.018311
0.049866
0.007801
-0.052429
0.010933
0.032898
-0.012329
-0.067627
0.020050
-0.020920
-0.010796
-0.002262
-0.022690
-0.023300
-0.053986
0.015205
-0.026703
0.021118
0.001322
-0.018768
0.024673
0.034302
-0.011841
-0.049316
0.008118
-0.005554
-0.010941
0.026031
0.001608
0.016968
-0.019699
0.006851
0.006741
-0.028275
-0.000365
-0.009476
-0.018951
-0.014549
0.024384
-0.047546
0.016571
-0.017258
0.010231
-0.025696
0.023956
-0.042725
-0.015854
-0.037140
-0.005596
-0.025879
-0.052155
0.007679
-0.017593
-0.018631
-0.048920
0.023148
-0.011955
-0.030640
-0.024811
0.031708
-0.053833
0.066467
-0.037384
-0.029175
0.004574
-0.001324
0.006821
-0.054749
0.008514
0.021255
0.003557
0.019363
-0.023499
-0.028748
-0.030701
-0.032593
0.014252
-0.000438
0.033630
-0.003664
-0.033234
-0.098511
0.014854
-0.038910
0.010887
0.011032
-0.065674
0.043976
0.017380
0.014709
0.002485
0.021576
0.008232
-0.012489
0.000948
0.043213
-0.001652
-0.024612
0.016357
-0.013161
-0.017685
-0.032257
0.040558
-0.025513
0.029251
-0.015869
0.019470
0.045013
0.040863
0.023499
-0.007530
-0.073853
0.050140
-0.002289
-0.008453
0.016663
-0.023315
-0.033478
0.021194
0.013382
-0.075256
-0.006718
-0.048981
-0.032593
-0.002722
-0.016296
-0.010506
0.028458
-0.008163
0.035889
0.062561
0.014137
0.027206
0.028000
0.075256
0.029495
-0.005398
0.034607
0.042419
0.053223
0.022308
0.050415
0.037415
0.060150
0.013977
-0.007439
-0.056274
0.041382
-0.006657
0.002485
-0.017822
-0.035645
-0.051147
0.097473
0.030457
0.065491
-0.026260
-0.004742
-0.065735
0.070251
0.018433
0.013046
-0.048248
-0.109985
0.071838
0.031372
0.045776
-0.001845
0.012337
0.034241
-0.019989
-0.003094
-0.033356
-0.007236
0.049225
-0.022293
-0.049225
0.034027
0.038147
-0.013672
0.036926
-0.019836
0.037506
0.011627
0.014465
0.004307
-0.044250
0.056427
-0.013084
0.041260
0.014847
-0.059235
0.040161
0.016739
0.014076
0.033203
-0.047974
0.104797
0.039062
-0.052826
0.048035
0.062042
0.014046
0.026184
-0.023987
0.002104
0.005875
0.014954
0.067139
0.007244
-0.001982
0.068359
0.034180
0.075439
-0.004662
0.005482
-0.009224
-0.008087
0.040161
0.009972
0.030487
0.041443
-0.015900
-0.035492
0.004753
-0.060455
0.010590
-0.082214
0.061157
-0.012215
0.057159
-0.005192
0.003845
0.055145
0.044434
-0.029999
0.020203
-0.033112
0.011169
0.002993
-0.007305
0.037567
0.055542
0.059143
0.032532
-0.058777
-0.069336
0.017578
0.041809
0.028381
0.041077
0.003241
-0.010284
0.053040
-0.075439
-0.018707
-0.044556
-0.017303
0.024460
-0.004410
-0.033539
0.029022
0.028717
-0.011375
0.011902
0.010269
0.004021
-0.003166
0.019974
-0.029739
-0.029007
0.027985
-0.025940
0.007866
-0.033783
-0.027985
0.007420
0.029633
-0.016495
-0.032928
0.032654
0.002682
0.031860
-0.028290
-0.032593
0.004944
-0.028992
0.001391
-0.001459
0.012955
-0.022202
0.024597
-0.006519
-0.008362
0.015503
0.029755
-0.013191
0.010979
-0.000415
0.024277
0.018860
-0.035522
0.037964
0.009804
0.029572
-0.012154
-0.030182
-0.011368
0.008759
0.036377
-0.026459
0.027695
0.012772
0.017044
-0.030136
0.013023
-0.003693
-0.002142
0.015869
0.005676
-0.026505
0.025696
-0.023041
0.016769
-0.037109
-0.004799
0.036713
0.028519
0.001571
0.006016
-0.020248
0.014290
0.010689
0.015945
0.035919
-0.032043
0.014664
0.014824
-0.017792
0.021774
0.028442
0.001454
0.010818
0.013741
-0.006752
0.029160
-0.016235
-0.016769
0.015015
0.004078
-0.015617
-0.019775
0.019165
-0.018066
0.002396
-0.001285
0.022537
0.025116
0.008835
-0.015671
-0.018509
0.009689
0.027908
-0.017426
-0.003502
0.031494
-0.003262
-0.014397
-0.007904
-0.009422
0.024506
-0.033386
-0.030289
-0.003857
0.030441
-0.034546
-0.019760
-0.014709
0.005116
0.012573
0.006233
-0.019669
-0.028290
0.029221
0.016785
-0.003975
-0.005898
-0.011848
0.022659
-0.016098
-0.020264
-0.021622
-0.001574
-0.031525
-0.018478
0.014137
-0.014656
0.024246
0.016449
-0.014931
0.019043
-0.022049
0.010239
-0.019318
-0.011513
0.010605
-0.023376
0.019974
0.033630
-0.001771
-0.000338
-0.022217
0.033905
-0.018478
0.005592
-0.019928
0.017197
0.022919
0.000248
0.011383
0.022385
0.005539
0.025253
-0.038269
0.034210
0.001186
-0.029587
0.028107
-0.023331
-0.015976
-0.017899
0.031097
-0.012527
0.018234
-0.003922
0.006481
-0.022858
-0.021240
-0.015221
-0.045074
-0.029068
-0.003292
-0.002335
-0.025162
0.016739
0.038239
0.032349
0.009308
-0.016052
0.019058
0.036499
0.010910
0.007912
0.046204
-0.020386
0.016220
-0.015114
-0.039978
0.030212
0.036102
0.022415
0.008163
0.031128
0.010521
-0.000253
-0.031204
-0.009659
0.010170
0.034119
0.009750
-0.044708
-0.057281
0.021606
-0.022003
-0.000235
-0.027252
-0.010437
-0.003677
0.001622
0.012703
-0.018646
0.019333
-0.008751
0.037323
-0.010178
-0.016159
-0.018814
0.000246
0.021820
0.011566
0.027908
0.037994
0.017548
-0.005638
-0.028503
0.036041
0.026779
0.030258
0.001191
0.012215
-0.011200
-0.003773
-0.016647
0.021179
-0.005840
0.037140
0.006680
-0.011841
-0.020706
0.016876
0.025742
0.003519
-0.021713
0.001221
0.048798
0.025269
0.039551
-0.039368
0.001922
0.002386
0.035339
-0.004211
-0.001670
-0.018509
-0.003643
0.055878
-0.028091
0.032288
0.039185
0.028992
-0.024597
0.023666
0.022263
0.031311
-0.007156
0.020615
-0.014824
0.040283
0.008415
-0.025543
-0.002708
0.003292
0.018478
-0.003723
-0.018555
0.000834
-0.003050
0.028854
-0.013977
0.029175
-0.009613
0.016342
0.005016
0.034119
0.001746
0.015076
-0.046814
0.035950
-0.004734
0.000402
-0.035248
-0.013512
0.036438
0.007526
0.035187
-0.040894
0.019760
0.002535
-0.005127
0.017212
0.012833
0.021957
0.001782
0.030228
0.052429
0.020233
0.004066
-0.003090
0.045502
-0.008705
-0.006058
0.004730
0.026993
-0.050354
-0.029724
0.008453
0.006931
0.044586
-0.045380
-0.015625
-0.018524
0.029633
0.021973
0.020538
-0.001166
0.037048
0.017609
-0.005882
0.012451
0.005215
0.034546
0.040894
-0.049225
0.015007
0.039490
0.022675
0.019150
-0.021317
-0.019913
0.016251
0.019455
-0.006523
-0.010193
0.019333
-0.050690
-0.000190
0.026016
0.053223
-0.027496
-0.026642
-0.005814
0.021027
-0.000690
-0.010910
-0.017303
0.004959
-0.031097
0.039703
0.025589
-0.006096
0.032043
0.034485
0.047913
-0.010971
0.036957
0.043854
0.013420
0.009727
0.007420
0.005638
0.012451
0.022461
0.016769
-0.007671
-0.020172
0.016556
-0.025757
0.013367
-0.019226
0.017761
-0.026688
0.024796
0.022430
0.014755
-0.031677
0.028259
-0.003214
-0.023499
-0.008873
-0.033813
0.002733
0.003794
-0.018921
-0.018341
0.032776
-0.007332
0.022736
0.030243
0.009514
0.035339
0.032837
0.020126
-0.014740
0.031799
-0.002161
-0.023209
-0.001314
-0.003347
-0.004040
-0.015793
-0.011848
-0.023346
0.026581
0.002018
0.002621
0.029144
0.024277
0.003120
0.026123
-0.017212
-0.031952
0.016464
-0.015274
0.033051
-0.037048
0.032013
-0.015541
-0.015167
0.031891
-0.016068
-0.028732
0.012215
-0.005997
-0.011032
-0.009171
0.023865
0.014595
-0.003290
0.016006
-0.018646
-0.015762
0.022064
-0.013763
-0.025452
-0.001797
-0.002916
-0.009903
0.019623
-0.011215
0.002161
-0.025299
0.004120
0.033752
-0.027237
-0.034393
-0.005783
0.006985
0.035675
0.028748
0.023117
-0.000383
0.020218
-0.008667
0.009682
-0.009865
0.008682
0.027939
0.003115
-0.018753
0.005634
0.012978
0.001781
-0.003633
0.017487
0.023239
0.011330
0.026001
-0.029633
-0.007866
0.007195
0.025116
-0.011963
0.024216
-0.026749
0.034149
-0.034851
0.026566
-0.029510
-0.007740
-0.020126
0.031342
0.030548
0.013565
0.026306
-0.022430
-0.019913
0.023666
-0.029831
-0.006866
-0.007092
-0.026917
-0.032074
0.018936
-0.015259
-0.022354
-0.007252
0.026245
0.007820
-0.005241
0.011490
0.037598
-0.033569
0.017242
-0.018784
0.014565
0.028244
-0.002367
-0.023849
0.002865
0.034454
0.027634
0.018677
0.026535
0.037476
0.015930
-0.030502
0.029221
-0.030396
0.024017
0.019287
-0.037384
-0.005947
-0.026535
0.017212
0.004524
0.027267
-0.011810
-0.038849
-0.010590
0.017014
-0.009941
0.029770
0.010353
0.023605
-0.014038
0.010406
0.020050
0.011497
-0.030197
-0.006477
-0.044250
-0.015511
0.003426
-0.024673
-0.020325
0.002605
0.037323
-0.004757
0.022736
0.034790
-0.035675
-0.010849
-0.013649
0.011353
0.002781
-0.003084
0.022491
0.012215
-0.002312
0.023468
0.054169
-0.015701
-0.014008
0.023193
0.003189
-0.007786
-0.023300
0.030426
0.010071
-0.024780
0.031250
0.024567
0.038239
-0.018585
0.010452
-0.001528
0.014107
0.010681
0.034027
-0.042175
-0.013069
0.013466
-0.026413
0.038147
-0.037872
0.003038
-0.009911
-0.028320
-0.013435
-0.010422
0.007820
0.030807
-0.026672
0.024612
0.014343
0.008995
-0.016983
-0.018280
0.033844
0.019119
0.042114
-0.028076
0.023422
-0.010132
-0.027985
-0.014053
-0.014938
0.011909
-0.023956
0.016861
-0.003174
0.009476
-0.019226
-0.014336
-0.003239
0.019684
-0.030441
-0.019745
0.023193
-0.006393
0.025162
-0.031891
-0.006638
0.021057
-0.016098
-0.017944
-0.014000
0.026886
-0.022614
0.031006
-0.007565
-0.027191
-0.027222
0.033142
0.026642
-0.000788
-0.019119
0.019943
-0.021484
-0.014412
0.001328
-0.025772
-0.022461
-0.009583
-0.016907
-0.030975
-0.021561
-0.016937
-0.010963
0.025360
0.015053
-0.016312
-0.013412
-0.046234
-0.029083
0.006615
-0.025024
-0.020966
-0.033356
-0.032013
0.032745
0.016815
-0.025101
-0.030014
0.017868
-0.028595
-0.032806
0.005043
0.025940
0.027634
-0.005466
0.030701
-0.043915
0.016663
0.012962
-0.029434
0.015701
0.003662
-0.016678
-0.024002
-0.014580
0.010986
0.038269
-0.036896
0.004089
-0.018021
0.008163
-0.029816
0.003332
-0.038239
0.002014
0.032410
0.032684
0.039307
0.026535
0.018402
-0.005863
0.029572
-0.013184
0.003956
-0.005154
-0.011536
0.012077
0.028748
-0.009140
0.034912
0.009422
0.020081
-0.025574
0.034637
-0.023346
0.018204
0.031113
-0.029465
-0.015701
0.024933
0.026062
-0.001553
-0.025009
0.024536
-0.012550
-0.001481
0.024673
-0.031158
-0.016312
-0.008507
-0.032928
-0.026962
0.022400
0.027924
-0.025558
-0.020416
-0.018326
0.000083
-0.000096
0.007416
0.004139
0.001454
0.023071
-0.015015
0.018402
-0.034119
-0.016739
0.011948
0.010452
0.033295
0.017532
0.029602
-0.013466
-0.004993
-0.006237
0.004875
0.023727
-0.022949
0.027893
-0.004002
0.006622
-0.010689
0.024567
0.012993
0.025833
-0.017441
-0.024689
0.000499
0.019379
0.001847
0.015450
-0.046753
0.024689
0.014961
-0.009895
-0.011391
0.004646
0.005569
-0.006042
0.040466
0.013062
-0.012306
-0.028931
0.018188
-0.019882
0.020905
0.003195
-0.036926
-0.022385
0.007397
0.020706
-0.022964
-0.026672
0.009712
-0.026886
0.005775
0.024796
-0.029861
-0.013733
0.007397
-0.004993
0.001340
-0.018967
0.007347
0.021896
-0.032562
0.016098
0.017715
-0.014786
0.026581
0.026855
0.025024
0.020935
-0.009941
0.011482
-0.012207
0.000663
0.008186
-0.014656
-0.003016
-0.001268
-0.035126
0.019806
0.033295
-0.022705
-0.001922
-0.014168
-0.034576
0.013954
0.003017
-0.018814
-0.002527
0.004883
-0.032288
-0.002945
0.035980
-0.023407
0.015579
0.008835
-0.027634
0.018524
0.045715
-0.001300
0.001147
-0.031464
-0.012794
-0.030151
-0.025345
0.000951
-0.001139
0.043793
0.024246
-0.031738
0.025421
0.019867
-0.024734
-0.009689
-0.012367
0.031082
0.014214
0.028717
0.024490
-0.006195
0.013039
-0.029724
-0.029755
0.006519
-0.008034
0.002502
0.010582
-0.029816
-0.016022
0.006985
-0.001371
0.028030
0.011719
0.020355
0.040894
-0.002516
-0.007423
-0.006145
0.028351
-0.012962
-0.017853
0.013695
-0.002319
-0.009636
-0.000284
-0.038483
-0.023682
-0.007442
0.006611
0.012787
-0.025757
-0.021576
-0.006332
0.031677
0.039490
-0.014778
-0.021011
0.014900
-0.018768
-0.023865
0.037109
0.029373
-0.011093
-0.000197
-0.040375
-0.005867
0.009247
-0.026596
-0.007835
-0.011383
0.030304
-0.014221
-0.015076
-0.013611
0.018707
0.030258
-0.015930
0.009804
0.018509
-0.009903
-0.031769
0.024399
0.000876
0.012070
-0.014359
-0.023071
0.013908
0.002039
-0.014397
0.009644
0.017410
-0.028839
0.016327
0.010109
0.012054
0.008011
0.027863
0.028366
-0.011139
-0.017441
-0.000760
-0.033691
-0.004387
0.046356
-0.011681
-0.022354
0.001781
-0.041992
0.012527
-0.007469
-0.006584
-0.026321
-0.018143
0.000296
0.026047
-0.040100
-0.019409
0.016998
0.025787
0.013855
-0.008362
0.026855
0.036377
-0.003174
0.031860
0.003550
0.024765
-0.028687
-0.035980
0.003618
-0.013893
0.025482
0.026276
0.018478
-0.002819
0.031494
-0.036041
-0.021606
0.032135
-0.020233
-0.025223
0.018890
0.009224
-0.031006
0.000182
0.015327
-0.025314
0.026566
-0.012802
-0.009697
0.011475
0.030838
0.008850
0.005119
-0.004616
-0.011894
0.011063
-0.014900
-0.023224
0.009087
-0.038330
0.003845
-0.016846
-0.033112
-0.004475
0.008713
0.018982
0.014435
0.031052
0.005329
0.028946
-0.000150
-0.001570
0.005775
0.008774
0.032990
-0.018829
0.007935
0.028061
-0.008385
0.029922
-0.007710
-0.008743
-0.026459
-0.004192
-0.012894
0.026031
-0.007988
-0.028732
-0.024216
0.025757
-0.023270
-0.015045
0.043427
-0.006813
0.023926
0.021332
-0.007645
0.005711
0.006943
0.006626
0.022614
-0.014450
-0.031403
0.008263
-0.034760
-0.016037
-0.005192
-0.013245
0.015465
-0.024231
0.005791
0.026154
-0.028595
0.000287
0.024399
0.036896
0.013603
0.016388
0.025864
-0.012596
0.001582
0.022476
-0.024780
0.002687
-0.037811
-0.021835
0.009384
-0.031921
-0.022842
-0.001566
0.024414
-0.024918
0.026337
-0.002314
-0.016556
0.027496
-0.021622
-0.007164
-0.014107
-0.012291
0.020172
-0.029083
0.000299
0.018311
-0.017242
-0.004345
0.031052
0.027466
-0.008408
-0.026306
0.003244
-0.017746
-0.019791
-0.016205
0.004051
-0.021561
0.024979
-0.006172
-0.031921
0.000902
-0.031494
0.022568
0.023117
0.003548
0.023254
0.022064
-0.020386
-0.003429
-0.007080
-0.030548
0.023453
0.008957
-0.008141
0.034546
-0.013184
-0.018494
0.019958
-0.007763
-0.013687
-0.014313
-0.010918
0.005661
-0.034149
0.008369
-0.016907
0.026520
-0.013100
-0.032043
-0.026291
0.030319
0.026001
0.012642
0.022903
-0.020065
0.030975
-0.017975
-0.010033
-0.022247
-0.023193
-0.007290
-0.003014
-0.037750
-0.016083
0.010612
-0.000054
0.003952
0.019440
-0.023148
0.005730
0.014053
-0.020966
0.008118
0.046967
-0.002609
-0.020340
-0.000088
-0.004200
-0.038391
0.012077
-0.004688
-0.035278
0.036011
0.013779
0.037476
0.010490
-0.012840
0.010971
-0.019775
-0.000706
-0.024963
-0.019241
-0.040680
-0.002853
-0.049225
0.030869
-0.018311
0.032043
-0.035461
-0.046814
0.017090
-0.037964
0.053406
-0.013824
0.017303
-0.003340
0.020920
0.012894
0.011116
-0.033539
-0.003380
-0.033173
0.031097
-0.019043
-0.046631
0.026627
0.021347
0.014679
0.030228
-0.017578
-0.017181
-0.007061
-0.008415
-0.039703
0.013611
0.012543
-0.011116
0.054626
-0.001245
0.024887
-0.001430
0.013962
0.009636
-0.017471
-0.018143
-0.040283
0.025940
-0.031494
0.008865
0.033447
-0.028381
0.000849
0.019409
0.015533
-0.012550
0.000358
-0.008286
0.008018
0.008110
0.016785
-0.043030
0.027496
0.021622
0.025909
-0.041443
-0.003937
-0.008003
0.026962
0.011047
-0.015495
-0.005352
0.044403
0.000279
-0.024887
-0.003500
-0.044647
-0.011658
0.025635
-0.025818
0.004856
-0.010132
-0.050629
-0.023087
-0.011192
-0.049133
0.008728
0.013718
0.002909
-0.021072
-0.020798
0.045502
-0.050110
0.010208
-0.017166
0.028900
-0.039703
0.010445
-0.034332
-0.020905
0.051361
0.003185
0.006535
-0.066223
-0.012230
-0.025757
-0.013649
-0.017624
0.002392
0.000710
0.064026
0.016144
0.018539
-0.039276
-0.030334
-0.011314
0.028229
-0.008537
0.016083
-0.010384
-0.023911
-0.016068
0.029510
-0.001297
-0.025131
-0.059540
-0.056152
0.015060
-0.040527
-0.010628
0.047607
-0.011932
0.065063
-0.044586
-0.045532
0.027420
0.028091
0.009682
-0.029404
0.011406
-0.060242
0.019211
-0.001597
-0.000639
-0.018814
-0.056061
0.041077
-0.013687
0.011581
-0.025543
-0.006535
-0.028030
0.023499
-0.063293
-0.043884
0.009857
0.036285
-0.027267
-0.043427
0.017960
-0.005890
-0.011147
-0.008926
-0.029007
0.014847
0.021439
0.025818
-0.049469
-0.021271
0.047302
0.052765
-0.043365
-0.057098
-0.035522
0.054718
0.029617
0.002228
-0.057892
0.042938
-0.032715
-0.023666
-0.034790
0.007061
0.020966
0.008675
0.006401
-0.042847
0.030701
0.001544
-0.020599
0.016983
-0.022827
-0.011734
-0.064331
0.008835
0.012794
0.006657
-0.030685
-0.007370
0.014069
0.040253
0.023071
-0.014168
-0.046448
-0.049133
0.037659
-0.008575
-0.041504
-0.004848
0.040710
0.030457
-0.008987
-0.033051
0.017654
0.024567
0.020004
-0.010658
0.001363
0.010109
0.007046
-0.018219
0.035980
-0.015091
0.029526
-0.004517
-0.017792
-0.035645
-0.018463
0.043579
0.027466
-0.011787
0.013138
0.028473
0.012184
0.011055
0.029083
-0.031891
0.007515
-0.012268
0.029007
0.014267
-0.017731
0.017288
-0.002878
-0.021042
-0.027679
-0.033478
-0.008377
0.001326
0.012642
-0.028244
-0.026855
0.025314
-0.032593
-0.022308
0.017731
0.026749
0.030472
0.027802
-0.032257
-0.003998
-0.013603
0.009499
0.021973
-0.010796
-0.006798
-0.002676
-0.018692
-0.037079
0.000474
0.001836
-0.000042
-0.019531
-0.025391
-0.005291
0.018555
0.024261
-0.008469
-0.005432
-0.008415
-0.008003
-0.028595
0.024048
0.010872
0.011330
-0.013206
0.012909
0.038055
-0.014343
-0.034180
0.016891
0.002983
0.029297
0.025330
-0.009232
-0.025391
0.004208
-0.006371
-0.014549
-0.002426
-0.013878
-0.002449
-0.019394
0.013985
-0.039062
0.006577
0.011932
0.011337
-0.036072
0.000884
0.030228
0.010109
-0.013680
0.007423
0.005424
0.022003
0.011795
-0.026978
-0.023300
0.027802
-0.035095
0.025864
-0.010002
0.026825
0.023956
-0.005371
0.005661
-0.011154
-0.023972
-0.031616
0.003328
0.005817
-0.005493
0.007553
0.000557
-0.015823
-0.018906
0.003202
-0.005119
-0.035980
0.003399
-0.006763
-0.006683
0.009186
0.022125
0.025101
-0.014931
-0.031555
-0.005211
-0.025192
-0.014610
-0.007076
0.026077
-0.022537
0.011650
0.009033
-0.027939
0.035187
-0.019287
0.017212
-0.006363
-0.001547
0.038177
0.003689
0.019135
-0.018799
-0.007942
0.016647
-0.003769
-0.029297
-0.017761
-0.042999
-0.002993
0.011711
0.035828
-0.029938
-0.044128
-0.007763
0.005852
0.028244
-0.002985
0.011421
0.010178
0.016602
0.030228
-0.000204
0.000345
0.001593
0.030167
0.017776
0.016693
0.004059
0.002398
-0.023972
0.021408
-0.020889
-0.023270
0.036591
0.021896
-0.015556
-0.005238
0.023712
0.041107
0.015732
0.031433
-0.026169
-0.005707
-0.022568
0.016800
0.040558
0.016251
0.023392
-0.020554
-0.005466
-0.002953
0.015915
0.017990
0.005291
0.018463
0.013184
-0.021683
-0.040497
0.026489
-0.020660
-0.043793
0.029282
0.001346
-0.029648
0.027817
-0.026108
0.009048
-0.049683
0.002512
-0.003998
0.009666
0.019455
0.026108
0.018692
0.016830
-0.015083
-0.013687
0.027267
-0.015602
0.036621
-0.015427
0.014816
-0.001354
0.011009
-0.034393
0.026642
0.007687
0.027924
0.003925
-0.006004
0.021149
-0.023911
-0.003086
-0.012939
-0.008232
0.018845
-0.019897
-0.017700
-0.024460
-0.007996
-0.026627
0.004665
-0.024414
-0.011909
0.043274
-0.024536
0.029434
0.028244
-0.005363
0.012970
0.015045
-0.018860
0.029343
0.009979
0.005199
0.031281
-0.009369
-0.017960
-0.028580
0.013550
-0.008652
-0.014603
0.005459
0.022125
-0.000782
0.033081
0.023697
0.008186
-0.013069
0.027802
-0.041382
-0.032410
0.014084
0.030731
-0.014931
0.026657
-0.002615
-0.011627
-0.006256
0.008255
0.011780
-0.010193
-0.035187
-0.025528
-0.023453
0.020004
0.007130
-0.012138
-0.020096
0.031342
0.005100
0.013130
0.036377
0.022949
0.014046
0.033081
0.020859
0.025284
0.007912
-0.029449
-0.014702
-0.009766
-0.028351
-0.022934
0.013405
0.012863
0.011024
-0.006252
0.013519
-0.000969
-0.024200
-0.024200
-0.019180
0.021057
0.024521
0.021149
-0.002710
-0.020874
-0.027634
-0.018005
-0.014099
-0.028381
0.031586
0.023163
0.020813
0.016113
-0.023804
-0.026917
-0.031586
-0.006081
0.016342
0.011948
-0.024506
-0.016510
0.011909
0.007603
-0.026627
0.012199
0.037109
0.028229
-0.024231
0.008507
-0.010880
-0.016037
-0.003550
-0.025543
0.021805
-0.035919
0.020325
-0.025543
-0.017136
0.008400
-0.012993
0.024170
0.014404
0.022278
0.035126
-0.021561
-0.020798
-0.018524
-0.009102
0.021271
-0.014328
-0.011017
0.024429
0.035034
0.030853
-0.014931
-0.024094
-0.031586
0.030640
-0.010284
0.005852
0.013901
-0.020523
0.023270
0.014763
0.047241
0.040527
0.025299
0.054779
-0.024887
0.014572
-0.016754
-0.016403
0.060242
0.040710
0.002947
-0.002516
0.012886
0.019089
0.047089
0.065491
-0.002468
-0.052490
0.038177
0.026306
-0.003870
-0.015854
-0.002762
-0.057617
0.055756
0.057861
0.039978
0.003319
-0.004185
-0.069397
0.045959
0.003115
0.057800
-0.018509
-0.088806
0.047333
-0.015823
0.037018
0.012955
0.056366
0.029709
-0.002592
0.019012
0.000174
-0.007668
0.014160
-0.014015
-0.049377
0.047058
0.012505
-0.029007
0.040405
-0.041534
0.007896
0.049347
0.013947
0.048492
-0.062012
-0.018387
-0.017075
0.052063
0.043823
0.012444
-0.015297
-0.000790
0.020432
0.069458
-0.008759
0.009056
-0.006393
-0.013458
0.063599
0.009399
-0.031006
0.021591
0.019821
-0.020660
-0.038605
0.028122
0.013969
-0.034180
-0.061096
-0.002619
0.008835
0.024216
0.022842
0.037567
-0.014717
0.052277
0.029282
0.006889
0.050385
0.034119
-0.006493
-0.043365
0.051636
-0.044861
0.035828
-0.026062
0.007397
0.026367
0.022247
-0.010735
0.014061
-0.022232
0.059692
-0.065430
0.007828
-0.037018
-0.042999
0.035217
0.004250
0.013596
0.054413
-0.007996
0.027664
0.010818
-0.021057
0.040802
0.023315
-0.040802
-0.025040
-0.000974
-0.024506
0.018356
0.009911
-0.010513
0.004505
0.018784
-0.013222
-0.001084
0.036743
-0.020844
0.032227
0.001669
-0.003904
-0.011513
0.024094
-0.000409
-0.020126
-0.029358
0.027451
0.019440
0.019424
0.033813
0.004238
0.003828
0.033264
0.031021
0.022659
-0.004196
0.017761
-0.007351
-0.020828
-0.006798
-0.023834
0.013184
-0.029205
0.011513
-0.011497
0.017639
-0.005177
0.026505
0.006264
0.027084
0.022232
-0.000080
-0.022232
0.006741
0.013855
0.007614
0.011223
0.004002
0.037659
-0.017014
0.008965
0.025604
-0.016296
-0.006706
-0.022919
-0.035828
-0.008102
0.027191
0.026688
0.006840
-0.013229
-0.031616
-0.032837
-0.003893
-0.024185
0.035248
0.018250
0.035614
-0.002665
-0.019714
0.030228
-0.014900
0.020691
0.013222
0.037384
-0.026337
0.001234
0.038483
0.006138
-0.029419
0.004719
0.023209
0.032135
0.022385
-0.004322
-0.009598
-0.021957
0.025848
0.019913
-0.007919
0.042236
0.003031
-0.026352
0.025543
-0.002724
-0.033142
-0.024963
0.010132
-0.031052
0.018646
0.024155
-0.009659
0.035614
0.011093
-0.035706
0.014664
-0.010269
-0.024628
-0.023621
-0.028259
0.028229
0.021469
-0.017502
-0.019791
0.027985
-0.016724
0.023361
0.035645
0.002951
0.019363
0.001250
0.033020
0.016373
-0.020844
-0.030457
-0.034576
0.013428
0.023300
0.019531
-0.014069
-0.012634
-0.026550
-0.043884
0.016785
0.000785
0.029388
-0.017029
0.026443
0.044708
-0.043976
-0.001980
-0.040009
0.035583
-0.043976
-0.007729
0.012314
-0.034912
-0.004784
0.024536
-0.043549
0.005383
-0.006992
0.028564
0.012115
0.040192
0.006111
-0.023819
-0.021866
0.033539
-0.002417
0.033264
0.030487
0.005825
-0.030334
0.041168
-0.014320
0.013351
-0.017715
-0.009285
-0.045197
-0.000856
0.007538
0.013397
0.008057
-0.000695
-0.002508
0.015915
0.010544
0.034119
-0.033478
-0.012711
-0.014572
-0.033600
0.028259
-0.016922
0.007442
-0.024994
-0.046661
0.043549
-0.047394
-0.000775
0.019196
-0.007580
-0.011795
-0.011246
-0.005913
0.027145
-0.056335
0.024261
0.050812
-0.052551
0.050110
0.011810
-0.036133
0.019897
-0.035950
0.007015
0.052643
-0.004192
-0.040497
-0.016434
0.002285
0.040466
0.012489
-0.048676
0.018478
0.008408
0.014435
-0.023499
-0.021713
0.025803
-0.058136
-0.043121
0.032776
0.025085
0.031891
0.006763
0.010155
-0.039551
-0.007599
-0.013046
-0.002337
-0.002419
-0.019684
-0.004765
-0.017456
0.002728
0.025436
-0.005932
-0.016876
-0.008751
-0.015778
0.018967
-0.015732
0.003038
-0.035370
-0.035309
0.024185
0.029999
-0.001976
-0.053589
-0.007927
-0.041168
-0.008240
0.011566
-0.008537
0.031860
-0.014320
-0.019852
0.062103
0.056122
-0.052063
0.044678
-0.029404
0.051270
-0.075317
-0.036316
-0.056824
0.014320
0.001418
-0.038055
0.065552
-0.037750
0.046509
0.004025
0.026855
0.017441
0.068787
0.062927
0.047302
-0.064270
-0.016251
-0.026306
0.012802
-0.005997
0.034210
-0.056152
0.056885
-0.036682
-0.068726
0.012352
0.041321
0.023849
0.021301
-0.043579
0.005157
0.057770
0.031982
0.027344
0.014595
0.020844
0.069336
-0.018372
-0.010994
0.029190
0.008522
0.017670
-0.002773
0.030746
0.019440
0.043915
-0.021500
0.035950
-0.025314
-0.010231
0.020981
-0.019669
0.021240
-0.072571
0.020386
0.061707
0.018555
-0.045776
0.023178
-0.002645
-0.038544
-0.002081
0.011894
0.023499
-0.014648
0.017670
-0.007687
-0.033752
0.014717
-0.014961
0.024918
-0.038422
0.046600
-0.031494
-0.001462
0.007778
-0.014076
0.051361
-0.041931
0.004173
0.045074
0.051514
0.020767
-0.083130
0.056915
0.048065
-0.030319
-0.046265
0.025604
0.013695
0.035400
0.042023
0.007648
-0.011009
0.016342
-0.049377
0.008469
0.035004
0.043549
-0.010239
0.029663
0.018204
-0.001615
-0.009102
-0.071167
-0.000815
-0.042542
0.017380
0.016159
0.000641
0.010590
0.061066
-0.031281
0.004520
-0.084778
-0.015053
-0.021606
0.029297
-0.009880
0.049316
0.036530
0.024170
0.045654
-0.000447
-0.020386
0.043274
-0.019882
-0.013603
0.020111
-0.009933
-0.008087
0.020767
-0.007996
0.003777
0.004677
0.028778
-0.007736
-0.019684
0.015091
0.008102
-0.003075
0.032928
-0.016678
0.016632
-0.000221
0.015823
-0.000925
-0.020065
-0.021774
-0.041931
-0.019073
-0.017365
0.022400
-0.020447
0.010193
0.035736
0.014977
0.021881
0.011734
0.042847
0.014923
-0.002623
0.032532
-0.040649
-0.017319
0.007835
-0.009148
0.010979
0.007263
0.033752
0.009811
0.004761
-0.020767
-0.014526
-0.025009
0.040405
0.013840
0.026306
0.002930
-0.000195
0.021454
-0.023026
0.016785
-0.016998
0.030640
-0.039124
0.006298
-0.005295
-0.022110
0.010765
-0.003265
-0.017929
0.001383
0.018860
-0.025650
0.005447
-0.008026
-0.003391
-0.039551
-0.033295
0.036316
-0.010490
0.004700
-0.037964
-0.011436
0.001915
-0.013901
-0.039795
-0.035370
0.041199
-0.020111
-0.008003
-0.002399
0.039612
-0.034760
0.016449
0.019760
0.025314
-0.014709
0.004463
0.037292
-0.006702
0.046356
-0.008080
-0.009995
-0.013733
-0.010139
-0.024033
0.020309
0.000602
0.028473
0.019547
-0.018661
0.022995
-0.024384
0.027344
-0.006481
0.025681
0.015900
-0.003498
0.016663
-0.032043
-0.043701
-0.018616
0.016891
0.000182
0.008308
-0.013168
0.044006
-0.038116
-0.006058
0.014572
-0.002720
0.022705
-0.028687
0.012665
-0.078430
-0.029282
-0.012566
0.030609
0.003374
-0.031113
-0.009941
0.018097
0.000973
-0.034241
0.061859
0.027679
0.003098
-0.011078
0.001329
0.023300
-0.057190
-0.035461
0.029663
-0.025177
0.028854
-0.014297
-0.025085
-0.036926
0.013000
-0.047455
0.026428
0.014221
0.006004
0.031464
-0.016479
-0.020065
-0.015198
-0.017853
0.009720
0.046997
-0.026413
0.002884
0.036926
-0.001760
-0.031830
0.014847
-0.028763
-0.003979
0.039948
-0.014229
-0.001074
0.011070
0.011276
0.022934
0.016327
-0.010880
-0.031677
-0.027481
0.015175
-0.007027
-0.024139
0.004734
0.008659
-0.018204
0.028320
-0.020752
0.032928
0.015945
0.024414
-0.007248
-0.048157
0.010536
0.024918
-0.007835
0.015732
0.012405
-0.011917
-0.024765
0.010620
0.007912
-0.018936
0.033112
0.023621
0.028397
0.051666
0.028900
0.006710
0.051239
0.021927
-0.008087
0.024048
-0.014877
0.020996
0.012146
0.021332
0.034363
-0.021408
-0.031586
-0.001885
0.039062
0.038147
0.052246
0.014038
-0.007401
0.031982
0.002792
-0.029312
0.000841
-0.004749
0.051056
0.042389
-0.014999
-0.042145
0.027847
-0.028946
0.031525
0.001995
-0.041229
0.010300
-0.045380
-0.011482
-0.020554
0.013542
0.006523
-0.052979
0.034424
0.016174
-0.027573
-0.000563
-0.017868
0.026672
0.033905
0.038940
0.031342
0.020996
0.022827
0.002140
-0.025024
-0.002888
0.009979
-0.023422
-0.037872
-0.027802
0.021515
-0.014549
-0.023285
0.023087
-0.000759
-0.008598
0.033661
0.031555
0.023056
-0.003693
-0.029953
0.028305
0.013817
-0.008202
0.001959
-0.022888
0.017227
-0.003332
-0.030075
0.025192
0.027771
-0.027969
0.016464
0.042725
-0.027069
-0.032166
0.010468
0.009903
0.017853
-0.026489
-0.002558
-0.014343
0.027512
-0.012764
-0.024719
0.008759
0.012596
0.001740
0.007591
-0.029663
-0.020844
-0.010223
0.028351
0.000604
0.015450
-0.006660
-0.033142
0.022476
0.006752
-0.032135
-0.021530
0.050995
-0.023895
0.006664
0.008316
-0.027649
0.029572
0.003683
-0.016647
-0.014153
-0.001987
-0.037048
-0.038208
-0.029251
-0.036652
-0.000605
-0.013130
0.023163
-0.013100
-0.044159
-0.035370
-0.018784
0.004055
0.003578
0.021072
0.036438
-0.010429
0.009644
-0.019348
0.009819
-0.001343
-0.006279
0.008652
0.011147
0.031647
0.017090
0.011604
-0.015900
0.005596
-0.007072
-0.004929
0.019135
-0.000881
0.017075
0.017471
-0.001204
-0.012215
-0.002005
-0.005177
0.029800
-0.005905
0.038330
0.026642
0.025787
0.012108
-0.033783
-0.015266
0.011002
-0.003799
0.033875
