-0.029022
0.006836
0.024155
-0.028625
-0.005760
0.013435
-0.026199
-0.024841
-0.011696
-0.028763
0.017120
0.008316
0.007008
0.007744
-0.000507
0.009773
0.002657
0.008705
0.011566
0.034851
0.017014
-0.025543
0.017410
0.010757
0.006538
0.027863
-0.018021
0.017242
-0.032532
0.034363
-0.026825
0.006695
-0.004040
0.013252
-0.037018
-0.021179
-0.028030
-0.003450
0.029694
0.023636
-0.012894
0.027618
0.002506
0.027008
0.028687
0.040405
-0.020523
0.022858
0.020294
0.029907
0.017929
0.020630
0.006462
0.007690
0.037109
0.009071
0.014626
0.040070
0.009109
-0.035339
0.017258
-0.030685
-0.000327
0.006798
-0.022644
-0.008430
-0.001346
-0.002026
-0.013153
0.022797
0.034760
-0.019272
0.014816
-0.020599
0.011803
0.030273
0.004639
0.024658
0.027924
0.014420
-0.015511
-0.026672
0.020859
-0.018616
-0.001595
-0.014961
-0.026810
-0.014435
-0.006062
-0.017899
-0.024414
-0.005783
0.037506
0.009453
0.026688
-0.029968
0.016739
-0.000328
0.000110
0.024094
0.029144
0.023026
-0.010475
-0.001091
-0.027145
0.009178
-0.020340
-0.015732
0.015434
-0.005226
-0.029037
-0.016174
-0.035248
0.012718
0.017365
-0.012611
0.031586
0.015366
-0.028992
0.005085
0.004368
-0.039734
0.015190
-0.029602
-0.005898
-0.010330
-0.006779
0.004898
-0.041077
0.017303
-0.029236
0.014191
0.020859
0.009438
0.033020
0.015289
-0.009651
-0.014778
0.031982
-0.026886
-0.002949
-0.009689
-0.009544
0.027023
-0.014793
-0.025009
-0.004040
0.011200
-0.029816
-0.005993
-0.024078
0.030807
0.007812
0.006622
0.020996
0.005135
0.004124
0.032593
0.043335
-0.016220
0.011452
0.016602
-0.019348
-0.007156
0.015640
-0.030930
-0.036530
0.004509
-0.031342
-0.014175
-0.003332
0.012695
-0.019699
0.031464
0.003986
-0.019058
-0.014664
-0.001467
0.035095
-0.000236
0.030823
0.033661
0.022934
0.031677
0.020233
-0.010040
-0.007633
0.008194
0.028397
-0.021973
0.017715
-0.036896
0.031342
0.023270
-0.006535
0.023911
-0.025757
0.011894
-0.034912
0.018967
-0.018677
-0.025314
-0.020737
-0.022278
0.000720
0.037994
-0.010452
0.025345
-0.023682
0.014099
0.033752
0.018692
0.004578
0.032623
-0.009033
0.008888
0.010612
0.004417
0.018158
0.000729
0.010490
-0.023254
0.009834
-0.013901
-0.029205
-0.030472
-0.017349
-0.038635
0.005028
-0.018066
0.051819
0.006199
0.023895
-0.015259
0.017105
0.001341
0.040771
-0.010078
-0.029266
0.008919
-0.017090
0.028152
0.033051
-0.003784
-0.029648
0.001537
0.009430
-0.027435
-0.016922
0.015839
0.005100
0.003721
-0.005592
-0.033997
-0.021667
-0.031464
-0.056030
-0.007397
0.034485
-0.012856
0.013893
0.032562
0.021408
-0.046814
0.023071
-0.027145
-0.011971
0.008110
-0.028351
0.028702
0.030792
0.025742
0.019791
-0.009918
0.009521
-0.030579
0.012444
0.019073
0.004978
0.039032
-0.016068
0.011459
-0.018387
-0.031082
0.004917
-0.006893
0.014305
0.029938
0.034149
-0.014740
-0.007191
0.024261
0.020248
-0.053070
0.020660
0.020660
0.011917
-0.033173
0.028702
-0.031860
0.043335
-0.032288
0.004246
0.014664
-0.021759
-0.037140
-0.023605
-0.018768
0.001904
-0.005356
-0.023621
0.006489
-0.012505
0.017578
-0.009781
0.034546
-0.034454
0.019745
-0.030838
-0.021805
0.004486
-0.009071
0.036316
0.007370
0.012451
0.013885
-0.031143
-0.008530
0.003149
-0.011887
-0.011475
0.020554
0.034821
0.046387
0.019669
0.030319
-0.030884
-0.012680
-0.002354
-0.041931
-0.034607
-0.046143
-0.032532
0.041595
0.033081
-0.011833
-0.040100
0.029770
-0.002779
-0.039215
0.026978
-0.032684
-0.000174
0.002655
0.015450
-0.020035
0.008629
0.032532
0.020538
0.024429
0.020798
-0.010178
0.034943
0.030991
-0.018646
-0.012093
-0.028900
-0.042633
0.017136
-0.014511
0.025650
0.018341
0.002392
0.015854
-0.012215
-0.034424
0.000662
-0.032501
-0.000008
-0.033447
-0.000233
-0.028580
0.009735
-0.008583
-0.008232
-0.036926
0.029861
-0.010071
0.022476
0.017258
-0.017960
-0.038055
-0.000622
-0.009300
0.020203
-0.028839
0.042419
0.023636
-0.004818
-0.013947
-0.015038
0.008369
0.011940
-0.002552
-0.019806
0.007389
0.011948
-0.029190
-0.025513
0.028229
-0.017593
0.040344
0.017853
0.002464
0.018021
0.015556
-0.024078
0.024887
0.014297
-0.017075
0.033569
-0.013245
-0.011681
-0.000493
0.013283
-0.028336
0.019913
-0.020233
-0.004917
0.014069
0.021606
0.001396
-0.010048
0.035248
0.019760
0.000810
-0.016037
0.031281
-0.007751
0.015556
-0.041504
0.023590
-0.026520
0.007236
-0.017624
0.030167
-0.022537
-0.024551
0.019714
-0.001014
-0.008850
-0.013130
-0.017654
-0.022827
-0.012276
0.038910
0.008286
0.004620
-0.022919
0.009903
0.008377
0.023361
0.030823
0.006516
-0.018677
-0.005394
-0.024414
0.024841
0.017944
0.030106
-0.008537
-0.014572
0.021942
0.011940
0.008797
0.001580
-0.018219
-0.027496
-0.000018
-0.022522
0.023010
0.003452
-0.031281
0.002806
-0.028320
-0.007439
0.003593
0.032928
-0.010895
-0.003389
-0.026840
-0.012764
-0.004444
-0.017426
0.005207
-0.026184
-0.016830
0.028030
0.013420
0.011429
0.009026
0.003986
-0.008057
0.020233
-0.021622
0.024307
-0.016647
-0.024124
0.011841
-0.026749
-0.019470
-0.021759
-0.047394
-0.012878
-0.026199
-0.031342
0.033875
0.012024
-0.002449
-0.004017
0.012535
-0.015976
0.039825
0.024796
-0.024185
-0.030396
-0.018082
0.001067
0.012909
0.036530
-0.010880
0.007626
-0.030411
-0.015656
-0.033386
0.024033
0.038086
-0.032898
0.027695
0.036835
-0.008636
0.006966
-0.014198
0.009361
-0.019379
0.018646
0.002974
0.015793
0.022125
-0.028214
0.006187
0.002020
-0.029037
-0.023148
-0.016281
0.000103
-0.023834
-0.002111
-0.006824
-0.014671
-0.011963
0.010269
-0.011749
-0.003628
0.020782
-0.000809
-0.006405
-0.000564
-0.007973
-0.007309
-0.026596
-0.031891
-0.028763
-0.026581
-0.012543
-0.003298
-0.019577
-0.030441
0.011795
-0.007431
0.009605
-0.014748
0.006935
-0.011131
0.030975
0.024612
0.026733
0.007072
0.008720
0.032837
0.006504
-0.015221
0.019241
-0.021393
-0.001296
0.028275
-0.005936
-0.024658
0.019058
-0.011200
-0.032654
0.021790
-0.008675
0.011581
0.019943
-0.037537
-0.018738
-0.016876
-0.002878
-0.022049
0.012344
-0.007313
-0.003689
0.025833
0.038879
-0.025864
0.020416
-0.035919
-0.000886
0.017136
-0.009483
0.012337
0.004818
-0.007198
0.027939
-0.007225
-0.025482
0.017471
0.023926
-0.029892
-0.014877
0.014328
-0.004227
0.022766
-0.024490
-0.018600
0.022079
-0.022659
-0.018845
0.030609
-0.022736
0.016541
-0.012756
0.007019
0.021194
0.000108
-0.024872
0.023575
-0.019363
-0.031647
-0.022018
-0.015266
0.030609
-0.016510
0.003752
-0.030792
0.030609
0.039307
0.030685
-0.022888
0.005325
-0.007259
0.024246
-0.000184
-0.007744
0.001852
0.025894
0.011673
-0.023224
-0.005478
0.018997
0.014252
-0.028214
-0.016510
0.021774
0.028152
-0.003412
-0.015961
-0.000655
0.000093
0.007179
0.026688
0.003237
-0.009148
0.015274
-0.006233
-0.002455
-0.031799
-0.023026
-0.024719
0.009010
-0.030792
-0.004475
-0.023651
0.010620
0.019821
0.001231
-0.021805
-0.002413
0.036072
-0.003653
0.000735
-0.037384
0.012444
0.013756
0.004837
-0.007046
-0.006618
-0.019562
0.007828
0.028748
-0.009743
0.011414
-0.017746
-0.031921
-0.000850
-0.007221
-0.004547
-0.043060
-0.003309
0.003523
0.001165
-0.024155
-0.013641
0.029800
0.006809
0.025436
-0.012939
-0.006954
0.013390
-0.019119
-0.035400
-0.023315
0.005424
-0.022018
0.001459
-0.030441
0.002277
-0.006752
0.027206
0.004414
-0.008461
0.026413
0.010437
-0.028503
0.003719
-0.012306
-0.030487
-0.013878
0.032501
0.019699
-0.020462
-0.019257
-0.032196
-0.004139
-0.021301
-0.009232
-0.009384
0.033966
-0.011223
-0.033691
0.003353
0.010536
-0.034607
-0.023865
-0.006474
0.004925
-0.013046
-0.026154
0.054443
0.055908
0.002028
0.020187
-0.015915
0.049652
0.000058
0.014595
0.001855
0.029221
0.028503
-0.018478
-0.002577
0.044312
0.020248
0.054199
0.010757
-0.027756
0.005154
0.021667
0.046722
-0.073303
-0.026245
-0.014412
0.047394
0.016174
0.062408
-0.018600
0.037933
-0.045654
-0.013214
-0.000044
0.033936
0.029816
0.005306
-0.001067
0.031128
-0.001573
0.007305
0.064209
-0.001504
0.017532
0.021225
-0.045441
0.030426
0.027206
0.011131
-0.005295
0.044739
0.042328
-0.011887
-0.013550
0.017685
0.031555
0.038055
-0.016006
-0.011810
-0.031738
0.006294
-0.009003
0.057831
0.016739
0.016510
-0.015350
0.039368
-0.005142
0.052948
0.000283
0.041321
0.015320
-0.031952
0.064026
0.027237
-0.036011
0.055389
0.038147
0.012817
-0.003218
-0.004009
0.026260
-0.016373
-0.055206
0.040619
0.017258
-0.014076
-0.010040
0.049164
0.055573
0.001810
0.019287
0.044159
0.040314
0.041809
-0.015427
0.011032
0.038849
-0.021942
0.012596
-0.025757
0.033752
0.017975
0.029907
-0.007454
0.044250
-0.026443
0.007648
0.022720
-0.001341
-0.015274
-0.054810
-0.005711
0.030365
-0.002966
0.023453
0.016342
-0.011177
-0.032562
0.020981
0.012787
0.021301
0.002905
0.008575
0.043518
-0.029388
-0.021896
-0.011726
-0.036865
0.028366
-0.039520
-0.019150
0.030273
-0.008072
0.004482
-0.016739
-0.021942
0.018082
-0.000634
-0.014626
0.012939
-0.016052
-0.011330
-0.030930
0.019119
-0.032806
-0.000650
0.017426
-0.005829
-0.019699
0.034302
-0.013039
-0.012733
0.023392
0.015236
-0.038971
-0.011696
-0.001859
0.009003
0.009529
0.011673
-0.000671
0.002657
0.034424
-0.002502
-0.021530
-0.029694
-0.004356
-0.039490
0.008553
-0.025879
0.022324
0.019897
-0.001773
-0.028595
0.027847
-0.026001
0.023560
0.016098
-0.039856
0.007896
0.001075
-0.000333
0.011635
0.016068
-0.010399
-0.047028
-0.017532
-0.028534
0.009682
0.010849
-0.010551
0.035065
0.005726
-0.007889
-0.023148
0.042084
-0.026749
0.009949
-0.021408
0.020569
0.025269
-0.039795
0.013748
0.015396
0.036865
0.017899
0.007828
0.015289
0.037262
-0.012115
-0.003078
-0.015991
-0.024078
-0.005859
-0.041931
-0.031342
-0.014084
0.015182
0.054688
-0.073059
-0.021515
0.037292
0.047028
-0.016190
-0.019684
0.008270
-0.009148
0.000980
-0.010994
-0.012253
0.011948
-0.004238
-0.012878
-0.011841
0.037994
0.047272
-0.012558
-0.022491
0.010216
-0.020187
0.026184
-0.009224
-0.023788
-0.044098
-0.008888
-0.044800
0.020645
-0.042572
-0.009483
0.046478
-0.043030
0.014679
-0.013451
-0.011787
0.005444
-0.006721
-0.017853
0.010773
0.012428
-0.007896
0.031769
-0.006889
0.000252
-0.056061
-0.007511
0.005360
0.005947
-0.038513
-0.013474
0.008362
-0.027008
0.047363
-0.027100
0.013428
0.035370
0.061310
-0.021332
0.026581
-0.000367
-0.026611
-0.002960
-0.029968
0.012741
-0.017319
0.012032
0.024582
-0.027832
-0.048035
-0.042969
0.015007
0.007336
0.007889
-0.039062
0.005863
0.062073
-0.046478
0.020432
-0.043274
-0.022964
-0.025421
-0.001381
0.042816
0.027542
-0.017838
0.031921
-0.046112
-0.031952
-0.006920
-0.002306
0.015244
-0.007935
-0.013954
0.002430
-0.040344
0.001739
-0.010460
-0.015404
0.012230
0.016953
0.052002
-0.009933
-0.027542
-0.033020
-0.027008
-0.010864
-0.045380
-0.006077
0.008957
-0.024673
-0.011139
-0.040863
0.021225
-0.030579
-0.008759
0.029617
0.000771
-0.020187
0.017441
-0.009895
0.013191
-0.018600
-0.052307
-0.003134
0.007133
0.051178
-0.004921
-0.009193
-0.014854
0.010025
-0.018112
0.057770
0.009605
-0.049744
0.021820
0.001411
0.036346
0.005936
-0.014191
-0.010460
0.040649
0.037964
0.021057
0.027100
0.023666
-0.047791
0.030106
0.013268
-0.006332
-0.019974
-0.029633
-0.026993
-0.014816
0.035828
-0.040405
-0.002916
0.015991
0.003304
0.015511
-0.033173
-0.020493
0.001627
0.009987
-0.000842
-0.032867
0.014252
0.017380
-0.004883
0.017426
-0.013695
-0.038025
0.006771
0.017639
-0.011742
-0.009590
0.000897
0.020844
-0.002823
-0.013809
-0.015022
0.018814
0.028610
-0.034332
-0.035461
0.020767
-0.010132
-0.028061
-0.010536
0.009377
-0.032776
0.013474
0.037842
-0.030716
-0.042511
0.029327
0.002882
-0.020294
-0.015495
-0.026779
-0.048218
-0.019485
0.010338
-0.021469
0.022675
-0.008118
0.013710
0.019974
-0.016144
0.035919
0.021530
0.026855
-0.014229
0.033173
-0.001473
0.000939
0.006695
-0.022400
0.013245
0.012672
-0.016525
0.041412
-0.024704
0.029892
-0.023056
-0.003805
-0.006542
0.003819
-0.008820
-0.043884
0.022141
0.043396
0.005386
0.031464
0.010368
0.003759
-0.027588
-0.005444
0.006023
0.038574
-0.011703
0.007668
-0.014221
-0.004791
-0.023346
-0.009621
0.032684
0.019852
0.014786
-0.016739
-0.020874
0.022186
-0.007809
-0.025223
0.021820
0.032837
-0.037994
0.014206
-0.025421
0.035889
0.025284
0.005520
-0.011688
0.030746
0.031342
-0.014420
0.017883
-0.007263
-0.016190
0.021591
-0.002497
-0.025299
-0.008957
-0.035553
0.022278
0.019180
-0.038055
-0.015381
-0.009949
-0.017181
0.025574
0.023468
0.006290
0.022690
-0.043488
0.020065
0.044647
0.000846
0.002529
0.015762
-0.017105
0.034027
0.009666
-0.031494
0.038055
-0.031342
-0.015038
-0.001552
-0.027359
0.007950
-0.001008
0.011292
-0.028687
-0.017227
-0.029099
0.016586
-0.013603
-0.040924
-0.009483
-0.016327
0.010200
0.022156
-0.035431
0.023529
-0.005306
-0.016525
-0.001928
-0.018921
0.004536
0.006142
-0.037933
-0.010033
0.018005
0.012817
0.026947
-0.008568
0.003956
0.017914
0.002329
-0.031235
-0.018768
0.008934
0.010887
0.006439
-0.024033
0.029221
-0.028381
0.009422
-0.029953
0.013367
0.009781
0.030853
0.020309
0.006645
0.036163
-0.012985
0.001137
0.005764
0.020233
0.032684
-0.013046
0.041656
-0.030350
-0.033875
0.025330
0.019379
0.030258
-0.009972
0.012482
-0.020599
-0.005863
0.004662
-0.019821
0.003704
-0.035736
-0.023209
-0.030182
0.021805
0.020676
-0.029419
-0.020813
-0.000415
0.029877
-0.008125
0.030365
0.035156
0.024628
-0.000031
0.007641
0.013474
0.009262
0.028992
-0.030792
-0.019821
0.017410
-0.006405
0.026535
0.029602
0.013718
-0.008080
-0.014122
-0.020798
-0.028076
-0.036591
-0.025375
-0.007000
0.029266
0.012215
-0.022003
-0.027374
0.022507
-0.031616
-0.029419
-0.041840
-0.008018
0.025665
-0.030701
-0.002499
0.033417
-0.011551
0.010117
-0.034943
-0.026566
-0.001613
-0.020447
0.017639
-0.022324
-0.026184
-0.015747
-0.012360
-0.038177
-0.039948
0.050262
0.008865
-0.009140
0.047546
-0.037842
-0.035767
-0.008553
0.060638
0.012383
0.012566
0.006050
-0.020401
-0.008087
-0.020935
0.002598
-0.018646
0.016541
-0.062866
-0.057953
0.004227
-0.000820
-0.024841
0.021255
0.025665
0.016312
0.026733
-0.011314
-0.027664
0.003349
0.034637
-0.035339
0.025772
0.011414
0.010818
-0.036591
-0.022263
0.001322
-0.030853
-0.005482
0.025040
-0.030014
0.029266
0.020340
-0.017746
-0.059906
-0.015038
0.028320
0.034851
-0.028137
0.044250
0.050232
-0.023499
-0.020264
-0.005512
-0.001966
0.023895
0.022675
-0.010513
-0.000630
0.046173
0.035492
-0.010735
0.052582
0.002798
0.005867
0.029099
0.015381
-0.018463
-0.016739
0.035553
-0.014717
-0.001955
0.025833
-0.011620
0.020477
-0.036469
0.006443
-0.010544
-0.006607
0.015251
0.023987
-0.003227
0.024796
-0.016754
0.002369
0.061371
0.056000
0.006199
-0.014275
-0.017731
-0.025970
0.005978
-0.023972
0.030167
0.026367
-0.001941
0.037079
0.013222
-0.005211
-0.003160
0.035156
0.004436
-0.033875
-0.049622
-0.043854
-0.014915
0.005119
-0.024185
0.014153
0.027512
-0.025391
0.047333
0.002014
0.035553
0.019745
0.006294
-0.013168
0.046387
-0.037933
0.058380
0.021515
-0.047668
0.033539
0.039124
0.019104
0.028519
-0.028580
0.010590
-0.012688
0.010880
0.041809
-0.020325
-0.011971
0.000007
0.039551
0.020370
-0.031143
-0.015656
0.032104
-0.014702
-0.018097
-0.014595
-0.011406
0.007488
0.001705
0.002859
-0.002180
-0.013481
-0.002100
0.002796
-0.019424
0.012444
-0.012360
-0.007069
0.035309
0.024338
-0.014816
-0.022736
0.004635
0.037323
-0.007366
0.032806
-0.007973
-0.009911
0.003115
0.022064
0.023773
-0.007000
0.045898
0.013557
0.009644
0.021881
-0.004780
-0.020691
0.037933
-0.021439
0.013199
0.046844
0.046021
-0.024582
0.028671
-0.011559
-0.019562
-0.000255
0.019714
0.026321
-0.033142
0.043976
0.004887
-0.010742
-0.008194
-0.031677
0.012070
-0.016174
0.036560
0.023392
0.002314
0.019989
-0.024399
-0.024628
0.011101
0.040771
0.011833
0.015465
0.009499
-0.016769
-0.008621
-0.011185
0.031311
-0.039673
-0.008781
0.022903
-0.017761
0.018234
0.025604
-0.008987
0.012299
0.004715
0.031616
0.010078
0.013382
0.020874
0.007370
-0.039307
-0.006516
0.003660
0.003195
-0.031281
0.016129
-0.032471
0.029282
-0.021957
0.036987
0.021683
-0.012367
-0.025620
-0.001851
-0.036957
0.017349
-0.016876
-0.002628
0.019226
0.010307
-0.000131
-0.012474
-0.019913
-0.043182
-0.002823
-0.022430
-0.029373
-0.014542
0.007713
0.028473
0.033112
-0.028870
-0.015228
0.043823
0.010109
0.014709
-0.017609
0.013336
0.014725
0.011139
0.025970
-0.025253
0.014771
-0.006504
-0.001221
0.036530
-0.015656
0.012001
0.028168
-0.019547
-0.019836
0.016373
0.038696
-0.001446
0.035645
-0.033478
-0.005684
-0.025116
0.048370
0.018112
-0.021515
0.048279
-0.037994
0.029282
0.016190
0.031433
0.019012
-0.012741
-0.008324
0.040619
0.000554
-0.011963
-0.048859
0.036591
-0.013275
-0.014771
-0.007957
0.002779
-0.019531
0.025055
-0.039917
-0.029190
0.010109
-0.043793
-0.012886
0.003300
0.030884
0.016602
-0.017166
0.015297
0.009636
0.036774
0.019501
0.016266
-0.003605
-0.015839
-0.001193
-0.036926
-0.016129
0.033081
-0.021423
-0.028168
-0.003704
-0.016006
0.043030
0.038391
-0.014137
-0.014030
0.021927
0.011673
-0.037598
0.049469
0.036682
0.041351
-0.046509
0.025620
-0.005184
0.005287
0.010635
0.022873
-0.016403
-0.035309
0.022400
0.048920
-0.065857
-0.011063
0.036682
0.015091
0.037262
-0.001245
-0.015587
0.018402
0.023163
0.013649
-0.006813
0.041840
0.035278
-0.018738
0.024170
0.011154
-0.002480
0.040222
0.016083
0.015556
-0.023819
0.039276
-0.017761
0.045105
-0.000141
0.001093
0.006489
-0.003849
-0.015083
-0.004723
0.013245
-0.028351
0.005703
-0.038422
-0.029449
-0.005554
0.018295
-0.003956
-0.001253
0.006081
-0.000628
0.033081
-0.000116
0.005779
0.036407
0.033142
-0.005569
0.005383
-0.006104
0.011322
0.042480
0.019897
-0.009209
-0.019226
0.000002
0.004147
-0.007553
-0.007828
0.022522
-0.034729
-0.007454
0.000829
0.004105
0.041077
0.013779
-0.036621
0.013344
0.029343
-0.039734
-0.015656
-0.028259
0.011475
-0.031281
-0.026978
-0.003813
-0.004112
0.025406
0.013329
-0.000349
-0.037994
0.039429
-0.006371
-0.012657
-0.006191
0.015594
0.000798
-0.016953
0.007767
0.024918
-0.006794
-0.008003
-0.005913
-0.011620
-0.011978
0.003086
-0.033051
0.004028
-0.031952
-0.029312
0.011192
0.023071
-0.016479
0.038849
0.000826
-0.024689
-0.003471
0.042084
0.023911
-0.022842
0.034912
-0.004395
0.018326
0.010178
-0.004116
-0.026917
-0.027115
0.005169
0.004963
-0.024216
-0.023071
0.003273
0.003788
0.003239
-0.003065
0.010620
0.036316
0.020386
-0.001709
-0.015602
0.025604
0.019928
-0.008522
0.026260
-0.025223
-0.026718
0.028412
-0.021530
0.031647
-0.012024
-0.001673
-0.014618
0.020096
-0.020233
-0.045380
-0.039154
-0.033966
0.021194
0.000624
-0.011887
-0.046692
0.011955
-0.011688
0.003948
0.004841
-0.003027
0.035431
-0.004524
0.006683
-0.006725
-0.009560
-0.005119
0.013702
-0.007057
0.033600
0.039978
-0.016357
0.034668
0.033234
-0.040558
-0.030487
0.011375
0.025848
-0.048950
0.011917
-0.028870
-0.014969
-0.017883
0.011032
-0.003344
0.007797
0.037354
0.010956
0.040466
0.007530
-0.025391
-0.014755
-0.002251
-0.018250
0.000854
0.005978
0.011673
-0.037811
0.010971
-0.008934
-0.021317
0.041107
-0.008644
-0.028687
-0.017349
0.032562
-0.006599
0.011948
0.013268
0.019821
-0.028549
0.006577
-0.042328
-0.007126
-0.033325
-0.003887
-0.019318
-0.015457
0.027039
0.017899
-0.007935
-0.000192
0.035767
0.014236
-0.019577
-0.006977
-0.030045
-0.038147
-0.027634
0.002565
-0.023270
-0.053925
0.018585
-0.037292
-0.009201
0.018402
0.001353
-0.002064
-0.005219
0.003246
0.002594
-0.019257
-0.003485
0.021652
-0.017014
-0.002022
0.034576
0.046448
0.013535
-0.024231
0.019943
0.004501
0.027023
-0.008171
-0.022476
-0.001478
0.019623
-0.014557
-0.004108
-0.000981
0.006790
-0.002464
-0.011726
-0.022583
0.002676
0.028412
0.007851
-0.026047
0.038757
0.001298
-0.029694
0.004910
-0.004944
-0.019882
0.005188
0.032959
0.016922
-0.004044
0.027069
0.033325
0.030060
-0.028229
-0.045532
0.042480
-0.015671
-0.030197
0.025223
-0.032623
-0.032501
0.004742
-0.047028
-0.015419
-0.008797
0.012108
-0.003136
0.003185
0.032104
0.002707
-0.040405
-0.006023
0.012474
0.024582
0.013420
0.019684
0.022644
-0.021622
0.036530
-0.011795
-0.020859
0.007519
0.004383
0.028809
0.002096
0.037140
-0.003990
0.000865
0.006187
0.005119
-0.009895
0.039703
0.031708
0.030640
0.042786
-0.027908
-0.025955
0.015282
-0.029297
-0.025864
-0.013214
0.023972
0.016418
-0.002947
0.036102
0.006901
-0.004639
0.012146
-0.019684
0.019363
-0.020615
-0.015251
-0.009605
-0.027954
0.029526
0.014023
-0.026459
0.012650
0.022232
0.006153
0.012390
0.030167
0.007656
0.023880
-0.010735
0.028152
-0.030014
-0.046509
0.003574
0.030167
0.025085
-0.030548
0.009720
-0.022705
-0.010124
0.030807
-0.024796
-0.019882
0.001942
-0.012367
-0.009346
0.029495
-0.040131
0.012817
0.022919
-0.000873
0.038788
-0.027603
0.018021
0.008392
-0.027924
-0.018143
0.035187
0.007465
-0.001173
-0.007812
-0.003296
-0.014366
0.037292
-0.001860
0.011581
0.015160
-0.030685
0.033508
-0.042999
-0.032593
-0.028107
0.034821
-0.005947
0.029160
-0.016724
-0.017319
0.016602
-0.006176
0.023880
0.000650
-0.024551
-0.025894
-0.026123
0.014114
-0.028244
0.028152
-0.020844
-0.002708
-0.023560
-0.017044
0.018112
0.010582
0.031616
0.035583
0.001192
0.005085
-0.012169
0.039825
-0.011993
0.002802
0.028717
-0.004074
0.009605
0.000548
0.032715
-0.000390
0.027512
0.026611
0.019379
0.001366
0.009758
-0.029541
-0.001440
0.002846
-0.008507
0.001710
0.013336
0.027283
0.003393
0.000186
-0.023544
0.009697
-0.014969
-0.004517
-0.006981
-0.021240
-0.012299
-0.026443
0.040253
0.036530
0.018127
-0.036438
-0.016373
-0.001472
-0.013794
-0.001858
0.037903
-0.019455
0.034729
-0.018066
0.033295
0.005329
-0.029800
0.020111
-0.022217
-0.034180
-0.002878
-0.004726
-0.005882
0.017075
-0.004784
-0.011330
-0.010330
0.035339
0.004902
0.012177
-0.033905
-0.033051
0.001020
0.019806
0.010666
0.001455
-0.018127
-0.014679
0.024841
0.023697
-0.023254
-0.025620
-0.005264
-0.014771
0.031219
0.005344
-0.005230
-0.010269
-0.006126
-0.026474
0.027145
-0.022141
0.008705
-0.003229
0.015747
-0.015671
0.036560
-0.025467
-0.029083
0.002119
-0.002750
0.026962
0.007595
0.021271
-0.004604
-0.025986
0.028885
0.023209
-0.007896
-0.031067
-0.023544
0.004410
-0.009033
0.005981
-0.031082
0.008148
0.030334
0.026306
0.008232
0.001084
0.010536
-0.024933
-0.031799
0.029572
-0.036926
0.007980
0.015808
-0.013054
0.003672
0.023590
0.038116
0.035187
0.007172
-0.016510
0.034912
-0.005424
0.036163
-0.004654
-0.011169
-0.019485
0.023392
-0.013542
-0.010254
0.003517
0.033386
0.008896
0.007736
0.020737
-0.015350
0.004189
-0.014183
-0.009903
-0.021652
0.036926
0.022675
-0.009735
0.023544
0.003220
0.030624
-0.020264
-0.028091
0.020386
-0.010559
-0.026611
0.018402
-0.006306
0.031342
-0.012276
0.020828
0.001062
-0.027451
0.010826
-0.011871
-0.014908
0.018723
0.012802
0.027618
0.019455
0.023438
-0.023956
0.030533
-0.017334
0.010948
0.023422
-0.012436
-0.021286
0.027878
0.018921
-0.001513
0.012787
-0.025757
-0.019745
-0.028580
-0.030930
-0.003159
-0.000886
0.030685
0.032715
-0.005405
-0.017365
0.031494
0.000665
-0.013115
0.021881
-0.004986
-0.007919
-0.006577
0.029160
-0.027542
0.002634
-0.022400
-0.028168
0.015976
-0.011047
0.036438
-0.011520
-0.008713
0.039856
0.010094
0.030670
0.012962
0.018875
0.035248
-0.001881
-0.011993
0.005627
-0.005283
0.017609
0.013771
-0.029999
-0.012894
0.005798
0.019211
0.000228
0.017868
-0.028030
0.004089
-0.034027
-0.030029
-0.015732
-0.036835
0.013367
0.015671
0.008911
-0.012665
-0.016220
-0.024017
-0.032776
-0.031769
0.016602
-0.017807
0.028397
-0.012650
-0.025604
-0.020187
0.031235
-0.010468
0.018768
-0.036591
-0.031281
-0.026382
0.000281
-0.003254
-0.017593
0.016724
0.027893
0.002796
0.036377
0.033691
-0.035126
-0.012177
-0.003098
-0.003143
-0.036346
-0.022919
0.016357
-0.019943
-0.016937
0.018112
0.034760
-0.005692
-0.029129
0.028366
-0.017593
0.015778
0.012421
0.006405
0.003839
0.011948
0.028839
0.017242
0.018082
0.002333
0.004185
-0.013779
0.011147
0.026260
0.019897
0.030319
0.023499
0.012100
-0.009842
-0.030640
0.032623
0.015900
0.019379
0.018036
0.013535
-0.003103
-0.001824
0.014328
0.013786
-0.035400
0.014503
-0.021194
-0.005455
-0.003372
0.031250
0.020569
0.002924
0.021393
0.026276
-0.025375
-0.019562
-0.007965
-0.015282
0.017166
-0.007042
0.032806
-0.038910
0.024368
0.033630
0.027512
0.028046
0.041718
-0.031982
0.009567
-0.024658
0.032532
-0.002739
-0.030426
-0.023254
0.036438
0.005646
0.026199
-0.017044
-0.014030
0.026657
-0.031921
0.030777
-0.018204
0.014191
0.016266
0.029922
0.007412
-0.014938
-0.009453
-0.014389
0.006504
-0.018494
0.015091
0.014015
0.005898
0.013573
0.001842
0.024246
0.009399
0.020920
-0.032806
-0.031113
0.018326
-0.005405
-0.032715
0.035156
-0.014015
0.016556
0.030640
0.030106
0.014328
0.007244
-0.007702
0.037262
-0.037445
-0.013069
-0.040375
-0.025146
-0.020737
0.016251
-0.025391
0.002834
-0.007881
-0.029968
0.027176
-0.036346
0.015160
0.005466
-0.029953
0.033783
0.028015
-0.023270
-0.027069
-0.022354
-0.009041
0.018341
0.028214
-0.007652
-0.025208
-0.004658
-0.011688
0.011383
0.010590
0.011497
-0.003035
-0.018463
-0.026093
-0.013382
0.023560
0.028946
0.029541
-0.027374
0.016220
0.035858
0.032623
0.027878
0.006493
0.009415
-0.031174
0.001957
-0.012726
0.020050
-0.008102
0.024963
-0.007317
-0.000008
0.008568
-0.016281
-0.037811
0.040924
-0.011826
0.016251
0.036499
-0.010002
0.016739
-0.036804
-0.004120
0.011375
0.031189
0.008507
0.003834
-0.023407
-0.002157
-0.001109
-0.010696
-0.018600
0.031586
0.010185
-0.000358
0.026779
-0.005928
-0.022919
-0.019882
0.023575
0.029846
0.039551
-0.016678
0.002745
-0.017960
-0.028046
0.008675
-0.024796
0.008331
-0.017990
0.022995
0.035889
-0.017273
0.030014
-0.016998
-0.029648
0.027695
0.027359
-0.003630
0.005371
0.031082
0.001350
0.000314
-0.028305
-0.009903
0.005177
0.025742
0.027344
0.027145
0.029816
0.011246
0.035736
-0.026901
-0.000369
-0.011215
0.000965
0.016220
0.000148
-0.015640
-0.009819
-0.033142
0.016037
-0.003057
0.023285
-0.020370
-0.012474
-0.006584
0.032135
-0.023926
-0.000998
-0.030075
0.031494
0.035248
0.020065
-0.019180
0.025284
-0.015945
-0.014061
0.035919
-0.001959
-0.022110
-0.026459
-0.017120
0.017258
-0.030212
-0.002638
0.002293
-0.000000
0.009132
-0.013023
-0.019058
0.025436
-0.009659
-0.000261
-0.035706
0.001736
-0.003317
-0.050781
-0.001875
0.014214
0.016586
-0.021561
0.033356
-0.025589
0.033630
-0.002777
-0.019562
-0.009224
-0.002438
0.015106
0.014252
0.032257
-0.014252
-0.005672
-0.032227
0.045959
-0.035034
-0.010719
-0.017258
0.011574
-0.027283
0.032776
-0.022537
-0.005028
-0.014214
0.020966
-0.059387
0.005817
0.025467
-0.016785
-0.005226
-0.010628
-0.027740
0.012169
0.004375
-0.000989
-0.017593
-0.050995
0.014618
-0.024246
0.041016
0.006832
-0.035889
0.024048
-0.019409
0.022446
-0.007401
0.013245
0.013535
0.017654
0.017166
-0.000018
-0.019241
0.012932
-0.019714
0.011787
0.033051
0.010582
0.038727
-0.023468
0.006950
0.017410
-0.016113
0.006668
-0.010353
0.013062
0.006649
-0.038818
-0.028412
0.022766
-0.016174
-0.028748
0.024750
-0.016373
-0.039093
0.007526
-0.035217
-0.021927
-0.037811
-0.034973
0.022339
0.033569
-0.020340
-0.046753
-0.017776
-0.018677
0.011597
0.032135
0.014740
0.016464
0.012390
0.007656
0.026749
0.028290
0.033966
-0.015747
0.001335
-0.015038
-0.034729
0.039825
0.025253
0.006718
-0.053314
0.014511
-0.036591
0.021301
0.022980
-0.039520
0.043793
0.002945
-0.013000
-0.001718
-0.002777
0.015167
0.034821
0.011673
0.002329
-0.009811
-0.001702
0.028961
0.028473
-0.028687
0.024475
-0.056793
-0.015060
0.011101
0.018341
0.038391
-0.036621
0.027435
-0.039062
0.033417
0.028885
-0.015884
0.030624
-0.004787
-0.036774
0.013969
-0.002430
0.025558
0.042053
-0.028778
0.005566
-0.014679
-0.019775
0.035095
-0.022812
0.037933
-0.029404
-0.001285
-0.028900
0.016327
0.031921
-0.011024
-0.006798
0.000260
-0.031006
0.039154
0.030151
0.006069
0.010399
0.026367
0.015259
-0.015518
0.029312
0.014290
0.028824
0.013046
-0.003448
-0.009521
-0.022263
0.028015
-0.008591
0.006992
-0.022324
-0.006020
-0.000121
-0.009941
-0.001121
0.030212
-0.032288
0.009712
-0.020599
-0.001896
-0.010246
0.028549
0.012108
0.020142
0.008759
0.018112
0.012451
0.019485
0.012733
0.018112
0.024597
0.022369
0.011879
0.001278
-0.019104
0.019241
-0.025558
0.030090
0.016678
0.008698
0.002644
0.015404
-0.004532
-0.024673
0.000472
-0.012802
-0.014534
0.005493
0.002026
-0.028442
0.017151
0.017273
0.021927
-0.009163
-0.038696
-0.000893
-0.001212
0.039368
-0.029617
0.025299
0.015587
-0.003960
-0.014481
0.026520
0.017258
0.000431
0.035217
0.019012
-0.024399
0.000134
0.028229
0.025162
-0.029510
-0.000588
0.029388
0.013191
-0.005249
-0.032471
0.016052
-0.001669
0.022507
-0.003696
-0.035736
-0.027954
0.001838
-0.031982
0.006985
-0.006653
0.000744
0.002268
0.011719
-0.018799
0.011765
-0.026581
-0.017212
0.008568
0.031494
0.017990
-0.002806
-0.007988
-0.011330
0.001471
-0.008751
0.008980
-0.014671
-0.018677
-0.050781
0.007336
0.004780
0.003414
0.032227
-0.021729
0.009232
0.018768
0.026550
-0.008965
-0.013290
0.015373
-0.025818
0.010605
-0.013763
-0.018829
-0.024323
-0.017807
-0.002329
-0.042542
0.000814
-0.007515
-0.008934
-0.012512
0.010063
-0.027878
-0.020798
0.002665
0.015106
0.001353
-0.014999
-0.028625
0.000683
-0.015251
-0.019806
0.005013
0.023468
0.022751
0.024612
-0.039673
0.004581
0.043457
0.014626
-0.042419
0.029449
-0.061035
0.008278
-0.025772
0.000924
0.035919
-0.012077
0.006878
-0.050659
-0.020172
-0.013390
0.012604
-0.033783
-0.043762
-0.018555
-0.035919
0.036560
-0.001159
0.006195
-0.024399
0.003649
-0.034515
0.012894
0.004677
0.044495
-0.041077
0.007149
-0.040619
0.038025
-0.023697
-0.023468
0.006134
-0.011574
-0.003845
0.038391
0.019119
0.020645
-0.045471
0.018219
-0.005985
0.002857
0.020065
-0.011139
-0.020416
-0.027771
-0.012581
0.040649
0.030075
-0.031219
-0.005768
0.026413
-0.049164
0.004044
0.037872
-0.016769
0.050934
0.029282
0.038757
0.014282
0.004974
-0.014229
-0.027588
0.010086
-0.002209
-0.034119
-0.003441
0.004536
-0.001504
-0.023911
-0.013969
0.000858
0.001199
0.003441
-0.021133
-0.014702
-0.019577
0.007874
-0.017334
-0.010071
-0.032288
-0.023590
0.013481
0.025070
-0.026733
-0.031799
0.001139
-0.030350
0.012253
-0.017120
-0.029251
0.010849
-0.036774
-0.000727
-0.002666
0.021606
-0.021866
0.017166
0.008316
0.030045
-0.011650
-0.007889
-0.031464
-0.025238
0.008636
0.035645
-0.039459
-0.034576
-0.004868
-0.010345
0.019852
-0.007309
-0.022995
0.030670
-0.011238
0.020142
-0.013039
0.000371
0.026978
-0.031952
-0.002220
0.004543
0.003736
0.023926
-0.008186
0.023895
0.006680
-0.038849
-0.013893
-0.023209
0.056702
-0.005943
-0.017075
0.037415
0.002983
0.019791
-0.001146
-0.019516
-0.012466
-0.005867
0.010391
-0.022034
0.024216
0.015518
0.004395
-0.043365
-0.028961
0.032532
-0.027588
0.027969
-0.000900
-0.010948
0.010284
0.006756
0.027588
0.002192
0.005802
0.024918
0.000676
-0.030899
-0.006115
-0.030777
0.028366
-0.019653
0.010185
-0.030579
0.002230
-0.001405
-0.008667
0.034119
-0.002478
0.024765
0.002195
-0.032104
-0.014198
0.000670
-0.037018
0.032104
0.035248
-0.025574
-0.007305
0.027710
0.015022
0.002649
0.016403
0.020432
-0.037964
-0.002880
0.021378
0.003202
0.016373
0.024323
0.029160
-0.028015
-0.028351
0.012741
0.002337
0.005638
0.017792
-0.032776
0.017868
0.003904
0.025620
-0.035828
0.000912
0.006355
0.012070
0.009270
-0.009445
0.012344
-0.021393
0.029587
-0.022537
0.018295
-0.026123
-0.021713
-0.019714
-0.004204
0.007835
0.035675
-0.013191
0.027649
0.007706
0.008713
-0.014458
0.006042
0.024445
-0.011597
0.027847
0.028915
-0.028488
-0.022369
-0.027100
0.015465
0.021286
0.022797
-0.000144
-0.024811
0.031586
0.037354
0.007488
0.023239
-0.035248
0.005299
-0.020767
-0.027985
-0.013618
-0.006721
0.002401
-0.013657
0.013130
-0.018021
0.019043
0.009590
-0.002947
0.028503
0.002678
0.025162
-0.007359
0.011505
-0.030731
0.000001
0.033569
-0.019485
-0.010384
-0.033112
0.004631
-0.006702
0.009399
-0.010231
0.018356
0.023270
0.010895
0.011917
-0.007160
0.011932
-0.015823
-0.027740
-0.008820
0.006557
0.001069
-0.025681
-0.002783
0.005341
-0.003279
0.014717
-0.022232
-0.024658
0.028793
-0.037201
0.025604
0.018814
0.042969
0.011353
0.007988
-0.021576
0.032471
-0.003876
-0.008652
0.022690
0.021317
0.025238
0.017120
0.008270
-0.026062
0.010109
-0.018311
-0.009399
0.003075
-0.003033
-0.031616
0.023560
0.013657
-0.002745
0.019272
-0.014297
-0.029556
-0.028915
-0.004417
-0.013451
0.008217
0.018799
-0.025909
-0.023727
0.003113
0.002842
0.041809
-0.005795
0.020859
-0.032379
0.006409
-0.026962
-0.026703
0.042999
-0.017380
0.035919
0.003281
-0.016144
0.012985
-0.017151
0.024734
0.050751
0.054291
0.023254
0.011604
-0.020065
0.024643
0.024307
-0.024963
-0.033478
0.006832
-0.031677
-0.004581
0.019180
-0.013580
0.030579
-0.031235
0.006420
0.000459
-0.021805
0.002615
-0.008194
-0.035767
-0.015587
0.007584
-0.032288
-0.015053
0.012054
-0.004539
0.022690
0.041809
0.001938
0.021423
-0.012039
0.014015
-0.029114
0.002150
0.006382
0.032959
0.016312
0.042358
-0.003706
0.014793
0.044525
-0.022430
0.019669
-0.022614
-0.036652
-0.022263
0.005310
0.001484
0.027924
0.003010
0.004704
0.027924
-0.020432
-0.019730
-0.013145
0.011681
-0.033844
0.010910
0.001436
0.018524
-0.011719
0.010567
0.003963
0.017654
0.003967
-0.035095
-0.043396
0.020020
-0.053864
-0.026199
-0.040314
0.003174
-0.013260
0.053497
-0.035187
-0.017349
-0.012619
0.014412
-0.020447
-0.028854
-0.037170
-0.009071
-0.016830
-0.023178
-0.000815
0.029160
0.026535
-0.050568
0.006886
-0.008743
-0.040344
-0.008469
0.032074
0.003746
-0.040955
-0.037720
-0.047394
0.012741
-0.013039
0.060883
-0.003429
0.013847
0.005299
0.003345
0.008308
-0.038269
-0.014908
0.006851
-0.017715
-0.001312
-0.017334
0.024490
0.019775
-0.029175
0.032257
0.020340
-0.017105
0.032379
-0.008110
-0.000551
0.009209
0.030792
0.031143
0.019211
-0.015259
-0.019745
-0.016556
-0.012039
0.007618
0.017014
0.015701
-0.022675
-0.017899
0.013336
-0.001919
-0.007034
0.016037
0.037933
-0.035034
0.007996
-0.019760
0.005569
0.025116
-0.028885
0.014893
-0.009819
-0.026794
0.016220
0.003777
0.006199
-0.017624
0.009415
0.038910
-0.025055
-0.035126
-0.030441
-0.019897
0.039093
-0.004967
-0.031006
-0.056885
0.010208
0.000895
-0.023331
-0.004444
0.005375
-0.048157
0.016190
-0.044739
0.003590
-0.025345
0.029663
-0.013260
0.007214
0.028473
-0.023773
-0.053894
0.010147
0.003149
0.011177
-0.015053
0.028336
-0.028564
-0.033539
-0.005226
0.008530
-0.020676
-0.013405
-0.036530
-0.034271
0.010567
-0.031921
-0.041718
0.006973
0.005611
0.013290
0.046967
-0.021194
-0.008102
-0.053558
0.008774
-0.005970
0.015869
-0.015251
-0.007103
-0.032440
0.031311
-0.055542
-0.003698
0.011955
0.032501
0.030060
-0.050842
-0.036194
-0.006248
-0.026108
-0.000493
-0.019272
0.019638
0.023453
-0.026199
0.025681
-0.001000
0.034668
-0.004944
0.021729
-0.010979
0.026138
0.028183
-0.010628
-0.044708
-0.008224
-0.022812
0.012733
-0.043671
0.002766
0.027130
-0.006805
-0.008217
0.019211
-0.022934
0.009155
0.009468
-0.013924
0.043335
0.011803
0.006851
0.008263
0.021149
-0.048065
-0.040649
-0.033905
0.015564
-0.032379
0.028107
-0.006119
-0.030060
-0.007515
0.010452
0.004417
0.068298
0.056274
-0.040771
-0.024490
0.011879
0.022644
0.013840
0.059082
0.032715
-0.041565
0.015656
-0.029602
0.017136
0.013214
-0.004066
0.009300
0.023514
-0.027924
-0.027298
0.047760
-0.004631
0.015350
-0.030914
-0.009293
-0.000078
-0.020096
-0.009392
-0.026016
0.056122
0.020966
-0.002937
-0.053558
-0.010101
0.044067
0.025543
-0.032745
0.039398
0.006634
0.021225
0.049255
0.021957
-0.018600
0.036377
0.061554
0.005245
0.045410
0.000307
-0.006302
-0.068787
-0.031204
-0.010422
0.028015
0.047607
-0.034973
-0.016891
0.008789
-0.023422
0.035461
0.014442
0.002914
0.020660
0.016144
-0.023621
-0.024368
-0.029556
0.035004
-0.051697
0.028671
-0.004837
0.057007
-0.009468
-0.007439
-0.042969
0.009567
0.010864
0.001498
0.002111
0.027069
-0.002960
0.036438
-0.004032
-0.008530
0.019775
-0.040466
-0.082886
-0.020370
0.003040
0.025818
-0.027802
0.012779
0.020248
-0.036743
-0.001087
-0.008881
-0.020233
0.024261
0.001295
-0.027298
-0.006767
0.006332
0.021255
0.031830
-0.030243
0.036407
0.031982
-0.001951
0.032227
0.023834
0.002367
0.011787
-0.015961
-0.010567
0.019547
0.025894
-0.016907
0.002176
-0.013924
-0.021606
0.026703
0.022720
0.023376
0.027130
0.021103
0.011116
-0.019028
-0.010635
0.013664
0.010727
0.012009
0.034973
-0.020859
-0.020447
0.033142
-0.021439
0.017410
0.009087
-0.021317
0.012932
-0.014503
-0.013519
-0.004868
-0.021042
0.013107
-0.024078
-0.001256
-0.023102
-0.022629
0.008118
0.041321
-0.018723
-0.033966
0.009094
0.015686
-0.027084
0.006992
-0.005970
0.013664
-0.002060
0.023148
-0.017593
-0.025909
-0.027328
-0.020050
0.002144
0.002932
0.027206
-0.019684
0.010040
-0.013779
0.024246
-0.017014
0.034760
0.004295
0.030502
-0.014473
-0.000870
-0.016266
0.020172
-0.003490
-0.008728
0.033478
0.016785
0.020752
-0.021072
0.004555
0.022766
-0.031769
-0.001570
-0.014000
-0.008675
-0.003288
-0.011909
0.001243
-0.002331
-0.023849
0.032349
0.024628
-0.015038
-0.007591
-0.032654
-0.022217
0.037842
0.017792
0.021988
0.025604
-0.012276
0.006489
0.011055
0.004932
-0.015625
0.000087
-0.015747
-0.037384
0.008095
-0.030487
-0.013443
-0.018829
-0.017838
-0.001448
-0.036499
0.024536
-0.018646
0.025024
0.019577
0.005917
0.020859
-0.004776
0.020523
-0.021835
-0.013657
-0.013130
0.037506
-0.010765
-0.015488
-0.021744
0.036591
-0.029800
-0.032745
-0.018005
-0.023544
0.036865
0.044983
-0.002243
0.028946
0.031769
0.019714
0.028549
0.034790
0.031036
-0.028763
-0.018692
0.020767
0.015656
-0.035156
-0.039856
0.007732
-0.024704
0.003752
0.036804
0.021454
-0.004040
-0.006763
-0.027222
-0.028687
-0.002911
0.011879
-0.018539
0.029968
0.013969
0.006203
-0.025497
-0.018127
-0.007385
-0.027802
0.034363
-0.016602
-0.002485
0.029007
0.011543
-0.005825
-0.007553
0.019791
0.003237
-0.008179
0.023575
-0.039581
0.031097
-0.004745
-0.012001
-0.025177
-0.007881
0.047974
0.012787
-0.019363
-0.008705
-0.047272
-0.030701
-0.021667
0.009041
0.017120
0.047913
0.001089
0.024002
0.013237
0.017517
0.010017
0.000390
0.006180
0.001252
0.012260
0.039398
0.025009
-0.032257
-0.024414
0.027481
0.030304
0.026779
0.001501
0.021973
0.013695
-0.007652
0.021179
0.026917
0.035034
-0.030106
-0.007492
0.013405
-0.035339
0.033264
-0.021713
0.010872
0.011574
-0.005451
-0.018036
-0.025360
-0.012390
-0.031433
0.018661
0.016876
-0.029434
-0.017029
-0.012009
-0.036285
-0.030579
0.000721
-0.021896
-0.038971
0.018051
0.009125
0.036682
0.025909
-0.054565
-0.025146
-0.034515
-0.005810
-0.026199
0.034607
0.032532
0.010376
-0.035095
-0.016510
0.033875
0.025269
0.005844
-0.037170
-0.021103
-0.007141
-0.025055
0.021271
0.003752
0.005291
-0.014244
0.000027
-0.004490
0.051910
0.007771
0.003378
-0.018082
0.037933
0.028229
0.021301
0.049866
-0.017365
-0.014694
-0.014587
0.021317
0.014488
0.006058
0.001850
0.009163
0.038208
-0.032104
-0.007729
0.031143
-0.003422
0.033844
-0.016342
0.016052
-0.014877
0.059692
-0.004814
0.008438
-0.000036
0.017242
-0.044342
-0.033264
0.052582
-0.039215
0.001328
-0.046143
-0.011032
-0.002575
0.022125
0.010231
-0.024200
0.010925
0.005947
0.016296
0.035248
0.025116
-0.030273
-0.001533
-0.009827
-0.085388
-0.010941
0.015961
0.004234
0.011513
0.074890
0.033783
-0.023987
-0.008652
0.005882
0.052155
0.013115
0.030823
0.022034
-0.007542
0.064026
0.028366
-0.029755
0.035828
0.035248
-0.002052
0.025879
0.034851
-0.016266
-0.031158
-0.061127
0.028595
0.001328
-0.043365
0.027420
-0.009331
-0.055542
-0.013519
-0.027847
-0.011063
-0.016083
-0.010109
-0.029160
0.014900
-0.004742
-0.038910
0.018463
-0.038116
-0.020340
-0.029556
-0.009933
-0.005081
-0.037872
0.052094
-0.035370
-0.012070
-0.008186
-0.028442
0.008484
0.031113
-0.010323
-0.028488
0.024216
-0.021545
0.012680
0.002644
0.024658
0.001396
-0.024139
-0.003706
-0.015793
0.009178
-0.036469
0.015900
0.030823
0.010025
0.010269
0.002333
-0.009781
-0.025986
-0.033386
0.016830
0.029633
-0.026764
-0.005035
-0.008911
0.016190
-0.023041
-0.031952
-0.030960
0.030792
0.025528
-0.013092
-0.012100
0.016815
-0.004005
-0.005768
0.019821
0.011810
0.013039
0.022614
-0.005714
-0.010262
0.030655
-0.030441
-0.026291
-0.005753
-0.002138
0.009537
-0.004749
-0.014832
-0.028442
-0.003344
0.010384
0.029968
0.020111
0.026474
0.018372
-0.010513
-0.022903
-0.024033
0.031921
0.034729
0.002131
0.032227
-0.027298
-0.007706
0.001552
0.018311
-0.012505
0.035706
0.033356
0.017670
0.023636
0.006340
-0.007881
-0.007240
-0.020905
0.000180
0.033386
0.025726
-0.001111
-0.019623
-0.023163
0.019226
0.010521
0.014664
-0.027771
0.035583
-0.029648
-0.014008
-0.019547
0.031952
0.007675
0.017227
-0.004047
0.027954
-0.030731
0.034363
0.026962
-0.003109
0.028839
0.016785
0.014595
-0.018829
0.025681
-0.002352
0.001557
0.027161
-0.027756
-0.006062
-0.023697
-0.044281
-0.025757
-0.020905
-0.019073
0.028992
0.022018
0.016876
-0.003096
0.008286
-0.015091
-0.023666
-0.030838
-0.021133
-0.008026
0.002548
0.027328
-0.026291
-0.023148
-0.010887
-0.016388
0.013214
0.033966
-0.007504
-0.008865
-0.038269
0.009850
-0.031021
-0.021881
0.022400
0.005020
0.018539
0.019867
0.016846
-0.030563
0.029648
-0.027939
-0.006824
-0.032135
0.018692
-0.001625
-0.012337
-0.031433
-0.016663
-0.011292
-0.011299
0.019882
-0.006050
0.002005
0.011063
-0.009926
-0.016190
0.034760
0.014534
0.014771
-0.031677
0.028030
0.025558
-0.017563
-0.001567
0.029739
-0.033966
-0.022293
-0.041260
0.000061
-0.036499
-0.017059
0.023560
0.009048
0.022018
-0.036530
0.028336
-0.006424
0.032959
-0.041168
-0.015213
0.030914
0.009575
-0.002443
-0.015022
0.010864
-0.003542
-0.003874
-0.030426
-0.001065
-0.013397
0.010284
0.007298
0.014465
0.023697
-0.059937
0.007298
0.002012
0.024597
0.012016
-0.003729
0.018692
-0.006577
0.003149
0.030304
0.002083
-0.017639
0.012024
0.034698
-0.031113
0.050537
0.009071
-0.007290
-0.010391
0.029892
0.023132
0.013031
0.026077
0.020828
-0.037994
-0.009583
-0.006172
0.020096
-0.012589
0.002228
-0.027069
0.025269
0.007988
0.011284
-0.013176
-0.028931
0.001512
-0.032837
0.017166
-0.042145
0.022003
-0.013824
-0.028778
0.012337
-0.032501
0.005676
0.001444
0.010040
0.001565
0.031403
-0.025116
-0.016663
0.033508
-0.006924
0.039093
0.036316
-0.020599
-0.036285
0.003979
0.020050
-0.034119
0.006313
0.036774
-0.033875
-0.021133
0.007217
0.013039
-0.000259
-0.020401
0.004425
0.035278
-0.053558
-0.012794
0.004597
-0.021805
-0.022552
-0.031494
0.009857
-0.002058
-0.001957
-0.028168
-0.024948
-0.012665
-0.006767
-0.007713
0.021027
-0.025482
0.010971
-0.008156
-0.021667
0.034241
0.004131
-0.040100
0.009857
0.012939
-0.015640
-0.025742
-0.010574
-0.023575
-0.019394
0.030472
-0.026123
-0.010887
-0.031769
0.027832
-0.011223
0.015457
-0.028290
-0.024170
0.006748
0.014946
-0.007320
0.026550
0.008072
0.019028
-0.022903
-0.001864
-0.022415
-0.027527
0.025085
0.007698
0.019531
-0.009682
-0.014191
0.026443
0.017303
0.010124
0.007782
-0.075867
-0.017654
-0.037354
-0.044830
0.023453
0.058777
0.012321
-0.032288
0.027466
0.016113
-0.014946
-0.021545
0.004513
0.007858
-0.009293
0.067444
0.010468
-0.006866
0.008148
0.035400
0.010635
-0.038361
-0.025986
-0.038757
0.022858
-0.037231
-0.037079
-0.005314
0.027435
-0.024689
-0.010857
-0.027435
-0.012947
0.016678
-0.017685
-0.015564
-0.025406
-0.062225
0.038513
0.025681
0.026581
0.001676
-0.017426
0.016098
0.001324
-0.004807
0.015007
-0.035217
-0.015823
-0.015121
0.048645
-0.019135
-0.025925
-0.035583
-0.011711
0.025925
0.013069
-0.005424
-0.020477
-0.040833
-0.033508
0.040588
-0.053711
0.047424
0.047363
-0.044495
-0.021271
0.005264
0.048615
-0.036407
-0.019043
0.002625
-0.021835
-0.017151
0.043396
-0.036194
0.005257
0.004932
0.054718
0.001645
-0.014526
-0.003147
-0.012001
-0.006783
0.007149
-0.047760
0.050018
-0.009155
-0.018951
-0.055359
0.014618
0.005100
-0.035736
-0.002735
-0.033203
-0.035217
0.003784
0.005440
0.023483
-0.031021
0.033722
-0.011330
-0.052917
-0.019058
-0.008072
-0.055847
0.021088
0.042999
-0.048370
0.006599
0.012169
0.005981
-0.022018
0.004719
-0.006931
-0.056702
0.025146
-0.048279
0.009872
-0.018326
-0.023254
-0.044220
0.006958
-0.054108
0.007755
-0.052612
-0.062225
0.010208
-0.044037
-0.005123
0.038879
-0.056030
-0.029053
0.018555
-0.008942
-0.003269
-0.035034
0.003244
0.031158
0.001049
-0.028580
-0.039703
-0.004543
0.008873
0.007797
0.005371
0.027512
-0.002035
-0.012161
-0.030960
0.042328
-0.013092
-0.034790
-0.006588
-0.020355
-0.012596
-0.008720
0.015053
-0.012596
0.026703
-0.045807
0.029968
-0.016037
-0.019989
-0.034729
0.014122
0.003096
0.004250
0.003649
-0.030548
-0.007771
-0.027466
-0.042023
0.034546
-0.022232
-0.025085
-0.001307
-0.016525
-0.027298
-0.000734
0.035950
-0.040680
0.027695
-0.012817
-0.021088
-0.019485
0.020370
-0.025513
0.009460
0.019714
-0.017227
0.003469
0.036652
-0.003307
-0.012100
-0.038116
-0.037598
-0.010956
0.011963
-0.016342
-0.046051
0.005035
0.012848
0.005672
0.018311
0.001972
-0.029480
0.048248
-0.000992
0.024002
0.014038
0.008125
0.022415
0.004173
0.000190
-0.031708
-0.005127
-0.037506
-0.002064
0.029114
-0.026093
-0.008995
0.001371
-0.001668
0.038116
0.028305
-0.017838
0.025909
0.027023
0.016541
0.033600
-0.021378
-0.002069
-0.019257
0.001456
0.023041
0.025925
-0.020477
0.009323
0.004124
-0.016220
-0.013519
0.010834
0.005466
-0.035736
-0.001823
0.013672
0.017242
-0.029984
0.043854
-0.015732
-0.023026
0.067383
0.038757
-0.023621
0.011276
-0.059357
-0.014877
-0.023468
-0.016327
-0.023773
-0.012169
0.013283
-0.018005
-0.036865
0.026443
0.015686
-0.037140
0.018005
0.021652
-0.063171
-0.004658
0.010376
0.031113
0.000090
0.035278
0.043671
-0.036530
0.009369
-0.011292
-0.043091
-0.005482
-0.017761
0.035614
-0.027878
0.007542
-0.045135
-0.007427
0.016678
0.043976
0.010223
-0.025604
-0.031616
-0.001703
-0.011253
0.009552
-0.040771
0.012878
-0.014603
-0.028458
-0.012970
0.012024
0.041290
-0.005131
0.021866
-0.025040
0.016174
-0.001241
0.000879
-0.012093
0.070007
0.045959
0.015793
-0.026672
-0.001320
0.040649
0.016571
0.036865
-0.000847
-0.018204
-0.020035
0.016342
-0.029556
0.025482
0.048279
-0.006187
-0.018524
-0.015854
-0.029160
0.036621
-0.004044
-0.012512
-0.030228
0.015137
0.022797
0.019562
0.033844
0.021210
-0.051086
-0.023712
0.049347
-0.043732
0.000371
-0.026428
-0.021484
0.021652
-0.005421
0.011147
0.007889
0.019470
0.001509
0.024078
-0.035034
0.002661
-0.011833
-0.001486
0.024841
-0.015091
0.016373
-0.036621
-0.009544
-0.012665
-0.041809
0.003197
-0.032990
0.016357
-0.000851
-0.026703
0.004059
-0.049377
0.018356
-0.015038
-0.028229
0.003883
-0.006527
0.012360
-0.014900
-0.000040
-0.026367
0.027588
0.022049
0.001850
0.028336
0.047577
0.016068
-0.012321
0.033539
-0.012840
0.000874
0.008339
0.021301
0.014076
-0.000105
0.022614
-0.003248
-0.003288
-0.007359
0.009972
-0.020172
-0.001657
0.012665
-0.044342
0.018646
-0.031006
0.002724
0.021591
0.052124
-0.016388
-0.016357
-0.019806
-0.033936
0.016006
0.000659
-0.035736
0.025146
0.001863
0.027405
-0.028656
0.016968
0.030487
0.016876
-0.038727
0.039642
0.001110
0.019424
-0.030731
-0.033386
-0.020554
-0.031830
-0.016113
-0.008270
0.008636
-0.024750
0.028915
-0.002020
0.012390
-0.021790
0.001303
0.027237
-0.020477
-0.031952
-0.001781
-0.001620
-0.011040
0.017136
0.042603
0.032196
0.044342
-0.003426
-0.010925
-0.004787
0.014961
0.004978
-0.036987
-0.021591
-0.062866
0.023346
-0.010216
-0.014214
-0.007153
-0.021744
0.009758
0.037659
0.008545
-0.027328
0.013908
-0.034210
-0.029816
-0.022079
0.028900
-0.009842
-0.018005
0.011513
-0.044678
-0.049438
0.029099
-0.007950
0.017059
0.009323
0.028412
-0.043396
0.036774
0.016510
0.007580
-0.005512
0.028656
0.002478
-0.026459
-0.011772
0.027512
0.022720
-0.039368
-0.002438
0.017639
-0.010139
-0.001839
-0.032043
0.027969
-0.046417
0.000916
-0.010689
-0.001228
-0.015083
-0.025116
0.013901
-0.002958
-0.027908
0.030334
0.005707
0.033569
0.029846
-0.035767
-0.094482
0.045013
0.036255
-0.027847
0.002146
0.052216
0.021027
-0.029938
-0.011505
0.068665
0.054657
-0.001526
-0.018188
0.026962
-0.031616
0.028168
-0.007702
0.024689
0.002316
-0.024673
0.023361
-0.008324
-0.037811
-0.061401
0.032745
-0.050201
-0.040588
-0.005318
0.032440
-0.005955
0.042450
-0.049744
-0.002636
0.004295
0.033905
-0.038666
-0.001821
-0.059692
0.002792
-0.004063
-0.020157
0.055786
-0.029587
-0.011955
-0.007133
-0.018936
0.012894
0.026550
0.057617
0.012825
0.013672
-0.029266
0.013664
-0.027878
-0.040466
0.025574
-0.022461
-0.023743
-0.018875
-0.027283
-0.001871
0.002918
-0.036163
0.032196
-0.027252
0.038177
0.015533
0.026031
0.032135
0.020676
0.031891
0.019913
-0.002630
0.038574
-0.007256
0.020630
0.041840
0.016647
-0.043915
-0.032349
0.012573
-0.001212
-0.008270
0.014244
0.026474
-0.001699
0.028046
-0.028214
-0.005619
0.000837
-0.005100
-0.035767
0.017609
-0.001423
0.012383
0.000079
-0.017715
0.037689
-0.009308
0.006008
-0.013733
-0.005142
0.052216
0.000634
-0.019928
-0.025772
0.039612
-0.012947
0.014984
0.024811
0.014259
-0.024612
-0.001906
-0.001719
-0.029770
-0.013603
-0.022705
0.018127
0.028244
0.002680
-0.026337
0.014725
0.021774
-0.024811
-0.049561
-0.008484
-0.004822
-0.016205
0.027115
0.002680
0.024765
0.037506
0.038605
-0.004562
0.015961
0.029037
0.022705
0.016022
-0.013565
0.032043
0.004425
0.033783
0.011803
0.004196
-0.032959
0.001779
-0.005970
-0.018280
0.027390
-0.017303
0.023315
0.011826
0.019302
-0.016281
0.003477
-0.021133
-0.024918
-0.026932
0.002434
-0.024750
-0.002493
-0.030014
0.031952
-0.041534
0.038452
-0.006496
-0.019577
0.020905
-0.018448
-0.009140
0.035156
0.018738
0.024216
0.014671
-0.035461
-0.031204
-0.027817
0.002783
-0.026505
0.026474
0.019257
0.012726
-0.039551
0.013405
0.002600
0.013077
-0.036377
0.010414
0.034363
0.008316
0.027100
-0.026169
-0.011253
-0.025009
0.013519
-0.016586
-0.014008
-0.028351
-0.015579
-0.007462
-0.004208
0.015656
-0.007507
-0.036133
0.018951
0.027786
-0.013702
0.033783
0.008484
-0.016251
-0.005123
-0.009567
0.014427
0.010040
0.006355
-0.010986
-0.015091
-0.031021
-0.023895
0.014931
-0.032776
-0.020660
-0.004841
0.031403
0.008835
0.031982
0.036072
-0.037659
0.032501
-0.029877
-0.021301
0.025284
0.003126
0.020584
-0.009995
0.009666
-0.004219
-0.025314
0.018524
0.013290
-0.020813
0.028610
0.001881
0.007256
-0.000747
0.000704
-0.036407
-0.033386
-0.024750
0.020172
-0.013992
0.018890
0.030518
-0.022873
0.016159
0.013870
-0.005268
0.016708
0.032227
0.002317
-0.024170
-0.011681
-0.030991
0.002378
-0.015915
-0.016647
0.007042
-0.026642
-0.003105
0.031616
-0.010422
0.004852
0.020203
0.000529
0.032532
-0.012672
0.000315
-0.011360
-0.002132
-0.026245
-0.015778
0.015190
-0.026871
0.006943
-0.004360
-0.032623
-0.025848
0.011246
0.033386
-0.013748
-0.003553
0.008926
0.022415
-0.023773
-0.010078
-0.028885
0.024765
0.016937
0.028000
-0.023010
-0.025162
-0.038513
-0.020554
0.020050
0.000015
-0.030716
0.033051
-0.026337
-0.020966
0.005592
-0.004936
0.001100
0.009422
0.023834
0.032928
-0.026138
0.031555
0.026901
-0.012955
0.023880
0.024216
-0.028107
-0.017563
0.015900
0.010979
0.038422
-0.019058
0.002169
0.005398
0.016937
0.036102
0.030014
0.021255
0.007393
0.019119
0.023438
0.022263
-0.011093
0.003347
-0.023895
-0.010872
-0.006203
-0.036530
-0.004623
0.014404
0.032379
-0.012794
-0.033691
-0.011497
-0.016205
-0.018402
-0.029678
0.004532
0.006901
-0.005005
-0.013939
-0.023560
0.000718
0.031677
-0.013878
-0.007172
-0.018051
-0.032776
0.022812
0.010223
0.010567
0.030701
-0.006664
-0.007416
-0.022308
-0.027405
0.025208
-0.011070
-0.023346
-0.024643
-0.021484
0.004921
0.038940
-0.016571
0.033478
-0.002100
0.013901
-0.004963
-0.033630
-0.013977
-0.033356
-0.007195
0.001151
0.011169
-0.027130
-0.015152
0.041473
0.033051
0.022095
-0.028030
0.021530
-0.009064
0.007702
-0.017502
-0.037231
-0.028519
0.008163
-0.027313
-0.021851
0.023895
-0.021576
-0.037170
0.002277
-0.021332
0.011795
0.031525
-0.024963
0.002619
0.021301
0.008865
0.032104
-0.014748
-0.009499
0.022598
-0.025574
0.030792
0.034485
0.020340
-0.028564
-0.018478
0.017242
0.007736
0.036102
0.026199
-0.012329
0.009018
-0.016479
-0.013199
-0.012764
-0.024277
0.024857
0.011520
-0.015839
-0.023636
0.002546
-0.008888
-0.009094
0.001742
0.012405
-0.031677
0.002823
-0.026764
0.037201
-0.033783
0.038269
0.042450
0.019623
0.014877
-0.002003
0.048553
-0.031738
0.028488
-0.030457
-0.034790
-0.030441
0.013252
0.035736
0.015717
-0.032440
-0.027008
-0.008018
0.020767
0.012863
-0.014313
-0.005627
0.002172
-0.025543
-0.018021
0.010345
-0.014069
-0.040009
-0.003668
-0.005600
-0.021088
0.048889
-0.019547
-0.028290
-0.009529
-0.014709
0.001382
-0.028000
0.014862
-0.004673
-0.043396
-0.008377
-0.005966
-0.042206
0.043304
0.013458
-0.029114
0.037384
0.031281
0.035858
-0.038208
0.019608
0.007408
-0.023422
-0.008553
0.014481
0.002699
-0.000039
-0.018768
0.048706
-0.053589
0.005306
0.030182
0.009392
-0.010941
-0.006020
0.029190
0.023895
0.007710
-0.020584
-0.019669
0.012955
0.035889
0.035706
-0.013695
0.029449
0.010056
0.036102
0.001316
0.018997
0.013870
-0.027725
0.038727
-0.008545
0.043396
0.012161
-0.005329
0.010529
-0.008080
-0.012451
-0.022522
-0.015541
-0.003168
0.026337
0.015869
-0.005390
0.012634
0.004890
-0.008377
-0.041870
0.026520
-0.025345
-0.010445
-0.005932
0.025040
-0.018799
0.042267
-0.016266
-0.027283
0.001077
0.011330
-0.008049
0.010834
0.011513
0.009224
0.012726
0.000478
-0.004513
0.012024
0.002445
-0.014084
0.036346
-0.004623
0.047211
-0.026230
-0.017471
0.019531
0.019806
-0.002258
0.036377
-0.003183
-0.024704
-0.039276
-0.016937
0.031281
0.031647
0.031616
-0.003529
-0.046906
0.002144
0.026138
-0.021713
0.009842
0.034851
-0.018967
0.038025
0.000386
-0.018021
-0.030121
-0.002348
-0.005051
0.009651
0.002634
0.005672
0.009232
0.001155
0.011765
-0.016861
-0.022705
0.018280
0.024185
-0.002218
0.025635
0.021133
-0.000356
0.035858
0.025009
-0.023895
0.000622
-0.024017
0.005939
-0.045258
0.030975
-0.029129
-0.025803
-0.003630
-0.030258
-0.007450
-0.015205
0.020416
0.035919
-0.017670
0.022919
-0.012939
0.028992
0.018555
-0.007507
0.037506
-0.012802
0.023270
-0.025101
-0.036316
-0.002768
-0.025375
0.013374
-0.006912
0.005814
0.027527
-0.012199
0.024002
0.033752
-0.003206
0.004719
0.027588
0.037292
0.014275
0.033600
0.028198
0.020340
0.033447
0.027328
0.031250
0.008270
-0.023834
-0.031464
0.026016
-0.026581
-0.040436
0.008278
-0.001987
0.001863
0.030441
-0.014450
0.010559
0.038544
-0.034668
0.009674
-0.033691
0.031235
-0.033813
0.002792
0.041534
-0.008041
0.035187
0.040131
0.019302
0.004707
-0.035370
0.002913
0.029144
-0.003176
-0.014397
-0.018814
-0.030289
-0.021194
0.010521
-0.008430
0.004295
-0.006577
0.015038
0.011940
0.008659
-0.032684
0.043457
-0.001044
-0.022339
0.031403
-0.032593
-0.002111
-0.049164
0.025269
-0.026276
-0.015121
0.007935
-0.047852
-0.002632
0.032288
-0.058136
-0.022812
-0.010117
0.009377
0.008148
0.029480
0.015594
-0.035614
-0.018570
-0.005997
-0.010948
0.024841
-0.030563
-0.021362
-0.008728
-0.016403
-0.009346
-0.014229
-0.065369
-0.027145
0.000761
-0.039764
-0.011017
-0.019409
0.005363
0.026321
-0.030228
-0.022446
-0.010101
0.017563
0.012039
-0.013603
0.008118
-0.021103
0.016312
-0.038147
-0.022400
-0.004642
0.009102
-0.018188
-0.009857
0.016678
0.010704
-0.040710
0.027145
-0.011055
-0.016785
-0.006927
0.008957
-0.014801
0.011932
0.008873
0.031143
-0.045959
0.020248
0.030502
0.014870
0.017517
0.007576
0.034912
0.008118
-0.022339
0.019730
0.014122
-0.035095
-0.015884
0.020966
0.015152
0.001144
-0.032288
-0.006012
0.012894
0.002220
-0.024643
-0.037170
0.043243
-0.017380
-0.020462
0.026688
-0.034576
0.010811
0.015297
-0.018799
0.002388
0.025543
-0.057648
0.017090
-0.013550
0.020554
-0.017105
0.018997
0.003431
-0.017853
0.034332
-0.021210
-0.044983
0.000166
0.004845
0.050842
-0.008034
-0.015823
0.022202
0.009422
-0.040253
0.021423
0.039337
0.014893
0.026764
-0.011475
0.001475
0.026367
0.012680
0.009506
-0.027390
0.009819
0.022400
-0.011139
-0.012733
-0.018143
-0.002947
0.029388
-0.001674
0.006313
0.027756
0.029694
-0.023041
0.011749
0.011002
0.028290
-0.027267
-0.029846
-0.008118
-0.001758
0.007046
0.032684
-0.003029
0.002247
0.016403
0.025162
-0.029694
-0.015686
-0.023346
-0.012039
-0.041779
-0.015022
0.010559
-0.029907
-0.009125
-0.025513
-0.022781
-0.003450
0.006474
0.017944
-0.012444
0.035370
-0.017471
0.042908
-0.028793
-0.009560
-0.021301
-0.027512
-0.022827
-0.013062
0.010338
0.032928
-0.024261
-0.008339
-0.034363
0.018082
-0.008301
-0.029587
-0.005909
-0.013153
-0.015335
-0.009682
0.031860
0.035675
-0.042999
-0.028229
0.036133
-0.028336
-0.009354
0.014626
0.013481
-0.002964
-0.035675
-0.011604
0.001993
0.016296
0.005360
-0.007881
0.024277
0.008545
0.001440
-0.017914
0.021439
0.028305
0.018280
0.008369
0.020691
0.005020
-0.027313
0.036530
-0.023712
0.018616
-0.027054
-0.014183
0.021835
0.022202
0.034973
-0.027054
-0.017731
-0.026352
-0.004578
0.001282
-0.011612
0.012230
0.021393
-0.010185
0.014648
-0.011330
-0.015045
-0.024063
0.016006
0.037445
-0.005527
0.005226
-0.021790
0.016937
-0.017563
0.023148
0.023331
0.030777
-0.025452
0.000012
0.025955
-0.009964
-0.016754
-0.000920
-0.007008
0.006596
-0.012161
0.031342
-0.003515
0.030365
0.006207
-0.008293
0.007030
-0.039246
-0.027328
-0.004032
0.006313
0.028931
0.004097
0.009453
0.011154
0.029587
0.019348
0.020889
0.012917
-0.019043
-0.014435
-0.031219
0.015259
-0.016724
0.019012
0.036224
0.025513
0.016083
-0.017136
-0.017151
-0.031403
-0.031433
0.012650
-0.017014
-0.019379
0.028885
-0.005402
0.029236
-0.007393
-0.033203
-0.027313
0.023529
0.026947
0.002972
0.031128
0.003477
-0.022598
0.026352
0.003603
-0.023483
-0.028336
0.003941
-0.027100
-0.011841
-0.026871
0.011101
0.027832
0.032196
0.033722
0.019958
-0.032501
0.028366
0.012192
-0.031799
-0.024918
0.000992
-0.030930
-0.013176
0.029312
0.015808
0.038635
-0.024124
-0.015915
0.002903
0.008919
0.004471
-0.016434
0.000388
0.028259
-0.012474
-0.033936
0.005703
0.028397
-0.008415
-0.010086
-0.028290
0.034210
0.034088
0.024048
0.015213
0.012375
-0.022003
0.031250
0.001635
0.008224
0.019424
0.025375
-0.031097
0.011269
0.020279
0.003668
0.019897
0.000832
-0.014236
-0.010109
-0.011627
-0.008080
0.028137
0.016708
0.020584
-0.006912
-0.027100
0.020218
-0.007351
-0.006889
0.032135
0.011787
-0.008469
0.036774
-0.036072
-0.008369
0.017960
-0.030945
0.016678
-0.020142
-0.026398
-0.012886
-0.015747
-0.009201
0.021286
0.008293
-0.032104
0.020203
-0.023087
0.031281
-0.021942
0.023010
0.036499
-0.026260
0.000104
-0.004696
0.028320
0.011864
-0.022736
0.020630
-0.011353
-0.025482
-0.030975
0.007996
-0.009163
0.011108
0.021866
-0.008949
0.016479
0.005867
-0.015427
0.035736
-0.024353
-0.016083
0.038696
-0.011879
-0.005825
0.036011
-0.025345
-0.021332
-0.034241
0.001934
-0.010849
0.033905
-0.008766
-0.001769
-0.011879
-0.032501
-0.022583
0.006569
0.021606
-0.020584
0.036621
-0.001759
0.020111
0.012306
-0.014198
0.005775
0.010757
-0.026657
0.024521
-0.009842
0.014160
-0.000937
0.024200
0.002459
-0.000478
-0.020554
0.036804
-0.017670
-0.026718
0.038605
0.020370
-0.015022
-0.011017
-0.018784
0.031372
-0.013763
-0.008255
0.001507
-0.021225
0.001592
-0.035004
-0.027481
-0.028564
0.004173
0.006557
-0.007088
0.023117
-0.002270
0.012993
0.018509
0.017624
0.020584
0.028122
0.026978
0.021439
-0.025787
0.008995
-0.000020
-0.028519
0.017410
-0.005314
-0.010826
-0.014183
-0.027786
0.029129
-0.034515
0.034760
0.011101
0.009865
0.026505
0.003454
0.010262
-0.029953
0.025558
-0.016251
0.009033
0.012230
-0.003386
-0.004051
0.027115
0.032288
0.025192
-0.019943
0.009644
-0.023331
-0.010460
-0.024612
0.029312
-0.000504
-0.008255
-0.031006
-0.019180
-0.032684
-0.013138
-0.029739
-0.019226
-0.024307
-0.011002
0.006248
0.032074
-0.011139
-0.015495
0.002090
-0.006107
-0.006924
-0.028549
-0.029617
0.031586
0.032501
0.040527
-0.009308
-0.001527
-0.011223
0.030548
0.003168
-0.007950
0.016785
0.010010
0.001528
-0.023804
0.039551
0.009193
0.014084
-0.032471
0.032715
-0.000061
0.030045
0.003798
-0.018036
0.022430
0.003658
0.029083
0.020767
-0.006321
-0.015457
0.039215
0.023285
0.031403
-0.000598
0.037445
0.023621
-0.000527
-0.012901
0.036072
0.010887
0.032318
-0.020218
-0.000747
-0.004265
-0.019333
0.019669
0.000207
0.032471
0.016785
0.003582
-0.014595
-0.001736
-0.006050
0.002707
-0.001838
-0.032013
-0.040466
0.005703
-0.009888
0.030716
0.019928
0.025238
-0.013794
0.013695
0.034637
0.026917
0.004204
0.031708
-0.021973
-0.029282
-0.042633
-0.006943
0.008202
-0.023773
0.007732
-0.003952
0.001468
0.029266
0.009689
0.001603
-0.018265
0.010506
0.006283
-0.034821
0.021805
-0.009521
0.009285
-0.010994
-0.034485
0.027893
-0.010910
0.008430
-0.006596
0.005131
0.030121
-0.020203
0.014603
-0.011551
0.018097
0.031860
-0.007057
-0.009048
0.018387
-0.037109
-0.021439
0.019485
-0.017776
-0.020126
-0.007103
-0.032898
-0.027969
-0.021881
-0.015167
0.037354
-0.009285
0.030273
-0.000487
-0.018829
0.018051
-0.000309
0.018631
0.006874
0.032471
-0.045197
0.016815
0.007648
0.004921
-0.038269
0.022675
0.013214
0.043335
0.014290
-0.040894
0.021301
0.009712
-0.027695
0.020782
0.005127
-0.009445
0.049500
0.003223
-0.004448
-0.019135
-0.004173
0.000199
-0.032715
-0.026108
-0.001056
-0.014229
0.032349
0.039246
0.017685
-0.001440
-0.029007
0.008095
-0.009377
0.004536
-0.002995
-0.044952
0.001429
-0.021729
-0.040497
0.035675
-0.021561
-0.037048
0.000647
-0.000892
-0.002613
0.023392
0.038757
0.031281
-0.006195
0.028244
-0.010429
0.006500
-0.029724
0.009125
0.005775
-0.013069
0.044098
0.017960
-0.008995
-0.016953
-0.008812
-0.011772
0.035980
0.002499
-0.008087
0.020172
0.008896
-0.014122
0.018250
-0.017685
-0.016251
0.018616
0.029434
-0.007759
-0.041962
0.039429
0.012169
-0.004856
-0.005619
-0.048126
-0.008148
-0.003429
0.029541
0.000884
-0.019455
0.000909
0.039459
-0.002745
-0.033600
-0.046448
0.049500
0.026596
-0.019531
0.013901
0.027618
-0.017456
-0.021973
-0.030884
0.027573
-0.032715
0.003092
0.002380
0.029877
0.011688
0.033508
-0.002489
0.005257
0.023102
-0.032806
0.012375
-0.000466
0.004086
0.022049
0.045837
0.019547
0.005737
0.026917
-0.024811
-0.006001
-0.031586
-0.014885
-0.004166
-0.021545
-0.001465
0.003635
0.003613
0.010529
0.033600
-0.002251
0.009682
-0.021561
0.019791
0.010895
-0.013542
-0.019012
-0.008530
0.025665
0.007828
0.028381
-0.016144
-0.026123
-0.001149
-0.004986
-0.003208
-0.003956
-0.026733
0.040649
0.008461
0.026474
0.027908
0.007797
0.032135
-0.008781
0.042145
0.028336
0.015747
-0.004543
-0.012802
-0.026443
-0.001832
-0.015793
-0.006611
-0.009842
0.005512
0.004257
-0.011818
0.026749
-0.004620
-0.022903
0.011429
0.005672
-0.011292
0.028076
-0.023956
-0.011101
0.020889
-0.025009
-0.006908
-0.030197
-0.014366
-0.017578
0.014633
-0.013771
-0.033661
-0.001348
0.038971
0.016830
0.033508
0.000827
-0.012619
0.018478
0.037292
0.007755
-0.016190
0.021072
-0.038055
0.023865
0.037201
0.034637
-0.036072
-0.034698
0.034363
0.015732
-0.022766
0.008339
-0.023849
0.035797
0.006859
-0.014503
-0.011139
0.045074
0.020584
0.005077
-0.029449
0.017883
-0.015388
0.019318
0.011833
0.013725
0.026001
0.001303
-0.001811
0.012054
-0.028076
-0.007271
-0.027756
0.014450
-0.014282
-0.034058
0.015617
-0.032288
0.010124
-0.018509
-0.026611
0.029312
-0.011292
-0.017532
-0.025436
-0.020126
-0.014664
0.008919
0.017502
0.027405
0.025436
-0.017273
0.005112
-0.011993
0.047668
0.008606
0.031342
-0.014282
0.024246
-0.025253
0.001084
-0.008148
0.036774
0.017166
0.030426
-0.024475
-0.024078
0.043152
-0.015274
-0.016327
-0.012451
-0.029877
-0.011795
0.029190
0.000750
0.029053
-0.012222
0.042358
-0.050903
-0.015602
0.038513
0.021347
0.007683
-0.016281
0.035004
-0.001809
0.023346
0.000417
-0.001334
-0.009354
-0.037079
0.035980
-0.002018
0.039703
-0.019318
-0.002640
0.022781
-0.017410
0.020203
0.013901
0.019806
0.004826
-0.005497
0.021164
-0.012291
-0.008476
-0.033691
0.001171
-0.028503
0.012657
0.015884
-0.019669
-0.038727
0.033325
0.009239
-0.011353
-0.008430
0.029724
0.009644
0.008820
-0.026245
-0.010544
0.003010
0.041626
0.024323
-0.005928
-0.010658
0.035034
-0.019363
-0.036285
-0.042297
0.009575
0.028854
-0.012321
0.009171
0.021927
0.018158
0.019302
-0.001302
-0.013000
0.037933
0.033020
0.006599
0.030533
0.026398
-0.032745
-0.014137
-0.002110
0.023438
0.032227
0.031738
0.033081
-0.004021
0.024429
-0.005150
-0.012344
0.026031
-0.012291
-0.045105
0.028793
0.024506
-0.012718
-0.009186
-0.033630
0.028366
-0.036652
0.025940
-0.024719
0.007168
-0.007904
-0.011208
-0.019440
-0.022781
-0.014740
0.008881
0.033905
-0.007889
0.005978
-0.021912
0.014069
-0.018158
-0.014839
0.021530
0.033508
-0.059967
-0.003025
0.038879
0.011246
-0.030136
-0.055908
0.013077
-0.048096
-0.007996
0.011803
-0.031586
-0.023010
-0.030945
-0.037964
0.016113
0.025894
-0.013641
0.003443
-0.022446
0.003227
-0.000155
0.037720
-0.001543
-0.054840
0.010124
0.017731
0.015976
0.020340
-0.027237
0.018921
-0.016617
0.030090
0.004498
-0.013626
-0.001348
0.024231
0.011475
0.038635
-0.032593
-0.030960
-0.031158
0.002975
0.031006
-0.039093
-0.008568
0.022171
-0.003925
-0.004627
-0.023468
0.023804
-0.042023
-0.036102
0.014244
-0.029831
-0.032898
-0.026154
-0.000636
-0.048553
0.001871
-0.021484
0.023239
0.003798
0.037048
-0.033447
-0.022034
0.033783
-0.038696
0.001080
0.021561
0.012596
-0.019012
0.027802
0.022842
0.068970
-0.008286
-0.002256
0.010719
0.015778
-0.009171
0.020325
-0.007038
-0.010445
0.006939
-0.011581
0.002199
0.003645
0.005562
-0.054260
-0.017975
-0.025131
-0.016602
-0.006073
0.041260
-0.020218
0.047302
-0.032196
-0.002562
-0.041351
0.010460
0.023392
0.019012
-0.098145
-0.016449
0.059448
0.005253
-0.002598
-0.003754
0.009468
-0.003315
0.005672
-0.017593
-0.024490
0.052063
0.024323
0.032257
-0.010254
0.006546
-0.033691
-0.024963
-0.012138
-0.021164
0.026154
0.011299
-0.000366
0.020798
0.006073
0.012604
0.029083
-0.042816
0.021286
0.006233
-0.011505
-0.014427
0.024429
-0.012894
-0.023453
-0.024521
-0.002663
0.002001
0.014709
-0.020218
-0.005611
-0.034973
0.000452
0.016159
0.000546
-0.013046
-0.011032
-0.033356
-0.009468
0.032776
-0.007370
0.042603
-0.040009
0.020477
-0.027542
0.040985
-0.007153
0.019272
-0.009346
-0.021652
-0.016159
-0.007069
0.009087
0.030884
-0.035309
-0.016785
0.009003
-0.038300
0.017151
0.021698
-0.033966
0.016708
-0.023483
-0.032867
-0.000389
-0.013733
0.018677
0.005234
0.010422
-0.028198
-0.024643
-0.035065
0.019974
-0.005383
-0.008316
0.018997
-0.024597
-0.027756
-0.010765
-0.000865
-0.018784
0.035919
-0.004768
0.032379
-0.020660
-0.032288
0.039825
-0.034973
0.011307
0.033203
0.014771
-0.011559
-0.012329
-0.043060
0.014595
-0.028625
-0.007942
-0.029053
-0.009087
0.028732
-0.008522
-0.021271
-0.013138
-0.026703
0.011787
-0.025101
-0.032104
-0.004833
0.023102
0.025055
-0.023758
-0.015060
0.008972
-0.014565
0.021011
-0.015198
-0.037354
0.004837
0.002596
-0.018326
-0.027802
0.015526
0.038788
0.023315
-0.026321
0.034515
0.032196
-0.031006
-0.024139
-0.031921
-0.014229
0.004375
0.024948
-0.018707
0.025284
0.027527
-0.000841
-0.001943
-0.030487
0.007912
0.026566
0.001767
0.006443
0.020126
0.038177
0.049194
-0.004601
-0.022186
-0.058929
-0.008652
-0.001022
-0.030640
-0.036041
-0.042267
-0.028351
0.035126
-0.010872
-0.023590
-0.041473
0.037994
0.016373
0.040771
0.009781
0.007912
-0.026947
0.022675
-0.032623
0.016464
0.009262
0.001843
0.010780
0.001304
0.006599
-0.005989
-0.041718
0.020859
-0.043610
-0.024033
-0.020721
-0.003344
-0.043518
0.040680
-0.017456
-0.000471
0.014229
0.018402
-0.019058
-0.043976
-0.009499
-0.039978
-0.003132
-0.031799
0.007793
-0.027267
-0.019791
-0.017044
-0.019241
0.014252
0.020966
-0.034546
0.030624
0.023087
0.012894
0.001193
-0.000510
-0.023651
-0.025314
0.008278
0.033173
0.004063
-0.038910
0.009369
0.002922
0.024261
-0.011322
0.031433
0.018250
-0.045959
0.035156
-0.011612
0.001287
-0.003056
0.031799
-0.023636
-0.022125
-0.031403
0.020737
-0.009789
-0.004822
0.001152
-0.026184
0.004894
0.019333
-0.022827
0.035553
0.014328
0.016220
-0.045746
0.016983
0.011665
0.010887
-0.031342
-0.016937
0.004044
-0.000470
-0.038483
0.002478
-0.023682
0.037537
-0.011711
-0.002569
-0.028976
0.005039
-0.042328
0.022705
0.035858
0.011253
-0.034546
0.027069
0.009224
-0.037048
0.021194
-0.042938
0.034729
-0.028687
0.000035
0.038910
0.014580
0.010406
0.040955
0.025864
0.005363
0.016068
0.003799
-0.009766
-0.018982
-0.015343
-0.005650
0.031738
0.027893
0.009056
0.003363
-0.019272
0.002878
-0.005512
-0.005653
-0.001094
-0.035828
-0.008041
-0.021393
-0.040558
0.001195
-0.032410
-0.007473
-0.009102
0.033234
-0.004391
0.019623
-0.016174
-0.001842
-0.003983
-0.051239
0.028046
-0.009377
0.016129
-0.022568
0.033966
-0.031921
0.005821
-0.045624
0.039032
-0.021393
-0.024292
0.008850
-0.032593
-0.009468
-0.027405
0.013321
-0.011986
-0.013802
0.040497
-0.034332
0.051117
0.018295
-0.002954
-0.012291
0.013634
-0.015060
0.013763
0.011192
-0.010231
0.007812
-0.008011
0.048767
-0.016525
0.000267
-0.005302
0.014786
0.017349
0.001604
0.013206
-0.025146
-0.054016
-0.008781
0.029633
0.006004
0.019547
-0.007248
-0.004326
-0.018539
0.035217
-0.005219
0.013863
-0.000653
-0.022766
-0.033508
0.021545
0.016617
-0.001409
-0.010162
0.015015
0.040833
0.040741
0.011658
-0.002987
0.009102
0.004738
0.005131
-0.022446
0.037781
-0.014168
-0.021561
0.028122
-0.008995
-0.000005
0.017029
0.021606
-0.059692
0.000874
-0.011841
0.032349
0.021576
0.004482
0.016953
-0.023865
0.056580
-0.050232
0.012794
0.009499
0.003675
0.015327
-0.002573
0.029922
-0.034149
0.029419
0.007408
-0.014359
0.009781
-0.016159
0.016113
0.019226
0.024689
-0.022217
-0.029846
-0.029449
-0.030396
0.034180
-0.012794
-0.012878
-0.018234
0.006672
0.029694
0.006142
0.000318
-0.010788
-0.032104
0.025421
-0.029999
-0.005932
0.013931
0.016678
-0.018051
0.016983
-0.027740
0.031036
0.017059
-0.023651
0.001662
0.022110
-0.016205
0.000690
0.026840
-0.008041
-0.005775
0.004444
-0.003325
0.029144
-0.012810
0.000167
-0.026474
0.023987
-0.010620
-0.021210
0.003311
0.025131
0.036499
-0.007843
0.008240
-0.003284
0.016327
-0.018372
0.019104
-0.026062
-0.018127
-0.003010
0.001653
-0.016998
-0.018555
0.011932
-0.020737
-0.004089
-0.016510
-0.007557
0.017090
-0.008072
-0.009514
-0.002449
-0.028320
0.015884
-0.014618
-0.025070
-0.022263
-0.002151
-0.009453
0.028931
-0.021927
-0.029831
-0.002741
-0.007179
0.018433
0.013451
-0.017731
0.014214
0.014748
-0.004322
-0.004128
0.005836
0.006027
0.021469
-0.002733
0.008377
-0.021072
-0.020813
0.025558
0.007988
-0.026489
-0.003914
0.008728
0.040680
0.025864
0.028931
0.012726
0.028580
-0.012466
0.003551
-0.017349
0.029755
0.034637
-0.000273
-0.031464
-0.037323
0.013031
-0.014069
-0.027222
0.017136
0.027435
-0.017883
-0.025146
-0.003109
-0.017029
0.007141
-0.025040
0.028000
0.021744
0.031921
-0.002687
0.019623
0.041016
-0.000450
-0.021194
0.024002
0.044556
0.026459
0.004845
-0.019135
-0.039398
-0.000527
-0.001684
0.022720
-0.036438
-0.009834
0.030792
0.026443
0.006023
0.030197
-0.013832
-0.012352
0.002945
0.009064
0.003326
-0.023956
-0.019394
-0.003275
0.032104
-0.021072
0.021652
0.026260
0.006329
0.008255
-0.013161
0.006836
-0.047241
-0.011368
-0.011620
0.020325
-0.009682
0.018707
-0.002403
-0.014946
-0.010445
-0.011757
-0.015747
-0.023056
0.040253
-0.021667
-0.000078
-0.026245
0.011147
0.018143
-0.040039
-0.006477
-0.030228
0.043549
0.019272
0.016342
-0.034637
0.027649
0.004478
0.014969
0.007935
0.040039
0.021698
0.035919
-0.031021
0.003241
-0.018311
0.029541
0.053711
0.042023
0.001865
-0.018860
0.029266
0.025421
-0.032288
0.008194
0.004517
0.012474
0.031113
-0.001160
0.002665
0.002558
-0.015312
0.010139
-0.000709
0.025940
-0.036224
0.012177
0.002939
-0.028503
0.030396
0.017044
-0.023041
0.010315
0.034088
-0.005028
-0.020004
0.009384
0.009254
-0.000893
0.030533
-0.025650
0.001908
-0.007889
-0.020386
0.001644
0.002619
-0.000061
-0.011147
-0.038239
0.004974
-0.023590
-0.011742
-0.004604
-0.008392
0.032471
-0.034729
-0.036896
-0.011070
0.023163
-0.040955
-0.029999
-0.029327
0.016373
0.009872
0.033905
0.014320
0.022705
-0.029694
-0.000083
0.028900
0.039246
-0.000711
-0.006905
0.040009
-0.016449
0.029846
-0.061768
0.006649
-0.014267
-0.016113
-0.029282
-0.012459
0.026779
-0.005524
-0.003653
-0.015884
-0.007034
0.024811
0.012070
0.017334
0.003357
0.013313
-0.024628
-0.038818
-0.013939
0.006172
0.007435
-0.016113
0.017303
-0.022415
0.037476
0.026794
-0.019638
-0.035370
0.012589
-0.025513
0.030640
-0.005501
0.016068
0.012909
0.012444
0.008987
0.009895
0.016068
0.039642
-0.006580
0.041473
-0.013962
-0.011864
0.046417
0.012459
0.019653
-0.008507
0.039124
-0.000789
0.035278
-0.001047
0.036957
0.054810
0.014175
-0.033325
-0.027863
0.010406
-0.012436
-0.033997
0.027969
0.042908
-0.021042
0.023438
0.021423
0.055695
0.022568
-0.012726
0.028061
-0.006935
-0.007236
0.036865
0.018814
0.030060
-0.029053
-0.000849
-0.005817
0.018570
-0.004158
-0.029449
-0.019592
-0.024933
-0.000602
0.000651
0.037964
-0.012917
-0.029999
0.007881
0.003817
0.017807
-0.033783
-0.023132
0.003256
0.006435
-0.000423
0.040955
-0.053070
-0.004086
0.012733
-0.012245
0.010857
-0.001626
-0.007771
0.022675
-0.012444
-0.032898
0.017181
0.013229
0.022430
-0.004303
0.007305
0.021149
0.024582
-0.007378
-0.032776
0.009842
0.003223
-0.019409
0.014191
0.019806
-0.015427
0.001694
0.032135
0.006489
0.028458
-0.034729
0.028595
0.033569
-0.033203
0.025024
0.014679
-0.000490
-0.004242
0.034088
0.022720
0.035980
-0.023071
-0.023911
-0.040009
0.014847
-0.011192
0.002258
0.014343
-0.029434
-0.012070
0.021317
0.031311
0.003901
0.016541
0.028931
-0.040039
0.018341
0.011543
0.027924
-0.021591
0.018158
-0.010468
-0.031067
-0.019470
0.025192
-0.006844
0.033752
-0.029266
0.008575
-0.032867
-0.025330
-0.033905
0.019806
0.018478
-0.009872
-0.031677
-0.008110
0.027634
0.019165
0.001639
-0.019073
0.014275
0.010857
-0.007874
0.012283
-0.005207
-0.006096
0.031891
0.025177
0.011223
-0.010330
-0.015549
-0.034210
0.032379
-0.000184
0.032501
0.020294
0.014168
-0.009499
0.015167
0.013992
0.003435
-0.013504
0.005123
0.024384
0.021851
0.023743
0.011658
-0.024475
0.020111
-0.007538
-0.011406
0.006371
0.003878
-0.000948
-0.015198
0.015259
-0.016342
-0.009407
0.003548
-0.023895
-0.020691
0.019302
0.028366
0.018250
-0.028076
0.014664
0.001832
0.022537
-0.000623
-0.003529
-0.028595
0.015030
-0.032349
-0.010025
-0.015091
0.009109
0.003180
0.034332
0.024582
0.030411
0.019012
0.020615
-0.010498
-0.045197
-0.016617
0.021881
0.037994
-0.010918
-0.022781
-0.025131
-0.020813
0.007935
0.024033
0.039551
-0.006329
-0.034790
-0.008301
-0.005024
0.025635
0.024750
0.032623
0.007034
-0.044189
0.027313
0.016022
-0.005672
0.003218
-0.000997
-0.021133
-0.007225
-0.027374
0.003914
-0.000427
0.039886
-0.009102
0.020538
-0.021988
-0.010521
-0.037476
-0.034393
0.007721
0.006115
0.025208
-0.013802
0.033691
-0.025375
-0.037933
0.006844
0.013222
-0.003265
0.018219
-0.019684
-0.031525
-0.007835
0.027817
0.004440
-0.014404
-0.025635
0.026688
0.027557
-0.001280
-0.020279
0.009491
0.001287
0.019318
0.014832
-0.001056
-0.006176
-0.001003
-0.006054
-0.018631
-0.020660
0.024521
-0.012947
-0.014778
-0.034454
0.028961
0.031113
0.004601
-0.025391
-0.031616
-0.021393
0.010109
0.014709
0.024078
0.023087
0.000311
-0.010986
0.019547
0.027039
-0.022263
0.021439
0.019928
-0.023331
-0.013733
-0.017868
-0.020416
0.037109
-0.022018
-0.020523
0.007996
0.010384
0.004543
0.002447
0.005093
0.016266
0.001275
0.036255
-0.022964
0.028381
0.004570
-0.020721
0.025558
0.013359
-0.031189
-0.022369
0.031082
-0.012230
-0.018707
0.017883
-0.025681
0.004162
0.015701
-0.027817
0.024963
0.004707
-0.011673
0.001800
-0.025803
0.028763
0.026382
-0.011063
-0.030960
-0.024796
-0.026962
-0.016068
-0.035919
-0.008232
-0.022949
-0.021576
-0.009087
-0.025421
0.007267
-0.010384
0.003309
-0.030304
-0.015327
-0.024246
0.020508
-0.003393
-0.015411
0.009972
-0.003315
-0.039581
-0.037506
-0.004856
0.016907
-0.018967
-0.023804
-0.050842
-0.009956
0.007374
-0.005524
0.032104
0.040894
-0.019730
-0.053650
-0.001112
0.029907
0.007725
0.010559
0.009148
0.000057
0.015457
0.025070
0.016617
-0.017120
0.000001
-0.007965
-0.020508
-0.040344
0.031708
0.033325
-0.039307
-0.025894
0.035767
0.025513
0.036224
-0.020630
-0.004818
-0.016647
0.031311
-0.023697
-0.042297
0.022385
0.002136
0.003080
0.010200
0.018005
-0.008751
-0.009933
-0.037048
0.005520
0.033142
-0.015343
0.022049
-0.033051
-0.040649
0.005013
0.000539
-0.024368
-0.025620
-0.022720
0.020325
0.009361
0.003910
-0.053680
-0.008224
0.040649
0.032349
-0.030762
0.008209
-0.032867
0.007618
-0.032410
-0.015236
-0.016495
-0.028610
0.025742
0.001993
-0.041290
0.037201
-0.008385
-0.022491
0.019592
-0.012589
-0.030579
0.011757
-0.032013
-0.041809
0.035919
0.019180
-0.027206
-0.013062
0.004585
-0.009315
0.009102
-0.028824
0.014252
0.035706
-0.009186
-0.009224
-0.012100
0.010925
-0.007729
0.030075
0.023544
-0.038391
0.026169
0.047302
-0.000278
0.004101
-0.009880
0.007580
-0.008072
-0.000476
0.035370
-0.029007
-0.018692
0.022400
0.027954
-0.016479
-0.018097
0.046936
-0.040375
0.022171
-0.020844
0.022934
-0.022552
-0.007851
0.047974
0.015732
-0.034027
0.012474
-0.025574
0.050934
-0.019913
-0.015617
0.014847
0.018753
-0.029846
-0.000279
0.009575
-0.021133
-0.021255
-0.032135
-0.001835
-0.028488
-0.001041
-0.004356
0.047791
0.022537
-0.027740
0.043671
0.013329
0.033997
-0.009186
0.019394
0.023758
0.024872
0.039398
0.002464
-0.011520
-0.002409
0.006668
-0.001292
-0.009239
0.016541
-0.046173
-0.014702
-0.025421
-0.015915
0.031311
0.004852
-0.010078
0.036346
0.017044
0.014633
0.008240
0.054688
-0.028549
0.001509
-0.009529
0.041260
0.028564
-0.021133
-0.027725
0.020935
0.000695
0.033875
-0.002979
-0.033173
-0.008751
0.044403
0.026672
0.020935
-0.020935
0.011963
0.009933
0.031616
-0.002630
-0.007660
0.010422
0.008743
-0.013359
0.009102
-0.010139
-0.002104
-0.014534
-0.027725
0.013733
-0.015015
-0.018631
-0.030975
0.022781
0.031921
-0.010971
-0.016953
-0.020309
0.007473
-0.008728
-0.016846
-0.035400
-0.005096
0.029785
0.021088
-0.027206
0.040527
0.011528
0.047150
0.034332
0.024063
0.005695
-0.012123
0.038818
-0.012680
-0.026749
0.003998
0.006069
-0.025208
-0.038513
0.030045
0.014534
-0.012825
-0.017609
0.023178
-0.002401
-0.014664
-0.002235
0.028198
-0.015602
0.017700
0.005131
-0.007011
-0.036255
-0.027664
-0.032318
-0.041901
-0.028305
-0.040405
0.016281
0.006393
0.013840
-0.019012
-0.005878
-0.006420
0.013290
0.029160
-0.003853
-0.028564
-0.022614
0.023926
-0.013351
-0.020447
0.036072
0.001903
-0.015884
0.033386
0.007912
-0.004566
0.027359
0.017487
0.039581
0.001522
-0.021866
-0.000693
0.012360
0.014938
0.006905
0.002937
-0.011063
0.035004
-0.020706
0.029205
0.032379
0.028503
-0.036041
0.027222
0.001297
-0.032593
-0.011108
-0.008026
0.005817
-0.025253
-0.035858
-0.012917
0.028793
0.026230
0.006222
0.010757
-0.019135
-0.014000
-0.024918
-0.012543
0.011726
-0.002207
0.032898
0.013298
-0.013382
0.020493
0.000944
-0.010544
-0.034943
-0.018936
0.003639
0.027939
-0.012627
-0.017258
-0.019669
0.029373
-0.031647
-0.019943
-0.024414
-0.008430
0.001588
0.024353
0.013077
-0.010956
-0.017059
-0.032349
0.025787
-0.022949
-0.004215
0.029358
0.039032
0.016266
0.001645
-0.031281
0.014114
-0.026367
-0.034149
-0.027344
0.027908
-0.023270
-0.004059
0.042389
-0.005276
-0.023163
0.009659
0.023804
0.027512
-0.033234
0.025238
0.013840
-0.027740
0.010124
