0.024795532
1.0693359
1.0146484
0.73242188
-0.11505127
-0.0043258667
-0.020645142
2.9277344
0.81103516
0.63232422
0.32861328
-0.12512207
1.9003906
0.24353027
0.83544922
3.3632812
-0.071838379
-0.11322021
-0.30224609
-0.094726562
0.98828125
0.52587891
-0.14123535
0.46923828
-0.098388672
1.7617188
0.2322998
1.1767578
0.86523438
1.0205078
0.72607422
1.7148438
1.8779297
1.2666016
-0.14892578
-0.2824707
3.390625
-0.22070312
-0.043395996
0.79443359
-0.024108887
-0.17150879
0.23876953
-0.072387695
-0.032958984
-0.18347168
-0.077087402
1.7197266
-0.010696411
1.0664062
0.23022461
-0.082580566
0.98828125
1.4814453
-0.17932129
1.6220703
-0.080871582
1.3359375
-0.11328125
-0.10198975
1.8261719
0.20751953
1.5761719
-0.039367676
0.24182129
1.3017578
0.25170898
0.48950195
-0.12512207
0.76953125
-0.019592285
1.1279297
0.60791016
-0.2175293
3.0507812
0.50634766
0.4699707
3.3964844
1.1650391
-0.070678711
0.20617676
1.3222656
-0.086303711
0.89746094
-0.20532227
1.3798828
1.7978516
2.4804688
-0.19592285
-0.086608887
0.79736328
2.8300781
-0.13354492
1.1210938
-0.14477539
0.67285156
-0.11413574
-0.054992676
1.1474609
-0.013214111
-0.025772095
0.15539551
0.60595703
1.0449219
-0.067260742
1.0244141
1.1611328
-0.27709961
-0.037261963
-0.023757935
-0.20776367
-0.15673828
0.56982422
0.46801758
1.2578125
0.51904297
-0.16674805
1.0859375
-0.075012207
-0.070129395
0.073852539
-0.015853882
-0.029541016
-0.14538574
0.69726562
0.050354004
1.6572266
1.1064453