0.52441406
0.2109375
-0.0082550049
0.328125
-0.021865845
-0.032104492
-0.0054168701
-0.016418457
-0.03062439
0.56054688
0.75
0.099853516
0.2487793
-0.01953125
0.060302734
0.2109375
0.32006836
-0.0066413879
0.28466797
0.61914062
-0.012451172
-0.043395996
0.078796387
0.56103516
0.25463867
0.31689453
0.069519043
0.80126953
-0.015075684
-0.020324707
-0.013885498
0.11199951
0.22924805
-0.022994995
-0.0019931793
0.19763184
-0.013046265
0.48999023
0.24719238
0.23718262
0.46630859
-0.0362854
0.22265625
-0.03213501
-0.023696899
0.21826172
-0.0044250488
0.009765625
-0.022644043
0.19506836
-0.024612427
0.47460938
-0.078430176
0.10449219
0.19140625
0.29174805
0.21606445
-0.022857666
0.20898438
0.39599609
1.2158203
0.059356689
-0.019210815
0.25244141
0.28686523
-0.035766602
-0.0041618347
0.18395996
0.56201172
-0.043518066
0.32055664
0.16882324
0.13684082
-0.060394287
-0.0019645691
0.01864624
0.11547852
-0.036499023
0.19726562
-0.024536133
0.49926758
0.019165039
0.28295898
-0.05065918
0.19519043
0.020843506
0.56542969
-0.0035438538
0.19750977
0.1439209
-0.0040931702
0.22680664
0.74511719
-0.033172607
0.42456055
-0.019851685
0.39672852
0.24414062
0.28857422
0.41870117
0.54003906
0.27612305
0.24560547
-0.0050354004
0.11358643
-0.027709961
0.91064453
0.20239258
0.52294922
0.54931641
0.29492188
0.54003906
-0.053283691
-0.02772522
-0.0070991516
-0.044616699
0.21655273
-0.02885437
0.63867188
0.59326172
-0.036743164
0.2388916
-0.06262207
-0.015441895
-0.058532715
0.11047363
-0.037261963
0.19506836