-0.086914
-0.088379
1.266602
0.376465
0.057770
0.494873
0.202026
-0.089111
0.729492
-0.034058
-0.087708
-0.018478
-0.117737
-0.001522
-0.126587
0.806641
0.506836
0.676270
-0.018982
-0.016785
1.008789
-0.005230
0.811523
0.317871
0.688477
0.106628
-0.010925
-0.076660
-0.030762
0.421143
0.812500
1.469727
0.120728
-0.002625
-0.043793
-0.047241
0.253906
0.828125
0.221680
1.332031
0.238037
0.054810
0.050018
0.168823
0.158813
-0.006889
-0.002686
0.315918
-0.017273
-0.023834
0.348145
0.348145
0.405762
-0.050873
-0.063721
0.798340
0.665527
0.865234
-0.040405
0.022018
-0.024918
0.596680
0.269287
-0.056854
