0.286865
-0.035767
-0.004162
0.183960
0.562012
-0.043518
0.320557
0.168823
0.136841
-0.060394
-0.001965
0.018646
0.115479
-0.036499
0.197266
-0.024536
0.499268
0.019165
0.282959
-0.050659
0.195190
0.020844
0.565430
-0.003544
0.197510
0.143921
-0.004093
0.226807
0.745117
-0.033173
0.424561
-0.019852
0.396729
0.244141
0.288574
0.418701
0.540039
0.276123
0.245605
-0.005035
0.113586
-0.027710
0.910645
0.202393
0.522949
0.549316
0.294922
0.540039
-0.053284
-0.027725
-0.007099
-0.044617
0.216553
-0.028854
0.638672
0.593262
-0.036743
0.238892
-0.062622
-0.015442
-0.058533
0.110474
-0.037262
0.195068
