0.024796
1.069336
1.014648
0.732422
-0.115051
-0.004326
-0.020645
2.927734
0.811035
0.632324
0.328613
-0.125122
1.900391
0.243530
0.835449
3.363281
-0.071838
-0.113220
-0.302246
-0.094727
0.988281
0.525879
-0.141235
0.469238
-0.098389
1.761719
0.232300
1.176758
0.865234
1.020508
0.726074
1.714844
1.877930
1.266602
-0.148926
-0.282471
3.390625
-0.220703
-0.043396
0.794434
-0.024109
-0.171509
0.238770
-0.072388
-0.032959
-0.183472
-0.077087
1.719727
-0.010696
1.066406
0.230225
-0.082581
0.988281
1.481445
-0.179321
1.622070
-0.080872
1.335938
-0.113281
-0.101990
1.826172
0.207520
1.576172
-0.039368
