-0.064880371
-0.078857422
-0.073974609
0.051116943
0.019836426
0.010345459
0.078552246
-0.066894531
-0.041564941
-0.023086548
0.074035645
0.00090312958
0.0024662018
0.069396973
-0.097106934
0.0028438568
-0.078674316
-0.063842773
0.053741455
-0.082580566
0.08984375
0.0023231506
0.003282547
-0.008644104
-0.034637451
-0.016723633
-0.0076828003
0.08807373
0.003112793
0.038269043
-0.045074463
-0.0018825531
-0.012145996
0.050598145
0.033416748
0.080505371
-0.032562256
0.074584961
0.075683594
0.085876465
0.044921875
0.019958496
-0.019226074
0.033355713
-0.030227661
0.064453125
0.080322266
-0.013687134
0.071044922
0.084228516
-0.0062141418
-0.065734863
0.029510498
0.075500488
0.079711914
0.060272217
0.054992676
-0.018234253
-0.014717102
-0.024154663
0.06036377
-0.023651123
-0.00092363358
0.054443359
0.060577393
0.054840088
0.022232056
0.044250488
-0.036987305
-0.007598877
0.08026123
-0.073486328
-0.05557251
-0.029449463
-0.067993164
0.057342529
0.029907227
0.098999023
-0.029937744
0.0019721985
-0.035491943
-0.088684082
-0.074279785
0.017364502
0.052825928
-0.024963379
0.045410156
0.042266846
-0.056976318
-0.07232666
-0.039672852
0.044372559
0.005897522
-0.0859375
-0.057067871
-0.020889282
-0.037567139
-0.044647217
-0.0014619827
-0.045501709
0.075927734
-0.072570801
0.059417725
-0.065002441
-0.0033569336
0.073059082
0.081665039
2.3841858e-07
0.056671143
0.04486084
0.061279297
0.05947876
-0.088256836
-0.023971558
0.0014591217
0.01210022
0.054992676
0.0070838928
0.076477051
0.00016653538
-0.06451416
-0.068847656
6.3598156e-05
-0.009979248
-0.076049805
-0.070068359
-0.0088653564
0.05368042
