0.010604858
-0.019271851
-0.02734375
0.010520935
0.033966064
0.004611969
-0.0090942383
0.03503418
0.0086593628
-0.032348633
-0.028274536
0.033569336
0.044250488
0.041625977
-0.0045318604
0.027206421
-0.0034446716
-0.023269653
0.0057983398
-0.01763916
0.036132812
-0.015441895
0.021575928
0.035980225
-0.0051345825
-0.0011978149
0.035766602
-0.0053825378
0.037139893
-0.022857666
0.0027618408
0.020385742
-0.026046753
-0.0007853508
0.010467529
0.031616211
-0.0012264252
-0.009475708
0.006362915
0.022003174
-0.017288208
0.012771606
0.041473389
0.061950684
0.0022506714
-0.012649536
0.022033691
-0.028579712
0.0098495483
-0.021682739
-0.010169983
-0.014511108
0.0063056946
-0.035339355
-0.0062522888
-0.037109375
0.038482666
-0.030593872
0.016799927
0.013198853
0.012420654
-0.017532349
-0.0040245056
-0.0075912476
-0.033752441
-0.014396667
0.0287323
-0.030151367
-0.02406311
0.013328552
0.0259552
0.0062446594
-0.00089550018
-0.021530151
0.012756348
0.016799927
0.017883301
-0.016067505
-0.011543274
-0.0022754669
-0.0036525726
0.0032730103
0.024551392
-0.032836914
0.022674561
0.022598267
0.0087432861
0.024230957
0.0074806213
-0.023284912
0.018615723
-0.020996094
0.019515991
0.012588501
-0.0094451904
0.027679443
0.020828247
-0.0095062256
-0.027313232
-0.019439697
0.023498535
-0.019775391
0.020095825
-0.004573822
-0.018463135
-0.011573792
-0.028289795
0.0018262863
-0.012710571
0.019668579
0.02053833
0.01071167
0.012565613
0.035217285
-0.035949707
0.014709473
-0.046264648
-0.0048370361
-0.032897949
0.030136108
0.022064209
0.0030498505
0.026107788
0.021759033
0.039550781
0.0035057068
0.010528564
0.02520752
