0.11358643
-0.121521
-0.21191406
-0.07623291
0.019042969
0.07635498
0.009185791
0.11431885
0.061645508
-0.057159424
0.17651367
0.0043411255
0.028701782
0.029434204
-0.16345215
0.022491455
-0.053344727
-0.054962158
0.092529297
-0.10797119
0.096557617
0.033935547
0.00043177605
0.092346191
-0.044067383
0.0018310547
-0.064941406
0.092651367
-0.125
-0.045562744
-0.12408447
-0.01361084
-0.021286011
-0.036407471
0.038574219
0.01902771
-0.015640259
0.099304199
0.22473145
0.011581421
0.17541504
0.059875488
-0.12524414
0.1126709
-0.11517334
0.085266113
0.087585449
0.019760132
0.048858643
0.28808594
0.063476562
-0.15136719
0.042877197
0.070861816
0.05166626
-0.0068473816
0.037841797
0.077209473
-0.090759277
0.07043457
-0.036712646
-0.082092285
-0.095703125
-0.089660645
0.096740723
-0.060119629
0.024078369
-0.031829834
-0.11975098
-0.09387207
0.014785767
-0.056671143
0.10046387
-0.075073242
-0.090576172
0.065917969
0.14440918
0.075073242
-0.13024902
-0.053863525
-0.11206055
0.06451416
0.1418457
-0.050415039
0.10351562
-0.058807373
0.0052185059
0.036010742
-0.054229736
0.092163086
-0.040039062
0.21459961
-0.011566162
-0.14343262
-0.1005249
0.023376465
0.080688477
0.045562744
-0.010414124
-0.043579102
0.16687012
-0.18945312
-0.063659668
-0.121521
-0.11431885
0.14978027
0.016311646
0.012229919
0.12756348
0.12115479
0.085205078
0.15002441
-0.097595215
0.016937256
0.086853027
-0.017425537
0.085021973
-0.020767212
0.021102905
-0.024887085
0.06451416
-0.05255127
0.1149292
-0.067138672
-0.095397949
-0.029403687
-0.015701294
0.067810059
0.087097168
-0.12915039
-0.21032715
-0.10046387
0.0067749023
0.056091309
-0.017669678
0.086791992
0.097351074
-0.094421387
0.20336914
0.019638062
0.079406738
-0.011962891
-0.13793945
0.032104492
-0.09979248
-0.090026855
0.047271729
-0.069396973
0.083374023
0.0075416565
-0.0089797974
0.11199951
-0.06628418
-0.013084412
-0.073242188
0.12731934
-0.10559082
0.0026798248
-0.062347412
-0.020706177
-0.0075950623
-0.015319824
0.0096359253
-0.050933838
-0.0078086853
0.098571777
0.2286377
0.068359375
0.12988281
0.031524658
-0.12927246
0.094787598
-0.11474609
0.14257812
0.10766602
-0.0019798279
0.062286377
0.26416016
0.060913086
-0.10192871
0.053955078
0.036712646
0.058959961
0.013877869
0.066345215
0.038330078
-0.072875977
0.020828247
-0.037872314
-0.077026367
-0.08770752
-0.094177246
0.090698242
-0.086791992
0.024108887
-0.061798096
-0.13208008
-0.11865234
0.020401001
-0.079650879
0.064758301
-0.087341309
-0.044647217
-0.001912117
0.12420654
0.14123535
-0.14074707
-0.058990479
-0.10888672
0.14404297
0.066162109
-0.055023193
0.081726074
-0.03515625
-0.016387939
-0.0496521
-0.042022705
0.092956543
-0.06829834
0.26855469
-0.0061607361
-0.12115479
-0.096313477
0.058288574
0.095581055
-0.017364502
-0.014015198
-0.028594971
0.13330078
-0.20397949
-0.054748535
-0.15844727
-0.10522461
0.18811035
0.019195557
0.026565552
0.112854
0.19934082
0.093688965
0.15698242
-0.11853027
-0.01171875
0.11309814
-0.039215088
0.090026855
-0.089660645
0.036071777
-0.010375977
0.053070068
-0.022827148
0.043914795
-0.077209473
-0.093200684
-0.040344238
-0.047821045
0.032104492
0.077148438
-0.15637207
-0.18798828
-0.09979248
0.0098342896
0.05569458
-0.017730713
0.072265625
0.11853027
-0.11486816
0.19177246
0.0059700012
0.098510742
-0.014083862
-0.13146973
0.015655518
-0.11639404
-0.10345459
0.042633057
-0.066162109
0.08215332
0.0084762573
-0.0029430389
0.11901855
-0.048095703
0.002904892
-0.07043457
0.13269043
-0.095458984
0.021026611
-0.047485352
0.00035500526
0.0033588409
0.00756073
0.0072021484
-0.044464111
0.0013504028
0.098693848
0.21325684
0.092529297
0.1373291
0.012268066
-0.13427734
0.07244873
-0.098693848
0.16027832
0.098693848
-0.019302368
0.078308105
0.22558594
0.03314209
-0.090881348
0.064147949
0.031951904
0.047729492
0.047637939
0.086303711
0.035614014
-0.060638428
0.0035839081
-0.035980225
-0.085876465
-0.084899902
-0.064880371
0.060943604
-0.080627441
0.036529541
-0.067138672
-0.11279297
-0.087463379
0.01448822
-0.087402344
0.047210693
-0.093200684
-0.035827637
-0.023864746
0.11260986
0.1685791
-0.13317871
-0.065002441
-0.11236572
0.12145996
0.037078857
-0.046539307
0.078918457
-0.019302368
-0.0011701584
-0.061035156
-0.045806885
0.074523926
-0.087463379
0.26831055
0.0027675629
-0.1182251
-0.07434082
0.045410156
0.07409668
-0.025787354
-0.025192261
-0.025375366
0.12536621
-0.18737793
-0.043182373
-0.14453125
-0.11065674
0.18188477
0.016479492
0.021316528
0.079772949
0.22277832
0.093505859
0.14648438
-0.11999512
-0.022598267
0.10650635
-0.025299072
0.086914062
-0.069580078
0.015609741
-8.5115433e-05
0.039978027
-0.024749756
0.011474609
-0.050598145
-0.10009766
-0.050567627
-0.057098389
0.02355957
0.077148438
-0.15637207
-0.18798828
-0.09979248
0.0098342896
0.05569458
-0.017730713
0.072265625
0.11853027
-0.11486816
0.19177246
0.0059700012
0.098510742
-0.014083862
-0.13146973
0.015655518
-0.11639404
-0.10345459
0.042633057
-0.066162109
0.08215332
0.0084762573
-0.0029430389
0.11901855
-0.048095703
0.002904892
-0.07043457
0.13269043
-0.095458984
0.021026611
-0.047485352
0.00035500526
0.0033588409
0.00756073
0.0072021484
-0.044464111
0.0013504028
0.098693848
0.21325684
0.092529297
0.1373291
0.012268066
-0.13427734
0.07244873
-0.098693848
0.16027832
0.098693848
-0.019302368
0.078308105
0.22558594
0.03314209
-0.090881348
0.064147949
0.031951904
0.047729492
0.047637939
0.086303711
0.035614014
-0.060638428
0.0035839081
-0.035980225
-0.085876465
-0.084899902
-0.064880371
0.060943604
-0.080627441
0.036529541
-0.067138672
-0.11279297
-0.087463379
0.01448822
-0.087402344
0.047210693
-0.093200684
-0.035827637
-0.023864746
0.11260986
0.1685791
-0.13317871
-0.065002441
-0.11236572
0.12145996
0.037078857
-0.046539307
0.078918457
-0.019302368
-0.0011701584
-0.061035156
-0.045806885
0.074523926
-0.087463379
0.26831055
0.0027675629
-0.1182251
-0.07434082
0.045410156
0.07409668
-0.025787354
-0.025192261
-0.025375366
0.12536621
-0.18737793
-0.043182373
-0.14453125
-0.11065674
0.18188477
0.016479492
0.021316528
0.079772949
0.22277832
0.093505859
0.14648438
-0.11999512
-0.022598267
0.10650635
-0.025299072
0.086914062
-0.069580078
0.015609741
-8.5115433e-05
0.039978027
-0.024749756
0.011474609
-0.050598145
-0.10009766
-0.050567627
-0.057098389
0.02355957
0.077148438
-0.15637207
-0.18798828
-0.09979248
0.0098342896
0.05569458
-0.017730713
0.072265625
0.11853027
-0.11486816
0.19177246
0.0059700012
0.098510742
-0.014083862
-0.13146973
0.015655518
-0.11639404
-0.10345459
0.042633057
-0.066162109
0.08215332
0.0084762573
-0.0029430389
0.11901855
-0.048095703
0.002904892
-0.07043457
0.13269043
-0.095458984
0.021026611
-0.047485352
0.00035500526
0.0033588409
0.00756073
0.0072021484
-0.044464111
0.0013504028
0.098693848
0.21325684
0.092529297
0.1373291
0.012268066
-0.13427734
0.07244873
-0.098693848
0.16027832
0.098693848
-0.019302368
0.078308105
0.22558594
0.03314209
-0.090881348
0.064147949
0.031951904
0.047729492
0.047637939
0.086303711
0.035614014
-0.060638428
0.0035839081
-0.035980225
-0.085876465
-0.084899902
-0.064880371
0.060943604
-0.080627441
0.036529541
-0.067138672
-0.11279297
-0.087463379
0.01448822
-0.087402344
0.047210693
-0.093200684
-0.035827637
-0.023864746
0.11260986
0.1685791
-0.13317871
-0.065002441
-0.11236572
0.12145996
0.037078857
-0.046539307
0.078918457
-0.019302368
-0.0011701584
-0.061035156
-0.045806885
0.074523926
-0.087463379
0.26831055
0.0027675629
-0.1182251
-0.07434082
0.045410156
0.07409668
-0.025787354
-0.025192261
-0.025375366
0.12536621
-0.18737793
-0.043182373
-0.14453125
-0.11065674
0.18188477
0.016479492
0.021316528
0.079772949
0.22277832
0.093505859
0.14648438
-0.11999512
-0.022598267
0.10650635
-0.025299072
0.086914062
-0.069580078
0.015609741
-8.5115433e-05
0.039978027
-0.024749756
0.011474609
-0.050598145
-0.10009766
-0.050567627
-0.057098389
0.02355957
0.077148438
-0.15637207
-0.18798828
-0.09979248
0.0098342896
0.05569458
-0.017730713
0.072265625
0.11853027
-0.11486816
0.19177246
0.0059700012
0.098510742
-0.014083862
-0.13146973
0.015655518
-0.11639404
-0.10345459
0.042633057
-0.066162109
0.08215332
0.0084762573
-0.0029430389
0.11901855
-0.048095703
0.002904892
-0.07043457
0.13269043
-0.095458984
0.021026611
-0.047485352
0.00035500526
0.0033588409
0.00756073
0.0072021484
-0.044464111
0.0013504028
0.098693848
0.21325684
0.092529297
0.1373291
0.012268066
-0.13427734
0.07244873
-0.098693848
0.16027832
0.098693848
-0.019302368
0.078308105
0.22558594
0.03314209
-0.090881348
0.064147949
0.031951904
0.047729492
0.047637939
0.086303711
0.035614014
-0.060638428
0.0035839081
-0.035980225
-0.085876465
-0.084899902
-0.064880371
0.060943604
-0.080627441
0.036529541
-0.067138672
-0.11279297
-0.087463379
0.01448822
-0.087402344
0.047210693
-0.093200684
-0.035827637
-0.023864746
0.11260986
0.1685791
-0.13317871
-0.065002441
-0.11236572
0.12145996
0.037078857
-0.046539307
0.078918457
-0.019302368
-0.0011701584
-0.061035156
-0.045806885
0.074523926
-0.087463379
0.26831055
0.0027675629
-0.1182251
-0.07434082
0.045410156
0.07409668
-0.025787354
-0.025192261
-0.025375366
0.12536621
-0.18737793
-0.043182373
-0.14453125
-0.11065674
0.18188477
0.016479492
0.021316528
0.079772949
0.22277832
0.093505859
0.14648438
-0.11999512
-0.022598267
0.10650635
-0.025299072
0.086914062
-0.069580078
0.015609741
-8.5115433e-05
0.039978027
-0.024749756
0.011474609
-0.050598145
-0.10009766
-0.050567627
-0.057098389
0.02355957
0.077148438
-0.15637207
-0.18798828
-0.09979248
0.0098342896
0.05569458
-0.017730713
0.072265625
0.11853027
-0.11486816
0.19177246
0.0059700012
0.098510742
-0.014083862
-0.13146973
0.015655518
-0.11639404
-0.10345459
0.042633057
-0.066162109
0.08215332
0.0084762573
-0.0029430389
0.11901855
-0.048095703
0.002904892
-0.07043457
0.13269043
-0.095458984
0.021026611
-0.047485352
0.00035500526
0.0033588409
0.00756073
0.0072021484
-0.044464111
0.0013504028
0.098693848
0.21325684
0.092529297
0.1373291
0.012268066
-0.13427734
0.07244873
-0.098693848
0.16027832
0.098693848
-0.019302368
0.078308105
0.22558594
0.03314209
-0.090881348
0.064147949
0.031951904
0.047729492
0.047637939
0.086303711
0.035614014
-0.060638428
0.0035839081
-0.035980225
-0.085876465
-0.084899902
-0.064880371
0.060943604
-0.080627441
0.036529541
-0.067138672
-0.11279297
-0.087463379
0.01448822
-0.087402344
0.047210693
-0.093200684
-0.035827637
-0.023864746
0.11260986
0.1685791
-0.13317871
-0.065002441
-0.11236572
0.12145996
0.037078857
-0.046539307
0.078918457
-0.019302368
-0.0011701584
-0.061035156
-0.045806885
0.074523926
-0.087463379
0.26831055
0.0027675629
-0.1182251
-0.07434082
0.045410156
0.07409668
-0.025787354
-0.025192261
-0.025375366
0.12536621
-0.18737793
-0.043182373
-0.14453125
-0.11065674
0.18188477
0.016479492
0.021316528
0.079772949
0.22277832
0.093505859
0.14648438
-0.11999512
-0.022598267
0.10650635
-0.025299072
0.086914062
-0.069580078
0.015609741
-8.5115433e-05
0.039978027
-0.024749756
0.011474609
-0.050598145
-0.10009766
-0.050567627
-0.057098389
0.02355957
0.077148438
-0.15637207
-0.18798828
-0.09979248
0.0098342896
0.05569458
-0.017730713
0.072265625
0.11853027
-0.11486816
0.19177246
0.0059700012
0.098510742
-0.014083862
-0.13146973
0.015655518
-0.11639404
-0.10345459
0.042633057
-0.066162109
0.08215332
0.0084762573
-0.0029430389
0.11901855
-0.048095703
0.002904892
-0.07043457
0.13269043
-0.095458984
0.021026611
-0.047485352
0.00035500526
0.0033588409
0.00756073
0.0072021484
-0.044464111
0.0013504028
0.098693848
0.21325684
0.092529297
0.1373291
0.012268066
-0.13427734
0.07244873
-0.098693848
0.16027832
0.098693848
-0.019302368
0.078308105
0.22558594
0.03314209
-0.090881348
0.064147949
0.031951904
0.047729492
0.047637939
0.086303711
0.035614014
-0.060638428
0.0035839081
-0.035980225
-0.085876465
-0.084899902
-0.064880371
0.060943604
-0.080627441
0.036529541
-0.067138672
-0.11279297
-0.087463379
0.01448822
-0.087402344
0.047210693
-0.093200684
-0.035827637
-0.023864746
0.11260986
0.1685791
-0.13317871
-0.065002441
-0.11236572
0.12145996
0.037078857
-0.046539307
0.078918457
-0.019302368
-0.0011701584
-0.061035156
-0.045806885
0.074523926
-0.087463379
0.26831055
0.0027675629
-0.1182251
-0.07434082
0.045410156
0.07409668
-0.025787354
-0.025192261
-0.025375366
0.12536621
-0.18737793
-0.043182373
-0.14453125
-0.11065674
0.18188477
0.016479492
0.021316528
0.079772949
0.22277832
0.093505859
0.14648438
-0.11999512
-0.022598267
0.10650635
-0.025299072
0.086914062
-0.069580078
0.015609741
-8.5115433e-05
0.039978027
-0.024749756
0.011474609
-0.050598145
-0.10009766
-0.050567627
-0.057098389
0.02355957
0.034973145
-0.10552979
-0.15100098
-0.049194336
0.023452759
0.054748535
0.044006348
0.024215698
0.071716309
-0.10046387
0.13891602
0.021347046
0.072692871
0.028274536
-0.13977051
0.0061531067
-0.11627197
-0.10314941
0.049591064
-0.071411133
0.08581543
0.01663208
-1.424551e-05
0.046112061
-0.046051025
-0.016860962
-0.054534912
0.1149292
-0.059173584
0.025787354
-0.067871094
0.019134521
-0.00089073181
0.012619019
0.03125
-0.0001565218
-0.016220093
0.091247559
0.16699219
0.11767578
0.10662842
0.020584106
-0.11383057
0.041137695
-0.078369141
0.13317871
0.093322754
-0.0096511841
0.067138672
0.15661621
0.034851074
-0.090576172
0.043212891
0.036804199
0.076904297
0.045684814
0.112854
0.037109375
-0.032348633
0.0047454834
-0.0083389282
-0.08972168
-0.044036865
-0.032104492
0.069091797
-0.028747559
0.032409668
-0.04498291
-0.10449219
-0.078125
0.044006348
-0.092590332
0.032501221
-0.082885742
-0.057739258
-0.0032501221
0.066162109
0.15612793
-0.1038208
-0.02784729
-0.10479736
0.051727295
-0.016830444
-0.028030396
0.082580566
-0.033630371
0.027435303
-0.021316528
-0.042633057
-0.011413574
-0.11315918
0.18078613
0.0085906982
-0.12445068
-0.076049805
0.035247803
0.047302246
-0.036224365
-0.028717041
-0.029022217
0.11950684
-0.14245605
-0.0074005127
-0.10083008
-0.10479736
0.14575195
0.036682129
-0.011566162
0.067138672
0.17602539
0.08605957
0.097717285
-0.11804199
-0.028289795
0.056121826
-0.016525269
0.08026123
-0.018325806
0.032592773
-0.0031070709
0.032012939
-0.046783447
0.0066184998
-0.014678955
-0.12536621
-0.070068359
-0.050140381
0.011833191
0.015060425
-0.086242676
-0.13464355
-0.019943237
0.022689819
0.047454834
0.07434082
0.0059013367
0.050445557
-0.090515137
0.11505127
0.033966064
0.065307617
0.044708252
-0.14086914
0.004283905
-0.11090088
-0.10272217
0.050109863
-0.064086914
0.087036133
0.014221191
0.0042228699
0.012588501
-0.043945312
-0.02671814
-0.043792725
0.10858154
-0.058258057
0.031036377
-0.062988281
0.022918701
0.0078086853
0.017242432
0.05065918
0.018310547
-0.025497437
0.08605957
0.14929199
0.12780762
0.084899902
0.036346436
-0.10638428
0.030990601
-0.063049316
0.12609863
0.078369141
-0.013549805
0.067932129
0.12023926
0.034576416
-0.098754883
0.033325195
0.054260254
0.094726562
0.040039062
0.11846924
0.023895264
-0.010246277
0.015731812
0.023391724
-0.08807373
-0.027252197
-0.011383057
0.081359863
-0.0078582764
0.036224365
-0.034912109
-0.098999023
-0.071594238
0.058807373
-0.091674805
0.01890564
-0.083435059
-0.069946289
0.018295288
0.047058105
0.16442871
-0.085632324
-0.0079269409
-0.098449707
0.019348145
-0.041900635
-0.01133728
0.078735352
-0.037628174
0.034759521
-0.0047950745
-0.045379639
-0.046356201
-0.12091064
0.13354492
0.0061683655
-0.11755371
-0.087524414
0.027175903
0.035675049
-0.04800415
-0.033538818
-0.034423828
0.10943604
-0.12609863
0.003030777
-0.091369629
-0.1060791
0.11932373
0.053588867
-0.014816284
0.07043457
0.15429688
0.082214355
0.073425293
-0.12756348
-0.032623291
0.037750244
-0.015884399
0.066467285
0.012252808
0.055847168
0.0077362061
0.023712158
-0.05581665
0.0055084229
0.0038719177
-0.140625
-0.084716797
-0.043243408
0.0035514832
0.015060425
-0.086242676
-0.13464355
-0.019943237
0.022689819
0.047454834
0.07434082
0.0059013367
0.050445557
-0.090515137
0.11505127
0.033966064
0.065307617
0.044708252
-0.14086914
0.004283905
-0.11090088
-0.10272217
0.050109863
-0.064086914
0.087036133
0.014221191
0.0042228699
0.012588501
-0.043945312
-0.02671814
-0.043792725
0.10858154
-0.058258057
0.031036377
-0.062988281
0.022918701
0.0078086853
0.017242432
0.05065918
0.018310547
-0.025497437
0.08605957
0.14929199
0.12780762
0.084899902
0.036346436
-0.10638428
0.030990601
-0.063049316
0.12609863
0.078369141
-0.013549805
0.067932129
0.12023926
0.034576416
-0.098754883
0.033325195
0.054260254
0.094726562
0.040039062
0.11846924
0.023895264
-0.010246277
0.015731812
0.023391724
-0.08807373
-0.027252197
-0.011383057
0.081359863
-0.0078582764
0.036224365
-0.034912109
-0.098999023
-0.071594238
0.058807373
-0.091674805
0.01890564
-0.083435059
-0.069946289
0.018295288
0.047058105
0.16442871
-0.085632324
-0.0079269409
-0.098449707
0.019348145
-0.041900635
-0.01133728
0.078735352
-0.037628174
0.034759521
-0.0047950745
-0.045379639
-0.046356201
-0.12091064
0.13354492
0.0061683655
-0.11755371
-0.087524414
0.027175903
0.035675049
-0.04800415
-0.033538818
-0.034423828
0.10943604
-0.12609863
0.003030777
-0.091369629
-0.1060791
0.11932373
0.053588867
-0.014816284
0.07043457
0.15429688
0.082214355
0.073425293
-0.12756348
-0.032623291
0.037750244
-0.015884399
0.066467285
0.012252808
0.055847168
0.0077362061
0.023712158
-0.05581665
0.0055084229
0.0038719177
-0.140625
-0.084716797
-0.043243408
0.0035514832
0.015060425
-0.086242676
-0.13464355
-0.019943237
0.022689819
0.047454834
0.07434082
0.0059013367
0.050445557
-0.090515137
0.11505127
0.033966064
0.065307617
0.044708252
-0.14086914
0.004283905
-0.11090088
-0.10272217
0.050109863
-0.064086914
0.087036133
0.014221191
0.0042228699
0.012588501
-0.043945312
-0.02671814
-0.043792725
0.10858154
-0.058258057
0.031036377
-0.062988281
0.022918701
0.0078086853
0.017242432
0.05065918
0.018310547
-0.025497437
0.08605957
0.14929199
0.12780762
0.084899902
0.036346436
-0.10638428
0.030990601
-0.063049316
0.12609863
0.078369141
-0.013549805
0.067932129
0.12023926
0.034576416
-0.098754883
0.033325195
0.054260254
0.094726562
0.040039062
0.11846924
0.023895264
-0.010246277
0.015731812
0.023391724
-0.08807373
-0.027252197
-0.011383057
0.081359863
-0.0078582764
0.036224365
-0.034912109
-0.098999023
-0.071594238
0.058807373
-0.091674805
0.01890564
-0.083435059
-0.069946289
0.018295288
0.047058105
0.16442871
-0.085632324
-0.0079269409
-0.098449707
0.019348145
-0.041900635
-0.01133728
0.078735352
-0.037628174
0.034759521
-0.0047950745
-0.045379639
-0.046356201
-0.12091064
0.13354492
0.0061683655
-0.11755371
-0.087524414
0.027175903
0.035675049
-0.04800415
-0.033538818
-0.034423828
0.10943604
-0.12609863
0.003030777
-0.091369629
-0.1060791
0.11932373
0.053588867
-0.014816284
0.07043457
0.15429688
0.082214355
0.073425293
-0.12756348
-0.032623291
0.037750244
-0.015884399
0.066467285
0.012252808
0.055847168
0.0077362061
0.023712158
-0.05581665
0.0055084229
0.0038719177
-0.140625
-0.084716797
-0.043243408
0.0035514832
0.015060425
-0.086242676
-0.13464355
-0.019943237
0.022689819
0.047454834
0.07434082
0.0059013367
0.050445557
-0.090515137
0.11505127
0.033966064
0.065307617
0.044708252
-0.14086914
0.004283905
-0.11090088
-0.10272217
0.050109863
-0.064086914
0.087036133
0.014221191
0.0042228699
0.012588501
-0.043945312
-0.02671814
-0.043792725
0.10858154
-0.058258057
0.031036377
-0.062988281
0.022918701
0.0078086853
0.017242432
0.05065918
0.018310547
-0.025497437
0.08605957
0.14929199
0.12780762
0.084899902
0.036346436
-0.10638428
0.030990601
-0.063049316
0.12609863
0.078369141
-0.013549805
0.067932129
0.12023926
0.034576416
-0.098754883
0.033325195
0.054260254
0.094726562
0.040039062
0.11846924
0.023895264
-0.010246277
0.015731812
0.023391724
-0.08807373
-0.027252197
-0.011383057
0.081359863
-0.0078582764
0.036224365
-0.034912109
-0.098999023
-0.071594238
0.058807373
-0.091674805
0.01890564
-0.083435059
-0.069946289
0.018295288
0.047058105
0.16442871
-0.085632324
-0.0079269409
-0.098449707
0.019348145
-0.041900635
-0.01133728
0.078735352
-0.037628174
0.034759521
-0.0047950745
-0.045379639
-0.046356201
-0.12091064
0.13354492
0.0061683655
-0.11755371
-0.087524414
0.027175903
0.035675049
-0.04800415
-0.033538818
-0.034423828
0.10943604
-0.12609863
0.003030777
-0.091369629
-0.1060791
0.11932373
0.053588867
-0.014816284
0.07043457
0.15429688
0.082214355
0.073425293
-0.12756348
-0.032623291
0.037750244
-0.015884399
0.066467285
0.012252808
0.055847168
0.0077362061
0.023712158
-0.05581665
0.0055084229
0.0038719177
-0.140625
-0.084716797
-0.043243408
0.0035514832
0.015060425
-0.086242676
-0.13464355
-0.019943237
0.022689819
0.047454834
0.07434082
0.0059013367
0.050445557
-0.090515137
0.11505127
0.033966064
0.065307617
0.044708252
-0.14086914
0.004283905
-0.11090088
-0.10272217
0.050109863
-0.064086914
0.087036133
0.014221191
0.0042228699
0.012588501
-0.043945312
-0.02671814
-0.043792725
0.10858154
-0.058258057
0.031036377
-0.062988281
0.022918701
0.0078086853
0.017242432
0.05065918
0.018310547
-0.025497437
0.08605957
0.14929199
0.12780762
0.084899902
0.036346436
-0.10638428
0.030990601
-0.063049316
0.12609863
0.078369141
-0.013549805
0.067932129
0.12023926
0.034576416
-0.098754883
0.033325195
0.054260254
0.094726562
0.040039062
0.11846924
0.023895264
-0.010246277
0.015731812
0.023391724
-0.08807373
-0.027252197
-0.011383057
0.081359863
-0.0078582764
0.036224365
-0.034912109
-0.098999023
-0.071594238
0.058807373
-0.091674805
0.01890564
-0.083435059
-0.069946289
0.018295288
0.047058105
0.16442871
-0.085632324
-0.0079269409
-0.098449707
0.019348145
-0.041900635
-0.01133728
0.078735352
-0.037628174
0.034759521
-0.0047950745
-0.045379639
-0.046356201
-0.12091064
0.13354492
0.0061683655
-0.11755371
-0.087524414
0.027175903
0.035675049
-0.04800415
-0.033538818
-0.034423828
0.10943604
-0.12609863
0.003030777
-0.091369629
-0.1060791
0.11932373
0.053588867
-0.014816284
0.07043457
0.15429688
0.082214355
0.073425293
-0.12756348
-0.032623291
0.037750244
-0.015884399
0.066467285
0.012252808
0.055847168
0.0077362061
0.023712158
-0.05581665
0.0055084229
0.0038719177
-0.140625
-0.084716797
-0.043243408
0.0035514832
0.015060425
-0.086242676
-0.13464355
-0.019943237
0.022689819
0.047454834
0.07434082
0.0059013367
0.050445557
-0.090515137
0.11505127
0.033966064
0.065307617
0.044708252
-0.14086914
0.004283905
-0.11090088
-0.10272217
0.050109863
-0.064086914
0.087036133
0.014221191
0.0042228699
0.012588501
-0.043945312
-0.02671814
-0.043792725
0.10858154
-0.058258057
0.031036377
-0.062988281
0.022918701
0.0078086853
0.017242432
0.05065918
0.018310547
-0.025497437
0.08605957
0.14929199
0.12780762
0.084899902
0.036346436
-0.10638428
0.030990601
-0.063049316
0.12609863
0.078369141
-0.013549805
0.067932129
0.12023926
0.034576416
-0.098754883
0.033325195
0.054260254
0.094726562
0.040039062
0.11846924
0.023895264
-0.010246277
0.015731812
0.023391724
-0.08807373
-0.027252197
-0.011383057
0.081359863
-0.0078582764
0.036224365
-0.034912109
-0.098999023
-0.071594238
0.058807373
-0.091674805
0.01890564
-0.083435059
-0.069946289
0.018295288
0.047058105
0.16442871
-0.085632324
-0.0079269409
-0.098449707
0.019348145
-0.041900635
-0.01133728
0.078735352
-0.037628174
0.034759521
-0.0047950745
-0.045379639
-0.046356201
-0.12091064
0.13354492
0.0061683655
-0.11755371
-0.087524414
0.027175903
0.035675049
-0.04800415
-0.033538818
-0.034423828
0.10943604
-0.12609863
0.003030777
-0.091369629
-0.1060791
0.11932373
0.053588867
-0.014816284
0.07043457
0.15429688
0.082214355
0.073425293
-0.12756348
-0.032623291
0.037750244
-0.015884399
0.066467285
0.012252808
0.055847168
0.0077362061
0.023712158
-0.05581665
0.0055084229
0.0038719177
-0.140625
-0.084716797
-0.043243408
0.0035514832
0.015060425
-0.086242676
-0.13464355
-0.019943237
0.022689819
0.047454834
0.07434082
0.0059013367
0.050445557
-0.090515137
0.11505127
0.033966064
0.065307617
0.044708252
-0.14086914
0.004283905
-0.11090088
-0.10272217
0.050109863
-0.064086914
0.087036133
0.014221191
0.0042228699
0.012588501
-0.043945312
-0.02671814
-0.043792725
0.10858154
-0.058258057
0.031036377
-0.062988281
0.022918701
0.0078086853
0.017242432
0.05065918
0.018310547
-0.025497437
0.08605957
0.14929199
0.12780762
0.084899902
0.036346436
-0.10638428
0.030990601
-0.063049316
0.12609863
0.078369141
-0.013549805
0.067932129
0.12023926
0.034576416
-0.098754883
0.033325195
0.054260254
0.094726562
0.040039062
0.11846924
0.023895264
-0.010246277
0.015731812
0.023391724
-0.08807373
-0.027252197
-0.011383057
0.081359863
-0.0078582764
0.036224365
-0.034912109
-0.098999023
-0.071594238
0.058807373
-0.091674805
0.01890564
-0.083435059
-0.069946289
0.018295288
0.047058105
0.16442871
-0.085632324
-0.0079269409
-0.098449707
0.019348145
-0.041900635
-0.01133728
0.078735352
-0.037628174
0.034759521
-0.0047950745
-0.045379639
-0.046356201
-0.12091064
0.13354492
0.0061683655
-0.11755371
-0.087524414
0.027175903
0.035675049
-0.04800415
-0.033538818
-0.034423828
0.10943604
-0.12609863
0.003030777
-0.091369629
-0.1060791
0.11932373
0.053588867
-0.014816284
0.07043457
0.15429688
0.082214355
0.073425293
-0.12756348
-0.032623291
0.037750244
-0.015884399
0.066467285
0.012252808
0.055847168
0.0077362061
0.023712158
-0.05581665
0.0055084229
0.0038719177
-0.140625
-0.084716797
-0.043243408
0.0035514832
0.015060425
-0.086242676
-0.13464355
-0.019943237
0.022689819
0.047454834
0.07434082
0.0059013367
0.050445557
-0.090515137
0.11505127
0.033966064
0.065307617
0.044708252
-0.14086914
0.004283905
-0.11090088
-0.10272217
0.050109863
-0.064086914
0.087036133
0.014221191
0.0042228699
0.012588501
-0.043945312
-0.02671814
-0.043792725
0.10858154
-0.058258057
0.031036377
-0.062988281
0.022918701
0.0078086853
0.017242432
0.05065918
0.018310547
-0.025497437
0.08605957
0.14929199
0.12780762
0.084899902
0.036346436
-0.10638428
0.030990601
-0.063049316
0.12609863
0.078369141
-0.013549805
0.067932129
0.12023926
0.034576416
-0.098754883
0.033325195
0.054260254
0.094726562
0.040039062
0.11846924
0.023895264
-0.010246277
0.015731812
0.023391724
-0.08807373
-0.027252197
-0.011383057
0.081359863
-0.0078582764
0.036224365
-0.034912109
-0.098999023
-0.071594238
0.058807373
-0.091674805
0.01890564
-0.083435059
-0.069946289
0.018295288
0.047058105
0.16442871
-0.085632324
-0.0079269409
-0.098449707
0.019348145
-0.041900635
-0.01133728
0.078735352
-0.037628174
0.034759521
-0.0047950745
-0.045379639
-0.046356201
-0.12091064
0.13354492
0.0061683655
-0.11755371
-0.087524414
0.027175903
0.035675049
-0.04800415
-0.033538818
-0.034423828
0.10943604
-0.12609863
0.003030777
-0.091369629
-0.1060791
0.11932373
0.053588867
-0.014816284
0.07043457
0.15429688
0.082214355
0.073425293
-0.12756348
-0.032623291
0.037750244
-0.015884399
0.066467285
0.012252808
0.055847168
0.0077362061
0.023712158
-0.05581665
0.0055084229
0.0038719177
-0.140625
-0.084716797
-0.043243408
0.0035514832
0.015060425
-0.086242676
-0.13464355
-0.019943237
0.022689819
0.047454834
0.07434082
0.0059013367
0.050445557
-0.090515137
0.11505127
0.033966064
0.065307617
0.044708252
-0.14086914
0.004283905
-0.11090088
-0.10272217
0.050109863
-0.064086914
0.087036133
0.014221191
0.0042228699
0.012588501
-0.043945312
-0.02671814
-0.043792725
0.10858154
-0.058258057
0.031036377
-0.062988281
0.022918701
0.0078086853
0.017242432
0.05065918
0.018310547
-0.025497437
0.08605957
0.14929199
0.12780762
0.084899902
0.036346436
-0.10638428
0.030990601
-0.063049316
0.12609863
0.078369141
-0.013549805
0.067932129
0.12023926
0.034576416
-0.098754883
0.033325195
0.054260254
0.094726562
0.040039062
0.11846924
0.023895264
-0.010246277
0.015731812
0.023391724
-0.08807373
-0.027252197
-0.011383057
0.081359863
-0.0078582764
0.036224365
-0.034912109
-0.098999023
-0.071594238
0.058807373
-0.091674805
0.01890564
-0.083435059
-0.069946289
0.018295288
0.047058105
0.16442871
-0.085632324
-0.0079269409
-0.098449707
0.019348145
-0.041900635
-0.01133728
0.078735352
-0.037628174
0.034759521
-0.0047950745
-0.045379639
-0.046356201
-0.12091064
0.13354492
0.0061683655
-0.11755371
-0.087524414
0.027175903
0.035675049
-0.04800415
-0.033538818
-0.034423828
0.10943604
-0.12609863
0.003030777
-0.091369629
-0.1060791
0.11932373
0.053588867
-0.014816284
0.07043457
0.15429688
0.082214355
0.073425293
-0.12756348
-0.032623291
0.037750244
-0.015884399
0.066467285
0.012252808
0.055847168
0.0077362061
0.023712158
-0.05581665
0.0055084229
0.0038719177
-0.140625
-0.084716797
-0.043243408
0.0035514832
0.015060425
-0.086242676
-0.13464355
-0.019943237
0.022689819
0.047454834
0.07434082
0.0059013367
0.050445557
-0.090515137
0.11505127
0.033966064
0.065307617
0.044708252
-0.14086914
0.004283905
-0.11090088
-0.10272217
0.050109863
-0.064086914
0.087036133
0.014221191
0.0042228699
0.012588501
-0.043945312
-0.02671814
-0.043792725
0.10858154
-0.058258057
0.031036377
-0.062988281
0.022918701
0.0078086853
0.017242432
0.05065918
0.018310547
-0.025497437
0.08605957
0.14929199
0.12780762
0.084899902
0.036346436
-0.10638428
0.030990601
-0.063049316
0.12609863
0.078369141
-0.013549805
0.067932129
0.12023926
0.034576416
-0.098754883
0.033325195
0.054260254
0.094726562
0.040039062
0.11846924
0.023895264
-0.010246277
0.015731812
0.023391724
-0.08807373
-0.027252197
-0.011383057
0.081359863
-0.0078582764
0.036224365
-0.034912109
-0.098999023
-0.071594238
0.058807373
-0.091674805
0.01890564
-0.083435059
-0.069946289
0.018295288
0.047058105
0.16442871
-0.085632324
-0.0079269409
-0.098449707
0.019348145
-0.041900635
-0.01133728
0.078735352
-0.037628174
0.034759521
-0.0047950745
-0.045379639
-0.046356201
-0.12091064
0.13354492
0.0061683655
-0.11755371
-0.087524414
0.027175903
0.035675049
-0.04800415
-0.033538818
-0.034423828
0.10943604
-0.12609863
0.003030777
-0.091369629
-0.1060791
0.11932373
0.053588867
-0.014816284
0.07043457
0.15429688
0.082214355
0.073425293
-0.12756348
-0.032623291
0.037750244
-0.015884399
0.066467285
0.012252808
0.055847168
0.0077362061
0.023712158
-0.05581665
0.0055084229
0.0038719177
-0.140625
-0.084716797
-0.043243408
0.0035514832
0.015060425
-0.086242676
-0.13464355
-0.019943237
0.022689819
0.047454834
0.07434082
0.0059013367
0.050445557
-0.090515137
0.11505127
0.033966064
0.065307617
0.044708252
-0.14086914
0.004283905
-0.11090088
-0.10272217
0.050109863
-0.064086914
0.087036133
0.014221191
0.0042228699
0.012588501
-0.043945312
-0.02671814
-0.043792725
0.10858154
-0.058258057
0.031036377
-0.062988281
0.022918701
0.0078086853
0.017242432
0.05065918
0.018310547
-0.025497437
0.08605957
0.14929199
0.12780762
0.084899902
0.036346436
-0.10638428
0.030990601
-0.063049316
0.12609863
0.078369141
-0.013549805
0.067932129
0.12023926
0.034576416
-0.098754883
0.033325195
0.054260254
0.094726562
0.040039062
0.11846924
0.023895264
-0.010246277
0.015731812
0.023391724
-0.08807373
-0.027252197
-0.011383057
0.081359863
-0.0078582764
0.036224365
-0.034912109
-0.098999023
-0.071594238
0.058807373
-0.091674805
0.01890564
-0.083435059
-0.069946289
0.018295288
0.047058105
0.16442871
-0.085632324
-0.0079269409
-0.098449707
0.019348145
-0.041900635
-0.01133728
0.078735352
-0.037628174
0.034759521
-0.0047950745
-0.045379639
-0.046356201
-0.12091064
0.13354492
0.0061683655
-0.11755371
-0.087524414
0.027175903
0.035675049
-0.04800415
-0.033538818
-0.034423828
0.10943604
-0.12609863
0.003030777
-0.091369629
-0.1060791
0.11932373
0.053588867
-0.014816284
0.07043457
0.15429688
0.082214355
0.073425293
-0.12756348
-0.032623291
0.037750244
-0.015884399
0.066467285
0.012252808
0.055847168
0.0077362061
0.023712158
-0.05581665
0.0055084229
0.0038719177
-0.140625
-0.084716797
-0.043243408
0.0035514832
0.015060425
-0.086242676
-0.13464355
-0.019943237
0.022689819
0.047454834
0.07434082
0.0059013367
0.050445557
-0.090515137
0.11505127
0.033966064
0.065307617
0.044708252
-0.14086914
0.004283905
-0.11090088
-0.10272217
0.050109863
-0.064086914
0.087036133
0.014221191
0.0042228699
0.012588501
-0.043945312
-0.02671814
-0.043792725
0.10858154
-0.058258057
0.031036377
-0.062988281
0.022918701
0.0078086853
0.017242432
0.05065918
0.018310547
-0.025497437
0.08605957
0.14929199
0.12780762
0.084899902
0.036346436
-0.10638428
0.030990601
-0.063049316
0.12609863
0.078369141
-0.013549805
0.067932129
0.12023926
0.034576416
-0.098754883
0.033325195
0.054260254
0.094726562
0.040039062
0.11846924
0.023895264
-0.010246277
0.015731812
0.023391724
-0.08807373
-0.027252197
-0.011383057
0.081359863
-0.0078582764
0.036224365
-0.034912109
-0.098999023
-0.071594238
0.058807373
-0.091674805
0.01890564
-0.083435059
-0.069946289
0.018295288
0.047058105
0.16442871
-0.085632324
-0.0079269409
-0.098449707
0.019348145
-0.041900635
-0.01133728
0.078735352
-0.037628174
0.034759521
-0.0047950745
-0.045379639
-0.046356201
-0.12091064
0.13354492
0.0061683655
-0.11755371
-0.087524414
0.027175903
0.035675049
-0.04800415
-0.033538818
-0.034423828
0.10943604
-0.12609863
0.003030777
-0.091369629
-0.1060791
0.11932373
0.053588867
-0.014816284
0.07043457
0.15429688
0.082214355
0.073425293
-0.12756348
-0.032623291
0.037750244
-0.015884399
0.066467285
0.012252808
0.055847168
0.0077362061
0.023712158
-0.05581665
0.0055084229
0.0038719177
-0.140625
-0.084716797
-0.043243408
0.0035514832
0.015060425
-0.086242676
-0.13464355
-0.019943237
0.022689819
0.047454834
0.07434082
0.0059013367
0.050445557
-0.090515137
0.11505127
0.033966064
0.065307617
0.044708252
-0.14086914
0.004283905
-0.11090088
-0.10272217
0.050109863
-0.064086914
0.087036133
0.014221191
0.0042228699
0.012588501
-0.043945312
-0.02671814
-0.043792725
0.10858154
-0.058258057
0.031036377
-0.062988281
0.022918701
0.0078086853
0.017242432
0.05065918
0.018310547
-0.025497437
0.08605957
0.14929199
0.12780762
0.084899902
0.036346436
-0.10638428
0.030990601
-0.063049316
0.12609863
0.078369141
-0.013549805
0.067932129
0.12023926
0.034576416
-0.098754883
0.033325195
0.054260254
0.094726562
0.040039062
0.11846924
0.023895264
-0.010246277
0.015731812
0.023391724
-0.08807373
-0.027252197
-0.011383057
0.081359863
-0.0078582764
0.036224365
-0.034912109
-0.098999023
-0.071594238
0.058807373
-0.091674805
0.01890564
-0.083435059
-0.069946289
0.018295288
0.047058105
0.16442871
-0.085632324
-0.0079269409
-0.098449707
0.019348145
-0.041900635
-0.01133728
0.078735352
-0.037628174
0.034759521
-0.0047950745
-0.045379639
-0.046356201
-0.12091064
0.13354492
0.0061683655
-0.11755371
-0.087524414
0.027175903
0.035675049
-0.04800415
-0.033538818
-0.034423828
0.10943604
-0.12609863
0.003030777
-0.091369629
-0.1060791
0.11932373
0.053588867
-0.014816284
0.07043457
0.15429688
0.082214355
0.073425293
-0.12756348
-0.032623291
0.037750244
-0.015884399
0.066467285
0.012252808
0.055847168
0.0077362061
0.023712158
-0.05581665
0.0055084229
0.0038719177
-0.140625
-0.084716797
-0.043243408
0.0035514832
0.015060425
-0.086242676
-0.13464355
-0.019943237
0.022689819
0.047454834
0.07434082
0.0059013367
0.050445557
-0.090515137
0.11505127
0.033966064
0.065307617
0.044708252
-0.14086914
0.004283905
-0.11090088
-0.10272217
0.050109863
-0.064086914
0.087036133
0.014221191
0.0042228699
0.012588501
-0.043945312
-0.02671814
-0.043792725
0.10858154
-0.058258057
0.031036377
-0.062988281
0.022918701
0.0078086853
0.017242432
0.05065918
0.018310547
-0.025497437
0.08605957
0.14929199
0.12780762
0.084899902
0.036346436
-0.10638428
0.030990601
-0.063049316
0.12609863
0.078369141
-0.013549805
0.067932129
0.12023926
0.034576416
-0.098754883
0.033325195
0.054260254
0.094726562
0.040039062
0.11846924
0.023895264
-0.010246277
0.015731812
0.023391724
-0.08807373
-0.027252197
-0.011383057
0.081359863
-0.0078582764
0.036224365
-0.034912109
-0.098999023
-0.071594238
0.058807373
-0.091674805
0.01890564
-0.083435059
-0.069946289
0.018295288
0.047058105
0.16442871
-0.085632324
-0.0079269409
-0.098449707
0.019348145
-0.041900635
-0.01133728
0.078735352
-0.037628174
0.034759521
-0.0047950745
-0.045379639
-0.046356201
-0.12091064
0.13354492
0.0061683655
-0.11755371
-0.087524414
0.027175903
0.035675049
-0.04800415
-0.033538818
-0.034423828
0.10943604
-0.12609863
0.003030777
-0.091369629
-0.1060791
0.11932373
0.053588867
-0.014816284
0.07043457
0.15429688
0.082214355
0.073425293
-0.12756348
-0.032623291
0.037750244
-0.015884399
0.066467285
0.012252808
0.055847168
0.0077362061
0.023712158
-0.05581665
0.0055084229
0.0038719177
-0.140625
-0.084716797
-0.043243408
0.0035514832
0.015060425
-0.086242676
-0.13464355
-0.019943237
0.022689819
0.047454834
0.07434082
0.0059013367
0.050445557
-0.090515137
0.11505127
0.033966064
0.065307617
0.044708252
-0.14086914
0.004283905
-0.11090088
-0.10272217
0.050109863
-0.064086914
0.087036133
0.014221191
0.0042228699
0.012588501
-0.043945312
-0.02671814
-0.043792725
0.10858154
-0.058258057
0.031036377
-0.062988281
0.022918701
0.0078086853
0.017242432
0.05065918
0.018310547
-0.025497437
0.08605957
0.14929199
0.12780762
0.084899902
0.036346436
-0.10638428
0.030990601
-0.063049316
0.12609863
0.078369141
-0.013549805
0.067932129
0.12023926
0.034576416
-0.098754883
0.033325195
0.054260254
0.094726562
0.040039062
0.11846924
0.023895264
-0.010246277
0.015731812
0.023391724
-0.08807373
-0.027252197
-0.011383057
0.081359863
-0.0078582764
0.036224365
-0.034912109
-0.098999023
-0.071594238
0.058807373
-0.091674805
0.01890564
-0.083435059
-0.069946289
0.018295288
0.047058105
0.16442871
-0.085632324
-0.0079269409
-0.098449707
0.019348145
-0.041900635
-0.01133728
0.078735352
-0.037628174
0.034759521
-0.0047950745
-0.045379639
-0.046356201
-0.12091064
0.13354492
0.0061683655
-0.11755371
-0.087524414
0.027175903
0.035675049
-0.04800415
-0.033538818
-0.034423828
0.10943604
-0.12609863
0.003030777
-0.091369629
-0.1060791
0.11932373
0.053588867
-0.014816284
0.07043457
0.15429688
0.082214355
0.073425293
-0.12756348
-0.032623291
0.037750244
-0.015884399
0.066467285
0.012252808
0.055847168
0.0077362061
0.023712158
-0.05581665
0.0055084229
0.0038719177
-0.140625
-0.084716797
-0.043243408
0.0035514832
0.015060425
-0.086242676
-0.13464355
-0.019943237
0.022689819
0.047454834
0.07434082
0.0059013367
0.050445557
-0.090515137
0.11505127
0.033966064
0.065307617
0.044708252
-0.14086914
0.004283905
-0.11090088
-0.10272217
0.050109863
-0.064086914
0.087036133
0.014221191
0.0042228699
0.012588501
-0.043945312
-0.02671814
-0.043792725
0.10858154
-0.058258057
0.031036377
-0.062988281
0.022918701
0.0078086853
0.017242432
0.05065918
0.018310547
-0.025497437
0.08605957
0.14929199
0.12780762
0.084899902
0.036346436
-0.10638428
0.030990601
-0.063049316
0.12609863
0.078369141
-0.013549805
0.067932129
0.12023926
0.034576416
-0.098754883
0.033325195
0.054260254
0.094726562
0.040039062
0.11846924
0.023895264
-0.010246277
0.015731812
0.023391724
-0.08807373
-0.027252197
-0.011383057
0.081359863
-0.0078582764
0.036224365
-0.034912109
-0.098999023
-0.071594238
0.058807373
-0.091674805
0.01890564
-0.083435059
-0.069946289
0.018295288
0.047058105
0.16442871
-0.085632324
-0.0079269409
-0.098449707
0.019348145
-0.041900635
-0.01133728
0.078735352
-0.037628174
0.034759521
-0.0047950745
-0.045379639
-0.046356201
-0.12091064
0.13354492
0.0061683655
-0.11755371
-0.087524414
0.027175903
0.035675049
-0.04800415
-0.033538818
-0.034423828
0.10943604
-0.12609863
0.003030777
-0.091369629
-0.1060791
0.11932373
0.053588867
-0.014816284
0.07043457
0.15429688
0.082214355
0.073425293
-0.12756348
-0.032623291
0.037750244
-0.015884399
0.066467285
0.012252808
0.055847168
0.0077362061
0.023712158
-0.05581665
0.0055084229
0.0038719177
-0.140625
-0.084716797
-0.043243408
0.0035514832
0.015060425
-0.086242676
-0.13464355
-0.019943237
0.022689819
0.047454834
0.07434082
0.0059013367
0.050445557
-0.090515137
0.11505127
0.033966064
0.065307617
0.044708252
-0.14086914
0.004283905
-0.11090088
-0.10272217
0.050109863
-0.064086914
0.087036133
0.014221191
0.0042228699
0.012588501
-0.043945312
-0.02671814
-0.043792725
0.10858154
-0.058258057
0.031036377
-0.062988281
0.022918701
0.0078086853
0.017242432
0.05065918
0.018310547
-0.025497437
0.08605957
0.14929199
0.12780762
0.084899902
0.036346436
-0.10638428
0.030990601
-0.063049316
0.12609863
0.078369141
-0.013549805
0.067932129
0.12023926
0.034576416
-0.098754883
0.033325195
0.054260254
0.094726562
0.040039062
0.11846924
0.023895264
-0.010246277
0.015731812
0.023391724
-0.08807373
-0.027252197
-0.011383057
0.081359863
-0.0078582764
0.036224365
-0.034912109
-0.098999023
-0.071594238
0.058807373
-0.091674805
0.01890564
-0.083435059
-0.069946289
0.018295288
0.047058105
0.16442871
-0.085632324
-0.0079269409
-0.098449707
0.019348145
-0.041900635
-0.01133728
0.078735352
-0.037628174
0.034759521
-0.0047950745
-0.045379639
-0.046356201
-0.12091064
0.13354492
0.0061683655
-0.11755371
-0.087524414
0.027175903
0.035675049
-0.04800415
-0.033538818
-0.034423828
0.10943604
-0.12609863
0.003030777
-0.091369629
-0.1060791
0.11932373
0.053588867
-0.014816284
0.07043457
0.15429688
0.082214355
0.073425293
-0.12756348
-0.032623291
0.037750244
-0.015884399
0.066467285
0.012252808
0.055847168
0.0077362061
0.023712158
-0.05581665
0.0055084229
0.0038719177
-0.140625
-0.084716797
-0.043243408
0.0035514832
0.015060425
-0.086242676
-0.13464355
-0.019943237
0.022689819
0.047454834
0.07434082
0.0059013367
0.050445557
-0.090515137
0.11505127
0.033966064
0.065307617
0.044708252
-0.14086914
0.004283905
-0.11090088
-0.10272217
0.050109863
-0.064086914
0.087036133
0.014221191
0.0042228699
0.012588501
-0.043945312
-0.02671814
-0.043792725
0.10858154
-0.058258057
0.031036377
-0.062988281
0.022918701
0.0078086853
0.017242432
0.05065918
0.018310547
-0.025497437
0.08605957
0.14929199
0.12780762
0.084899902
0.036346436
-0.10638428
0.030990601
-0.063049316
0.12609863
0.078369141
-0.013549805
0.067932129
0.12023926
0.034576416
-0.098754883
0.033325195
0.054260254
0.094726562
0.040039062
0.11846924
0.023895264
-0.010246277
0.015731812
0.023391724
-0.08807373
-0.027252197
-0.011383057
0.081359863
-0.0078582764
0.036224365
-0.034912109
-0.098999023
-0.071594238
0.058807373
-0.091674805
0.01890564
-0.083435059
-0.069946289
0.018295288
0.047058105
0.16442871
-0.085632324
-0.0079269409
-0.098449707
0.019348145
-0.041900635
-0.01133728
0.078735352
-0.037628174
0.034759521
-0.0047950745
-0.045379639
-0.046356201
-0.12091064
0.13354492
0.0061683655
-0.11755371
-0.087524414
0.027175903
0.035675049
-0.04800415
-0.033538818
-0.034423828
0.10943604
-0.12609863
0.003030777
-0.091369629
-0.1060791
0.11932373
0.053588867
-0.014816284
0.07043457
0.15429688
0.082214355
0.073425293
-0.12756348
-0.032623291
0.037750244
-0.015884399
0.066467285
0.012252808
0.055847168
0.0077362061
0.023712158
-0.05581665
0.0055084229
0.0038719177
-0.140625
-0.084716797
-0.043243408
0.0035514832
0.015060425
-0.086242676
-0.13464355
-0.019943237
0.022689819
0.047454834
0.07434082
0.0059013367
0.050445557
-0.090515137
0.11505127
0.033966064
0.065307617
0.044708252
-0.14086914
0.004283905
-0.11090088
-0.10272217
0.050109863
-0.064086914
0.087036133
0.014221191
0.0042228699
0.012588501
-0.043945312
-0.02671814
-0.043792725
0.10858154
-0.058258057
0.031036377
-0.062988281
0.022918701
0.0078086853
0.017242432
0.05065918
0.018310547
-0.025497437
0.08605957
0.14929199
0.12780762
0.084899902
0.036346436
-0.10638428
0.030990601
-0.063049316
0.12609863
0.078369141
-0.013549805
0.067932129
0.12023926
0.034576416
-0.098754883
0.033325195
0.054260254
0.094726562
0.040039062
0.11846924
0.023895264
-0.010246277
0.015731812
0.023391724
-0.08807373
-0.027252197
-0.011383057
0.081359863
-0.0078582764
0.036224365
-0.034912109
-0.098999023
-0.071594238
0.058807373
-0.091674805
0.01890564
-0.083435059
-0.069946289
0.018295288
0.047058105
0.16442871
-0.085632324
-0.0079269409
-0.098449707
0.019348145
-0.041900635
-0.01133728
0.078735352
-0.037628174
0.034759521
-0.0047950745
-0.045379639
-0.046356201
-0.12091064
0.13354492
0.0061683655
-0.11755371
-0.087524414
0.027175903
0.035675049
-0.04800415
-0.033538818
-0.034423828
0.10943604
-0.12609863
0.003030777
-0.091369629
-0.1060791
0.11932373
0.053588867
-0.014816284
0.07043457
0.15429688
0.082214355
0.073425293
-0.12756348
-0.032623291
0.037750244
-0.015884399
0.066467285
0.012252808
0.055847168
0.0077362061
0.023712158
-0.05581665
0.0055084229
0.0038719177
-0.140625
-0.084716797
-0.043243408
0.0035514832
0.015060425
-0.086242676
-0.13464355
-0.019943237
0.022689819
0.047454834
0.07434082
0.0059013367
0.050445557
-0.090515137
0.11505127
0.033966064
0.065307617
0.044708252
-0.14086914
0.004283905
-0.11090088
-0.10272217
0.050109863
-0.064086914
0.087036133
0.014221191
0.0042228699
0.012588501
-0.043945312
-0.02671814
-0.043792725
0.10858154
-0.058258057
0.031036377
-0.062988281
0.022918701
0.0078086853
0.017242432
0.05065918
0.018310547
-0.025497437
0.08605957
0.14929199
0.12780762
0.084899902
0.036346436
-0.10638428
0.030990601
-0.063049316
0.12609863
0.078369141
-0.013549805
0.067932129
0.12023926
0.034576416
-0.098754883
0.033325195
0.054260254
0.094726562
0.040039062
0.11846924
0.023895264
-0.010246277
0.015731812
0.023391724
-0.08807373
-0.027252197
-0.011383057
0.081359863
-0.0078582764
0.036224365
-0.034912109
-0.098999023
-0.071594238
0.058807373
-0.091674805
0.01890564
-0.083435059
-0.069946289
0.018295288
0.047058105
0.16442871
-0.085632324
-0.0079269409
-0.098449707
0.019348145
-0.041900635
-0.01133728
0.078735352
-0.037628174
0.034759521
-0.0047950745
-0.045379639
-0.046356201
-0.12091064
0.13354492
0.0061683655
-0.11755371
-0.087524414
0.027175903
0.035675049
-0.04800415
-0.033538818
-0.034423828
0.10943604
-0.12609863
0.003030777
-0.091369629
-0.1060791
0.11932373
0.053588867
-0.014816284
0.07043457
0.15429688
0.082214355
0.073425293
-0.12756348
-0.032623291
0.037750244
-0.015884399
0.066467285
0.012252808
0.055847168
0.0077362061
0.023712158
-0.05581665
0.0055084229
0.0038719177
-0.140625
-0.084716797
-0.043243408
0.0035514832
0.015060425
-0.086242676
-0.13464355
-0.019943237
0.022689819
0.047454834
0.07434082
0.0059013367
0.050445557
-0.090515137
0.11505127
0.033966064
0.065307617
0.044708252
-0.14086914
0.004283905
-0.11090088
-0.10272217
0.050109863
-0.064086914
0.087036133
0.014221191
0.0042228699
0.012588501
-0.043945312
-0.02671814
-0.043792725
0.10858154
-0.058258057
0.031036377
-0.062988281
0.022918701
0.0078086853
0.017242432
0.05065918
0.018310547
-0.025497437
0.08605957
0.14929199
0.12780762
0.084899902
0.036346436
-0.10638428
0.030990601
-0.063049316
0.12609863
0.078369141
-0.013549805
0.067932129
0.12023926
0.034576416
-0.098754883
0.033325195
0.054260254
0.094726562
0.040039062
0.11846924
0.023895264
-0.010246277
0.015731812
0.023391724
-0.08807373
-0.027252197
-0.011383057
0.081359863
-0.0078582764
0.036224365
-0.034912109
-0.098999023
-0.071594238
0.058807373
-0.091674805
0.01890564
-0.083435059
-0.069946289
0.018295288
0.047058105
0.16442871
-0.085632324
-0.0079269409
-0.098449707
0.019348145
-0.041900635
-0.01133728
0.078735352
-0.037628174
0.034759521
-0.0047950745
-0.045379639
-0.046356201
-0.12091064
0.13354492
0.0061683655
-0.11755371
-0.087524414
0.027175903
0.035675049
-0.04800415
-0.033538818
-0.034423828
0.10943604
-0.12609863
0.003030777
-0.091369629
-0.1060791
0.11932373
0.053588867
-0.014816284
0.07043457
0.15429688
0.082214355
0.073425293
-0.12756348
-0.032623291
0.037750244
-0.015884399
0.066467285
0.012252808
0.055847168
0.0077362061
0.023712158
-0.05581665
0.0055084229
0.0038719177
-0.140625
-0.084716797
-0.043243408
0.0035514832
0.015060425
-0.086242676
-0.13464355
-0.019943237
0.022689819
0.047454834
0.07434082
0.0059013367
0.050445557
-0.090515137
0.11505127
0.033966064
0.065307617
0.044708252
-0.14086914
0.004283905
-0.11090088
-0.10272217
0.050109863
-0.064086914
0.087036133
0.014221191
0.0042228699
0.012588501
-0.043945312
-0.02671814
-0.043792725
0.10858154
-0.058258057
0.031036377
-0.062988281
0.022918701
0.0078086853
0.017242432
0.05065918
0.018310547
-0.025497437
0.08605957
0.14929199
0.12780762
0.084899902
0.036346436
-0.10638428
0.030990601
-0.063049316
0.12609863
0.078369141
-0.013549805
0.067932129
0.12023926
0.034576416
-0.098754883
0.033325195
0.054260254
0.094726562
0.040039062
0.11846924
0.023895264
-0.010246277
0.015731812
0.023391724
-0.08807373
-0.027252197
-0.011383057
0.081359863
-0.0078582764
0.036224365
-0.034912109
-0.098999023
-0.071594238
0.058807373
-0.091674805
0.01890564
-0.083435059
-0.069946289
0.018295288
0.047058105
0.16442871
-0.085632324
-0.0079269409
-0.098449707
0.019348145
-0.041900635
-0.01133728
0.078735352
-0.037628174
0.034759521
-0.0047950745
-0.045379639
-0.046356201
-0.12091064
0.13354492
0.0061683655
-0.11755371
-0.087524414
0.027175903
0.035675049
-0.04800415
-0.033538818
-0.034423828
0.10943604
-0.12609863
0.003030777
-0.091369629
-0.1060791
0.11932373
0.053588867
-0.014816284
0.07043457
0.15429688
0.082214355
0.073425293
-0.12756348
-0.032623291
0.037750244
-0.015884399
0.066467285
0.012252808
0.055847168
0.0077362061
0.023712158
-0.05581665
0.0055084229
0.0038719177
-0.140625
-0.084716797
-0.043243408
0.0035514832
0.015060425
-0.086242676
-0.13464355
-0.019943237
0.022689819
0.047454834
0.07434082
0.0059013367
0.050445557
-0.090515137
0.11505127
0.033966064
0.065307617
0.044708252
-0.14086914
0.004283905
-0.11090088
-0.10272217
0.050109863
-0.064086914
0.087036133
0.014221191
0.0042228699
0.012588501
-0.043945312
-0.02671814
-0.043792725
0.10858154
-0.058258057
0.031036377
-0.062988281
0.022918701
0.0078086853
0.017242432
0.05065918
0.018310547
-0.025497437
0.08605957
0.14929199
0.12780762
0.084899902
0.036346436
-0.10638428
0.030990601
-0.063049316
0.12609863
0.078369141
-0.013549805
0.067932129
0.12023926
0.034576416
-0.098754883
0.033325195
0.054260254
0.094726562
0.040039062
0.11846924
0.023895264
-0.010246277
0.015731812
0.023391724
-0.08807373
-0.027252197
-0.011383057
0.081359863
-0.0078582764
0.036224365
-0.034912109
-0.098999023
-0.071594238
0.058807373
-0.091674805
0.01890564
-0.083435059
-0.069946289
0.018295288
0.047058105
0.16442871
-0.085632324
-0.0079269409
-0.098449707
0.019348145
-0.041900635
-0.01133728
0.078735352
-0.037628174
0.034759521
-0.0047950745
-0.045379639
-0.046356201
-0.12091064
0.13354492
0.0061683655
-0.11755371
-0.087524414
0.027175903
0.035675049
-0.04800415
-0.033538818
-0.034423828
0.10943604
-0.12609863
0.003030777
-0.091369629
-0.1060791
0.11932373
0.053588867
-0.014816284
0.07043457
0.15429688
0.082214355
0.073425293
-0.12756348
-0.032623291
0.037750244
-0.015884399
0.066467285
0.012252808
0.055847168
0.0077362061
0.023712158
-0.05581665
0.0055084229
0.0038719177
-0.140625
-0.084716797
-0.043243408
0.0035514832
0.015060425
-0.086242676
-0.13464355
-0.019943237
0.022689819
0.047454834
0.07434082
0.0059013367
0.050445557
-0.090515137
0.11505127
0.033966064
0.065307617
0.044708252
-0.14086914
0.004283905
-0.11090088
-0.10272217
0.050109863
-0.064086914
0.087036133
0.014221191
0.0042228699
0.012588501
-0.043945312
-0.02671814
-0.043792725
0.10858154
-0.058258057
0.031036377
-0.062988281
0.022918701
0.0078086853
0.017242432
0.05065918
0.018310547
-0.025497437
0.08605957
0.14929199
0.12780762
0.084899902
0.036346436
-0.10638428
0.030990601
-0.063049316
0.12609863
0.078369141
-0.013549805
0.067932129
0.12023926
0.034576416
-0.098754883
0.033325195
0.054260254
0.094726562
0.040039062
0.11846924
0.023895264
-0.010246277
0.015731812
0.023391724
-0.08807373
-0.027252197
-0.011383057
0.081359863
-0.0078582764
0.036224365
-0.034912109
-0.098999023
-0.071594238
0.058807373
-0.091674805
0.01890564
-0.083435059
-0.069946289
0.018295288
0.047058105
0.16442871
-0.085632324
-0.0079269409
-0.098449707
0.019348145
-0.041900635
-0.01133728
0.078735352
-0.037628174
0.034759521
-0.0047950745
-0.045379639
-0.046356201
-0.12091064
0.13354492
0.0061683655
-0.11755371
-0.087524414
0.027175903
0.035675049
-0.04800415
-0.033538818
-0.034423828
0.10943604
-0.12609863
0.003030777
-0.091369629
-0.1060791
0.11932373
0.053588867
-0.014816284
0.07043457
0.15429688
0.082214355
0.073425293
-0.12756348
-0.032623291
0.037750244
-0.015884399
0.066467285
0.012252808
0.055847168
0.0077362061
0.023712158
-0.05581665
0.0055084229
0.0038719177
-0.140625
-0.084716797
-0.043243408
0.0035514832
0.015060425
-0.086242676
-0.13464355
-0.019943237
0.022689819
0.047454834
0.07434082
0.0059013367
0.050445557
-0.090515137
0.11505127
0.033966064
0.065307617
0.044708252
-0.14086914
0.004283905
-0.11090088
-0.10272217
0.050109863
-0.064086914
0.087036133
0.014221191
0.0042228699
0.012588501
-0.043945312
-0.02671814
-0.043792725
0.10858154
-0.058258057
0.031036377
-0.062988281
0.022918701
0.0078086853
0.017242432
0.05065918
0.018310547
-0.025497437
0.08605957
0.14929199
0.12780762
0.084899902
0.036346436
-0.10638428
0.030990601
-0.063049316
0.12609863
0.078369141
-0.013549805
0.067932129
0.12023926
0.034576416
-0.098754883
0.033325195
0.054260254
0.094726562
0.040039062
0.11846924
0.023895264
-0.010246277
0.015731812
0.023391724
-0.08807373
-0.027252197
-0.011383057
0.081359863
-0.0078582764
0.036224365
-0.034912109
-0.098999023
-0.071594238
0.058807373
-0.091674805
0.01890564
-0.083435059
-0.069946289
0.018295288
0.047058105
0.16442871
-0.085632324
-0.0079269409
-0.098449707
0.019348145
-0.041900635
-0.01133728
0.078735352
-0.037628174
0.034759521
-0.0047950745
-0.045379639
-0.046356201
-0.12091064
0.13354492
0.0061683655
-0.11755371
-0.087524414
0.027175903
0.035675049
-0.04800415
-0.033538818
-0.034423828
0.10943604
-0.12609863
0.003030777
-0.091369629
-0.1060791
0.11932373
0.053588867
-0.014816284
0.07043457
0.15429688
0.082214355
0.073425293
-0.12756348
-0.032623291
0.037750244
-0.015884399
0.066467285
0.012252808
0.055847168
0.0077362061
0.023712158
-0.05581665
0.0055084229
0.0038719177
-0.140625
-0.084716797
-0.043243408
0.0035514832
0.015060425
-0.086242676
-0.13464355
-0.019943237
0.022689819
0.047454834
0.07434082
0.0059013367
0.050445557
-0.090515137
0.11505127
0.033966064
0.065307617
0.044708252
-0.14086914
0.004283905
-0.11090088
-0.10272217
0.050109863
-0.064086914
0.087036133
0.014221191
0.0042228699
0.012588501
-0.043945312
-0.02671814
-0.043792725
0.10858154
-0.058258057
0.031036377
-0.062988281
0.022918701
0.0078086853
0.017242432
0.05065918
0.018310547
-0.025497437
0.08605957
0.14929199
0.12780762
0.084899902
0.036346436
-0.10638428
0.030990601
-0.063049316
0.12609863
0.078369141
-0.013549805
0.067932129
0.12023926
0.034576416
-0.098754883
0.033325195
0.054260254
0.094726562
0.040039062
0.11846924
0.023895264
-0.010246277
0.015731812
0.023391724
-0.08807373
-0.027252197
-0.011383057
0.081359863
-0.0078582764
0.036224365
-0.034912109
-0.098999023
-0.071594238
0.058807373
-0.091674805
0.01890564
-0.083435059
-0.069946289
0.018295288
0.047058105
0.16442871
-0.085632324
-0.0079269409
-0.098449707
0.019348145
-0.041900635
-0.01133728
0.078735352
-0.037628174
0.034759521
-0.0047950745
-0.045379639
-0.046356201
-0.12091064
0.13354492
0.0061683655
-0.11755371
-0.087524414
0.027175903
0.035675049
-0.04800415
-0.033538818
-0.034423828
0.10943604
-0.12609863
0.003030777
-0.091369629
-0.1060791
0.11932373
0.053588867
-0.014816284
0.07043457
0.15429688
0.082214355
0.073425293
-0.12756348
-0.032623291
0.037750244
-0.015884399
0.066467285
0.012252808
0.055847168
0.0077362061
0.023712158
-0.05581665
0.0055084229
0.0038719177
-0.140625
-0.084716797
-0.043243408
0.0035514832
0.015060425
-0.086242676
-0.13464355
-0.019943237
0.022689819
0.047454834
0.07434082
0.0059013367
0.050445557
-0.090515137
0.11505127
0.033966064
0.065307617
0.044708252
-0.14086914
0.004283905
-0.11090088
-0.10272217
0.050109863
-0.064086914
0.087036133
0.014221191
0.0042228699
0.012588501
-0.043945312
-0.02671814
-0.043792725
0.10858154
-0.058258057
0.031036377
-0.062988281
0.022918701
0.0078086853
0.017242432
0.05065918
0.018310547
-0.025497437
0.08605957
0.14929199
0.12780762
0.084899902
0.036346436
-0.10638428
0.030990601
-0.063049316
0.12609863
0.078369141
-0.013549805
0.067932129
0.12023926
0.034576416
-0.098754883
0.033325195
0.054260254
0.094726562
0.040039062
0.11846924
0.023895264
-0.010246277
0.015731812
0.023391724
-0.08807373
-0.027252197
-0.011383057
0.081359863
-0.0078582764
0.036224365
-0.034912109
-0.098999023
-0.071594238
0.058807373
-0.091674805
0.01890564
-0.083435059
-0.069946289
0.018295288
0.047058105
0.16442871
-0.085632324
-0.0079269409
-0.098449707
0.019348145
-0.041900635
-0.01133728
0.078735352
-0.037628174
0.034759521
-0.0047950745
-0.045379639
-0.046356201
-0.12091064
0.13354492
0.0061683655
-0.11755371
-0.087524414
0.027175903
0.035675049
-0.04800415
-0.033538818
-0.034423828
0.10943604
-0.12609863
0.003030777
-0.091369629
-0.1060791
0.11932373
0.053588867
-0.014816284
0.07043457
0.15429688
0.082214355
0.073425293
-0.12756348
-0.032623291
0.037750244
-0.015884399
0.066467285
0.012252808
0.055847168
0.0077362061
0.023712158
-0.05581665
0.0055084229
0.0038719177
-0.140625
-0.084716797
-0.043243408
0.0035514832
0.015060425
-0.086242676
-0.13464355
-0.019943237
0.022689819
0.047454834
0.07434082
0.0059013367
0.050445557
-0.090515137
0.11505127
0.033966064
0.065307617
0.044708252
-0.14086914
0.004283905
-0.11090088
-0.10272217
0.050109863
-0.064086914
0.087036133
0.014221191
0.0042228699
0.012588501
-0.043945312
-0.02671814
-0.043792725
0.10858154
-0.058258057
0.031036377
-0.062988281
0.022918701
0.0078086853
0.017242432
0.05065918
0.018310547
-0.025497437
0.08605957
0.14929199
0.12780762
0.084899902
0.036346436
-0.10638428
0.030990601
-0.063049316
0.12609863
0.078369141
-0.013549805
0.067932129
0.12023926
0.034576416
-0.098754883
0.033325195
0.054260254
0.094726562
0.040039062
0.11846924
0.023895264
-0.010246277
0.015731812
0.023391724
-0.08807373
-0.027252197
-0.011383057
0.081359863
-0.0078582764
0.036224365
-0.034912109
-0.098999023
-0.071594238
0.058807373
-0.091674805
0.01890564
-0.083435059
-0.069946289
0.018295288
0.047058105
0.16442871
-0.085632324
-0.0079269409
-0.098449707
0.019348145
-0.041900635
-0.01133728
0.078735352
-0.037628174
0.034759521
-0.0047950745
-0.045379639
-0.046356201
-0.12091064
0.13354492
0.0061683655
-0.11755371
-0.087524414
0.027175903
0.035675049
-0.04800415
-0.033538818
-0.034423828
0.10943604
-0.12609863
0.003030777
-0.091369629
-0.1060791
0.11932373
0.053588867
-0.014816284
0.07043457
0.15429688
0.082214355
0.073425293
-0.12756348
-0.032623291
0.037750244
-0.015884399
0.066467285
0.012252808
0.055847168
0.0077362061
0.023712158
-0.05581665
0.0055084229
0.0038719177
-0.140625
-0.084716797
-0.043243408
0.0035514832
0.015060425
-0.086242676
-0.13464355
-0.019943237
0.022689819
0.047454834
0.07434082
0.0059013367
0.050445557
-0.090515137
0.11505127
0.033966064
0.065307617
0.044708252
-0.14086914
0.004283905
-0.11090088
-0.10272217
0.050109863
-0.064086914
0.087036133
0.014221191
0.0042228699
0.012588501
-0.043945312
-0.02671814
-0.043792725
0.10858154
-0.058258057
0.031036377
-0.062988281
0.022918701
0.0078086853
0.017242432
0.05065918
0.018310547
-0.025497437
0.08605957
0.14929199
0.12780762
0.084899902
0.036346436
-0.10638428
0.030990601
-0.063049316
0.12609863
0.078369141
-0.013549805
0.067932129
0.12023926
0.034576416
-0.098754883
0.033325195
0.054260254
0.094726562
0.040039062
0.11846924
0.023895264
-0.010246277
0.015731812
0.023391724
-0.08807373
-0.027252197
-0.011383057
0.081359863
-0.0078582764
0.036224365
-0.034912109
-0.098999023
-0.071594238
0.058807373
-0.091674805
0.01890564
-0.083435059
-0.069946289
0.018295288
0.047058105
0.16442871
-0.085632324
-0.0079269409
-0.098449707
0.019348145
-0.041900635
-0.01133728
0.078735352
-0.037628174
0.034759521
-0.0047950745
-0.045379639
-0.046356201
-0.12091064
0.13354492
0.0061683655
-0.11755371
-0.087524414
0.027175903
0.035675049
-0.04800415
-0.033538818
-0.034423828
0.10943604
-0.12609863
0.003030777
-0.091369629
-0.1060791
0.11932373
0.053588867
-0.014816284
0.07043457
0.15429688
0.082214355
0.073425293
-0.12756348
-0.032623291
0.037750244
-0.015884399
0.066467285
0.012252808
0.055847168
0.0077362061
0.023712158
-0.05581665
0.0055084229
0.0038719177
-0.140625
-0.084716797
-0.043243408
0.0035514832
0.015060425
-0.086242676
-0.13464355
-0.019943237
0.022689819
0.047454834
0.07434082
0.0059013367
0.050445557
-0.090515137
0.11505127
0.033966064
0.065307617
0.044708252
-0.14086914
0.004283905
-0.11090088
-0.10272217
0.050109863
-0.064086914
0.087036133
0.014221191
0.0042228699
0.012588501
-0.043945312
-0.02671814
-0.043792725
0.10858154
-0.058258057
0.031036377
-0.062988281
0.022918701
0.0078086853
0.017242432
0.05065918
0.018310547
-0.025497437
0.08605957
0.14929199
0.12780762
0.084899902
0.036346436
-0.10638428
0.030990601
-0.063049316
0.12609863
0.078369141
-0.013549805
0.067932129
0.12023926
0.034576416
-0.098754883
0.033325195
0.054260254
0.094726562
0.040039062
0.11846924
0.023895264
-0.010246277
0.015731812
0.023391724
-0.08807373
-0.027252197
-0.011383057
0.081359863
-0.0078582764
0.036224365
-0.034912109
-0.098999023
-0.071594238
0.058807373
-0.091674805
0.01890564
-0.083435059
-0.069946289
0.018295288
0.047058105
0.16442871
-0.085632324
-0.0079269409
-0.098449707
0.019348145
-0.041900635
-0.01133728
0.078735352
-0.037628174
0.034759521
-0.0047950745
-0.045379639
-0.046356201
-0.12091064
0.13354492
0.0061683655
-0.11755371
-0.087524414
0.027175903
0.035675049
-0.04800415
-0.033538818
-0.034423828
0.10943604
-0.12609863
0.003030777
-0.091369629
-0.1060791
0.11932373
0.053588867
-0.014816284
0.07043457
0.15429688
0.082214355
0.073425293
-0.12756348
-0.032623291
0.037750244
-0.015884399
0.066467285
0.012252808
0.055847168
0.0077362061
0.023712158
-0.05581665
0.0055084229
0.0038719177
-0.140625
-0.084716797
-0.043243408
0.0035514832
0.015060425
-0.086242676
-0.13464355
-0.019943237
0.022689819
0.047454834
0.07434082
0.0059013367
0.050445557
-0.090515137
0.11505127
0.033966064
0.065307617
0.044708252
-0.14086914
0.004283905
-0.11090088
-0.10272217
0.050109863
-0.064086914
0.087036133
0.014221191
0.0042228699
0.012588501
-0.043945312
-0.02671814
-0.043792725
0.10858154
-0.058258057
0.031036377
-0.062988281
0.022918701
0.0078086853
0.017242432
0.05065918
0.018310547
-0.025497437
0.08605957
0.14929199
0.12780762
0.084899902
0.036346436
-0.10638428
0.030990601
-0.063049316
0.12609863
0.078369141
-0.013549805
0.067932129
0.12023926
0.034576416
-0.098754883
0.033325195
0.054260254
0.094726562
0.040039062
0.11846924
0.023895264
-0.010246277
0.015731812
0.023391724
-0.08807373
-0.027252197
-0.011383057
0.081359863
-0.0078582764
0.036224365
-0.034912109
-0.098999023
-0.071594238
0.058807373
-0.091674805
0.01890564
-0.083435059
-0.069946289
0.018295288
0.047058105
0.16442871
-0.085632324
-0.0079269409
-0.098449707
0.019348145
-0.041900635
-0.01133728
0.078735352
-0.037628174
0.034759521
-0.0047950745
-0.045379639
-0.046356201
-0.12091064
0.13354492
0.0061683655
-0.11755371
-0.087524414
0.027175903
0.035675049
-0.04800415
-0.033538818
-0.034423828
0.10943604
-0.12609863
0.003030777
-0.091369629
-0.1060791
0.11932373
0.053588867
-0.014816284
0.07043457
0.15429688
0.082214355
0.073425293
-0.12756348
-0.032623291
0.037750244
-0.015884399
0.066467285
0.012252808
0.055847168
0.0077362061
0.023712158
-0.05581665
0.0055084229
0.0038719177
-0.140625
-0.084716797
-0.043243408
0.0035514832
0.015060425
-0.086242676
-0.13464355
-0.019943237
0.022689819
0.047454834
0.07434082
0.0059013367
0.050445557
-0.090515137
0.11505127
0.033966064
0.065307617
0.044708252
-0.14086914
0.004283905
-0.11090088
-0.10272217
0.050109863
-0.064086914
0.087036133
0.014221191
0.0042228699
0.012588501
-0.043945312
-0.02671814
-0.043792725
0.10858154
-0.058258057
0.031036377
-0.062988281
0.022918701
0.0078086853
0.017242432
0.05065918
0.018310547
-0.025497437
0.08605957
0.14929199
0.12780762
0.084899902
0.036346436
-0.10638428
0.030990601
-0.063049316
0.12609863
0.078369141
-0.013549805
0.067932129
0.12023926
0.034576416
-0.098754883
0.033325195
0.054260254
0.094726562
0.040039062
0.11846924
0.023895264
-0.010246277
0.015731812
0.023391724
-0.08807373
-0.027252197
-0.011383057
0.081359863
-0.0078582764
0.036224365
-0.034912109
-0.098999023
-0.071594238
0.058807373
-0.091674805
0.01890564
-0.083435059
-0.069946289
0.018295288
0.047058105
0.16442871
-0.085632324
-0.0079269409
-0.098449707
0.019348145
-0.041900635
-0.01133728
0.078735352
-0.037628174
0.034759521
-0.0047950745
-0.045379639
-0.046356201
-0.12091064
0.13354492
0.0061683655
-0.11755371
-0.087524414
0.027175903
0.035675049
-0.04800415
-0.033538818
-0.034423828
0.10943604
-0.12609863
0.003030777
-0.091369629
-0.1060791
0.11932373
0.053588867
-0.014816284
0.07043457
0.15429688
0.082214355
0.073425293
-0.12756348
-0.032623291
0.037750244
-0.015884399
0.066467285
0.012252808
0.055847168
0.0077362061
0.023712158
-0.05581665
0.0055084229
0.0038719177
-0.140625
-0.084716797
-0.043243408
0.0035514832
0.015060425
-0.086242676
-0.13464355
-0.019943237
0.022689819
0.047454834
0.07434082
0.0059013367
0.050445557
-0.090515137
0.11505127
0.033966064
0.065307617
0.044708252
-0.14086914
0.004283905
-0.11090088
-0.10272217
0.050109863
-0.064086914
0.087036133
0.014221191
0.0042228699
0.012588501
-0.043945312
-0.02671814
-0.043792725
0.10858154
-0.058258057
0.031036377
-0.062988281
0.022918701
0.0078086853
0.017242432
0.05065918
0.018310547
-0.025497437
0.08605957
0.14929199
0.12780762
0.084899902
0.036346436
-0.10638428
0.030990601
-0.063049316
0.12609863
0.078369141
-0.013549805
0.067932129
0.12023926
0.034576416
-0.098754883
0.033325195
0.054260254
0.094726562
0.040039062
0.11846924
0.023895264
-0.010246277
0.015731812
0.023391724
-0.08807373
-0.027252197
-0.011383057
0.081359863
-0.0078582764
0.036224365
-0.034912109
-0.098999023
-0.071594238
0.058807373
-0.091674805
0.01890564
-0.083435059
-0.069946289
0.018295288
0.047058105
0.16442871
-0.085632324
-0.0079269409
-0.098449707
0.019348145
-0.041900635
-0.01133728
0.078735352
-0.037628174
0.034759521
-0.0047950745
-0.045379639
-0.046356201
-0.12091064
0.13354492
0.0061683655
-0.11755371
-0.087524414
0.027175903
0.035675049
-0.04800415
-0.033538818
-0.034423828
0.10943604
-0.12609863
0.003030777
-0.091369629
-0.1060791
0.11932373
0.053588867
-0.014816284
0.07043457
0.15429688
0.082214355
0.073425293
-0.12756348
-0.032623291
0.037750244
-0.015884399
0.066467285
0.012252808
0.055847168
0.0077362061
0.023712158
-0.05581665
0.0055084229
0.0038719177
-0.140625
-0.084716797
-0.043243408
0.0035514832
0.015060425
-0.086242676
-0.13464355
-0.019943237
0.022689819
0.047454834
0.07434082
0.0059013367
0.050445557
-0.090515137
0.11505127
0.033966064
0.065307617
0.044708252
-0.14086914
0.004283905
-0.11090088
-0.10272217
0.050109863
-0.064086914
0.087036133
0.014221191
0.0042228699
0.012588501
-0.043945312
-0.02671814
-0.043792725
0.10858154
-0.058258057
0.031036377
-0.062988281
0.022918701
0.0078086853
0.017242432
0.05065918
0.018310547
-0.025497437
0.08605957
0.14929199
0.12780762
0.084899902
0.036346436
-0.10638428
0.030990601
-0.063049316
0.12609863
0.078369141
-0.013549805
0.067932129
0.12023926
0.034576416
-0.098754883
0.033325195
0.054260254
0.094726562
0.040039062
0.11846924
0.023895264
-0.010246277
0.015731812
0.023391724
-0.08807373
-0.027252197
-0.011383057
0.081359863
-0.0078582764
0.036224365
-0.034912109
-0.098999023
-0.071594238
0.058807373
-0.091674805
0.01890564
-0.083435059
-0.069946289
0.018295288
0.047058105
0.16442871
-0.085632324
-0.0079269409
-0.098449707
0.019348145
-0.041900635
-0.01133728
0.078735352
-0.037628174
0.034759521
-0.0047950745
-0.045379639
-0.046356201
-0.12091064
0.13354492
0.0061683655
-0.11755371
-0.087524414
0.027175903
0.035675049
-0.04800415
-0.033538818
-0.034423828
0.10943604
-0.12609863
0.003030777
-0.091369629
-0.1060791
0.11932373
0.053588867
-0.014816284
0.07043457
0.15429688
0.082214355
0.073425293
-0.12756348
-0.032623291
0.037750244
-0.015884399
0.066467285
0.012252808
0.055847168
0.0077362061
0.023712158
-0.05581665
0.0055084229
0.0038719177
-0.140625
-0.084716797
-0.043243408
0.0035514832
0.015060425
-0.086242676
-0.13464355
-0.019943237
0.022689819
0.047454834
0.07434082
0.0059013367
0.050445557
-0.090515137
0.11505127
0.033966064
0.065307617
0.044708252
-0.14086914
0.004283905
-0.11090088
-0.10272217
0.050109863
-0.064086914
0.087036133
0.014221191
0.0042228699
0.012588501
-0.043945312
-0.02671814
-0.043792725
0.10858154
-0.058258057
0.031036377
-0.062988281
0.022918701
0.0078086853
0.017242432
0.05065918
0.018310547
-0.025497437
0.08605957
0.14929199
0.12780762
0.084899902
0.036346436
-0.10638428
0.030990601
-0.063049316
0.12609863
0.078369141
-0.013549805
0.067932129
0.12023926
0.034576416
-0.098754883
0.033325195
0.054260254
0.094726562
0.040039062
0.11846924
0.023895264
-0.010246277
0.015731812
0.023391724
-0.08807373
-0.027252197
-0.011383057
0.081359863
-0.0078582764
0.036224365
-0.034912109
-0.098999023
-0.071594238
0.058807373
-0.091674805
0.01890564
-0.083435059
-0.069946289
0.018295288
0.047058105
0.16442871
-0.085632324
-0.0079269409
-0.098449707
0.019348145
-0.041900635
-0.01133728
0.078735352
-0.037628174
0.034759521
-0.0047950745
-0.045379639
-0.046356201
-0.12091064
0.13354492
0.0061683655
-0.11755371
-0.087524414
0.027175903
0.035675049
-0.04800415
-0.033538818
-0.034423828
0.10943604
-0.12609863
0.003030777
-0.091369629
-0.1060791
0.11932373
0.053588867
-0.014816284
0.07043457
0.15429688
0.082214355
0.073425293
-0.12756348
-0.032623291
0.037750244
-0.015884399
0.066467285
0.012252808
0.055847168
0.0077362061
0.023712158
-0.05581665
0.0055084229
0.0038719177
-0.140625
-0.084716797
-0.043243408
0.0035514832
0.015060425
-0.086242676
-0.13464355
-0.019943237
0.022689819
0.047454834
0.07434082
0.0059013367
0.050445557
-0.090515137
0.11505127
0.033966064
0.065307617
0.044708252
-0.14086914
0.004283905
-0.11090088
-0.10272217
0.050109863
-0.064086914
0.087036133
0.014221191
0.0042228699
0.012588501
-0.043945312
-0.02671814
-0.043792725
0.10858154
-0.058258057
0.031036377
-0.062988281
0.022918701
0.0078086853
0.017242432
0.05065918
0.018310547
-0.025497437
0.08605957
0.14929199
0.12780762
0.084899902
0.036346436
-0.10638428
0.030990601
-0.063049316
0.12609863
0.078369141
-0.013549805
0.067932129
0.12023926
0.034576416
-0.098754883
0.033325195
0.054260254
0.094726562
0.040039062
0.11846924
0.023895264
-0.010246277
0.015731812
0.023391724
-0.08807373
-0.027252197
-0.011383057
0.081359863
-0.0078582764
0.036224365
-0.034912109
-0.098999023
-0.071594238
0.058807373
-0.091674805
0.01890564
-0.083435059
-0.069946289
0.018295288
0.047058105
0.16442871
-0.085632324
-0.0079269409
-0.098449707
0.019348145
-0.041900635
-0.01133728
0.078735352
-0.037628174
0.034759521
-0.0047950745
-0.045379639
-0.046356201
-0.12091064
0.13354492
0.0061683655
-0.11755371
-0.087524414
0.027175903
0.035675049
-0.04800415
-0.033538818
-0.034423828
0.10943604
-0.12609863
0.003030777
-0.091369629
-0.1060791
0.11932373
0.053588867
-0.014816284
0.07043457
0.15429688
0.082214355
0.073425293
-0.12756348
-0.032623291
0.037750244
-0.015884399
0.066467285
0.012252808
0.055847168
0.0077362061
0.023712158
-0.05581665
0.0055084229
0.0038719177
-0.140625
-0.084716797
-0.043243408
0.0035514832
0.015060425
-0.086242676
-0.13464355
-0.019943237
0.022689819
0.047454834
0.07434082
0.0059013367
0.050445557
-0.090515137
0.11505127
0.033966064
0.065307617
0.044708252
-0.14086914
0.004283905
-0.11090088
-0.10272217
0.050109863
-0.064086914
0.087036133
0.014221191
0.0042228699
0.012588501
-0.043945312
-0.02671814
-0.043792725
0.10858154
-0.058258057
0.031036377
-0.062988281
0.022918701
0.0078086853
0.017242432
0.05065918
0.018310547
-0.025497437
0.08605957
0.14929199
0.12780762
0.084899902
0.036346436
-0.10638428
0.030990601
-0.063049316
0.12609863
0.078369141
-0.013549805
0.067932129
0.12023926
0.034576416
-0.098754883
0.033325195
0.054260254
0.094726562
0.040039062
0.11846924
0.023895264
-0.010246277
0.015731812
0.023391724
-0.08807373
-0.027252197
-0.011383057
0.081359863
-0.0078582764
0.036224365
-0.034912109
-0.098999023
-0.071594238
0.058807373
-0.091674805
0.01890564
-0.083435059
-0.069946289
0.018295288
0.047058105
0.16442871
-0.085632324
-0.0079269409
-0.098449707
0.019348145
-0.041900635
-0.01133728
0.078735352
-0.037628174
0.034759521
-0.0047950745
-0.045379639
-0.046356201
-0.12091064
0.13354492
0.0061683655
-0.11755371
-0.087524414
0.027175903
0.035675049
-0.04800415
-0.033538818
-0.034423828
0.10943604
-0.12609863
0.003030777
-0.091369629
-0.1060791
0.11932373
0.053588867
-0.014816284
0.07043457
0.15429688
0.082214355
0.073425293
-0.12756348
-0.032623291
0.037750244
-0.015884399
0.066467285
0.012252808
0.055847168
0.0077362061
0.023712158
-0.05581665
0.0055084229
0.0038719177
-0.140625
-0.084716797
-0.043243408
0.0035514832
0.015060425
-0.086242676
-0.13464355
-0.019943237
0.022689819
0.047454834
0.07434082
0.0059013367
0.050445557
-0.090515137
0.11505127
0.033966064
0.065307617
0.044708252
-0.14086914
0.004283905
-0.11090088
-0.10272217
0.050109863
-0.064086914
0.087036133
0.014221191
0.0042228699
0.012588501
-0.043945312
-0.02671814
-0.043792725
0.10858154
-0.058258057
0.031036377
-0.062988281
0.022918701
0.0078086853
0.017242432
0.05065918
0.018310547
-0.025497437
0.08605957
0.14929199
0.12780762
0.084899902
0.036346436
-0.10638428
0.030990601
-0.063049316
0.12609863
0.078369141
-0.013549805
0.067932129
0.12023926
0.034576416
-0.098754883
0.033325195
0.054260254
0.094726562
0.040039062
0.11846924
0.023895264
-0.010246277
0.015731812
0.023391724
-0.08807373
-0.027252197
-0.011383057
0.081359863
-0.0078582764
0.036224365
-0.034912109
-0.098999023
-0.071594238
0.058807373
-0.091674805
0.01890564
-0.083435059
-0.069946289
0.018295288
0.047058105
0.16442871
-0.085632324
-0.0079269409
-0.098449707
0.019348145
-0.041900635
-0.01133728
0.078735352
-0.037628174
0.034759521
-0.0047950745
-0.045379639
-0.046356201
-0.12091064
0.13354492
0.0061683655
-0.11755371
-0.087524414
0.027175903
0.035675049
-0.04800415
-0.033538818
-0.034423828
0.10943604
-0.12609863
0.003030777
-0.091369629
-0.1060791
0.11932373
0.053588867
-0.014816284
0.07043457
0.15429688
0.082214355
0.073425293
-0.12756348
-0.032623291
0.037750244
-0.015884399
0.066467285
0.012252808
0.055847168
0.0077362061
0.023712158
-0.05581665
0.0055084229
0.0038719177
-0.140625
-0.084716797
-0.043243408
0.0035514832
0.015060425
-0.086242676
-0.13464355
-0.019943237
0.022689819
0.047454834
0.07434082
0.0059013367
0.050445557
-0.090515137
0.11505127
0.033966064
0.065307617
0.044708252
-0.14086914
0.004283905
-0.11090088
-0.10272217
0.050109863
-0.064086914
0.087036133
0.014221191
0.0042228699
0.012588501
-0.043945312
-0.02671814
-0.043792725
0.10858154
-0.058258057
0.031036377
-0.062988281
0.022918701
0.0078086853
0.017242432
0.05065918
0.018310547
-0.025497437
0.08605957
0.14929199
0.12780762
0.084899902
0.036346436
-0.10638428
0.030990601
-0.063049316
0.12609863
0.078369141
-0.013549805
0.067932129
0.12023926
0.034576416
-0.098754883
0.033325195
0.054260254
0.094726562
0.040039062
0.11846924
0.023895264
-0.010246277
0.015731812
0.023391724
-0.08807373
-0.027252197
-0.011383057
0.081359863
-0.0078582764
0.036224365
-0.034912109
-0.098999023
-0.071594238
0.058807373
-0.091674805
0.01890564
-0.083435059
-0.069946289
0.018295288
0.047058105
0.16442871
-0.085632324
-0.0079269409
-0.098449707
0.019348145
-0.041900635
-0.01133728
0.078735352
-0.037628174
0.034759521
-0.0047950745
-0.045379639
-0.046356201
-0.12091064
0.13354492
0.0061683655
-0.11755371
-0.087524414
0.027175903
0.035675049
-0.04800415
-0.033538818
-0.034423828
0.10943604
-0.12609863
0.003030777
-0.091369629
-0.1060791
0.11932373
0.053588867
-0.014816284
0.07043457
0.15429688
0.082214355
0.073425293
-0.12756348
-0.032623291
0.037750244
-0.015884399
0.066467285
0.012252808
0.055847168
0.0077362061
0.023712158
-0.05581665
0.0055084229
0.0038719177
-0.140625
-0.084716797
-0.043243408
0.0035514832
0.015060425
-0.086242676
-0.13464355
-0.019943237
0.022689819
0.047454834
0.07434082
0.0059013367
0.050445557
-0.090515137
0.11505127
0.033966064
0.065307617
0.044708252
-0.14086914
0.004283905
-0.11090088
-0.10272217
0.050109863
-0.064086914
0.087036133
0.014221191
0.0042228699
0.012588501
-0.043945312
-0.02671814
-0.043792725
0.10858154
-0.058258057
0.031036377
-0.062988281
0.022918701
0.0078086853
0.017242432
0.05065918
0.018310547
-0.025497437
0.08605957
0.14929199
0.12780762
0.084899902
0.036346436
-0.10638428
0.030990601
-0.063049316
0.12609863
0.078369141
-0.013549805
0.067932129
0.12023926
0.034576416
-0.098754883
0.033325195
0.054260254
0.094726562
0.040039062
0.11846924
0.023895264
-0.010246277
0.015731812
0.023391724
-0.08807373
-0.027252197
-0.011383057
0.081359863
-0.0078582764
0.036224365
-0.034912109
-0.098999023
-0.071594238
0.058807373
-0.091674805
0.01890564
-0.083435059
-0.069946289
0.018295288
0.047058105
0.16442871
-0.085632324
-0.0079269409
-0.098449707
0.019348145
-0.041900635
-0.01133728
0.078735352
-0.037628174
0.034759521
-0.0047950745
-0.045379639
-0.046356201
-0.12091064
0.13354492
0.0061683655
-0.11755371
-0.087524414
0.027175903
0.035675049
-0.04800415
-0.033538818
-0.034423828
0.10943604
-0.12609863
0.003030777
-0.091369629
-0.1060791
0.11932373
0.053588867
-0.014816284
0.07043457
0.15429688
0.082214355
0.073425293
-0.12756348
-0.032623291
0.037750244
-0.015884399
0.066467285
0.012252808
0.055847168
0.0077362061
0.023712158
-0.05581665
0.0055084229
0.0038719177
-0.140625
-0.084716797
-0.043243408
0.0035514832
0.015060425
-0.086242676
-0.13464355
-0.019943237
0.022689819
0.047454834
0.07434082
0.0059013367
0.050445557
-0.090515137
0.11505127
0.033966064
0.065307617
0.044708252
-0.14086914
0.004283905
-0.11090088
-0.10272217
0.050109863
-0.064086914
0.087036133
0.014221191
0.0042228699
0.012588501
-0.043945312
-0.02671814
-0.043792725
0.10858154
-0.058258057
0.031036377
-0.062988281
0.022918701
0.0078086853
0.017242432
0.05065918
0.018310547
-0.025497437
0.08605957
0.14929199
0.12780762
0.084899902
0.036346436
-0.10638428
0.030990601
-0.063049316
0.12609863
0.078369141
-0.013549805
0.067932129
0.12023926
0.034576416
-0.098754883
0.033325195
0.054260254
0.094726562
0.040039062
0.11846924
0.023895264
-0.010246277
0.015731812
0.023391724
-0.08807373
-0.027252197
-0.011383057
0.081359863
-0.0078582764
0.036224365
-0.034912109
-0.098999023
-0.071594238
0.058807373
-0.091674805
0.01890564
-0.083435059
-0.069946289
0.018295288
0.047058105
0.16442871
-0.085632324
-0.0079269409
-0.098449707
0.019348145
-0.041900635
-0.01133728
0.078735352
-0.037628174
0.034759521
-0.0047950745
-0.045379639
-0.046356201
-0.12091064
0.13354492
0.0061683655
-0.11755371
-0.087524414
0.027175903
0.035675049
-0.04800415
-0.033538818
-0.034423828
0.10943604
-0.12609863
0.003030777
-0.091369629
-0.1060791
0.11932373
0.053588867
-0.014816284
0.07043457
0.15429688
0.082214355
0.073425293
-0.12756348
-0.032623291
0.037750244
-0.015884399
0.066467285
0.012252808
0.055847168
0.0077362061
0.023712158
-0.05581665
0.0055084229
0.0038719177
-0.140625
-0.084716797
-0.043243408
0.0035514832
