0.094970703
-0.37524414
0.24230957
0.015098572
-0.15869141
-0.27612305
0.19165039
-0.13989258
0.19726562
0.1730957
0.066650391
0.21472168
-0.16516113
0.24719238
0.0038852692
-0.041259766
0.17053223
-0.088867188
0.091003418
-0.21936035
-0.16259766
0.20007324
0.25488281
0.10186768
-0.052398682
-0.059143066
-0.24084473
0.28564453
-0.17114258
0.035766602
0.1151123
-0.11962891
-0.25317383
0.33496094
0.13061523
-0.11218262
0.13806152
0.38623047
0.10406494
-0.097290039
-0.32104492
-0.24938965
-0.18139648
0.35961914
0.17126465
-0.014587402
0.082336426
0.20202637
0.2175293
-0.17602539
-0.13916016
0.10778809
0.0063552856
-0.1907959
0.098510742
-0.25561523
-0.050140381
-0.033630371
-0.072570801
0.094543457
0.35693359
-0.21838379
-0.1206665
-0.051696777
0.2578125
0.023284912
0.27319336
-0.18603516
-0.14367676
0.1005249
-0.19433594
-0.050292969
0.017944336
0.091003418
-0.16015625
0.11682129
-0.16967773
0.00099849701
0.10290527
-0.071105957
0.15686035
-0.32177734
-0.059875488
0.40087891
0.28320312
-0.30444336
0.052185059
0.04586792
-0.1439209
-0.041748047
-0.1973877
0.11169434
0.21411133
-0.052001953
0.035705566
0.014923096
-0.19726562
0.21838379
0.60058594
0.17602539
0.18981934
0.38549805
0.063903809
-0.2734375
0.0023078918
-0.31616211
0.21374512
-0.13269043
0.23669434
0.091552734
0.049987793
-0.11529541
0.33569336
-0.1505127
-0.087585449
-0.26953125
-0.31616211
-0.021224976
0.24926758
0.12878418
-0.085754395
-0.1986084
-0.17687988
0.15393066
0.25415039
0.025741577
-0.34228516
0.25805664
0.018737793
-0.36035156
0.13122559
-0.084411621
-0.11950684
-0.17333984
0.35473633
-0.16894531
0.19067383
0.05557251
0.13183594
0.08215332
-0.15551758
0.25561523
0.12445068
-0.062316895
0.1161499
-0.10803223
0.1348877
-0.10308838
-0.18518066
0.16711426
0.027297974
0.08996582
-0.016586304
-0.051696777
-0.2644043
0.32348633
-0.1463623
-0.013809204
0.16699219
-0.064086914
-0.23986816
0.2467041
0.010887146
-0.14074707
-0.031555176
0.20080566
0.033966064
-0.084655762
-0.3059082
-0.34155273
-0.21411133
0.26464844
0.19104004
0.024520874
0.13793945
0.053161621
0.28735352
-0.093261719
-0.11022949
0.043334961
0.011741638
-0.025436401
0.12780762
-0.22314453
0.020614624
-0.061157227
-0.14306641
-0.045715332
0.2590332
-0.099304199
-0.094482422
-0.019378662
0.32519531
0.027069092
0.14160156
-0.09375
-0.089294434
0.089416504
-0.059539795
-0.082275391
0.024978638
0.078491211
-0.12078857
0.11029053
-0.22033691
-0.028839111
0.15930176
-0.015403748
0.037597656
-0.32788086
-0.12463379
0.35668945
0.2734375
-0.19140625
0.12158203
-0.020004272
-0.21496582
-0.096191406
-0.11535645
0.22106934
0.19592285
-0.054168701
0.070251465
0.0013074875
-0.15637207
0.060180664
0.46337891
0.18237305
0.21240234
0.33496094
-0.0070037842
-0.22741699
0.14929199
-0.23010254
0.18652344
-0.16503906
0.065917969
0.093139648
0.040344238
-0.022247314
0.27416992
-0.074645996
-0.067382812
-0.27416992
-0.28442383
0.051361084
0.32177734
0.24926758
-0.16235352
-0.21765137
-0.098571777
0.10272217
0.029174805
0.072387695
-0.25366211
0.21704102
0.040710449
-0.32983398
0.03338623
-0.098266602
-0.094238281
-0.16442871
0.27563477
-0.15600586
0.14172363
-0.0042190552
0.12890625
0.014854431
-0.14526367
0.19921875
0.1361084
-0.031066895
0.073303223
-0.093688965
0.14990234
-0.016204834
-0.18188477
0.14294434
-0.032989502
0.065734863
0.058197021
-0.042266846
-0.20458984
0.24938965
-0.14074707
-0.036224365
0.1161499
-0.012489319
-0.24279785
0.22473145
-0.0061569214
-0.140625
-0.10247803
0.10681152
0.067260742
-0.070922852
-0.28466797
-0.3425293
-0.1809082
0.22229004
0.2121582
0.055603027
0.14831543
0.012794495
0.34082031
-0.036193848
-0.10314941
0.021194458
0.0091629028
0.047271729
0.11785889
-0.203125
-0.019439697
-0.042541504
-0.14379883
-0.076660156
0.21948242
-0.028152466
-0.080627441
-0.022415161
0.32250977
0.081848145
0.13305664
-0.096008301
-0.087463379
0.075561523
-0.0030841827
-0.088745117
0.021133423
0.080749512
-0.092773438
0.10656738
-0.21435547
-0.00390625
0.1583252
0.0073471069
0.054595947
-0.24694824
-0.063964844
0.3046875
0.23303223
-0.13000488
0.1340332
-0.10223389
-0.15979004
-0.087463379
-0.081542969
0.15942383
0.1965332
-0.004737854
0.083557129
-0.025314331
-0.1083374
0.04006958
0.30883789
0.18200684
0.20227051
0.29833984
0.011291504
-0.23217773
0.19934082
-0.16918945
0.12042236
-0.18676758
0.01385498
0.091308594
0.0037288666
0.0077934265
0.23132324
-0.054016113
-0.037139893
-0.22619629
-0.20751953
-0.0090103149
0.26391602
0.32641602
-0.1451416
-0.21960449
-0.086608887
0.058197021
-0.056121826
0.090881348
-0.21447754
0.14770508
0.040710449
-0.32983398
0.03338623
-0.098266602
-0.094238281
-0.16442871
0.27563477
-0.15600586
0.14172363
-0.0042190552
0.12890625
0.014854431
-0.14526367
0.19921875
0.1361084
-0.031066895
0.073303223
-0.093688965
0.14990234
-0.016204834
-0.18188477
0.14294434
-0.032989502
0.065734863
0.058197021
-0.042266846
-0.20458984
0.24938965
-0.14074707
-0.036224365
0.1161499
-0.012489319
-0.24279785
0.22473145
-0.0061569214
-0.140625
-0.10247803
0.10681152
0.067260742
-0.070922852
-0.28466797
-0.3425293
-0.1809082
0.22229004
0.2121582
0.055603027
0.14831543
0.012794495
0.34082031
-0.036193848
-0.10314941
0.021194458
0.0091629028
0.047271729
0.11785889
-0.203125
-0.019439697
-0.042541504
-0.14379883
-0.076660156
0.21948242
-0.028152466
-0.080627441
-0.022415161
0.32250977
0.081848145
0.13305664
-0.096008301
-0.087463379
0.075561523
-0.0030841827
-0.088745117
0.021133423
0.080749512
-0.092773438
0.10656738
-0.21435547
-0.00390625
0.1583252
0.0073471069
0.054595947
-0.24694824
-0.063964844
0.3046875
0.23303223
-0.13000488
0.1340332
-0.10223389
-0.15979004
-0.087463379
-0.081542969
0.15942383
0.1965332
-0.004737854
0.083557129
-0.025314331
-0.1083374
0.04006958
0.30883789
0.18200684
0.20227051
0.29833984
0.011291504
-0.23217773
0.19934082
-0.16918945
0.12042236
-0.18676758
0.01385498
0.091308594
0.0037288666
0.0077934265
0.23132324
-0.054016113
-0.037139893
-0.22619629
-0.20751953
-0.0090103149
0.26391602
0.32641602
-0.1451416
-0.21960449
-0.086608887
0.058197021
-0.056121826
0.090881348
-0.21447754
0.14770508
0.040710449
-0.32983398
0.03338623
-0.098266602
-0.094238281
-0.16442871
0.27563477
-0.15600586
0.14172363
-0.0042190552
0.12890625
0.014854431
-0.14526367
0.19921875
0.1361084
-0.031066895
0.073303223
-0.093688965
0.14990234
-0.016204834
-0.18188477
0.14294434
-0.032989502
0.065734863
0.058197021
-0.042266846
-0.20458984
0.24938965
-0.14074707
-0.036224365
0.1161499
-0.012489319
-0.24279785
0.22473145
-0.0061569214
-0.140625
-0.10247803
0.10681152
0.067260742
-0.070922852
-0.28466797
-0.3425293
-0.1809082
0.22229004
0.2121582
0.055603027
0.14831543
0.012794495
0.34082031
-0.036193848
-0.10314941
0.021194458
0.0091629028
0.047271729
0.11785889
-0.203125
-0.019439697
-0.042541504
-0.14379883
-0.076660156
0.21948242
-0.028152466
-0.080627441
-0.022415161
0.32250977
0.081848145
0.13305664
-0.096008301
-0.087463379
0.075561523
-0.0030841827
-0.088745117
0.021133423
0.080749512
-0.092773438
0.10656738
-0.21435547
-0.00390625
0.1583252
0.0073471069
0.054595947
-0.24694824
-0.063964844
0.3046875
0.23303223
-0.13000488
0.1340332
-0.10223389
-0.15979004
-0.087463379
-0.081542969
0.15942383
0.1965332
-0.004737854
0.083557129
-0.025314331
-0.1083374
0.04006958
0.30883789
0.18200684
0.20227051
0.29833984
0.011291504
-0.23217773
0.19934082
-0.16918945
0.12042236
-0.18676758
0.01385498
0.091308594
0.0037288666
0.0077934265
0.23132324
-0.054016113
-0.037139893
-0.22619629
-0.20751953
-0.0090103149
0.26391602
0.32641602
-0.1451416
-0.21960449
-0.086608887
0.058197021
-0.056121826
0.090881348
-0.21447754
0.14770508
0.040710449
-0.32983398
0.03338623
-0.098266602
-0.094238281
-0.16442871
0.27563477
-0.15600586
0.14172363
-0.0042190552
0.12890625
0.014854431
-0.14526367
0.19921875
0.1361084
-0.031066895
0.073303223
-0.093688965
0.14990234
-0.016204834
-0.18188477
0.14294434
-0.032989502
0.065734863
0.058197021
-0.042266846
-0.20458984
0.24938965
-0.14074707
-0.036224365
0.1161499
-0.012489319
-0.24279785
0.22473145
-0.0061569214
-0.140625
-0.10247803
0.10681152
0.067260742
-0.070922852
-0.28466797
-0.3425293
-0.1809082
0.22229004
0.2121582
0.055603027
0.14831543
0.012794495
0.34082031
-0.036193848
-0.10314941
0.021194458
0.0091629028
0.047271729
0.11785889
-0.203125
-0.019439697
-0.042541504
-0.14379883
-0.076660156
0.21948242
-0.028152466
-0.080627441
-0.022415161
0.32250977
0.081848145
0.13305664
-0.096008301
-0.087463379
0.075561523
-0.0030841827
-0.088745117
0.021133423
0.080749512
-0.092773438
0.10656738
-0.21435547
-0.00390625
0.1583252
0.0073471069
0.054595947
-0.24694824
-0.063964844
0.3046875
0.23303223
-0.13000488
0.1340332
-0.10223389
-0.15979004
-0.087463379
-0.081542969
0.15942383
0.1965332
-0.004737854
0.083557129
-0.025314331
-0.1083374
0.04006958
0.30883789
0.18200684
0.20227051
0.29833984
0.011291504
-0.23217773
0.19934082
-0.16918945
0.12042236
-0.18676758
0.01385498
0.091308594
0.0037288666
0.0077934265
0.23132324
-0.054016113
-0.037139893
-0.22619629
-0.20751953
-0.0090103149
0.26391602
0.32641602
-0.1451416
-0.21960449
-0.086608887
0.058197021
-0.056121826
0.090881348
-0.21447754
0.14770508
0.040710449
-0.32983398
0.03338623
-0.098266602
-0.094238281
-0.16442871
0.27563477
-0.15600586
0.14172363
-0.0042190552
0.12890625
0.014854431
-0.14526367
0.19921875
0.1361084
-0.031066895
0.073303223
-0.093688965
0.14990234
-0.016204834
-0.18188477
0.14294434
-0.032989502
0.065734863
0.058197021
-0.042266846
-0.20458984
0.24938965
-0.14074707
-0.036224365
0.1161499
-0.012489319
-0.24279785
0.22473145
-0.0061569214
-0.140625
-0.10247803
0.10681152
0.067260742
-0.070922852
-0.28466797
-0.3425293
-0.1809082
0.22229004
0.2121582
0.055603027
0.14831543
0.012794495
0.34082031
-0.036193848
-0.10314941
0.021194458
0.0091629028
0.047271729
0.11785889
-0.203125
-0.019439697
-0.042541504
-0.14379883
-0.076660156
0.21948242
-0.028152466
-0.080627441
-0.022415161
0.32250977
0.081848145
0.13305664
-0.096008301
-0.087463379
0.075561523
-0.0030841827
-0.088745117
0.021133423
0.080749512
-0.092773438
0.10656738
-0.21435547
-0.00390625
0.1583252
0.0073471069
0.054595947
-0.24694824
-0.063964844
0.3046875
0.23303223
-0.13000488
0.1340332
-0.10223389
-0.15979004
-0.087463379
-0.081542969
0.15942383
0.1965332
-0.004737854
0.083557129
-0.025314331
-0.1083374
0.04006958
0.30883789
0.18200684
0.20227051
0.29833984
0.011291504
-0.23217773
0.19934082
-0.16918945
0.12042236
-0.18676758
0.01385498
0.091308594
0.0037288666
0.0077934265
0.23132324
-0.054016113
-0.037139893
-0.22619629
-0.20751953
-0.0090103149
0.26391602
0.32641602
-0.1451416
-0.21960449
-0.086608887
0.058197021
-0.056121826
0.090881348
-0.21447754
0.14770508
0.040710449
-0.32983398
0.03338623
-0.098266602
-0.094238281
-0.16442871
0.27563477
-0.15600586
0.14172363
-0.0042190552
0.12890625
0.014854431
-0.14526367
0.19921875
0.1361084
-0.031066895
0.073303223
-0.093688965
0.14990234
-0.016204834
-0.18188477
0.14294434
-0.032989502
0.065734863
0.058197021
-0.042266846
-0.20458984
0.24938965
-0.14074707
-0.036224365
0.1161499
-0.012489319
-0.24279785
0.22473145
-0.0061569214
-0.140625
-0.10247803
0.10681152
0.067260742
-0.070922852
-0.28466797
-0.3425293
-0.1809082
0.22229004
0.2121582
0.055603027
0.14831543
0.012794495
0.34082031
-0.036193848
-0.10314941
0.021194458
0.0091629028
0.047271729
0.11785889
-0.203125
-0.019439697
-0.042541504
-0.14379883
-0.076660156
0.21948242
-0.028152466
-0.080627441
-0.022415161
0.32250977
0.081848145
0.13305664
-0.096008301
-0.087463379
0.075561523
-0.0030841827
-0.088745117
0.021133423
0.080749512
-0.092773438
0.10656738
-0.21435547
-0.00390625
0.1583252
0.0073471069
0.054595947
-0.24694824
-0.063964844
0.3046875
0.23303223
-0.13000488
0.1340332
-0.10223389
-0.15979004
-0.087463379
-0.081542969
0.15942383
0.1965332
-0.004737854
0.083557129
-0.025314331
-0.1083374
0.04006958
0.30883789
0.18200684
0.20227051
0.29833984
0.011291504
-0.23217773
0.19934082
-0.16918945
0.12042236
-0.18676758
0.01385498
0.091308594
0.0037288666
0.0077934265
0.23132324
-0.054016113
-0.037139893
-0.22619629
-0.20751953
-0.0090103149
0.26391602
0.32641602
-0.1451416
-0.21960449
-0.086608887
0.058197021
-0.056121826
0.090881348
-0.21447754
0.14770508
0.075256348
-0.16870117
0.027313232
-0.076965332
-0.026641846
-0.070556641
0.14746094
-0.019638062
0.083251953
0.0064125061
0.084533691
0.041381836
-0.064453125
0.10632324
0.065307617
-0.0091934204
0.058776855
-0.037780762
0.10394287
0.021896362
-0.13220215
0.085510254
-0.065185547
-0.033081055
0.015159607
0.015098572
-0.12402344
0.11547852
-0.08996582
-0.024703979
0.076171875
-0.021179199
-0.13708496
0.15014648
-0.019790649
-0.0062294006
-0.040405273
0.059356689
0.033874512
-0.055999756
-0.1262207
-0.19726562
-0.093566895
0.12988281
0.12243652
0.048828125
0.078674316
-0.019439697
0.15991211
0.036407471
-0.070983887
-0.0017433167
0.035400391
-0.00088071823
0.095581055
-0.11975098
-0.011009216
-0.0024414062
-0.020339966
-0.019271851
0.11016846
-0.0098800659
-0.030990601
-0.031463623
0.15686035
0.05557251
0.083496094
-0.07208252
0.024536133
0.036865234
-0.026947021
-0.030273438
0.04788208
0.0013170242
-0.075683594
0.041595459
-0.1282959
0.01725769
0.072998047
-0.035522461
0.021087646
-0.11505127
0.022094727
0.14550781
0.080688477
-0.10205078
0.036621094
-0.082336426
-0.031143188
-0.073730469
-0.072631836
0.10693359
0.11456299
0.019775391
0.029708862
0.020294189
-0.06652832
-0.010383606
0.15844727
0.12335205
0.044616699
0.15649414
-0.047119141
-0.13366699
0.073486328
-0.067810059
0.058685303
-0.15319824
-0.00062036514
0.092102051
-0.0062561035
0.01713562
0.12011719
-0.00061130524
-0.048828125
-0.13232422
-0.096435547
0.008140564
0.125
0.1784668
-0.090026855
-0.10821533
-0.010055542
0.041809082
0.0044174194
0.019180298
-0.12695312
0.059143066
0.089111328
-0.11413574
0.044128418
-0.055541992
0.0049819946
-0.03793335
0.084228516
0.05682373
0.073486328
0.017425537
0.084289551
0.064331055
-0.025436401
0.051940918
0.033172607
-0.0065689087
0.046722412
-0.013977051
0.086181641
0.063659668
-0.09954834
0.054473877
-0.065551758
-0.076843262
6.4015388e-05
0.013801575
-0.094055176
0.048370361
-0.072814941
-0.0065956116
0.068115234
-0.045074463
-0.080688477
0.10949707
-0.022674561
0.038635254
-0.015357971
0.052856445
0.01259613
-0.039611816
-0.044342041
-0.12030029
-0.070495605
0.084106445
0.062927246
0.041992188
0.030197144
-0.034576416
0.078918457
0.079101562
-0.066833496
-0.010787964
0.050933838
-0.022796631
0.075134277
-0.08001709
-0.0091400146
0.024337769
0.052001953
-0.0032062531
0.07208252
-0.01574707
-0.0075798035
-0.040130615
0.069641113
0.042114258
0.058990479
-0.058319092
0.062561035
0.031112671
-0.046875
-0.0038948059
0.070068359
-0.041442871
-0.062225342
0.016540527
-0.082580566
0.028717041
0.033843994
-0.053344727
0.011688232
-0.032348633
0.04574585
0.088928223
0.022598267
-0.10223389
-0.018341064
-0.050231934
0.024734497
-0.053070068
-0.074645996
0.090087891
0.079040527
0.036010742
0.012290955
0.065490723
-0.044921875
-0.022109985
0.085083008
0.08984375
-0.018127441
0.070983887
-0.057891846
-0.07019043
0.008605957
-0.018753052
0.030441284
-0.11834717
-0.013305664
0.092834473
-0.0012216568
0.016860962
0.069885254
0.013755798
-0.059387207
-0.090087891
-0.046173096
0.020172119
0.064819336
0.10955811
-0.054016113
-0.04800415
0.0079193115
0.038482666
0.041778564
-0.013679504
-0.08807373
0.023544312
0.089111328
-0.11413574
0.044128418
-0.055541992
0.0049819946
-0.03793335
0.084228516
0.05682373
0.073486328
0.017425537
0.084289551
0.064331055
-0.025436401
0.051940918
0.033172607
-0.0065689087
0.046722412
-0.013977051
0.086181641
0.063659668
-0.09954834
0.054473877
-0.065551758
-0.076843262
6.4015388e-05
0.013801575
-0.094055176
0.048370361
-0.072814941
-0.0065956116
0.068115234
-0.045074463
-0.080688477
0.10949707
-0.022674561
0.038635254
-0.015357971
0.052856445
0.01259613
-0.039611816
-0.044342041
-0.12030029
-0.070495605
0.084106445
0.062927246
0.041992188
0.030197144
-0.034576416
0.078918457
0.079101562
-0.066833496
-0.010787964
0.050933838
-0.022796631
0.075134277
-0.08001709
-0.0091400146
0.024337769
0.052001953
-0.0032062531
0.07208252
-0.01574707
-0.0075798035
-0.040130615
0.069641113
0.042114258
0.058990479
-0.058319092
0.062561035
0.031112671
-0.046875
-0.0038948059
0.070068359
-0.041442871
-0.062225342
0.016540527
-0.082580566
0.028717041
0.033843994
-0.053344727
0.011688232
-0.032348633
0.04574585
0.088928223
0.022598267
-0.10223389
-0.018341064
-0.050231934
0.024734497
-0.053070068
-0.074645996
0.090087891
0.079040527
0.036010742
0.012290955
0.065490723
-0.044921875
-0.022109985
0.085083008
0.08984375
-0.018127441
0.070983887
-0.057891846
-0.07019043
0.008605957
-0.018753052
0.030441284
-0.11834717
-0.013305664
0.092834473
-0.0012216568
0.016860962
0.069885254
0.013755798
-0.059387207
-0.090087891
-0.046173096
0.020172119
0.064819336
0.10955811
-0.054016113
-0.04800415
0.0079193115
0.038482666
0.041778564
-0.013679504
-0.08807373
0.023544312
0.089111328
-0.11413574
0.044128418
-0.055541992
0.0049819946
-0.03793335
0.084228516
0.05682373
0.073486328
0.017425537
0.084289551
0.064331055
-0.025436401
0.051940918
0.033172607
-0.0065689087
0.046722412
-0.013977051
0.086181641
0.063659668
-0.09954834
0.054473877
-0.065551758
-0.076843262
6.4015388e-05
0.013801575
-0.094055176
0.048370361
-0.072814941
-0.0065956116
0.068115234
-0.045074463
-0.080688477
0.10949707
-0.022674561
0.038635254
-0.015357971
0.052856445
0.01259613
-0.039611816
-0.044342041
-0.12030029
-0.070495605
0.084106445
0.062927246
0.041992188
0.030197144
-0.034576416
0.078918457
0.079101562
-0.066833496
-0.010787964
0.050933838
-0.022796631
0.075134277
-0.08001709
-0.0091400146
0.024337769
0.052001953
-0.0032062531
0.07208252
-0.01574707
-0.0075798035
-0.040130615
0.069641113
0.042114258
0.058990479
-0.058319092
0.062561035
0.031112671
-0.046875
-0.0038948059
0.070068359
-0.041442871
-0.062225342
0.016540527
-0.082580566
0.028717041
0.033843994
-0.053344727
0.011688232
-0.032348633
0.04574585
0.088928223
0.022598267
-0.10223389
-0.018341064
-0.050231934
0.024734497
-0.053070068
-0.074645996
0.090087891
0.079040527
0.036010742
0.012290955
0.065490723
-0.044921875
-0.022109985
0.085083008
0.08984375
-0.018127441
0.070983887
-0.057891846
-0.07019043
0.008605957
-0.018753052
0.030441284
-0.11834717
-0.013305664
0.092834473
-0.0012216568
0.016860962
0.069885254
0.013755798
-0.059387207
-0.090087891
-0.046173096
0.020172119
0.064819336
0.10955811
-0.054016113
-0.04800415
0.0079193115
0.038482666
0.041778564
-0.013679504
-0.08807373
0.023544312
0.089111328
-0.11413574
0.044128418
-0.055541992
0.0049819946
-0.03793335
0.084228516
0.05682373
0.073486328
0.017425537
0.084289551
0.064331055
-0.025436401
0.051940918
0.033172607
-0.0065689087
0.046722412
-0.013977051
0.086181641
0.063659668
-0.09954834
0.054473877
-0.065551758
-0.076843262
6.4015388e-05
0.013801575
-0.094055176
0.048370361
-0.072814941
-0.0065956116
0.068115234
-0.045074463
-0.080688477
0.10949707
-0.022674561
0.038635254
-0.015357971
0.052856445
0.01259613
-0.039611816
-0.044342041
-0.12030029
-0.070495605
0.084106445
0.062927246
0.041992188
0.030197144
-0.034576416
0.078918457
0.079101562
-0.066833496
-0.010787964
0.050933838
-0.022796631
0.075134277
-0.08001709
-0.0091400146
0.024337769
0.052001953
-0.0032062531
0.07208252
-0.01574707
-0.0075798035
-0.040130615
0.069641113
0.042114258
0.058990479
-0.058319092
0.062561035
0.031112671
-0.046875
-0.0038948059
0.070068359
-0.041442871
-0.062225342
0.016540527
-0.082580566
0.028717041
0.033843994
-0.053344727
0.011688232
-0.032348633
0.04574585
0.088928223
0.022598267
-0.10223389
-0.018341064
-0.050231934
0.024734497
-0.053070068
-0.074645996
0.090087891
0.079040527
0.036010742
0.012290955
0.065490723
-0.044921875
-0.022109985
0.085083008
0.08984375
-0.018127441
0.070983887
-0.057891846
-0.07019043
0.008605957
-0.018753052
0.030441284
-0.11834717
-0.013305664
0.092834473
-0.0012216568
0.016860962
0.069885254
0.013755798
-0.059387207
-0.090087891
-0.046173096
0.020172119
0.064819336
0.10955811
-0.054016113
-0.04800415
0.0079193115
0.038482666
0.041778564
-0.013679504
-0.08807373
0.023544312
0.089111328
-0.11413574
0.044128418
-0.055541992
0.0049819946
-0.03793335
0.084228516
0.05682373
0.073486328
0.017425537
0.084289551
0.064331055
-0.025436401
0.051940918
0.033172607
-0.0065689087
0.046722412
-0.013977051
0.086181641
0.063659668
-0.09954834
0.054473877
-0.065551758
-0.076843262
6.4015388e-05
0.013801575
-0.094055176
0.048370361
-0.072814941
-0.0065956116
0.068115234
-0.045074463
-0.080688477
0.10949707
-0.022674561
0.038635254
-0.015357971
0.052856445
0.01259613
-0.039611816
-0.044342041
-0.12030029
-0.070495605
0.084106445
0.062927246
0.041992188
0.030197144
-0.034576416
0.078918457
0.079101562
-0.066833496
-0.010787964
0.050933838
-0.022796631
0.075134277
-0.08001709
-0.0091400146
0.024337769
0.052001953
-0.0032062531
0.07208252
-0.01574707
-0.0075798035
-0.040130615
0.069641113
0.042114258
0.058990479
-0.058319092
0.062561035
0.031112671
-0.046875
-0.0038948059
0.070068359
-0.041442871
-0.062225342
0.016540527
-0.082580566
0.028717041
0.033843994
-0.053344727
0.011688232
-0.032348633
0.04574585
0.088928223
0.022598267
-0.10223389
-0.018341064
-0.050231934
0.024734497
-0.053070068
-0.074645996
0.090087891
0.079040527
0.036010742
0.012290955
0.065490723
-0.044921875
-0.022109985
0.085083008
0.08984375
-0.018127441
0.070983887
-0.057891846
-0.07019043
0.008605957
-0.018753052
0.030441284
-0.11834717
-0.013305664
0.092834473
-0.0012216568
0.016860962
0.069885254
0.013755798
-0.059387207
-0.090087891
-0.046173096
0.020172119
0.064819336
0.10955811
-0.054016113
-0.04800415
0.0079193115
0.038482666
0.041778564
-0.013679504
-0.08807373
0.023544312
0.089111328
-0.11413574
0.044128418
-0.055541992
0.0049819946
-0.03793335
0.084228516
0.05682373
0.073486328
0.017425537
0.084289551
0.064331055
-0.025436401
0.051940918
0.033172607
-0.0065689087
0.046722412
-0.013977051
0.086181641
0.063659668
-0.09954834
0.054473877
-0.065551758
-0.076843262
6.4015388e-05
0.013801575
-0.094055176
0.048370361
-0.072814941
-0.0065956116
0.068115234
-0.045074463
-0.080688477
0.10949707
-0.022674561
0.038635254
-0.015357971
0.052856445
0.01259613
-0.039611816
-0.044342041
-0.12030029
-0.070495605
0.084106445
0.062927246
0.041992188
0.030197144
-0.034576416
0.078918457
0.079101562
-0.066833496
-0.010787964
0.050933838
-0.022796631
0.075134277
-0.08001709
-0.0091400146
0.024337769
0.052001953
-0.0032062531
0.07208252
-0.01574707
-0.0075798035
-0.040130615
0.069641113
0.042114258
0.058990479
-0.058319092
0.062561035
0.031112671
-0.046875
-0.0038948059
0.070068359
-0.041442871
-0.062225342
0.016540527
-0.082580566
0.028717041
0.033843994
-0.053344727
0.011688232
-0.032348633
0.04574585
0.088928223
0.022598267
-0.10223389
-0.018341064
-0.050231934
0.024734497
-0.053070068
-0.074645996
0.090087891
0.079040527
0.036010742
0.012290955
0.065490723
-0.044921875
-0.022109985
0.085083008
0.08984375
-0.018127441
0.070983887
-0.057891846
-0.07019043
0.008605957
-0.018753052
0.030441284
-0.11834717
-0.013305664
0.092834473
-0.0012216568
0.016860962
0.069885254
0.013755798
-0.059387207
-0.090087891
-0.046173096
0.020172119
0.064819336
0.10955811
-0.054016113
-0.04800415
0.0079193115
0.038482666
0.041778564
-0.013679504
-0.08807373
0.023544312
0.089111328
-0.11413574
0.044128418
-0.055541992
0.0049819946
-0.03793335
0.084228516
0.05682373
0.073486328
0.017425537
0.084289551
0.064331055
-0.025436401
0.051940918
0.033172607
-0.0065689087
0.046722412
-0.013977051
0.086181641
0.063659668
-0.09954834
0.054473877
-0.065551758
-0.076843262
6.4015388e-05
0.013801575
-0.094055176
0.048370361
-0.072814941
-0.0065956116
0.068115234
-0.045074463
-0.080688477
0.10949707
-0.022674561
0.038635254
-0.015357971
0.052856445
0.01259613
-0.039611816
-0.044342041
-0.12030029
-0.070495605
0.084106445
0.062927246
0.041992188
0.030197144
-0.034576416
0.078918457
0.079101562
-0.066833496
-0.010787964
0.050933838
-0.022796631
0.075134277
-0.08001709
-0.0091400146
0.024337769
0.052001953
-0.0032062531
0.07208252
-0.01574707
-0.0075798035
-0.040130615
0.069641113
0.042114258
0.058990479
-0.058319092
0.062561035
0.031112671
-0.046875
-0.0038948059
0.070068359
-0.041442871
-0.062225342
0.016540527
-0.082580566
0.028717041
0.033843994
-0.053344727
0.011688232
-0.032348633
0.04574585
0.088928223
0.022598267
-0.10223389
-0.018341064
-0.050231934
0.024734497
-0.053070068
-0.074645996
0.090087891
0.079040527
0.036010742
0.012290955
0.065490723
-0.044921875
-0.022109985
0.085083008
0.08984375
-0.018127441
0.070983887
-0.057891846
-0.07019043
0.008605957
-0.018753052
0.030441284
-0.11834717
-0.013305664
0.092834473
-0.0012216568
0.016860962
0.069885254
0.013755798
-0.059387207
-0.090087891
-0.046173096
0.020172119
0.064819336
0.10955811
-0.054016113
-0.04800415
0.0079193115
0.038482666
0.041778564
-0.013679504
-0.08807373
0.023544312
0.089111328
-0.11413574
0.044128418
-0.055541992
0.0049819946
-0.03793335
0.084228516
0.05682373
0.073486328
0.017425537
0.084289551
0.064331055
-0.025436401
0.051940918
0.033172607
-0.0065689087
0.046722412
-0.013977051
0.086181641
0.063659668
-0.09954834
0.054473877
-0.065551758
-0.076843262
6.4015388e-05
0.013801575
-0.094055176
0.048370361
-0.072814941
-0.0065956116
0.068115234
-0.045074463
-0.080688477
0.10949707
-0.022674561
0.038635254
-0.015357971
0.052856445
0.01259613
-0.039611816
-0.044342041
-0.12030029
-0.070495605
0.084106445
0.062927246
0.041992188
0.030197144
-0.034576416
0.078918457
0.079101562
-0.066833496
-0.010787964
0.050933838
-0.022796631
0.075134277
-0.08001709
-0.0091400146
0.024337769
0.052001953
-0.0032062531
0.07208252
-0.01574707
-0.0075798035
-0.040130615
0.069641113
0.042114258
0.058990479
-0.058319092
0.062561035
0.031112671
-0.046875
-0.0038948059
0.070068359
-0.041442871
-0.062225342
0.016540527
-0.082580566
0.028717041
0.033843994
-0.053344727
0.011688232
-0.032348633
0.04574585
0.088928223
0.022598267
-0.10223389
-0.018341064
-0.050231934
0.024734497
-0.053070068
-0.074645996
0.090087891
0.079040527
0.036010742
0.012290955
0.065490723
-0.044921875
-0.022109985
0.085083008
0.08984375
-0.018127441
0.070983887
-0.057891846
-0.07019043
0.008605957
-0.018753052
0.030441284
-0.11834717
-0.013305664
0.092834473
-0.0012216568
0.016860962
0.069885254
0.013755798
-0.059387207
-0.090087891
-0.046173096
0.020172119
0.064819336
0.10955811
-0.054016113
-0.04800415
0.0079193115
0.038482666
0.041778564
-0.013679504
-0.08807373
0.023544312
0.089111328
-0.11413574
0.044128418
-0.055541992
0.0049819946
-0.03793335
0.084228516
0.05682373
0.073486328
0.017425537
0.084289551
0.064331055
-0.025436401
0.051940918
0.033172607
-0.0065689087
0.046722412
-0.013977051
0.086181641
0.063659668
-0.09954834
0.054473877
-0.065551758
-0.076843262
6.4015388e-05
0.013801575
-0.094055176
0.048370361
-0.072814941
-0.0065956116
0.068115234
-0.045074463
-0.080688477
0.10949707
-0.022674561
0.038635254
-0.015357971
0.052856445
0.01259613
-0.039611816
-0.044342041
-0.12030029
-0.070495605
0.084106445
0.062927246
0.041992188
0.030197144
-0.034576416
0.078918457
0.079101562
-0.066833496
-0.010787964
0.050933838
-0.022796631
0.075134277
-0.08001709
-0.0091400146
0.024337769
0.052001953
-0.0032062531
0.07208252
-0.01574707
-0.0075798035
-0.040130615
0.069641113
0.042114258
0.058990479
-0.058319092
0.062561035
0.031112671
-0.046875
-0.0038948059
0.070068359
-0.041442871
-0.062225342
0.016540527
-0.082580566
0.028717041
0.033843994
-0.053344727
0.011688232
-0.032348633
0.04574585
0.088928223
0.022598267
-0.10223389
-0.018341064
-0.050231934
0.024734497
-0.053070068
-0.074645996
0.090087891
0.079040527
0.036010742
0.012290955
0.065490723
-0.044921875
-0.022109985
0.085083008
0.08984375
-0.018127441
0.070983887
-0.057891846
-0.07019043
0.008605957
-0.018753052
0.030441284
-0.11834717
-0.013305664
0.092834473
-0.0012216568
0.016860962
0.069885254
0.013755798
-0.059387207
-0.090087891
-0.046173096
0.020172119
0.064819336
0.10955811
-0.054016113
-0.04800415
0.0079193115
0.038482666
0.041778564
-0.013679504
-0.08807373
0.023544312
0.089111328
-0.11413574
0.044128418
-0.055541992
0.0049819946
-0.03793335
0.084228516
0.05682373
0.073486328
0.017425537
0.084289551
0.064331055
-0.025436401
0.051940918
0.033172607
-0.0065689087
0.046722412
-0.013977051
0.086181641
0.063659668
-0.09954834
0.054473877
-0.065551758
-0.076843262
6.4015388e-05
0.013801575
-0.094055176
0.048370361
-0.072814941
-0.0065956116
0.068115234
-0.045074463
-0.080688477
0.10949707
-0.022674561
0.038635254
-0.015357971
0.052856445
0.01259613
-0.039611816
-0.044342041
-0.12030029
-0.070495605
0.084106445
0.062927246
0.041992188
0.030197144
-0.034576416
0.078918457
0.079101562
-0.066833496
-0.010787964
0.050933838
-0.022796631
0.075134277
-0.08001709
-0.0091400146
0.024337769
0.052001953
-0.0032062531
0.07208252
-0.01574707
-0.0075798035
-0.040130615
0.069641113
0.042114258
0.058990479
-0.058319092
0.062561035
0.031112671
-0.046875
-0.0038948059
0.070068359
-0.041442871
-0.062225342
0.016540527
-0.082580566
0.028717041
0.033843994
-0.053344727
0.011688232
-0.032348633
0.04574585
0.088928223
0.022598267
-0.10223389
-0.018341064
-0.050231934
0.024734497
-0.053070068
-0.074645996
0.090087891
0.079040527
0.036010742
0.012290955
0.065490723
-0.044921875
-0.022109985
0.085083008
0.08984375
-0.018127441
0.070983887
-0.057891846
-0.07019043
0.008605957
-0.018753052
0.030441284
-0.11834717
-0.013305664
0.092834473
-0.0012216568
0.016860962
0.069885254
0.013755798
-0.059387207
-0.090087891
-0.046173096
0.020172119
0.064819336
0.10955811
-0.054016113
-0.04800415
0.0079193115
0.038482666
0.041778564
-0.013679504
-0.08807373
0.023544312
0.089111328
-0.11413574
0.044128418
-0.055541992
0.0049819946
-0.03793335
0.084228516
0.05682373
0.073486328
0.017425537
0.084289551
0.064331055
-0.025436401
0.051940918
0.033172607
-0.0065689087
0.046722412
-0.013977051
0.086181641
0.063659668
-0.09954834
0.054473877
-0.065551758
-0.076843262
6.4015388e-05
0.013801575
-0.094055176
0.048370361
-0.072814941
-0.0065956116
0.068115234
-0.045074463
-0.080688477
0.10949707
-0.022674561
0.038635254
-0.015357971
0.052856445
0.01259613
-0.039611816
-0.044342041
-0.12030029
-0.070495605
0.084106445
0.062927246
0.041992188
0.030197144
-0.034576416
0.078918457
0.079101562
-0.066833496
-0.010787964
0.050933838
-0.022796631
0.075134277
-0.08001709
-0.0091400146
0.024337769
0.052001953
-0.0032062531
0.07208252
-0.01574707
-0.0075798035
-0.040130615
0.069641113
0.042114258
0.058990479
-0.058319092
0.062561035
0.031112671
-0.046875
-0.0038948059
0.070068359
-0.041442871
-0.062225342
0.016540527
-0.082580566
0.028717041
0.033843994
-0.053344727
0.011688232
-0.032348633
0.04574585
0.088928223
0.022598267
-0.10223389
-0.018341064
-0.050231934
0.024734497
-0.053070068
-0.074645996
0.090087891
0.079040527
0.036010742
0.012290955
0.065490723
-0.044921875
-0.022109985
0.085083008
0.08984375
-0.018127441
0.070983887
-0.057891846
-0.07019043
0.008605957
-0.018753052
0.030441284
-0.11834717
-0.013305664
0.092834473
-0.0012216568
0.016860962
0.069885254
0.013755798
-0.059387207
-0.090087891
-0.046173096
0.020172119
0.064819336
0.10955811
-0.054016113
-0.04800415
0.0079193115
0.038482666
0.041778564
-0.013679504
-0.08807373
0.023544312
0.089111328
-0.11413574
0.044128418
-0.055541992
0.0049819946
-0.03793335
0.084228516
0.05682373
0.073486328
0.017425537
0.084289551
0.064331055
-0.025436401
0.051940918
0.033172607
-0.0065689087
0.046722412
-0.013977051
0.086181641
0.063659668
-0.09954834
0.054473877
-0.065551758
-0.076843262
6.4015388e-05
0.013801575
-0.094055176
0.048370361
-0.072814941
-0.0065956116
0.068115234
-0.045074463
-0.080688477
0.10949707
-0.022674561
0.038635254
-0.015357971
0.052856445
0.01259613
-0.039611816
-0.044342041
-0.12030029
-0.070495605
0.084106445
0.062927246
0.041992188
0.030197144
-0.034576416
0.078918457
0.079101562
-0.066833496
-0.010787964
0.050933838
-0.022796631
0.075134277
-0.08001709
-0.0091400146
0.024337769
0.052001953
-0.0032062531
0.07208252
-0.01574707
-0.0075798035
-0.040130615
0.069641113
0.042114258
0.058990479
-0.058319092
0.062561035
0.031112671
-0.046875
-0.0038948059
0.070068359
-0.041442871
-0.062225342
0.016540527
-0.082580566
0.028717041
0.033843994
-0.053344727
0.011688232
-0.032348633
0.04574585
0.088928223
0.022598267
-0.10223389
-0.018341064
-0.050231934
0.024734497
-0.053070068
-0.074645996
0.090087891
0.079040527
0.036010742
0.012290955
0.065490723
-0.044921875
-0.022109985
0.085083008
0.08984375
-0.018127441
0.070983887
-0.057891846
-0.07019043
0.008605957
-0.018753052
0.030441284
-0.11834717
-0.013305664
0.092834473
-0.0012216568
0.016860962
0.069885254
0.013755798
-0.059387207
-0.090087891
-0.046173096
0.020172119
0.064819336
0.10955811
-0.054016113
-0.04800415
0.0079193115
0.038482666
0.041778564
-0.013679504
-0.08807373
0.023544312
0.089111328
-0.11413574
0.044128418
-0.055541992
0.0049819946
-0.03793335
0.084228516
0.05682373
0.073486328
0.017425537
0.084289551
0.064331055
-0.025436401
0.051940918
0.033172607
-0.0065689087
0.046722412
-0.013977051
0.086181641
0.063659668
-0.09954834
0.054473877
-0.065551758
-0.076843262
6.4015388e-05
0.013801575
-0.094055176
0.048370361
-0.072814941
-0.0065956116
0.068115234
-0.045074463
-0.080688477
0.10949707
-0.022674561
0.038635254
-0.015357971
0.052856445
0.01259613
-0.039611816
-0.044342041
-0.12030029
-0.070495605
0.084106445
0.062927246
0.041992188
0.030197144
-0.034576416
0.078918457
0.079101562
-0.066833496
-0.010787964
0.050933838
-0.022796631
0.075134277
-0.08001709
-0.0091400146
0.024337769
0.052001953
-0.0032062531
0.07208252
-0.01574707
-0.0075798035
-0.040130615
0.069641113
0.042114258
0.058990479
-0.058319092
0.062561035
0.031112671
-0.046875
-0.0038948059
0.070068359
-0.041442871
-0.062225342
0.016540527
-0.082580566
0.028717041
0.033843994
-0.053344727
0.011688232
-0.032348633
0.04574585
0.088928223
0.022598267
-0.10223389
-0.018341064
-0.050231934
0.024734497
-0.053070068
-0.074645996
0.090087891
0.079040527
0.036010742
0.012290955
0.065490723
-0.044921875
-0.022109985
0.085083008
0.08984375
-0.018127441
0.070983887
-0.057891846
-0.07019043
0.008605957
-0.018753052
0.030441284
-0.11834717
-0.013305664
0.092834473
-0.0012216568
0.016860962
0.069885254
0.013755798
-0.059387207
-0.090087891
-0.046173096
0.020172119
0.064819336
0.10955811
-0.054016113
-0.04800415
0.0079193115
0.038482666
0.041778564
-0.013679504
-0.08807373
0.023544312
0.089111328
-0.11413574
0.044128418
-0.055541992
0.0049819946
-0.03793335
0.084228516
0.05682373
0.073486328
0.017425537
0.084289551
0.064331055
-0.025436401
0.051940918
0.033172607
-0.0065689087
0.046722412
-0.013977051
0.086181641
0.063659668
-0.09954834
0.054473877
-0.065551758
-0.076843262
6.4015388e-05
0.013801575
-0.094055176
0.048370361
-0.072814941
-0.0065956116
0.068115234
-0.045074463
-0.080688477
0.10949707
-0.022674561
0.038635254
-0.015357971
0.052856445
0.01259613
-0.039611816
-0.044342041
-0.12030029
-0.070495605
0.084106445
0.062927246
0.041992188
0.030197144
-0.034576416
0.078918457
0.079101562
-0.066833496
-0.010787964
0.050933838
-0.022796631
0.075134277
-0.08001709
-0.0091400146
0.024337769
0.052001953
-0.0032062531
0.07208252
-0.01574707
-0.0075798035
-0.040130615
0.069641113
0.042114258
0.058990479
-0.058319092
0.062561035
0.031112671
-0.046875
-0.0038948059
0.070068359
-0.041442871
-0.062225342
0.016540527
-0.082580566
0.028717041
0.033843994
-0.053344727
0.011688232
-0.032348633
0.04574585
0.088928223
0.022598267
-0.10223389
-0.018341064
-0.050231934
0.024734497
-0.053070068
-0.074645996
0.090087891
0.079040527
0.036010742
0.012290955
0.065490723
-0.044921875
-0.022109985
0.085083008
0.08984375
-0.018127441
0.070983887
-0.057891846
-0.07019043
0.008605957
-0.018753052
0.030441284
-0.11834717
-0.013305664
0.092834473
-0.0012216568
0.016860962
0.069885254
0.013755798
-0.059387207
-0.090087891
-0.046173096
0.020172119
0.064819336
0.10955811
-0.054016113
-0.04800415
0.0079193115
0.038482666
0.041778564
-0.013679504
-0.08807373
0.023544312
0.089111328
-0.11413574
0.044128418
-0.055541992
0.0049819946
-0.03793335
0.084228516
0.05682373
0.073486328
0.017425537
0.084289551
0.064331055
-0.025436401
0.051940918
0.033172607
-0.0065689087
0.046722412
-0.013977051
0.086181641
0.063659668
-0.09954834
0.054473877
-0.065551758
-0.076843262
6.4015388e-05
0.013801575
-0.094055176
0.048370361
-0.072814941
-0.0065956116
0.068115234
-0.045074463
-0.080688477
0.10949707
-0.022674561
0.038635254
-0.015357971
0.052856445
0.01259613
-0.039611816
-0.044342041
-0.12030029
-0.070495605
0.084106445
0.062927246
0.041992188
0.030197144
-0.034576416
0.078918457
0.079101562
-0.066833496
-0.010787964
0.050933838
-0.022796631
0.075134277
-0.08001709
-0.0091400146
0.024337769
0.052001953
-0.0032062531
0.07208252
-0.01574707
-0.0075798035
-0.040130615
0.069641113
0.042114258
0.058990479
-0.058319092
0.062561035
0.031112671
-0.046875
-0.0038948059
0.070068359
-0.041442871
-0.062225342
0.016540527
-0.082580566
0.028717041
0.033843994
-0.053344727
0.011688232
-0.032348633
0.04574585
0.088928223
0.022598267
-0.10223389
-0.018341064
-0.050231934
0.024734497
-0.053070068
-0.074645996
0.090087891
0.079040527
0.036010742
0.012290955
0.065490723
-0.044921875
-0.022109985
0.085083008
0.08984375
-0.018127441
0.070983887
-0.057891846
-0.07019043
0.008605957
-0.018753052
0.030441284
-0.11834717
-0.013305664
0.092834473
-0.0012216568
0.016860962
0.069885254
0.013755798
-0.059387207
-0.090087891
-0.046173096
0.020172119
0.064819336
0.10955811
-0.054016113
-0.04800415
0.0079193115
0.038482666
0.041778564
-0.013679504
-0.08807373
0.023544312
0.089111328
-0.11413574
0.044128418
-0.055541992
0.0049819946
-0.03793335
0.084228516
0.05682373
0.073486328
0.017425537
0.084289551
0.064331055
-0.025436401
0.051940918
0.033172607
-0.0065689087
0.046722412
-0.013977051
0.086181641
0.063659668
-0.09954834
0.054473877
-0.065551758
-0.076843262
6.4015388e-05
0.013801575
-0.094055176
0.048370361
-0.072814941
-0.0065956116
0.068115234
-0.045074463
-0.080688477
0.10949707
-0.022674561
0.038635254
-0.015357971
0.052856445
0.01259613
-0.039611816
-0.044342041
-0.12030029
-0.070495605
0.084106445
0.062927246
0.041992188
0.030197144
-0.034576416
0.078918457
0.079101562
-0.066833496
-0.010787964
0.050933838
-0.022796631
0.075134277
-0.08001709
-0.0091400146
0.024337769
0.052001953
-0.0032062531
0.07208252
-0.01574707
-0.0075798035
-0.040130615
0.069641113
0.042114258
0.058990479
-0.058319092
0.062561035
0.031112671
-0.046875
-0.0038948059
0.070068359
-0.041442871
-0.062225342
0.016540527
-0.082580566
0.028717041
0.033843994
-0.053344727
0.011688232
-0.032348633
0.04574585
0.088928223
0.022598267
-0.10223389
-0.018341064
-0.050231934
0.024734497
-0.053070068
-0.074645996
0.090087891
0.079040527
0.036010742
0.012290955
0.065490723
-0.044921875
-0.022109985
0.085083008
0.08984375
-0.018127441
0.070983887
-0.057891846
-0.07019043
0.008605957
-0.018753052
0.030441284
-0.11834717
-0.013305664
0.092834473
-0.0012216568
0.016860962
0.069885254
0.013755798
-0.059387207
-0.090087891
-0.046173096
0.020172119
0.064819336
0.10955811
-0.054016113
-0.04800415
0.0079193115
0.038482666
0.041778564
-0.013679504
-0.08807373
0.023544312
0.089111328
-0.11413574
0.044128418
-0.055541992
0.0049819946
-0.03793335
0.084228516
0.05682373
0.073486328
0.017425537
0.084289551
0.064331055
-0.025436401
0.051940918
0.033172607
-0.0065689087
0.046722412
-0.013977051
0.086181641
0.063659668
-0.09954834
0.054473877
-0.065551758
-0.076843262
6.4015388e-05
0.013801575
-0.094055176
0.048370361
-0.072814941
-0.0065956116
0.068115234
-0.045074463
-0.080688477
0.10949707
-0.022674561
0.038635254
-0.015357971
0.052856445
0.01259613
-0.039611816
-0.044342041
-0.12030029
-0.070495605
0.084106445
0.062927246
0.041992188
0.030197144
-0.034576416
0.078918457
0.079101562
-0.066833496
-0.010787964
0.050933838
-0.022796631
0.075134277
-0.08001709
-0.0091400146
0.024337769
0.052001953
-0.0032062531
0.07208252
-0.01574707
-0.0075798035
-0.040130615
0.069641113
0.042114258
0.058990479
-0.058319092
0.062561035
0.031112671
-0.046875
-0.0038948059
0.070068359
-0.041442871
-0.062225342
0.016540527
-0.082580566
0.028717041
0.033843994
-0.053344727
0.011688232
-0.032348633
0.04574585
0.088928223
0.022598267
-0.10223389
-0.018341064
-0.050231934
0.024734497
-0.053070068
-0.074645996
0.090087891
0.079040527
0.036010742
0.012290955
0.065490723
-0.044921875
-0.022109985
0.085083008
0.08984375
-0.018127441
0.070983887
-0.057891846
-0.07019043
0.008605957
-0.018753052
0.030441284
-0.11834717
-0.013305664
0.092834473
-0.0012216568
0.016860962
0.069885254
0.013755798
-0.059387207
-0.090087891
-0.046173096
0.020172119
0.064819336
0.10955811
-0.054016113
-0.04800415
0.0079193115
0.038482666
0.041778564
-0.013679504
-0.08807373
0.023544312
0.089111328
-0.11413574
0.044128418
-0.055541992
0.0049819946
-0.03793335
0.084228516
0.05682373
0.073486328
0.017425537
0.084289551
0.064331055
-0.025436401
0.051940918
0.033172607
-0.0065689087
0.046722412
-0.013977051
0.086181641
0.063659668
-0.09954834
0.054473877
-0.065551758
-0.076843262
6.4015388e-05
0.013801575
-0.094055176
0.048370361
-0.072814941
-0.0065956116
0.068115234
-0.045074463
-0.080688477
0.10949707
-0.022674561
0.038635254
-0.015357971
0.052856445
0.01259613
-0.039611816
-0.044342041
-0.12030029
-0.070495605
0.084106445
0.062927246
0.041992188
0.030197144
-0.034576416
0.078918457
0.079101562
-0.066833496
-0.010787964
0.050933838
-0.022796631
0.075134277
-0.08001709
-0.0091400146
0.024337769
0.052001953
-0.0032062531
0.07208252
-0.01574707
-0.0075798035
-0.040130615
0.069641113
0.042114258
0.058990479
-0.058319092
0.062561035
0.031112671
-0.046875
-0.0038948059
0.070068359
-0.041442871
-0.062225342
0.016540527
-0.082580566
0.028717041
0.033843994
-0.053344727
0.011688232
-0.032348633
0.04574585
0.088928223
0.022598267
-0.10223389
-0.018341064
-0.050231934
0.024734497
-0.053070068
-0.074645996
0.090087891
0.079040527
0.036010742
0.012290955
0.065490723
-0.044921875
-0.022109985
0.085083008
0.08984375
-0.018127441
0.070983887
-0.057891846
-0.07019043
0.008605957
-0.018753052
0.030441284
-0.11834717
-0.013305664
0.092834473
-0.0012216568
0.016860962
0.069885254
0.013755798
-0.059387207
-0.090087891
-0.046173096
0.020172119
0.064819336
0.10955811
-0.054016113
-0.04800415
0.0079193115
0.038482666
0.041778564
-0.013679504
-0.08807373
0.023544312
0.089111328
-0.11413574
0.044128418
-0.055541992
0.0049819946
-0.03793335
0.084228516
0.05682373
0.073486328
0.017425537
0.084289551
0.064331055
-0.025436401
0.051940918
0.033172607
-0.0065689087
0.046722412
-0.013977051
0.086181641
0.063659668
-0.09954834
0.054473877
-0.065551758
-0.076843262
6.4015388e-05
0.013801575
-0.094055176
0.048370361
-0.072814941
-0.0065956116
0.068115234
-0.045074463
-0.080688477
0.10949707
-0.022674561
0.038635254
-0.015357971
0.052856445
0.01259613
-0.039611816
-0.044342041
-0.12030029
-0.070495605
0.084106445
0.062927246
0.041992188
0.030197144
-0.034576416
0.078918457
0.079101562
-0.066833496
-0.010787964
0.050933838
-0.022796631
0.075134277
-0.08001709
-0.0091400146
0.024337769
0.052001953
-0.0032062531
0.07208252
-0.01574707
-0.0075798035
-0.040130615
0.069641113
0.042114258
0.058990479
-0.058319092
0.062561035
0.031112671
-0.046875
-0.0038948059
0.070068359
-0.041442871
-0.062225342
0.016540527
-0.082580566
0.028717041
0.033843994
-0.053344727
0.011688232
-0.032348633
0.04574585
0.088928223
0.022598267
-0.10223389
-0.018341064
-0.050231934
0.024734497
-0.053070068
-0.074645996
0.090087891
0.079040527
0.036010742
0.012290955
0.065490723
-0.044921875
-0.022109985
0.085083008
0.08984375
-0.018127441
0.070983887
-0.057891846
-0.07019043
0.008605957
-0.018753052
0.030441284
-0.11834717
-0.013305664
0.092834473
-0.0012216568
0.016860962
0.069885254
0.013755798
-0.059387207
-0.090087891
-0.046173096
0.020172119
0.064819336
0.10955811
-0.054016113
-0.04800415
0.0079193115
0.038482666
0.041778564
-0.013679504
-0.08807373
0.023544312
0.089111328
-0.11413574
0.044128418
-0.055541992
0.0049819946
-0.03793335
0.084228516
0.05682373
0.073486328
0.017425537
0.084289551
0.064331055
-0.025436401
0.051940918
0.033172607
-0.0065689087
0.046722412
-0.013977051
0.086181641
0.063659668
-0.09954834
0.054473877
-0.065551758
-0.076843262
6.4015388e-05
0.013801575
-0.094055176
0.048370361
-0.072814941
-0.0065956116
0.068115234
-0.045074463
-0.080688477
0.10949707
-0.022674561
0.038635254
-0.015357971
0.052856445
0.01259613
-0.039611816
-0.044342041
-0.12030029
-0.070495605
0.084106445
0.062927246
0.041992188
0.030197144
-0.034576416
0.078918457
0.079101562
-0.066833496
-0.010787964
0.050933838
-0.022796631
0.075134277
-0.08001709
-0.0091400146
0.024337769
0.052001953
-0.0032062531
0.07208252
-0.01574707
-0.0075798035
-0.040130615
0.069641113
0.042114258
0.058990479
-0.058319092
0.062561035
0.031112671
-0.046875
-0.0038948059
0.070068359
-0.041442871
-0.062225342
0.016540527
-0.082580566
0.028717041
0.033843994
-0.053344727
0.011688232
-0.032348633
0.04574585
0.088928223
0.022598267
-0.10223389
-0.018341064
-0.050231934
0.024734497
-0.053070068
-0.074645996
0.090087891
0.079040527
0.036010742
0.012290955
0.065490723
-0.044921875
-0.022109985
0.085083008
0.08984375
-0.018127441
0.070983887
-0.057891846
-0.07019043
0.008605957
-0.018753052
0.030441284
-0.11834717
-0.013305664
0.092834473
-0.0012216568
0.016860962
0.069885254
0.013755798
-0.059387207
-0.090087891
-0.046173096
0.020172119
0.064819336
0.10955811
-0.054016113
-0.04800415
0.0079193115
0.038482666
0.041778564
-0.013679504
-0.08807373
0.023544312
0.089111328
-0.11413574
0.044128418
-0.055541992
0.0049819946
-0.03793335
0.084228516
0.05682373
0.073486328
0.017425537
0.084289551
0.064331055
-0.025436401
0.051940918
0.033172607
-0.0065689087
0.046722412
-0.013977051
0.086181641
0.063659668
-0.09954834
0.054473877
-0.065551758
-0.076843262
6.4015388e-05
0.013801575
-0.094055176
0.048370361
-0.072814941
-0.0065956116
0.068115234
-0.045074463
-0.080688477
0.10949707
-0.022674561
0.038635254
-0.015357971
0.052856445
0.01259613
-0.039611816
-0.044342041
-0.12030029
-0.070495605
0.084106445
0.062927246
0.041992188
0.030197144
-0.034576416
0.078918457
0.079101562
-0.066833496
-0.010787964
0.050933838
-0.022796631
0.075134277
-0.08001709
-0.0091400146
0.024337769
0.052001953
-0.0032062531
0.07208252
-0.01574707
-0.0075798035
-0.040130615
0.069641113
0.042114258
0.058990479
-0.058319092
0.062561035
0.031112671
-0.046875
-0.0038948059
0.070068359
-0.041442871
-0.062225342
0.016540527
-0.082580566
0.028717041
0.033843994
-0.053344727
0.011688232
-0.032348633
0.04574585
0.088928223
0.022598267
-0.10223389
-0.018341064
-0.050231934
0.024734497
-0.053070068
-0.074645996
0.090087891
0.079040527
0.036010742
0.012290955
0.065490723
-0.044921875
-0.022109985
0.085083008
0.08984375
-0.018127441
0.070983887
-0.057891846
-0.07019043
0.008605957
-0.018753052
0.030441284
-0.11834717
-0.013305664
0.092834473
-0.0012216568
0.016860962
0.069885254
0.013755798
-0.059387207
-0.090087891
-0.046173096
0.020172119
0.064819336
0.10955811
-0.054016113
-0.04800415
0.0079193115
0.038482666
0.041778564
-0.013679504
-0.08807373
0.023544312
0.089111328
-0.11413574
0.044128418
-0.055541992
0.0049819946
-0.03793335
0.084228516
0.05682373
0.073486328
0.017425537
0.084289551
0.064331055
-0.025436401
0.051940918
0.033172607
-0.0065689087
0.046722412
-0.013977051
0.086181641
0.063659668
-0.09954834
0.054473877
-0.065551758
-0.076843262
6.4015388e-05
0.013801575
-0.094055176
0.048370361
-0.072814941
-0.0065956116
0.068115234
-0.045074463
-0.080688477
0.10949707
-0.022674561
0.038635254
-0.015357971
0.052856445
0.01259613
-0.039611816
-0.044342041
-0.12030029
-0.070495605
0.084106445
0.062927246
0.041992188
0.030197144
-0.034576416
0.078918457
0.079101562
-0.066833496
-0.010787964
0.050933838
-0.022796631
0.075134277
-0.08001709
-0.0091400146
0.024337769
0.052001953
-0.0032062531
0.07208252
-0.01574707
-0.0075798035
-0.040130615
0.069641113
0.042114258
0.058990479
-0.058319092
0.062561035
0.031112671
-0.046875
-0.0038948059
0.070068359
-0.041442871
-0.062225342
0.016540527
-0.082580566
0.028717041
0.033843994
-0.053344727
0.011688232
-0.032348633
0.04574585
0.088928223
0.022598267
-0.10223389
-0.018341064
-0.050231934
0.024734497
-0.053070068
-0.074645996
0.090087891
0.079040527
0.036010742
0.012290955
0.065490723
-0.044921875
-0.022109985
0.085083008
0.08984375
-0.018127441
0.070983887
-0.057891846
-0.07019043
0.008605957
-0.018753052
0.030441284
-0.11834717
-0.013305664
0.092834473
-0.0012216568
0.016860962
0.069885254
0.013755798
-0.059387207
-0.090087891
-0.046173096
0.020172119
0.064819336
0.10955811
-0.054016113
-0.04800415
0.0079193115
0.038482666
0.041778564
-0.013679504
-0.08807373
0.023544312
0.089111328
-0.11413574
0.044128418
-0.055541992
0.0049819946
-0.03793335
0.084228516
0.05682373
0.073486328
0.017425537
0.084289551
0.064331055
-0.025436401
0.051940918
0.033172607
-0.0065689087
0.046722412
-0.013977051
0.086181641
0.063659668
-0.09954834
0.054473877
-0.065551758
-0.076843262
6.4015388e-05
0.013801575
-0.094055176
0.048370361
-0.072814941
-0.0065956116
0.068115234
-0.045074463
-0.080688477
0.10949707
-0.022674561
0.038635254
-0.015357971
0.052856445
0.01259613
-0.039611816
-0.044342041
-0.12030029
-0.070495605
0.084106445
0.062927246
0.041992188
0.030197144
-0.034576416
0.078918457
0.079101562
-0.066833496
-0.010787964
0.050933838
-0.022796631
0.075134277
-0.08001709
-0.0091400146
0.024337769
0.052001953
-0.0032062531
0.07208252
-0.01574707
-0.0075798035
-0.040130615
0.069641113
0.042114258
0.058990479
-0.058319092
0.062561035
0.031112671
-0.046875
-0.0038948059
0.070068359
-0.041442871
-0.062225342
0.016540527
-0.082580566
0.028717041
0.033843994
-0.053344727
0.011688232
-0.032348633
0.04574585
0.088928223
0.022598267
-0.10223389
-0.018341064
-0.050231934
0.024734497
-0.053070068
-0.074645996
0.090087891
0.079040527
0.036010742
0.012290955
0.065490723
-0.044921875
-0.022109985
0.085083008
0.08984375
-0.018127441
0.070983887
-0.057891846
-0.07019043
0.008605957
-0.018753052
0.030441284
-0.11834717
-0.013305664
0.092834473
-0.0012216568
0.016860962
0.069885254
0.013755798
-0.059387207
-0.090087891
-0.046173096
0.020172119
0.064819336
0.10955811
-0.054016113
-0.04800415
0.0079193115
0.038482666
0.041778564
-0.013679504
-0.08807373
0.023544312
0.089111328
-0.11413574
0.044128418
-0.055541992
0.0049819946
-0.03793335
0.084228516
0.05682373
0.073486328
0.017425537
0.084289551
0.064331055
-0.025436401
0.051940918
0.033172607
-0.0065689087
0.046722412
-0.013977051
0.086181641
0.063659668
-0.09954834
0.054473877
-0.065551758
-0.076843262
6.4015388e-05
0.013801575
-0.094055176
0.048370361
-0.072814941
-0.0065956116
0.068115234
-0.045074463
-0.080688477
0.10949707
-0.022674561
0.038635254
-0.015357971
0.052856445
0.01259613
-0.039611816
-0.044342041
-0.12030029
-0.070495605
0.084106445
0.062927246
0.041992188
0.030197144
-0.034576416
0.078918457
0.079101562
-0.066833496
-0.010787964
0.050933838
-0.022796631
0.075134277
-0.08001709
-0.0091400146
0.024337769
0.052001953
-0.0032062531
0.07208252
-0.01574707
-0.0075798035
-0.040130615
0.069641113
0.042114258
0.058990479
-0.058319092
0.062561035
0.031112671
-0.046875
-0.0038948059
0.070068359
-0.041442871
-0.062225342
0.016540527
-0.082580566
0.028717041
0.033843994
-0.053344727
0.011688232
-0.032348633
0.04574585
0.088928223
0.022598267
-0.10223389
-0.018341064
-0.050231934
0.024734497
-0.053070068
-0.074645996
0.090087891
0.079040527
0.036010742
0.012290955
0.065490723
-0.044921875
-0.022109985
0.085083008
0.08984375
-0.018127441
0.070983887
-0.057891846
-0.07019043
0.008605957
-0.018753052
0.030441284
-0.11834717
-0.013305664
0.092834473
-0.0012216568
0.016860962
0.069885254
0.013755798
-0.059387207
-0.090087891
-0.046173096
0.020172119
0.064819336
0.10955811
-0.054016113
-0.04800415
0.0079193115
0.038482666
0.041778564
-0.013679504
-0.08807373
0.023544312
0.089111328
-0.11413574
0.044128418
-0.055541992
0.0049819946
-0.03793335
0.084228516
0.05682373
0.073486328
0.017425537
0.084289551
0.064331055
-0.025436401
0.051940918
0.033172607
-0.0065689087
0.046722412
-0.013977051
0.086181641
0.063659668
-0.09954834
0.054473877
-0.065551758
-0.076843262
6.4015388e-05
0.013801575
-0.094055176
0.048370361
-0.072814941
-0.0065956116
0.068115234
-0.045074463
-0.080688477
0.10949707
-0.022674561
0.038635254
-0.015357971
0.052856445
0.01259613
-0.039611816
-0.044342041
-0.12030029
-0.070495605
0.084106445
0.062927246
0.041992188
0.030197144
-0.034576416
0.078918457
0.079101562
-0.066833496
-0.010787964
0.050933838
-0.022796631
0.075134277
-0.08001709
-0.0091400146
0.024337769
0.052001953
-0.0032062531
0.07208252
-0.01574707
-0.0075798035
-0.040130615
0.069641113
0.042114258
0.058990479
-0.058319092
0.062561035
0.031112671
-0.046875
-0.0038948059
0.070068359
-0.041442871
-0.062225342
0.016540527
-0.082580566
0.028717041
0.033843994
-0.053344727
0.011688232
-0.032348633
0.04574585
0.088928223
0.022598267
-0.10223389
-0.018341064
-0.050231934
0.024734497
-0.053070068
-0.074645996
0.090087891
0.079040527
0.036010742
0.012290955
0.065490723
-0.044921875
-0.022109985
0.085083008
0.08984375
-0.018127441
0.070983887
-0.057891846
-0.07019043
0.008605957
-0.018753052
0.030441284
-0.11834717
-0.013305664
0.092834473
-0.0012216568
0.016860962
0.069885254
0.013755798
-0.059387207
-0.090087891
-0.046173096
0.020172119
0.064819336
0.10955811
-0.054016113
-0.04800415
0.0079193115
0.038482666
0.041778564
-0.013679504
-0.08807373
0.023544312
0.089111328
-0.11413574
0.044128418
-0.055541992
0.0049819946
-0.03793335
0.084228516
0.05682373
0.073486328
0.017425537
0.084289551
0.064331055
-0.025436401
0.051940918
0.033172607
-0.0065689087
0.046722412
-0.013977051
0.086181641
0.063659668
-0.09954834
0.054473877
-0.065551758
-0.076843262
6.4015388e-05
0.013801575
-0.094055176
0.048370361
-0.072814941
-0.0065956116
0.068115234
-0.045074463
-0.080688477
0.10949707
-0.022674561
0.038635254
-0.015357971
0.052856445
0.01259613
-0.039611816
-0.044342041
-0.12030029
-0.070495605
0.084106445
0.062927246
0.041992188
0.030197144
-0.034576416
0.078918457
0.079101562
-0.066833496
-0.010787964
0.050933838
-0.022796631
0.075134277
-0.08001709
-0.0091400146
0.024337769
0.052001953
-0.0032062531
0.07208252
-0.01574707
-0.0075798035
-0.040130615
0.069641113
0.042114258
0.058990479
-0.058319092
0.062561035
0.031112671
-0.046875
-0.0038948059
0.070068359
-0.041442871
-0.062225342
0.016540527
-0.082580566
0.028717041
0.033843994
-0.053344727
0.011688232
-0.032348633
0.04574585
0.088928223
0.022598267
-0.10223389
-0.018341064
-0.050231934
0.024734497
-0.053070068
-0.074645996
0.090087891
0.079040527
0.036010742
0.012290955
0.065490723
-0.044921875
-0.022109985
0.085083008
0.08984375
-0.018127441
0.070983887
-0.057891846
-0.07019043
0.008605957
-0.018753052
0.030441284
-0.11834717
-0.013305664
0.092834473
-0.0012216568
0.016860962
0.069885254
0.013755798
-0.059387207
-0.090087891
-0.046173096
0.020172119
0.064819336
0.10955811
-0.054016113
-0.04800415
0.0079193115
0.038482666
0.041778564
-0.013679504
-0.08807373
0.023544312
0.089111328
-0.11413574
0.044128418
-0.055541992
0.0049819946
-0.03793335
0.084228516
0.05682373
0.073486328
0.017425537
0.084289551
0.064331055
-0.025436401
0.051940918
0.033172607
-0.0065689087
0.046722412
-0.013977051
0.086181641
0.063659668
-0.09954834
0.054473877
-0.065551758
-0.076843262
6.4015388e-05
0.013801575
-0.094055176
0.048370361
-0.072814941
-0.0065956116
0.068115234
-0.045074463
-0.080688477
0.10949707
-0.022674561
0.038635254
-0.015357971
0.052856445
0.01259613
-0.039611816
-0.044342041
-0.12030029
-0.070495605
0.084106445
0.062927246
0.041992188
0.030197144
-0.034576416
0.078918457
0.079101562
-0.066833496
-0.010787964
0.050933838
-0.022796631
0.075134277
-0.08001709
-0.0091400146
0.024337769
0.052001953
-0.0032062531
0.07208252
-0.01574707
-0.0075798035
-0.040130615
0.069641113
0.042114258
0.058990479
-0.058319092
0.062561035
0.031112671
-0.046875
-0.0038948059
0.070068359
-0.041442871
-0.062225342
0.016540527
-0.082580566
0.028717041
0.033843994
-0.053344727
0.011688232
-0.032348633
0.04574585
0.088928223
0.022598267
-0.10223389
-0.018341064
-0.050231934
0.024734497
-0.053070068
-0.074645996
0.090087891
0.079040527
0.036010742
0.012290955
0.065490723
-0.044921875
-0.022109985
0.085083008
0.08984375
-0.018127441
0.070983887
-0.057891846
-0.07019043
0.008605957
-0.018753052
0.030441284
-0.11834717
-0.013305664
0.092834473
-0.0012216568
0.016860962
0.069885254
0.013755798
-0.059387207
-0.090087891
-0.046173096
0.020172119
0.064819336
0.10955811
-0.054016113
-0.04800415
0.0079193115
0.038482666
0.041778564
-0.013679504
-0.08807373
0.023544312
0.089111328
-0.11413574
0.044128418
-0.055541992
0.0049819946
-0.03793335
0.084228516
0.05682373
0.073486328
0.017425537
0.084289551
0.064331055
-0.025436401
0.051940918
0.033172607
-0.0065689087
0.046722412
-0.013977051
0.086181641
0.063659668
-0.09954834
0.054473877
-0.065551758
-0.076843262
6.4015388e-05
0.013801575
-0.094055176
0.048370361
-0.072814941
-0.0065956116
0.068115234
-0.045074463
-0.080688477
0.10949707
-0.022674561
0.038635254
-0.015357971
0.052856445
0.01259613
-0.039611816
-0.044342041
-0.12030029
-0.070495605
0.084106445
0.062927246
0.041992188
0.030197144
-0.034576416
0.078918457
0.079101562
-0.066833496
-0.010787964
0.050933838
-0.022796631
0.075134277
-0.08001709
-0.0091400146
0.024337769
0.052001953
-0.0032062531
0.07208252
-0.01574707
-0.0075798035
-0.040130615
0.069641113
0.042114258
0.058990479
-0.058319092
0.062561035
0.031112671
-0.046875
-0.0038948059
0.070068359
-0.041442871
-0.062225342
0.016540527
-0.082580566
0.028717041
0.033843994
-0.053344727
0.011688232
-0.032348633
0.04574585
0.088928223
0.022598267
-0.10223389
-0.018341064
-0.050231934
0.024734497
-0.053070068
-0.074645996
0.090087891
0.079040527
0.036010742
0.012290955
0.065490723
-0.044921875
-0.022109985
0.085083008
0.08984375
-0.018127441
0.070983887
-0.057891846
-0.07019043
0.008605957
-0.018753052
0.030441284
-0.11834717
-0.013305664
0.092834473
-0.0012216568
0.016860962
0.069885254
0.013755798
-0.059387207
-0.090087891
-0.046173096
0.020172119
0.064819336
0.10955811
-0.054016113
-0.04800415
0.0079193115
0.038482666
0.041778564
-0.013679504
-0.08807373
0.023544312
0.089111328
-0.11413574
0.044128418
-0.055541992
0.0049819946
-0.03793335
0.084228516
0.05682373
0.073486328
0.017425537
0.084289551
0.064331055
-0.025436401
0.051940918
0.033172607
-0.0065689087
0.046722412
-0.013977051
0.086181641
0.063659668
-0.09954834
0.054473877
-0.065551758
-0.076843262
6.4015388e-05
0.013801575
-0.094055176
0.048370361
-0.072814941
-0.0065956116
0.068115234
-0.045074463
-0.080688477
0.10949707
-0.022674561
0.038635254
-0.015357971
0.052856445
0.01259613
-0.039611816
-0.044342041
-0.12030029
-0.070495605
0.084106445
0.062927246
0.041992188
0.030197144
-0.034576416
0.078918457
0.079101562
-0.066833496
-0.010787964
0.050933838
-0.022796631
0.075134277
-0.08001709
-0.0091400146
0.024337769
0.052001953
-0.0032062531
0.07208252
-0.01574707
-0.0075798035
-0.040130615
0.069641113
0.042114258
0.058990479
-0.058319092
0.062561035
0.031112671
-0.046875
-0.0038948059
0.070068359
-0.041442871
-0.062225342
0.016540527
-0.082580566
0.028717041
0.033843994
-0.053344727
0.011688232
-0.032348633
0.04574585
0.088928223
0.022598267
-0.10223389
-0.018341064
-0.050231934
0.024734497
-0.053070068
-0.074645996
0.090087891
0.079040527
0.036010742
0.012290955
0.065490723
-0.044921875
-0.022109985
0.085083008
0.08984375
-0.018127441
0.070983887
-0.057891846
-0.07019043
0.008605957
-0.018753052
0.030441284
-0.11834717
-0.013305664
0.092834473
-0.0012216568
0.016860962
0.069885254
0.013755798
-0.059387207
-0.090087891
-0.046173096
0.020172119
0.064819336
0.10955811
-0.054016113
-0.04800415
0.0079193115
0.038482666
0.041778564
-0.013679504
-0.08807373
0.023544312
0.089111328
-0.11413574
0.044128418
-0.055541992
0.0049819946
-0.03793335
0.084228516
0.05682373
0.073486328
0.017425537
0.084289551
0.064331055
-0.025436401
0.051940918
0.033172607
-0.0065689087
0.046722412
-0.013977051
0.086181641
0.063659668
-0.09954834
0.054473877
-0.065551758
-0.076843262
6.4015388e-05
0.013801575
-0.094055176
0.048370361
-0.072814941
-0.0065956116
0.068115234
-0.045074463
-0.080688477
0.10949707
-0.022674561
0.038635254
-0.015357971
0.052856445
0.01259613
-0.039611816
-0.044342041
-0.12030029
-0.070495605
0.084106445
0.062927246
0.041992188
0.030197144
-0.034576416
0.078918457
0.079101562
-0.066833496
-0.010787964
0.050933838
-0.022796631
0.075134277
-0.08001709
-0.0091400146
0.024337769
0.052001953
-0.0032062531
0.07208252
-0.01574707
-0.0075798035
-0.040130615
0.069641113
0.042114258
0.058990479
-0.058319092
0.062561035
0.031112671
-0.046875
-0.0038948059
0.070068359
-0.041442871
-0.062225342
0.016540527
-0.082580566
0.028717041
0.033843994
-0.053344727
0.011688232
-0.032348633
0.04574585
0.088928223
0.022598267
-0.10223389
-0.018341064
-0.050231934
0.024734497
-0.053070068
-0.074645996
0.090087891
0.079040527
0.036010742
0.012290955
0.065490723
-0.044921875
-0.022109985
0.085083008
0.08984375
-0.018127441
0.070983887
-0.057891846
-0.07019043
0.008605957
-0.018753052
0.030441284
-0.11834717
-0.013305664
0.092834473
-0.0012216568
0.016860962
0.069885254
0.013755798
-0.059387207
-0.090087891
-0.046173096
0.020172119
0.064819336
0.10955811
-0.054016113
-0.04800415
0.0079193115
0.038482666
0.041778564
-0.013679504
-0.08807373
0.023544312
0.089111328
-0.11413574
0.044128418
-0.055541992
0.0049819946
-0.03793335
0.084228516
0.05682373
0.073486328
0.017425537
0.084289551
0.064331055
-0.025436401
0.051940918
0.033172607
-0.0065689087
0.046722412
-0.013977051
0.086181641
0.063659668
-0.09954834
0.054473877
-0.065551758
-0.076843262
6.4015388e-05
0.013801575
-0.094055176
0.048370361
-0.072814941
-0.0065956116
0.068115234
-0.045074463
-0.080688477
0.10949707
-0.022674561
0.038635254
-0.015357971
0.052856445
0.01259613
-0.039611816
-0.044342041
-0.12030029
-0.070495605
0.084106445
0.062927246
0.041992188
0.030197144
-0.034576416
0.078918457
0.079101562
-0.066833496
-0.010787964
0.050933838
-0.022796631
0.075134277
-0.08001709
-0.0091400146
0.024337769
0.052001953
-0.0032062531
0.07208252
-0.01574707
-0.0075798035
-0.040130615
0.069641113
0.042114258
0.058990479
-0.058319092
0.062561035
0.031112671
-0.046875
-0.0038948059
0.070068359
-0.041442871
-0.062225342
0.016540527
-0.082580566
0.028717041
0.033843994
-0.053344727
0.011688232
-0.032348633
0.04574585
0.088928223
0.022598267
-0.10223389
-0.018341064
-0.050231934
0.024734497
-0.053070068
-0.074645996
0.090087891
0.079040527
0.036010742
0.012290955
0.065490723
-0.044921875
-0.022109985
0.085083008
0.08984375
-0.018127441
0.070983887
-0.057891846
-0.07019043
0.008605957
-0.018753052
0.030441284
-0.11834717
-0.013305664
0.092834473
-0.0012216568
0.016860962
0.069885254
0.013755798
-0.059387207
-0.090087891
-0.046173096
0.020172119
0.064819336
0.10955811
-0.054016113
-0.04800415
0.0079193115
0.038482666
0.041778564
-0.013679504
-0.08807373
0.023544312
0.089111328
-0.11413574
0.044128418
-0.055541992
0.0049819946
-0.03793335
0.084228516
0.05682373
0.073486328
0.017425537
0.084289551
0.064331055
-0.025436401
0.051940918
0.033172607
-0.0065689087
0.046722412
-0.013977051
0.086181641
0.063659668
-0.09954834
0.054473877
-0.065551758
-0.076843262
6.4015388e-05
0.013801575
-0.094055176
0.048370361
-0.072814941
-0.0065956116
0.068115234
-0.045074463
-0.080688477
0.10949707
-0.022674561
0.038635254
-0.015357971
0.052856445
0.01259613
-0.039611816
-0.044342041
-0.12030029
-0.070495605
0.084106445
0.062927246
0.041992188
0.030197144
-0.034576416
0.078918457
0.079101562
-0.066833496
-0.010787964
0.050933838
-0.022796631
0.075134277
-0.08001709
-0.0091400146
0.024337769
0.052001953
-0.0032062531
0.07208252
-0.01574707
-0.0075798035
-0.040130615
0.069641113
0.042114258
0.058990479
-0.058319092
0.062561035
0.031112671
-0.046875
-0.0038948059
0.070068359
-0.041442871
-0.062225342
0.016540527
-0.082580566
0.028717041
0.033843994
-0.053344727
0.011688232
-0.032348633
0.04574585
0.088928223
0.022598267
-0.10223389
-0.018341064
-0.050231934
0.024734497
-0.053070068
-0.074645996
0.090087891
0.079040527
0.036010742
0.012290955
0.065490723
-0.044921875
-0.022109985
0.085083008
0.08984375
-0.018127441
0.070983887
-0.057891846
-0.07019043
0.008605957
-0.018753052
0.030441284
-0.11834717
-0.013305664
0.092834473
-0.0012216568
0.016860962
0.069885254
0.013755798
-0.059387207
-0.090087891
-0.046173096
0.020172119
0.064819336
0.10955811
-0.054016113
-0.04800415
0.0079193115
0.038482666
0.041778564
-0.013679504
-0.08807373
0.023544312
0.089111328
-0.11413574
0.044128418
-0.055541992
0.0049819946
-0.03793335
0.084228516
0.05682373
0.073486328
0.017425537
0.084289551
0.064331055
-0.025436401
0.051940918
0.033172607
-0.0065689087
0.046722412
-0.013977051
0.086181641
0.063659668
-0.09954834
0.054473877
-0.065551758
-0.076843262
6.4015388e-05
0.013801575
-0.094055176
0.048370361
-0.072814941
-0.0065956116
0.068115234
-0.045074463
-0.080688477
0.10949707
-0.022674561
0.038635254
-0.015357971
0.052856445
0.01259613
-0.039611816
-0.044342041
-0.12030029
-0.070495605
0.084106445
0.062927246
0.041992188
0.030197144
-0.034576416
0.078918457
0.079101562
-0.066833496
-0.010787964
0.050933838
-0.022796631
0.075134277
-0.08001709
-0.0091400146
0.024337769
0.052001953
-0.0032062531
0.07208252
-0.01574707
-0.0075798035
-0.040130615
0.069641113
0.042114258
0.058990479
-0.058319092
0.062561035
0.031112671
-0.046875
-0.0038948059
0.070068359
-0.041442871
-0.062225342
0.016540527
-0.082580566
0.028717041
0.033843994
-0.053344727
0.011688232
-0.032348633
0.04574585
0.088928223
0.022598267
-0.10223389
-0.018341064
-0.050231934
0.024734497
-0.053070068
-0.074645996
0.090087891
0.079040527
0.036010742
0.012290955
0.065490723
-0.044921875
-0.022109985
0.085083008
0.08984375
-0.018127441
0.070983887
-0.057891846
-0.07019043
0.008605957
-0.018753052
0.030441284
-0.11834717
-0.013305664
0.092834473
-0.0012216568
0.016860962
0.069885254
0.013755798
-0.059387207
-0.090087891
-0.046173096
0.020172119
0.064819336
0.10955811
-0.054016113
-0.04800415
0.0079193115
0.038482666
0.041778564
-0.013679504
-0.08807373
0.023544312
0.089111328
-0.11413574
0.044128418
-0.055541992
0.0049819946
-0.03793335
0.084228516
0.05682373
0.073486328
0.017425537
0.084289551
0.064331055
-0.025436401
0.051940918
0.033172607
-0.0065689087
0.046722412
-0.013977051
0.086181641
0.063659668
-0.09954834
0.054473877
-0.065551758
-0.076843262
6.4015388e-05
0.013801575
-0.094055176
0.048370361
-0.072814941
-0.0065956116
0.068115234
-0.045074463
-0.080688477
0.10949707
-0.022674561
0.038635254
-0.015357971
0.052856445
0.01259613
-0.039611816
-0.044342041
-0.12030029
-0.070495605
0.084106445
0.062927246
0.041992188
0.030197144
-0.034576416
0.078918457
0.079101562
-0.066833496
-0.010787964
0.050933838
-0.022796631
0.075134277
-0.08001709
-0.0091400146
0.024337769
0.052001953
-0.0032062531
0.07208252
-0.01574707
-0.0075798035
-0.040130615
0.069641113
0.042114258
0.058990479
-0.058319092
0.062561035
0.031112671
-0.046875
-0.0038948059
0.070068359
-0.041442871
-0.062225342
0.016540527
-0.082580566
0.028717041
0.033843994
-0.053344727
0.011688232
-0.032348633
0.04574585
0.088928223
0.022598267
-0.10223389
-0.018341064
-0.050231934
0.024734497
-0.053070068
-0.074645996
0.090087891
0.079040527
0.036010742
0.012290955
0.065490723
-0.044921875
-0.022109985
0.085083008
0.08984375
-0.018127441
0.070983887
-0.057891846
-0.07019043
0.008605957
-0.018753052
0.030441284
-0.11834717
-0.013305664
0.092834473
-0.0012216568
0.016860962
0.069885254
0.013755798
-0.059387207
-0.090087891
-0.046173096
0.020172119
0.064819336
0.10955811
-0.054016113
-0.04800415
0.0079193115
0.038482666
0.041778564
-0.013679504
-0.08807373
0.023544312
0.089111328
-0.11413574
0.044128418
-0.055541992
0.0049819946
-0.03793335
0.084228516
0.05682373
0.073486328
0.017425537
0.084289551
0.064331055
-0.025436401
0.051940918
0.033172607
-0.0065689087
0.046722412
-0.013977051
0.086181641
0.063659668
-0.09954834
0.054473877
-0.065551758
-0.076843262
6.4015388e-05
0.013801575
-0.094055176
0.048370361
-0.072814941
-0.0065956116
0.068115234
-0.045074463
-0.080688477
0.10949707
-0.022674561
0.038635254
-0.015357971
0.052856445
0.01259613
-0.039611816
-0.044342041
-0.12030029
-0.070495605
0.084106445
0.062927246
0.041992188
0.030197144
-0.034576416
0.078918457
0.079101562
-0.066833496
-0.010787964
0.050933838
-0.022796631
0.075134277
-0.08001709
-0.0091400146
0.024337769
0.052001953
-0.0032062531
0.07208252
-0.01574707
-0.0075798035
-0.040130615
0.069641113
0.042114258
0.058990479
-0.058319092
0.062561035
0.031112671
-0.046875
-0.0038948059
0.070068359
-0.041442871
-0.062225342
0.016540527
-0.082580566
0.028717041
0.033843994
-0.053344727
0.011688232
-0.032348633
0.04574585
0.088928223
0.022598267
-0.10223389
-0.018341064
-0.050231934
0.024734497
-0.053070068
-0.074645996
0.090087891
0.079040527
0.036010742
0.012290955
0.065490723
-0.044921875
-0.022109985
0.085083008
0.08984375
-0.018127441
0.070983887
-0.057891846
-0.07019043
0.008605957
-0.018753052
0.030441284
-0.11834717
-0.013305664
0.092834473
-0.0012216568
0.016860962
0.069885254
0.013755798
-0.059387207
-0.090087891
-0.046173096
0.020172119
0.064819336
0.10955811
-0.054016113
-0.04800415
0.0079193115
0.038482666
0.041778564
-0.013679504
-0.08807373
0.023544312
0.089111328
-0.11413574
0.044128418
-0.055541992
0.0049819946
-0.03793335
0.084228516
0.05682373
0.073486328
0.017425537
0.084289551
0.064331055
-0.025436401
0.051940918
0.033172607
-0.0065689087
0.046722412
-0.013977051
0.086181641
0.063659668
-0.09954834
0.054473877
-0.065551758
-0.076843262
6.4015388e-05
0.013801575
-0.094055176
0.048370361
-0.072814941
-0.0065956116
0.068115234
-0.045074463
-0.080688477
0.10949707
-0.022674561
0.038635254
-0.015357971
0.052856445
0.01259613
-0.039611816
-0.044342041
-0.12030029
-0.070495605
0.084106445
0.062927246
0.041992188
0.030197144
-0.034576416
0.078918457
0.079101562
-0.066833496
-0.010787964
0.050933838
-0.022796631
0.075134277
-0.08001709
-0.0091400146
0.024337769
0.052001953
-0.0032062531
0.07208252
-0.01574707
-0.0075798035
-0.040130615
0.069641113
0.042114258
0.058990479
-0.058319092
0.062561035
0.031112671
-0.046875
-0.0038948059
0.070068359
-0.041442871
-0.062225342
0.016540527
-0.082580566
0.028717041
0.033843994
-0.053344727
0.011688232
-0.032348633
0.04574585
0.088928223
0.022598267
-0.10223389
-0.018341064
-0.050231934
0.024734497
-0.053070068
-0.074645996
0.090087891
0.079040527
0.036010742
0.012290955
0.065490723
-0.044921875
-0.022109985
0.085083008
0.08984375
-0.018127441
0.070983887
-0.057891846
-0.07019043
0.008605957
-0.018753052
0.030441284
-0.11834717
-0.013305664
0.092834473
-0.0012216568
0.016860962
0.069885254
0.013755798
-0.059387207
-0.090087891
-0.046173096
0.020172119
0.064819336
0.10955811
-0.054016113
-0.04800415
0.0079193115
0.038482666
0.041778564
-0.013679504
-0.08807373
0.023544312
0.089111328
-0.11413574
0.044128418
-0.055541992
0.0049819946
-0.03793335
0.084228516
0.05682373
0.073486328
0.017425537
0.084289551
0.064331055
-0.025436401
0.051940918
0.033172607
-0.0065689087
0.046722412
-0.013977051
0.086181641
0.063659668
-0.09954834
0.054473877
-0.065551758
-0.076843262
6.4015388e-05
0.013801575
-0.094055176
0.048370361
-0.072814941
-0.0065956116
0.068115234
-0.045074463
-0.080688477
0.10949707
-0.022674561
0.038635254
-0.015357971
0.052856445
0.01259613
-0.039611816
-0.044342041
-0.12030029
-0.070495605
0.084106445
0.062927246
0.041992188
0.030197144
-0.034576416
0.078918457
0.079101562
-0.066833496
-0.010787964
0.050933838
-0.022796631
0.075134277
-0.08001709
-0.0091400146
0.024337769
0.052001953
-0.0032062531
0.07208252
-0.01574707
-0.0075798035
-0.040130615
0.069641113
0.042114258
0.058990479
-0.058319092
0.062561035
0.031112671
-0.046875
-0.0038948059
0.070068359
-0.041442871
-0.062225342
0.016540527
-0.082580566
0.028717041
0.033843994
-0.053344727
0.011688232
-0.032348633
0.04574585
0.088928223
0.022598267
-0.10223389
-0.018341064
-0.050231934
0.024734497
-0.053070068
-0.074645996
0.090087891
0.079040527
0.036010742
0.012290955
0.065490723
-0.044921875
-0.022109985
0.085083008
0.08984375
-0.018127441
0.070983887
-0.057891846
-0.07019043
0.008605957
-0.018753052
0.030441284
-0.11834717
-0.013305664
0.092834473
-0.0012216568
0.016860962
0.069885254
0.013755798
-0.059387207
-0.090087891
-0.046173096
0.020172119
0.064819336
0.10955811
-0.054016113
-0.04800415
0.0079193115
0.038482666
0.041778564
-0.013679504
-0.08807373
0.023544312
0.089111328
-0.11413574
0.044128418
-0.055541992
0.0049819946
-0.03793335
0.084228516
0.05682373
0.073486328
0.017425537
0.084289551
0.064331055
-0.025436401
0.051940918
0.033172607
-0.0065689087
0.046722412
-0.013977051
0.086181641
0.063659668
-0.09954834
0.054473877
-0.065551758
-0.076843262
6.4015388e-05
0.013801575
-0.094055176
0.048370361
-0.072814941
-0.0065956116
0.068115234
-0.045074463
-0.080688477
0.10949707
-0.022674561
0.038635254
-0.015357971
0.052856445
0.01259613
-0.039611816
-0.044342041
-0.12030029
-0.070495605
0.084106445
0.062927246
0.041992188
0.030197144
-0.034576416
0.078918457
0.079101562
-0.066833496
-0.010787964
0.050933838
-0.022796631
0.075134277
-0.08001709
-0.0091400146
0.024337769
0.052001953
-0.0032062531
0.07208252
-0.01574707
-0.0075798035
-0.040130615
0.069641113
0.042114258
0.058990479
-0.058319092
0.062561035
0.031112671
-0.046875
-0.0038948059
0.070068359
-0.041442871
-0.062225342
0.016540527
-0.082580566
0.028717041
0.033843994
-0.053344727
0.011688232
-0.032348633
0.04574585
0.088928223
0.022598267
-0.10223389
-0.018341064
-0.050231934
0.024734497
-0.053070068
-0.074645996
0.090087891
0.079040527
0.036010742
0.012290955
0.065490723
-0.044921875
-0.022109985
0.085083008
0.08984375
-0.018127441
0.070983887
-0.057891846
-0.07019043
0.008605957
-0.018753052
0.030441284
-0.11834717
-0.013305664
0.092834473
-0.0012216568
0.016860962
0.069885254
0.013755798
-0.059387207
-0.090087891
-0.046173096
0.020172119
0.064819336
0.10955811
-0.054016113
-0.04800415
0.0079193115
0.038482666
0.041778564
-0.013679504
-0.08807373
0.023544312
0.089111328
-0.11413574
0.044128418
-0.055541992
0.0049819946
-0.03793335
0.084228516
0.05682373
0.073486328
0.017425537
0.084289551
0.064331055
-0.025436401
0.051940918
0.033172607
-0.0065689087
0.046722412
-0.013977051
0.086181641
0.063659668
-0.09954834
0.054473877
-0.065551758
-0.076843262
6.4015388e-05
0.013801575
-0.094055176
0.048370361
-0.072814941
-0.0065956116
0.068115234
-0.045074463
-0.080688477
0.10949707
-0.022674561
0.038635254
-0.015357971
0.052856445
0.01259613
-0.039611816
-0.044342041
-0.12030029
-0.070495605
0.084106445
0.062927246
0.041992188
0.030197144
-0.034576416
0.078918457
0.079101562
-0.066833496
-0.010787964
0.050933838
-0.022796631
0.075134277
-0.08001709
-0.0091400146
0.024337769
0.052001953
-0.0032062531
0.07208252
-0.01574707
-0.0075798035
-0.040130615
0.069641113
0.042114258
0.058990479
-0.058319092
0.062561035
0.031112671
-0.046875
-0.0038948059
0.070068359
-0.041442871
-0.062225342
0.016540527
-0.082580566
0.028717041
0.033843994
-0.053344727
0.011688232
-0.032348633
0.04574585
0.088928223
0.022598267
-0.10223389
-0.018341064
-0.050231934
0.024734497
-0.053070068
-0.074645996
0.090087891
0.079040527
0.036010742
0.012290955
0.065490723
-0.044921875
-0.022109985
0.085083008
0.08984375
-0.018127441
0.070983887
-0.057891846
-0.07019043
0.008605957
-0.018753052
0.030441284
-0.11834717
-0.013305664
0.092834473
-0.0012216568
0.016860962
0.069885254
0.013755798
-0.059387207
-0.090087891
-0.046173096
0.020172119
0.064819336
0.10955811
-0.054016113
-0.04800415
0.0079193115
0.038482666
0.041778564
-0.013679504
-0.08807373
0.023544312
0.089111328
-0.11413574
0.044128418
-0.055541992
0.0049819946
-0.03793335
0.084228516
0.05682373
0.073486328
0.017425537
0.084289551
0.064331055
-0.025436401
0.051940918
0.033172607
-0.0065689087
0.046722412
-0.013977051
0.086181641
0.063659668
-0.09954834
0.054473877
-0.065551758
-0.076843262
6.4015388e-05
0.013801575
-0.094055176
0.048370361
-0.072814941
-0.0065956116
0.068115234
-0.045074463
-0.080688477
0.10949707
-0.022674561
0.038635254
-0.015357971
0.052856445
0.01259613
-0.039611816
-0.044342041
-0.12030029
-0.070495605
0.084106445
0.062927246
0.041992188
0.030197144
-0.034576416
0.078918457
0.079101562
-0.066833496
-0.010787964
0.050933838
-0.022796631
0.075134277
-0.08001709
-0.0091400146
0.024337769
0.052001953
-0.0032062531
0.07208252
-0.01574707
-0.0075798035
-0.040130615
0.069641113
0.042114258
0.058990479
-0.058319092
0.062561035
0.031112671
-0.046875
-0.0038948059
0.070068359
-0.041442871
-0.062225342
0.016540527
-0.082580566
0.028717041
0.033843994
-0.053344727
0.011688232
-0.032348633
0.04574585
0.088928223
0.022598267
-0.10223389
-0.018341064
-0.050231934
0.024734497
-0.053070068
-0.074645996
0.090087891
0.079040527
0.036010742
0.012290955
0.065490723
-0.044921875
-0.022109985
0.085083008
0.08984375
-0.018127441
0.070983887
-0.057891846
-0.07019043
0.008605957
-0.018753052
0.030441284
-0.11834717
-0.013305664
0.092834473
-0.0012216568
0.016860962
0.069885254
0.013755798
-0.059387207
-0.090087891
-0.046173096
0.020172119
0.064819336
0.10955811
-0.054016113
-0.04800415
0.0079193115
0.038482666
0.041778564
-0.013679504
-0.08807373
0.023544312
0.089111328
-0.11413574
0.044128418
-0.055541992
0.0049819946
-0.03793335
0.084228516
0.05682373
0.073486328
0.017425537
0.084289551
0.064331055
-0.025436401
0.051940918
0.033172607
-0.0065689087
0.046722412
-0.013977051
0.086181641
0.063659668
-0.09954834
0.054473877
-0.065551758
-0.076843262
6.4015388e-05
0.013801575
-0.094055176
0.048370361
-0.072814941
-0.0065956116
0.068115234
-0.045074463
-0.080688477
0.10949707
-0.022674561
0.038635254
-0.015357971
0.052856445
0.01259613
-0.039611816
-0.044342041
-0.12030029
-0.070495605
0.084106445
0.062927246
0.041992188
0.030197144
-0.034576416
0.078918457
0.079101562
-0.066833496
-0.010787964
0.050933838
-0.022796631
0.075134277
-0.08001709
-0.0091400146
0.024337769
0.052001953
-0.0032062531
0.07208252
-0.01574707
-0.0075798035
-0.040130615
0.069641113
0.042114258
0.058990479
-0.058319092
0.062561035
0.031112671
-0.046875
-0.0038948059
0.070068359
-0.041442871
-0.062225342
0.016540527
-0.082580566
0.028717041
0.033843994
-0.053344727
0.011688232
-0.032348633
0.04574585
0.088928223
0.022598267
-0.10223389
-0.018341064
-0.050231934
0.024734497
-0.053070068
-0.074645996
0.090087891
0.079040527
0.036010742
0.012290955
0.065490723
-0.044921875
-0.022109985
0.085083008
0.08984375
-0.018127441
0.070983887
-0.057891846
-0.07019043
0.008605957
-0.018753052
0.030441284
-0.11834717
-0.013305664
0.092834473
-0.0012216568
0.016860962
0.069885254
0.013755798
-0.059387207
-0.090087891
-0.046173096
0.020172119
0.064819336
0.10955811
-0.054016113
-0.04800415
0.0079193115
0.038482666
0.041778564
-0.013679504
-0.08807373
0.023544312
