0.11358643
-0.012153625
-0.021194458
-0.0076217651
0.019042969
0.07635498
0.009185791
0.11431885
0.061645508
-0.0057144165
0.17651367
0.0043411255
0.028701782
0.029434204
-0.016342163
0.022491455
-0.0053329468
-0.0054969788
0.092529297
-0.010795593
0.096557617
0.033935547
0.00043177605
0.092346191
-0.0044059753
0.0018310547
-0.0064964294
0.092651367
-0.012504578
-0.0045585632
-0.012413025
-0.0013608932
-0.0021286011
-0.0036411285
0.038574219
0.01902771
-0.0015630722
0.099304199
0.22473145
0.011581421
0.17541504
0.059875488
-0.012527466
0.1126709
-0.011512756
0.085266113
0.087585449
0.019760132
0.048858643
0.28808594
0.063476562
-0.015144348
0.042877197
0.070861816
0.05166626
-0.00068473816
0.037841797
0.077209473
-0.0090713501
0.07043457
-0.0036716461
-0.0082092285
-0.0095672607
-0.008972168
0.096740723
-0.0060119629
0.024078369
-0.0031833649
-0.01197052
-0.0093841553
0.014785767
-0.0056648254
0.10046387
-0.0075073242
-0.0090560913
0.065917969
0.14440918
0.075073242
-0.013023376
-0.0053863525
-0.011207581
0.06451416
0.1418457
-0.0050392151
0.10351562
-0.0058822632
0.0052185059
0.036010742
-0.0054206848
0.092163086
-0.0040054321
0.21459961
-0.0011558533
-0.014343262
-0.010047913
0.023376465
0.080688477
0.045562744
-0.0010414124
-0.0043563843
0.16687012
-0.018936157
-0.0063667297
-0.012153625
-0.011428833
0.14978027
0.016311646
0.012229919
0.12756348
0.12115479
0.085205078
0.15002441
-0.009765625
0.016937256
0.086853027
-0.001742363
0.085021973
-0.0020771027
0.021102905
-0.00248909
0.06451416
-0.0052566528
0.1149292
-0.0067100525
-0.0095367432
-0.0029411316
-0.0015707016
0.067810059
0.087097168
-0.012916565
-0.021026611
-0.010040283
0.0067749023
0.056091309
-0.0017671585
0.086791992
0.097351074
-0.0094451904
0.20336914
0.019638062
0.079406738
-0.0011959076
-0.013793945
0.032104492
-0.009979248
-0.0090026855
0.047271729
-0.006942749
0.083374023
0.0075416565
-0.00089788437
0.11199951
-0.0066299438
-0.0013084412
-0.0073242188
0.12731934
-0.010559082
0.0026798248
-0.0062332153
-0.0020713806
-0.00075960159
-0.0015325546
0.0096359253
-0.0050926208
-0.00078105927
0.098571777
0.2286377
0.068359375
0.12988281
0.031524658
-0.012924194
0.094787598
-0.011474609
0.14257812
0.10766602
-0.00019788742
0.062286377
0.26416016
0.060913086
-0.010192871
0.053955078
0.036712646
0.058959961
0.013877869
0.066345215
0.038330078
-0.0072860718
0.020828247
-0.003786087
-0.0077056885
-0.0087738037
-0.0094223022
0.090698242
-0.0086746216
0.024108887
-0.0061798096
-0.013214111
-0.011863708
0.020401001
-0.0079650879
0.064758301
-0.0087280273
-0.0044670105
-0.0001912117
0.12420654
0.14123535
-0.014076233
-0.0059013367
-0.010887146
0.14404297
0.066162109
-0.0055007935
0.081726074
-0.0035152435
-0.0016393661
-0.0049667358
-0.0042037964
0.092956543
-0.0068283081
0.26855469
-0.00061607361
-0.012115479
-0.0096282959
0.058288574
0.095581055
-0.0017366409
-0.0014019012
-0.0028591156
0.13330078
-0.020401001
-0.0054740906
-0.015838623
-0.010520935
0.18811035
0.019195557
0.026565552
0.112854
0.19934082
0.093688965
0.15698242
-0.011856079
-0.0011720657
0.11309814
-0.0039215088
0.090026855
-0.0089645386
0.036071777
-0.0010375977
0.053070068
-0.002281189
0.043914795
-0.007724762
-0.0093154907
-0.0040359497
-0.0047836304
0.032104492
0.077148438
-0.015640259
-0.018798828
-0.009979248
0.0098342896
0.05569458
-0.0017719269
0.072265625
0.11853027
-0.011482239
0.19177246
0.0059700012
0.098510742
-0.0014076233
-0.013145447
0.015655518
-0.011642456
-0.010345459
0.042633057
-0.0066184998
0.08215332
0.0084762573
-0.00029420853
0.11901855
-0.0048103333
0.002904892
-0.0070419312
0.13269043
-0.0095443726
0.021026611
-0.0047492981
0.00035500526
0.0033588409
0.00756073
0.0072021484
-0.004447937
0.0013504028
0.098693848
0.21325684
0.092529297
0.1373291
0.012268066
-0.013427734
0.07244873
-0.0098648071
0.16027832
0.098693848
-0.0019311905
0.078308105
0.22558594
0.03314209
-0.0090866089
0.064147949
0.031951904
0.047729492
0.047637939
0.086303711
0.035614014
-0.0060653687
0.0035839081
-0.0035972595
-0.0085906982
-0.0084915161
-0.0064926147
0.060943604
-0.0080566406
0.036529541
-0.0067100525
-0.011283875
-0.0087432861
0.01448822
-0.0087432861
0.047210693
-0.0093154907
-0.0035839081
-0.0023860931
0.11260986
0.1685791
-0.013320923
-0.0065002441
-0.011238098
0.12145996
0.037078857
-0.0046539307
0.078918457
-0.0019292831
-0.00011700392
-0.0061035156
-0.0045814514
0.074523926
-0.0087432861
0.26831055
0.0027675629
-0.011817932
-0.007434845
0.045410156
0.07409668
-0.0025787354
-0.0025196075
-0.0025367737
0.12536621
-0.018737793
-0.0043182373
-0.014450073
-0.011062622
0.18188477
0.016479492
0.021316528
0.079772949
0.22277832
0.093505859
0.14648438
-0.012001038
-0.0022583008
0.10650635
-0.0025291443
0.086914062
-0.0069580078
0.015609741
-8.5234642e-06
0.039978027
-0.0024738312
0.011474609
-0.0050582886
-0.010009766
-0.0050582886
-0.0057106018
0.02355957
0.077148438
-0.015640259
-0.018798828
-0.009979248
0.0098342896
0.05569458
-0.0017719269
0.072265625
0.11853027
-0.011482239
0.19177246
0.0059700012
0.098510742
-0.0014076233
-0.013145447
0.015655518
-0.011642456
-0.010345459
0.042633057
-0.0066184998
0.08215332
0.0084762573
-0.00029420853
0.11901855
-0.0048103333
0.002904892
-0.0070419312
0.13269043
-0.0095443726
0.021026611
-0.0047492981
0.00035500526
0.0033588409
0.00756073
0.0072021484
-0.004447937
0.0013504028
0.098693848
0.21325684
0.092529297
0.1373291
0.012268066
-0.013427734
0.07244873
-0.0098648071
0.16027832
0.098693848
-0.0019311905
0.078308105
0.22558594
0.03314209
-0.0090866089
0.064147949
0.031951904
0.047729492
0.047637939
0.086303711
0.035614014
-0.0060653687
0.0035839081
-0.0035972595
-0.0085906982
-0.0084915161
-0.0064926147
0.060943604
-0.0080566406
0.036529541
-0.0067100525
-0.011283875
-0.0087432861
0.01448822
-0.0087432861
0.047210693
-0.0093154907
-0.0035839081
-0.0023860931
0.11260986
0.1685791
-0.013320923
-0.0065002441
-0.011238098
0.12145996
0.037078857
-0.0046539307
0.078918457
-0.0019292831
-0.00011700392
-0.0061035156
-0.0045814514
0.074523926
-0.0087432861
0.26831055
0.0027675629
-0.011817932
-0.007434845
0.045410156
0.07409668
-0.0025787354
-0.0025196075
-0.0025367737
0.12536621
-0.018737793
-0.0043182373
-0.014450073
-0.011062622
0.18188477
0.016479492
0.021316528
0.079772949
0.22277832
0.093505859
0.14648438
-0.012001038
-0.0022583008
0.10650635
-0.0025291443
0.086914062
-0.0069580078
0.015609741
-8.5234642e-06
0.039978027
-0.0024738312
0.011474609
-0.0050582886
-0.010009766
-0.0050582886
-0.0057106018
0.02355957
0.077148438
-0.015640259
-0.018798828
-0.009979248
0.0098342896
0.05569458
-0.0017719269
0.072265625
0.11853027
-0.011482239
0.19177246
0.0059700012
0.098510742
-0.0014076233
-0.013145447
0.015655518
-0.011642456
-0.010345459
0.042633057
-0.0066184998
0.08215332
0.0084762573
-0.00029420853
0.11901855
-0.0048103333
0.002904892
-0.0070419312
0.13269043
-0.0095443726
0.021026611
-0.0047492981
0.00035500526
0.0033588409
0.00756073
0.0072021484
-0.004447937
0.0013504028
0.098693848
0.21325684
0.092529297
0.1373291
0.012268066
-0.013427734
0.07244873
-0.0098648071
0.16027832
0.098693848
-0.0019311905
0.078308105
0.22558594
0.03314209
-0.0090866089
0.064147949
0.031951904
0.047729492
0.047637939
0.086303711
0.035614014
-0.0060653687
0.0035839081
-0.0035972595
-0.0085906982
-0.0084915161
-0.0064926147
0.060943604
-0.0080566406
0.036529541
-0.0067100525
-0.011283875
-0.0087432861
0.01448822
-0.0087432861
0.047210693
-0.0093154907
-0.0035839081
-0.0023860931
0.11260986
0.1685791
-0.013320923
-0.0065002441
-0.011238098
0.12145996
0.037078857
-0.0046539307
0.078918457
-0.0019292831
-0.00011700392
-0.0061035156
-0.0045814514
0.074523926
-0.0087432861
0.26831055
0.0027675629
-0.011817932
-0.007434845
0.045410156
0.07409668
-0.0025787354
-0.0025196075
-0.0025367737
0.12536621
-0.018737793
-0.0043182373
-0.014450073
-0.011062622
0.18188477
0.016479492
0.021316528
0.079772949
0.22277832
0.093505859
0.14648438
-0.012001038
-0.0022583008
0.10650635
-0.0025291443
0.086914062
-0.0069580078
0.015609741
-8.5234642e-06
0.039978027
-0.0024738312
0.011474609
-0.0050582886
-0.010009766
-0.0050582886
-0.0057106018
0.02355957
0.077148438
-0.015640259
-0.018798828
-0.009979248
0.0098342896
0.05569458
-0.0017719269
0.072265625
0.11853027
-0.011482239
0.19177246
0.0059700012
0.098510742
-0.0014076233
-0.013145447
0.015655518
-0.011642456
-0.010345459
0.042633057
-0.0066184998
0.08215332
0.0084762573
-0.00029420853
0.11901855
-0.0048103333
0.002904892
-0.0070419312
0.13269043
-0.0095443726
0.021026611
-0.0047492981
0.00035500526
0.0033588409
0.00756073
0.0072021484
-0.004447937
0.0013504028
0.098693848
0.21325684
0.092529297
0.1373291
0.012268066
-0.013427734
0.07244873
-0.0098648071
0.16027832
0.098693848
-0.0019311905
0.078308105
0.22558594
0.03314209
-0.0090866089
0.064147949
0.031951904
0.047729492
0.047637939
0.086303711
0.035614014
-0.0060653687
0.0035839081
-0.0035972595
-0.0085906982
-0.0084915161
-0.0064926147
0.060943604
-0.0080566406
0.036529541
-0.0067100525
-0.011283875
-0.0087432861
0.01448822
-0.0087432861
0.047210693
-0.0093154907
-0.0035839081
-0.0023860931
0.11260986
0.1685791
-0.013320923
-0.0065002441
-0.011238098
0.12145996
0.037078857
-0.0046539307
0.078918457
-0.0019292831
-0.00011700392
-0.0061035156
-0.0045814514
0.074523926
-0.0087432861
0.26831055
0.0027675629
-0.011817932
-0.007434845
0.045410156
0.07409668
-0.0025787354
-0.0025196075
-0.0025367737
0.12536621
-0.018737793
-0.0043182373
-0.014450073
-0.011062622
0.18188477
0.016479492
0.021316528
0.079772949
0.22277832
0.093505859
0.14648438
-0.012001038
-0.0022583008
0.10650635
-0.0025291443
0.086914062
-0.0069580078
0.015609741
-8.5234642e-06
0.039978027
-0.0024738312
0.011474609
-0.0050582886
-0.010009766
-0.0050582886
-0.0057106018
0.02355957
0.077148438
-0.015640259
-0.018798828
-0.009979248
0.0098342896
0.05569458
-0.0017719269
0.072265625
0.11853027
-0.011482239
0.19177246
0.0059700012
0.098510742
-0.0014076233
-0.013145447
0.015655518
-0.011642456
-0.010345459
0.042633057
-0.0066184998
0.08215332
0.0084762573
-0.00029420853
0.11901855
-0.0048103333
0.002904892
-0.0070419312
0.13269043
-0.0095443726
0.021026611
-0.0047492981
0.00035500526
0.0033588409
0.00756073
0.0072021484
-0.004447937
0.0013504028
0.098693848
0.21325684
0.092529297
0.1373291
0.012268066
-0.013427734
0.07244873
-0.0098648071
0.16027832
0.098693848
-0.0019311905
0.078308105
0.22558594
0.03314209
-0.0090866089
0.064147949
0.031951904
0.047729492
0.047637939
0.086303711
0.035614014
-0.0060653687
0.0035839081
-0.0035972595
-0.0085906982
-0.0084915161
-0.0064926147
0.060943604
-0.0080566406
0.036529541
-0.0067100525
-0.011283875
-0.0087432861
0.01448822
-0.0087432861
0.047210693
-0.0093154907
-0.0035839081
-0.0023860931
0.11260986
0.1685791
-0.013320923
-0.0065002441
-0.011238098
0.12145996
0.037078857
-0.0046539307
0.078918457
-0.0019292831
-0.00011700392
-0.0061035156
-0.0045814514
0.074523926
-0.0087432861
0.26831055
0.0027675629
-0.011817932
-0.007434845
0.045410156
0.07409668
-0.0025787354
-0.0025196075
-0.0025367737
0.12536621
-0.018737793
-0.0043182373
-0.014450073
-0.011062622
0.18188477
0.016479492
0.021316528
0.079772949
0.22277832
0.093505859
0.14648438
-0.012001038
-0.0022583008
0.10650635
-0.0025291443
0.086914062
-0.0069580078
0.015609741
-8.5234642e-06
0.039978027
-0.0024738312
0.011474609
-0.0050582886
-0.010009766
-0.0050582886
-0.0057106018
0.02355957
0.077148438
-0.015640259
-0.018798828
-0.009979248
0.0098342896
0.05569458
-0.0017719269
0.072265625
0.11853027
-0.011482239
0.19177246
0.0059700012
0.098510742
-0.0014076233
-0.013145447
0.015655518
-0.011642456
-0.010345459
0.042633057
-0.0066184998
0.08215332
0.0084762573
-0.00029420853
0.11901855
-0.0048103333
0.002904892
-0.0070419312
0.13269043
-0.0095443726
0.021026611
-0.0047492981
0.00035500526
0.0033588409
0.00756073
0.0072021484
-0.004447937
0.0013504028
0.098693848
0.21325684
0.092529297
0.1373291
0.012268066
-0.013427734
0.07244873
-0.0098648071
0.16027832
0.098693848
-0.0019311905
0.078308105
0.22558594
0.03314209
-0.0090866089
0.064147949
0.031951904
0.047729492
0.047637939
0.086303711
0.035614014
-0.0060653687
0.0035839081
-0.0035972595
-0.0085906982
-0.0084915161
-0.0064926147
0.060943604
-0.0080566406
0.036529541
-0.0067100525
-0.011283875
-0.0087432861
0.01448822
-0.0087432861
0.047210693
-0.0093154907
-0.0035839081
-0.0023860931
0.11260986
0.1685791
-0.013320923
-0.0065002441
-0.011238098
0.12145996
0.037078857
-0.0046539307
0.078918457
-0.0019292831
-0.00011700392
-0.0061035156
-0.0045814514
0.074523926
-0.0087432861
0.26831055
0.0027675629
-0.011817932
-0.007434845
0.045410156
0.07409668
-0.0025787354
-0.0025196075
-0.0025367737
0.12536621
-0.018737793
-0.0043182373
-0.014450073
-0.011062622
0.18188477
0.016479492
0.021316528
0.079772949
0.22277832
0.093505859
0.14648438
-0.012001038
-0.0022583008
0.10650635
-0.0025291443
0.086914062
-0.0069580078
0.015609741
-8.5234642e-06
0.039978027
-0.0024738312
0.011474609
-0.0050582886
-0.010009766
-0.0050582886
-0.0057106018
0.02355957
0.034973145
-0.010551453
-0.015098572
-0.0049171448
0.023452759
0.054748535
0.044006348
0.024215698
0.071716309
-0.010047913
0.13891602
0.021347046
0.072692871
0.028274536
-0.013977051
0.0061531067
-0.011627197
-0.010314941
0.049591064
-0.0071411133
0.08581543
0.01663208
-1.4305115e-06
0.046112061
-0.0046043396
-0.0016860962
-0.0054512024
0.1149292
-0.0059204102
0.025787354
-0.0067863464
0.019134521
-8.9049339e-05
0.012619019
0.03125
-1.5676022e-05
-0.0016231537
0.091247559
0.16699219
0.11767578
0.10662842
0.020584106
-0.011383057
0.041137695
-0.0078353882
0.13317871
0.093322754
-0.00096511841
0.067138672
0.15661621
0.034851074
-0.0090560913
0.043212891
0.036804199
0.076904297
0.045684814
0.112854
0.037109375
-0.0032348633
0.0047454834
-0.00083398819
-0.008972168
-0.0044059753
-0.0032100677
0.069091797
-0.0028743744
0.032409668
-0.0044975281
-0.010444641
-0.0078125
0.044006348
-0.009262085
0.032501221
-0.0082931519
-0.0057754517
-0.00032496452
0.066162109
0.15612793
-0.010383606
-0.002784729
-0.010482788
0.051727295
-0.0016822815
-0.0028038025
0.082580566
-0.0033626556
0.027435303
-0.0021305084
-0.0042648315
-0.0011415482
-0.011314392
0.18078613
0.0085906982
-0.012443542
-0.0076065063
0.035247803
0.047302246
-0.0036220551
-0.002872467
-0.0029029846
0.11950684
-0.014251709
-0.00074005127
-0.01007843
-0.010475159
0.14575195
0.036682129
-0.0011568069
0.067138672
0.17602539
0.08605957
0.097717285
-0.011802673
-0.002828598
0.056121826
-0.0016517639
0.08026123
-0.001832962
0.032592773
-0.00031065941
0.032012939
-0.0046806335
0.0066184998
-0.0014677048
-0.012542725
-0.0070114136
-0.0050125122
0.011833191
0.015060425
-0.0086212158
-0.013465881
-0.0019950867
0.022689819
0.047454834
0.07434082
0.0059013367
0.050445557
-0.0090484619
0.11505127
0.033966064
0.065307617
0.044708252
-0.014091492
0.004283905
-0.01109314
-0.010276794
0.050109863
-0.0064086914
0.087036133
0.014221191
0.0042228699
0.012588501
-0.0043945312
-0.0026721954
-0.0043792725
0.10858154
-0.0058250427
0.031036377
-0.0062980652
0.022918701
0.0078086853
0.017242432
0.05065918
0.018310547
-0.0025482178
0.08605957
0.14929199
0.12780762
0.084899902
0.036346436
-0.010635376
0.030990601
-0.0063018799
0.12609863
0.078369141
-0.0013551712
0.067932129
0.12023926
0.034576416
-0.0098724365
0.033325195
0.054260254
0.094726562
0.040039062
0.11846924
0.023895264
-0.0010251999
0.015731812
0.023391724
-0.0088119507
-0.0027256012
-0.0011386871
0.081359863
-0.00078582764
0.036224365
-0.0034923553
-0.0098953247
-0.0071563721
0.058807373
-0.0091629028
0.01890564
-0.0083465576
-0.0069961548
0.018295288
0.047058105
0.16442871
-0.0085601807
-0.00079250336
-0.0098419189
0.019348145
-0.0041885376
-0.0011339188
0.078735352
-0.0037612915
0.034759521
-0.00047945976
-0.004535675
-0.0046348572
-0.01209259
0.13354492
0.0061683655
-0.011749268
-0.0087509155
0.027175903
0.035675049
-0.0048027039
-0.0033531189
-0.0034408569
0.10943604
-0.012611389
0.003030777
-0.0091323853
-0.010604858
0.11932373
0.053588867
-0.0014810562
0.07043457
0.15429688
0.082214355
0.073425293
-0.012756348
-0.0032634735
0.037750244
-0.0015878677
0.066467285
0.012252808
0.055847168
0.0077362061
0.023712158
-0.0055809021
0.0055084229
0.0038719177
-0.014068604
-0.0084762573
-0.0043258667
0.0035514832
0.015060425
-0.0086212158
-0.013465881
-0.0019950867
0.022689819
0.047454834
0.07434082
0.0059013367
0.050445557
-0.0090484619
0.11505127
0.033966064
0.065307617
0.044708252
-0.014091492
0.004283905
-0.01109314
-0.010276794
0.050109863
-0.0064086914
0.087036133
0.014221191
0.0042228699
0.012588501
-0.0043945312
-0.0026721954
-0.0043792725
0.10858154
-0.0058250427
0.031036377
-0.0062980652
0.022918701
0.0078086853
0.017242432
0.05065918
0.018310547
-0.0025482178
0.08605957
0.14929199
0.12780762
0.084899902
0.036346436
-0.010635376
0.030990601
-0.0063018799
0.12609863
0.078369141
-0.0013551712
0.067932129
0.12023926
0.034576416
-0.0098724365
0.033325195
0.054260254
0.094726562
0.040039062
0.11846924
0.023895264
-0.0010251999
0.015731812
0.023391724
-0.0088119507
-0.0027256012
-0.0011386871
0.081359863
-0.00078582764
0.036224365
-0.0034923553
-0.0098953247
-0.0071563721
0.058807373
-0.0091629028
0.01890564
-0.0083465576
-0.0069961548
0.018295288
0.047058105
0.16442871
-0.0085601807
-0.00079250336
-0.0098419189
0.019348145
-0.0041885376
-0.0011339188
0.078735352
-0.0037612915
0.034759521
-0.00047945976
-0.004535675
-0.0046348572
-0.01209259
0.13354492
0.0061683655
-0.011749268
-0.0087509155
0.027175903
0.035675049
-0.0048027039
-0.0033531189
-0.0034408569
0.10943604
-0.012611389
0.003030777
-0.0091323853
-0.010604858
0.11932373
0.053588867
-0.0014810562
0.07043457
0.15429688
0.082214355
0.073425293
-0.012756348
-0.0032634735
0.037750244
-0.0015878677
0.066467285
0.012252808
0.055847168
0.0077362061
0.023712158
-0.0055809021
0.0055084229
0.0038719177
-0.014068604
-0.0084762573
-0.0043258667
0.0035514832
0.015060425
-0.0086212158
-0.013465881
-0.0019950867
0.022689819
0.047454834
0.07434082
0.0059013367
0.050445557
-0.0090484619
0.11505127
0.033966064
0.065307617
0.044708252
-0.014091492
0.004283905
-0.01109314
-0.010276794
0.050109863
-0.0064086914
0.087036133
0.014221191
0.0042228699
0.012588501
-0.0043945312
-0.0026721954
-0.0043792725
0.10858154
-0.0058250427
0.031036377
-0.0062980652
0.022918701
0.0078086853
0.017242432
0.05065918
0.018310547
-0.0025482178
0.08605957
0.14929199
0.12780762
0.084899902
0.036346436
-0.010635376
0.030990601
-0.0063018799
0.12609863
0.078369141
-0.0013551712
0.067932129
0.12023926
0.034576416
-0.0098724365
0.033325195
0.054260254
0.094726562
0.040039062
0.11846924
0.023895264
-0.0010251999
0.015731812
0.023391724
-0.0088119507
-0.0027256012
-0.0011386871
0.081359863
-0.00078582764
0.036224365
-0.0034923553
-0.0098953247
-0.0071563721
0.058807373
-0.0091629028
0.01890564
-0.0083465576
-0.0069961548
0.018295288
0.047058105
0.16442871
-0.0085601807
-0.00079250336
-0.0098419189
0.019348145
-0.0041885376
-0.0011339188
0.078735352
-0.0037612915
0.034759521
-0.00047945976
-0.004535675
-0.0046348572
-0.01209259
0.13354492
0.0061683655
-0.011749268
-0.0087509155
0.027175903
0.035675049
-0.0048027039
-0.0033531189
-0.0034408569
0.10943604
-0.012611389
0.003030777
-0.0091323853
-0.010604858
0.11932373
0.053588867
-0.0014810562
0.07043457
0.15429688
0.082214355
0.073425293
-0.012756348
-0.0032634735
0.037750244
-0.0015878677
0.066467285
0.012252808
0.055847168
0.0077362061
0.023712158
-0.0055809021
0.0055084229
0.0038719177
-0.014068604
-0.0084762573
-0.0043258667
0.0035514832
0.015060425
-0.0086212158
-0.013465881
-0.0019950867
0.022689819
0.047454834
0.07434082
0.0059013367
0.050445557
-0.0090484619
0.11505127
0.033966064
0.065307617
0.044708252
-0.014091492
0.004283905
-0.01109314
-0.010276794
0.050109863
-0.0064086914
0.087036133
0.014221191
0.0042228699
0.012588501
-0.0043945312
-0.0026721954
-0.0043792725
0.10858154
-0.0058250427
0.031036377
-0.0062980652
0.022918701
0.0078086853
0.017242432
0.05065918
0.018310547
-0.0025482178
0.08605957
0.14929199
0.12780762
0.084899902
0.036346436
-0.010635376
0.030990601
-0.0063018799
0.12609863
0.078369141
-0.0013551712
0.067932129
0.12023926
0.034576416
-0.0098724365
0.033325195
0.054260254
0.094726562
0.040039062
0.11846924
0.023895264
-0.0010251999
0.015731812
0.023391724
-0.0088119507
-0.0027256012
-0.0011386871
0.081359863
-0.00078582764
0.036224365
-0.0034923553
-0.0098953247
-0.0071563721
0.058807373
-0.0091629028
0.01890564
-0.0083465576
-0.0069961548
0.018295288
0.047058105
0.16442871
-0.0085601807
-0.00079250336
-0.0098419189
0.019348145
-0.0041885376
-0.0011339188
0.078735352
-0.0037612915
0.034759521
-0.00047945976
-0.004535675
-0.0046348572
-0.01209259
0.13354492
0.0061683655
-0.011749268
-0.0087509155
0.027175903
0.035675049
-0.0048027039
-0.0033531189
-0.0034408569
0.10943604
-0.012611389
0.003030777
-0.0091323853
-0.010604858
0.11932373
0.053588867
-0.0014810562
0.07043457
0.15429688
0.082214355
0.073425293
-0.012756348
-0.0032634735
0.037750244
-0.0015878677
0.066467285
0.012252808
0.055847168
0.0077362061
0.023712158
-0.0055809021
0.0055084229
0.0038719177
-0.014068604
-0.0084762573
-0.0043258667
0.0035514832
0.015060425
-0.0086212158
-0.013465881
-0.0019950867
0.022689819
0.047454834
0.07434082
0.0059013367
0.050445557
-0.0090484619
0.11505127
0.033966064
0.065307617
0.044708252
-0.014091492
0.004283905
-0.01109314
-0.010276794
0.050109863
-0.0064086914
0.087036133
0.014221191
0.0042228699
0.012588501
-0.0043945312
-0.0026721954
-0.0043792725
0.10858154
-0.0058250427
0.031036377
-0.0062980652
0.022918701
0.0078086853
0.017242432
0.05065918
0.018310547
-0.0025482178
0.08605957
0.14929199
0.12780762
0.084899902
0.036346436
-0.010635376
0.030990601
-0.0063018799
0.12609863
0.078369141
-0.0013551712
0.067932129
0.12023926
0.034576416
-0.0098724365
0.033325195
0.054260254
0.094726562
0.040039062
0.11846924
0.023895264
-0.0010251999
0.015731812
0.023391724
-0.0088119507
-0.0027256012
-0.0011386871
0.081359863
-0.00078582764
0.036224365
-0.0034923553
-0.0098953247
-0.0071563721
0.058807373
-0.0091629028
0.01890564
-0.0083465576
-0.0069961548
0.018295288
0.047058105
0.16442871
-0.0085601807
-0.00079250336
-0.0098419189
0.019348145
-0.0041885376
-0.0011339188
0.078735352
-0.0037612915
0.034759521
-0.00047945976
-0.004535675
-0.0046348572
-0.01209259
0.13354492
0.0061683655
-0.011749268
-0.0087509155
0.027175903
0.035675049
-0.0048027039
-0.0033531189
-0.0034408569
0.10943604
-0.012611389
0.003030777
-0.0091323853
-0.010604858
0.11932373
0.053588867
-0.0014810562
0.07043457
0.15429688
0.082214355
0.073425293
-0.012756348
-0.0032634735
0.037750244
-0.0015878677
0.066467285
0.012252808
0.055847168
0.0077362061
0.023712158
-0.0055809021
0.0055084229
0.0038719177
-0.014068604
-0.0084762573
-0.0043258667
0.0035514832
0.015060425
-0.0086212158
-0.013465881
-0.0019950867
0.022689819
0.047454834
0.07434082
0.0059013367
0.050445557
-0.0090484619
0.11505127
0.033966064
0.065307617
0.044708252
-0.014091492
0.004283905
-0.01109314
-0.010276794
0.050109863
-0.0064086914
0.087036133
0.014221191
0.0042228699
0.012588501
-0.0043945312
-0.0026721954
-0.0043792725
0.10858154
-0.0058250427
0.031036377
-0.0062980652
0.022918701
0.0078086853
0.017242432
0.05065918
0.018310547
-0.0025482178
0.08605957
0.14929199
0.12780762
0.084899902
0.036346436
-0.010635376
0.030990601
-0.0063018799
0.12609863
0.078369141
-0.0013551712
0.067932129
0.12023926
0.034576416
-0.0098724365
0.033325195
0.054260254
0.094726562
0.040039062
0.11846924
0.023895264
-0.0010251999
0.015731812
0.023391724
-0.0088119507
-0.0027256012
-0.0011386871
0.081359863
-0.00078582764
0.036224365
-0.0034923553
-0.0098953247
-0.0071563721
0.058807373
-0.0091629028
0.01890564
-0.0083465576
-0.0069961548
0.018295288
0.047058105
0.16442871
-0.0085601807
-0.00079250336
-0.0098419189
0.019348145
-0.0041885376
-0.0011339188
0.078735352
-0.0037612915
0.034759521
-0.00047945976
-0.004535675
-0.0046348572
-0.01209259
0.13354492
0.0061683655
-0.011749268
-0.0087509155
0.027175903
0.035675049
-0.0048027039
-0.0033531189
-0.0034408569
0.10943604
-0.012611389
0.003030777
-0.0091323853
-0.010604858
0.11932373
0.053588867
-0.0014810562
0.07043457
0.15429688
0.082214355
0.073425293
-0.012756348
-0.0032634735
0.037750244
-0.0015878677
0.066467285
0.012252808
0.055847168
0.0077362061
0.023712158
-0.0055809021
0.0055084229
0.0038719177
-0.014068604
-0.0084762573
-0.0043258667
0.0035514832
0.015060425
-0.0086212158
-0.013465881
-0.0019950867
0.022689819
0.047454834
0.07434082
0.0059013367
0.050445557
-0.0090484619
0.11505127
0.033966064
0.065307617
0.044708252
-0.014091492
0.004283905
-0.01109314
-0.010276794
0.050109863
-0.0064086914
0.087036133
0.014221191
0.0042228699
0.012588501
-0.0043945312
-0.0026721954
-0.0043792725
0.10858154
-0.0058250427
0.031036377
-0.0062980652
0.022918701
0.0078086853
0.017242432
0.05065918
0.018310547
-0.0025482178
0.08605957
0.14929199
0.12780762
0.084899902
0.036346436
-0.010635376
0.030990601
-0.0063018799
0.12609863
0.078369141
-0.0013551712
0.067932129
0.12023926
0.034576416
-0.0098724365
0.033325195
0.054260254
0.094726562
0.040039062
0.11846924
0.023895264
-0.0010251999
0.015731812
0.023391724
-0.0088119507
-0.0027256012
-0.0011386871
0.081359863
-0.00078582764
0.036224365
-0.0034923553
-0.0098953247
-0.0071563721
0.058807373
-0.0091629028
0.01890564
-0.0083465576
-0.0069961548
0.018295288
0.047058105
0.16442871
-0.0085601807
-0.00079250336
-0.0098419189
0.019348145
-0.0041885376
-0.0011339188
0.078735352
-0.0037612915
0.034759521
-0.00047945976
-0.004535675
-0.0046348572
-0.01209259
0.13354492
0.0061683655
-0.011749268
-0.0087509155
0.027175903
0.035675049
-0.0048027039
-0.0033531189
-0.0034408569
0.10943604
-0.012611389
0.003030777
-0.0091323853
-0.010604858
0.11932373
0.053588867
-0.0014810562
0.07043457
0.15429688
0.082214355
0.073425293
-0.012756348
-0.0032634735
0.037750244
-0.0015878677
0.066467285
0.012252808
0.055847168
0.0077362061
0.023712158
-0.0055809021
0.0055084229
0.0038719177
-0.014068604
-0.0084762573
-0.0043258667
0.0035514832
0.015060425
-0.0086212158
-0.013465881
-0.0019950867
0.022689819
0.047454834
0.07434082
0.0059013367
0.050445557
-0.0090484619
0.11505127
0.033966064
0.065307617
0.044708252
-0.014091492
0.004283905
-0.01109314
-0.010276794
0.050109863
-0.0064086914
0.087036133
0.014221191
0.0042228699
0.012588501
-0.0043945312
-0.0026721954
-0.0043792725
0.10858154
-0.0058250427
0.031036377
-0.0062980652
0.022918701
0.0078086853
0.017242432
0.05065918
0.018310547
-0.0025482178
0.08605957
0.14929199
0.12780762
0.084899902
0.036346436
-0.010635376
0.030990601
-0.0063018799
0.12609863
0.078369141
-0.0013551712
0.067932129
0.12023926
0.034576416
-0.0098724365
0.033325195
0.054260254
0.094726562
0.040039062
0.11846924
0.023895264
-0.0010251999
0.015731812
0.023391724
-0.0088119507
-0.0027256012
-0.0011386871
0.081359863
-0.00078582764
0.036224365
-0.0034923553
-0.0098953247
-0.0071563721
0.058807373
-0.0091629028
0.01890564
-0.0083465576
-0.0069961548
0.018295288
0.047058105
0.16442871
-0.0085601807
-0.00079250336
-0.0098419189
0.019348145
-0.0041885376
-0.0011339188
0.078735352
-0.0037612915
0.034759521
-0.00047945976
-0.004535675
-0.0046348572
-0.01209259
0.13354492
0.0061683655
-0.011749268
-0.0087509155
0.027175903
0.035675049
-0.0048027039
-0.0033531189
-0.0034408569
0.10943604
-0.012611389
0.003030777
-0.0091323853
-0.010604858
0.11932373
0.053588867
-0.0014810562
0.07043457
0.15429688
0.082214355
0.073425293
-0.012756348
-0.0032634735
0.037750244
-0.0015878677
0.066467285
0.012252808
0.055847168
0.0077362061
0.023712158
-0.0055809021
0.0055084229
0.0038719177
-0.014068604
-0.0084762573
-0.0043258667
0.0035514832
0.015060425
-0.0086212158
-0.013465881
-0.0019950867
0.022689819
0.047454834
0.07434082
0.0059013367
0.050445557
-0.0090484619
0.11505127
0.033966064
0.065307617
0.044708252
-0.014091492
0.004283905
-0.01109314
-0.010276794
0.050109863
-0.0064086914
0.087036133
0.014221191
0.0042228699
0.012588501
-0.0043945312
-0.0026721954
-0.0043792725
0.10858154
-0.0058250427
0.031036377
-0.0062980652
0.022918701
0.0078086853
0.017242432
0.05065918
0.018310547
-0.0025482178
0.08605957
0.14929199
0.12780762
0.084899902
0.036346436
-0.010635376
0.030990601
-0.0063018799
0.12609863
0.078369141
-0.0013551712
0.067932129
0.12023926
0.034576416
-0.0098724365
0.033325195
0.054260254
0.094726562
0.040039062
0.11846924
0.023895264
-0.0010251999
0.015731812
0.023391724
-0.0088119507
-0.0027256012
-0.0011386871
0.081359863
-0.00078582764
0.036224365
-0.0034923553
-0.0098953247
-0.0071563721
0.058807373
-0.0091629028
0.01890564
-0.0083465576
-0.0069961548
0.018295288
0.047058105
0.16442871
-0.0085601807
-0.00079250336
-0.0098419189
0.019348145
-0.0041885376
-0.0011339188
0.078735352
-0.0037612915
0.034759521
-0.00047945976
-0.004535675
-0.0046348572
-0.01209259
0.13354492
0.0061683655
-0.011749268
-0.0087509155
0.027175903
0.035675049
-0.0048027039
-0.0033531189
-0.0034408569
0.10943604
-0.012611389
0.003030777
-0.0091323853
-0.010604858
0.11932373
0.053588867
-0.0014810562
0.07043457
0.15429688
0.082214355
0.073425293
-0.012756348
-0.0032634735
0.037750244
-0.0015878677
0.066467285
0.012252808
0.055847168
0.0077362061
0.023712158
-0.0055809021
0.0055084229
0.0038719177
-0.014068604
-0.0084762573
-0.0043258667
0.0035514832
0.015060425
-0.0086212158
-0.013465881
-0.0019950867
0.022689819
0.047454834
0.07434082
0.0059013367
0.050445557
-0.0090484619
0.11505127
0.033966064
0.065307617
0.044708252
-0.014091492
0.004283905
-0.01109314
-0.010276794
0.050109863
-0.0064086914
0.087036133
0.014221191
0.0042228699
0.012588501
-0.0043945312
-0.0026721954
-0.0043792725
0.10858154
-0.0058250427
0.031036377
-0.0062980652
0.022918701
0.0078086853
0.017242432
0.05065918
0.018310547
-0.0025482178
0.08605957
0.14929199
0.12780762
0.084899902
0.036346436
-0.010635376
0.030990601
-0.0063018799
0.12609863
0.078369141
-0.0013551712
0.067932129
0.12023926
0.034576416
-0.0098724365
0.033325195
0.054260254
0.094726562
0.040039062
0.11846924
0.023895264
-0.0010251999
0.015731812
0.023391724
-0.0088119507
-0.0027256012
-0.0011386871
0.081359863
-0.00078582764
0.036224365
-0.0034923553
-0.0098953247
-0.0071563721
0.058807373
-0.0091629028
0.01890564
-0.0083465576
-0.0069961548
0.018295288
0.047058105
0.16442871
-0.0085601807
-0.00079250336
-0.0098419189
0.019348145
-0.0041885376
-0.0011339188
0.078735352
-0.0037612915
0.034759521
-0.00047945976
-0.004535675
-0.0046348572
-0.01209259
0.13354492
0.0061683655
-0.011749268
-0.0087509155
0.027175903
0.035675049
-0.0048027039
-0.0033531189
-0.0034408569
0.10943604
-0.012611389
0.003030777
-0.0091323853
-0.010604858
0.11932373
0.053588867
-0.0014810562
0.07043457
0.15429688
0.082214355
0.073425293
-0.012756348
-0.0032634735
0.037750244
-0.0015878677
0.066467285
0.012252808
0.055847168
0.0077362061
0.023712158
-0.0055809021
0.0055084229
0.0038719177
-0.014068604
-0.0084762573
-0.0043258667
0.0035514832
0.015060425
-0.0086212158
-0.013465881
-0.0019950867
0.022689819
0.047454834
0.07434082
0.0059013367
0.050445557
-0.0090484619
0.11505127
0.033966064
0.065307617
0.044708252
-0.014091492
0.004283905
-0.01109314
-0.010276794
0.050109863
-0.0064086914
0.087036133
0.014221191
0.0042228699
0.012588501
-0.0043945312
-0.0026721954
-0.0043792725
0.10858154
-0.0058250427
0.031036377
-0.0062980652
0.022918701
0.0078086853
0.017242432
0.05065918
0.018310547
-0.0025482178
0.08605957
0.14929199
0.12780762
0.084899902
0.036346436
-0.010635376
0.030990601
-0.0063018799
0.12609863
0.078369141
-0.0013551712
0.067932129
0.12023926
0.034576416
-0.0098724365
0.033325195
0.054260254
0.094726562
0.040039062
0.11846924
0.023895264
-0.0010251999
0.015731812
0.023391724
-0.0088119507
-0.0027256012
-0.0011386871
0.081359863
-0.00078582764
0.036224365
-0.0034923553
-0.0098953247
-0.0071563721
0.058807373
-0.0091629028
0.01890564
-0.0083465576
-0.0069961548
0.018295288
0.047058105
0.16442871
-0.0085601807
-0.00079250336
-0.0098419189
0.019348145
-0.0041885376
-0.0011339188
0.078735352
-0.0037612915
0.034759521
-0.00047945976
-0.004535675
-0.0046348572
-0.01209259
0.13354492
0.0061683655
-0.011749268
-0.0087509155
0.027175903
0.035675049
-0.0048027039
-0.0033531189
-0.0034408569
0.10943604
-0.012611389
0.003030777
-0.0091323853
-0.010604858
0.11932373
0.053588867
-0.0014810562
0.07043457
0.15429688
0.082214355
0.073425293
-0.012756348
-0.0032634735
0.037750244
-0.0015878677
0.066467285
0.012252808
0.055847168
0.0077362061
0.023712158
-0.0055809021
0.0055084229
0.0038719177
-0.014068604
-0.0084762573
-0.0043258667
0.0035514832
0.015060425
-0.0086212158
-0.013465881
-0.0019950867
0.022689819
0.047454834
0.07434082
0.0059013367
0.050445557
-0.0090484619
0.11505127
0.033966064
0.065307617
0.044708252
-0.014091492
0.004283905
-0.01109314
-0.010276794
0.050109863
-0.0064086914
0.087036133
0.014221191
0.0042228699
0.012588501
-0.0043945312
-0.0026721954
-0.0043792725
0.10858154
-0.0058250427
0.031036377
-0.0062980652
0.022918701
0.0078086853
0.017242432
0.05065918
0.018310547
-0.0025482178
0.08605957
0.14929199
0.12780762
0.084899902
0.036346436
-0.010635376
0.030990601
-0.0063018799
0.12609863
0.078369141
-0.0013551712
0.067932129
0.12023926
0.034576416
-0.0098724365
0.033325195
0.054260254
0.094726562
0.040039062
0.11846924
0.023895264
-0.0010251999
0.015731812
0.023391724
-0.0088119507
-0.0027256012
-0.0011386871
0.081359863
-0.00078582764
0.036224365
-0.0034923553
-0.0098953247
-0.0071563721
0.058807373
-0.0091629028
0.01890564
-0.0083465576
-0.0069961548
0.018295288
0.047058105
0.16442871
-0.0085601807
-0.00079250336
-0.0098419189
0.019348145
-0.0041885376
-0.0011339188
0.078735352
-0.0037612915
0.034759521
-0.00047945976
-0.004535675
-0.0046348572
-0.01209259
0.13354492
0.0061683655
-0.011749268
-0.0087509155
0.027175903
0.035675049
-0.0048027039
-0.0033531189
-0.0034408569
0.10943604
-0.012611389
0.003030777
-0.0091323853
-0.010604858
0.11932373
0.053588867
-0.0014810562
0.07043457
0.15429688
0.082214355
0.073425293
-0.012756348
-0.0032634735
0.037750244
-0.0015878677
0.066467285
0.012252808
0.055847168
0.0077362061
0.023712158
-0.0055809021
0.0055084229
0.0038719177
-0.014068604
-0.0084762573
-0.0043258667
0.0035514832
0.015060425
-0.0086212158
-0.013465881
-0.0019950867
0.022689819
0.047454834
0.07434082
0.0059013367
0.050445557
-0.0090484619
0.11505127
0.033966064
0.065307617
0.044708252
-0.014091492
0.004283905
-0.01109314
-0.010276794
0.050109863
-0.0064086914
0.087036133
0.014221191
0.0042228699
0.012588501
-0.0043945312
-0.0026721954
-0.0043792725
0.10858154
-0.0058250427
0.031036377
-0.0062980652
0.022918701
0.0078086853
0.017242432
0.05065918
0.018310547
-0.0025482178
0.08605957
0.14929199
0.12780762
0.084899902
0.036346436
-0.010635376
0.030990601
-0.0063018799
0.12609863
0.078369141
-0.0013551712
0.067932129
0.12023926
0.034576416
-0.0098724365
0.033325195
0.054260254
0.094726562
0.040039062
0.11846924
0.023895264
-0.0010251999
0.015731812
0.023391724
-0.0088119507
-0.0027256012
-0.0011386871
0.081359863
-0.00078582764
0.036224365
-0.0034923553
-0.0098953247
-0.0071563721
0.058807373
-0.0091629028
0.01890564
-0.0083465576
-0.0069961548
0.018295288
0.047058105
0.16442871
-0.0085601807
-0.00079250336
-0.0098419189
0.019348145
-0.0041885376
-0.0011339188
0.078735352
-0.0037612915
0.034759521
-0.00047945976
-0.004535675
-0.0046348572
-0.01209259
0.13354492
0.0061683655
-0.011749268
-0.0087509155
0.027175903
0.035675049
-0.0048027039
-0.0033531189
-0.0034408569
0.10943604
-0.012611389
0.003030777
-0.0091323853
-0.010604858
0.11932373
0.053588867
-0.0014810562
0.07043457
0.15429688
0.082214355
0.073425293
-0.012756348
-0.0032634735
0.037750244
-0.0015878677
0.066467285
0.012252808
0.055847168
0.0077362061
0.023712158
-0.0055809021
0.0055084229
0.0038719177
-0.014068604
-0.0084762573
-0.0043258667
0.0035514832
0.015060425
-0.0086212158
-0.013465881
-0.0019950867
0.022689819
0.047454834
0.07434082
0.0059013367
0.050445557
-0.0090484619
0.11505127
0.033966064
0.065307617
0.044708252
-0.014091492
0.004283905
-0.01109314
-0.010276794
0.050109863
-0.0064086914
0.087036133
0.014221191
0.0042228699
0.012588501
-0.0043945312
-0.0026721954
-0.0043792725
0.10858154
-0.0058250427
0.031036377
-0.0062980652
0.022918701
0.0078086853
0.017242432
0.05065918
0.018310547
-0.0025482178
0.08605957
0.14929199
0.12780762
0.084899902
0.036346436
-0.010635376
0.030990601
-0.0063018799
0.12609863
0.078369141
-0.0013551712
0.067932129
0.12023926
0.034576416
-0.0098724365
0.033325195
0.054260254
0.094726562
0.040039062
0.11846924
0.023895264
-0.0010251999
0.015731812
0.023391724
-0.0088119507
-0.0027256012
-0.0011386871
0.081359863
-0.00078582764
0.036224365
-0.0034923553
-0.0098953247
-0.0071563721
0.058807373
-0.0091629028
0.01890564
-0.0083465576
-0.0069961548
0.018295288
0.047058105
0.16442871
-0.0085601807
-0.00079250336
-0.0098419189
0.019348145
-0.0041885376
-0.0011339188
0.078735352
-0.0037612915
0.034759521
-0.00047945976
-0.004535675
-0.0046348572
-0.01209259
0.13354492
0.0061683655
-0.011749268
-0.0087509155
0.027175903
0.035675049
-0.0048027039
-0.0033531189
-0.0034408569
0.10943604
-0.012611389
0.003030777
-0.0091323853
-0.010604858
0.11932373
0.053588867
-0.0014810562
0.07043457
0.15429688
0.082214355
0.073425293
-0.012756348
-0.0032634735
0.037750244
-0.0015878677
0.066467285
0.012252808
0.055847168
0.0077362061
0.023712158
-0.0055809021
0.0055084229
0.0038719177
-0.014068604
-0.0084762573
-0.0043258667
0.0035514832
0.015060425
-0.0086212158
-0.013465881
-0.0019950867
0.022689819
0.047454834
0.07434082
0.0059013367
0.050445557
-0.0090484619
0.11505127
0.033966064
0.065307617
0.044708252
-0.014091492
0.004283905
-0.01109314
-0.010276794
0.050109863
-0.0064086914
0.087036133
0.014221191
0.0042228699
0.012588501
-0.0043945312
-0.0026721954
-0.0043792725
0.10858154
-0.0058250427
0.031036377
-0.0062980652
0.022918701
0.0078086853
0.017242432
0.05065918
0.018310547
-0.0025482178
0.08605957
0.14929199
0.12780762
0.084899902
0.036346436
-0.010635376
0.030990601
-0.0063018799
0.12609863
0.078369141
-0.0013551712
0.067932129
0.12023926
0.034576416
-0.0098724365
0.033325195
0.054260254
0.094726562
0.040039062
0.11846924
0.023895264
-0.0010251999
0.015731812
0.023391724
-0.0088119507
-0.0027256012
-0.0011386871
0.081359863
-0.00078582764
0.036224365
-0.0034923553
-0.0098953247
-0.0071563721
0.058807373
-0.0091629028
0.01890564
-0.0083465576
-0.0069961548
0.018295288
0.047058105
0.16442871
-0.0085601807
-0.00079250336
-0.0098419189
0.019348145
-0.0041885376
-0.0011339188
0.078735352
-0.0037612915
0.034759521
-0.00047945976
-0.004535675
-0.0046348572
-0.01209259
0.13354492
0.0061683655
-0.011749268
-0.0087509155
0.027175903
0.035675049
-0.0048027039
-0.0033531189
-0.0034408569
0.10943604
-0.012611389
0.003030777
-0.0091323853
-0.010604858
0.11932373
0.053588867
-0.0014810562
0.07043457
0.15429688
0.082214355
0.073425293
-0.012756348
-0.0032634735
0.037750244
-0.0015878677
0.066467285
0.012252808
0.055847168
0.0077362061
0.023712158
-0.0055809021
0.0055084229
0.0038719177
-0.014068604
-0.0084762573
-0.0043258667
0.0035514832
0.015060425
-0.0086212158
-0.013465881
-0.0019950867
0.022689819
0.047454834
0.07434082
0.0059013367
0.050445557
-0.0090484619
0.11505127
0.033966064
0.065307617
0.044708252
-0.014091492
0.004283905
-0.01109314
-0.010276794
0.050109863
-0.0064086914
0.087036133
0.014221191
0.0042228699
0.012588501
-0.0043945312
-0.0026721954
-0.0043792725
0.10858154
-0.0058250427
0.031036377
-0.0062980652
0.022918701
0.0078086853
0.017242432
0.05065918
0.018310547
-0.0025482178
0.08605957
0.14929199
0.12780762
0.084899902
0.036346436
-0.010635376
0.030990601
-0.0063018799
0.12609863
0.078369141
-0.0013551712
0.067932129
0.12023926
0.034576416
-0.0098724365
0.033325195
0.054260254
0.094726562
0.040039062
0.11846924
0.023895264
-0.0010251999
0.015731812
0.023391724
-0.0088119507
-0.0027256012
-0.0011386871
0.081359863
-0.00078582764
0.036224365
-0.0034923553
-0.0098953247
-0.0071563721
0.058807373
-0.0091629028
0.01890564
-0.0083465576
-0.0069961548
0.018295288
0.047058105
0.16442871
-0.0085601807
-0.00079250336
-0.0098419189
0.019348145
-0.0041885376
-0.0011339188
0.078735352
-0.0037612915
0.034759521
-0.00047945976
-0.004535675
-0.0046348572
-0.01209259
0.13354492
0.0061683655
-0.011749268
-0.0087509155
0.027175903
0.035675049
-0.0048027039
-0.0033531189
-0.0034408569
0.10943604
-0.012611389
0.003030777
-0.0091323853
-0.010604858
0.11932373
0.053588867
-0.0014810562
0.07043457
0.15429688
0.082214355
0.073425293
-0.012756348
-0.0032634735
0.037750244
-0.0015878677
0.066467285
0.012252808
0.055847168
0.0077362061
0.023712158
-0.0055809021
0.0055084229
0.0038719177
-0.014068604
-0.0084762573
-0.0043258667
0.0035514832
0.015060425
-0.0086212158
-0.013465881
-0.0019950867
0.022689819
0.047454834
0.07434082
0.0059013367
0.050445557
-0.0090484619
0.11505127
0.033966064
0.065307617
0.044708252
-0.014091492
0.004283905
-0.01109314
-0.010276794
0.050109863
-0.0064086914
0.087036133
0.014221191
0.0042228699
0.012588501
-0.0043945312
-0.0026721954
-0.0043792725
0.10858154
-0.0058250427
0.031036377
-0.0062980652
0.022918701
0.0078086853
0.017242432
0.05065918
0.018310547
-0.0025482178
0.08605957
0.14929199
0.12780762
0.084899902
0.036346436
-0.010635376
0.030990601
-0.0063018799
0.12609863
0.078369141
-0.0013551712
0.067932129
0.12023926
0.034576416
-0.0098724365
0.033325195
0.054260254
0.094726562
0.040039062
0.11846924
0.023895264
-0.0010251999
0.015731812
0.023391724
-0.0088119507
-0.0027256012
-0.0011386871
0.081359863
-0.00078582764
0.036224365
-0.0034923553
-0.0098953247
-0.0071563721
0.058807373
-0.0091629028
0.01890564
-0.0083465576
-0.0069961548
0.018295288
0.047058105
0.16442871
-0.0085601807
-0.00079250336
-0.0098419189
0.019348145
-0.0041885376
-0.0011339188
0.078735352
-0.0037612915
0.034759521
-0.00047945976
-0.004535675
-0.0046348572
-0.01209259
0.13354492
0.0061683655
-0.011749268
-0.0087509155
0.027175903
0.035675049
-0.0048027039
-0.0033531189
-0.0034408569
0.10943604
-0.012611389
0.003030777
-0.0091323853
-0.010604858
0.11932373
0.053588867
-0.0014810562
0.07043457
0.15429688
0.082214355
0.073425293
-0.012756348
-0.0032634735
0.037750244
-0.0015878677
0.066467285
0.012252808
0.055847168
0.0077362061
0.023712158
-0.0055809021
0.0055084229
0.0038719177
-0.014068604
-0.0084762573
-0.0043258667
0.0035514832
0.015060425
-0.0086212158
-0.013465881
-0.0019950867
0.022689819
0.047454834
0.07434082
0.0059013367
0.050445557
-0.0090484619
0.11505127
0.033966064
0.065307617
0.044708252
-0.014091492
0.004283905
-0.01109314
-0.010276794
0.050109863
-0.0064086914
0.087036133
0.014221191
0.0042228699
0.012588501
-0.0043945312
-0.0026721954
-0.0043792725
0.10858154
-0.0058250427
0.031036377
-0.0062980652
0.022918701
0.0078086853
0.017242432
0.05065918
0.018310547
-0.0025482178
0.08605957
0.14929199
0.12780762
0.084899902
0.036346436
-0.010635376
0.030990601
-0.0063018799
0.12609863
0.078369141
-0.0013551712
0.067932129
0.12023926
0.034576416
-0.0098724365
0.033325195
0.054260254
0.094726562
0.040039062
0.11846924
0.023895264
-0.0010251999
0.015731812
0.023391724
-0.0088119507
-0.0027256012
-0.0011386871
0.081359863
-0.00078582764
0.036224365
-0.0034923553
-0.0098953247
-0.0071563721
0.058807373
-0.0091629028
0.01890564
-0.0083465576
-0.0069961548
0.018295288
0.047058105
0.16442871
-0.0085601807
-0.00079250336
-0.0098419189
0.019348145
-0.0041885376
-0.0011339188
0.078735352
-0.0037612915
0.034759521
-0.00047945976
-0.004535675
-0.0046348572
-0.01209259
0.13354492
0.0061683655
-0.011749268
-0.0087509155
0.027175903
0.035675049
-0.0048027039
-0.0033531189
-0.0034408569
0.10943604
-0.012611389
0.003030777
-0.0091323853
-0.010604858
0.11932373
0.053588867
-0.0014810562
0.07043457
0.15429688
0.082214355
0.073425293
-0.012756348
-0.0032634735
0.037750244
-0.0015878677
0.066467285
0.012252808
0.055847168
0.0077362061
0.023712158
-0.0055809021
0.0055084229
0.0038719177
-0.014068604
-0.0084762573
-0.0043258667
0.0035514832
0.015060425
-0.0086212158
-0.013465881
-0.0019950867
0.022689819
0.047454834
0.07434082
0.0059013367
0.050445557
-0.0090484619
0.11505127
0.033966064
0.065307617
0.044708252
-0.014091492
0.004283905
-0.01109314
-0.010276794
0.050109863
-0.0064086914
0.087036133
0.014221191
0.0042228699
0.012588501
-0.0043945312
-0.0026721954
-0.0043792725
0.10858154
-0.0058250427
0.031036377
-0.0062980652
0.022918701
0.0078086853
0.017242432
0.05065918
0.018310547
-0.0025482178
0.08605957
0.14929199
0.12780762
0.084899902
0.036346436
-0.010635376
0.030990601
-0.0063018799
0.12609863
0.078369141
-0.0013551712
0.067932129
0.12023926
0.034576416
-0.0098724365
0.033325195
0.054260254
0.094726562
0.040039062
0.11846924
0.023895264
-0.0010251999
0.015731812
0.023391724
-0.0088119507
-0.0027256012
-0.0011386871
0.081359863
-0.00078582764
0.036224365
-0.0034923553
-0.0098953247
-0.0071563721
0.058807373
-0.0091629028
0.01890564
-0.0083465576
-0.0069961548
0.018295288
0.047058105
0.16442871
-0.0085601807
-0.00079250336
-0.0098419189
0.019348145
-0.0041885376
-0.0011339188
0.078735352
-0.0037612915
0.034759521
-0.00047945976
-0.004535675
-0.0046348572
-0.01209259
0.13354492
0.0061683655
-0.011749268
-0.0087509155
0.027175903
0.035675049
-0.0048027039
-0.0033531189
-0.0034408569
0.10943604
-0.012611389
0.003030777
-0.0091323853
-0.010604858
0.11932373
0.053588867
-0.0014810562
0.07043457
0.15429688
0.082214355
0.073425293
-0.012756348
-0.0032634735
0.037750244
-0.0015878677
0.066467285
0.012252808
0.055847168
0.0077362061
0.023712158
-0.0055809021
0.0055084229
0.0038719177
-0.014068604
-0.0084762573
-0.0043258667
0.0035514832
0.015060425
-0.0086212158
-0.013465881
-0.0019950867
0.022689819
0.047454834
0.07434082
0.0059013367
0.050445557
-0.0090484619
0.11505127
0.033966064
0.065307617
0.044708252
-0.014091492
0.004283905
-0.01109314
-0.010276794
0.050109863
-0.0064086914
0.087036133
0.014221191
0.0042228699
0.012588501
-0.0043945312
-0.0026721954
-0.0043792725
0.10858154
-0.0058250427
0.031036377
-0.0062980652
0.022918701
0.0078086853
0.017242432
0.05065918
0.018310547
-0.0025482178
0.08605957
0.14929199
0.12780762
0.084899902
0.036346436
-0.010635376
0.030990601
-0.0063018799
0.12609863
0.078369141
-0.0013551712
0.067932129
0.12023926
0.034576416
-0.0098724365
0.033325195
0.054260254
0.094726562
0.040039062
0.11846924
0.023895264
-0.0010251999
0.015731812
0.023391724
-0.0088119507
-0.0027256012
-0.0011386871
0.081359863
-0.00078582764
0.036224365
-0.0034923553
-0.0098953247
-0.0071563721
0.058807373
-0.0091629028
0.01890564
-0.0083465576
-0.0069961548
0.018295288
0.047058105
0.16442871
-0.0085601807
-0.00079250336
-0.0098419189
0.019348145
-0.0041885376
-0.0011339188
0.078735352
-0.0037612915
0.034759521
-0.00047945976
-0.004535675
-0.0046348572
-0.01209259
0.13354492
0.0061683655
-0.011749268
-0.0087509155
0.027175903
0.035675049
-0.0048027039
-0.0033531189
-0.0034408569
0.10943604
-0.012611389
0.003030777
-0.0091323853
-0.010604858
0.11932373
0.053588867
-0.0014810562
0.07043457
0.15429688
0.082214355
0.073425293
-0.012756348
-0.0032634735
0.037750244
-0.0015878677
0.066467285
0.012252808
0.055847168
0.0077362061
0.023712158
-0.0055809021
0.0055084229
0.0038719177
-0.014068604
-0.0084762573
-0.0043258667
0.0035514832
0.015060425
-0.0086212158
-0.013465881
-0.0019950867
0.022689819
0.047454834
0.07434082
0.0059013367
0.050445557
-0.0090484619
0.11505127
0.033966064
0.065307617
0.044708252
-0.014091492
0.004283905
-0.01109314
-0.010276794
0.050109863
-0.0064086914
0.087036133
0.014221191
0.0042228699
0.012588501
-0.0043945312
-0.0026721954
-0.0043792725
0.10858154
-0.0058250427
0.031036377
-0.0062980652
0.022918701
0.0078086853
0.017242432
0.05065918
0.018310547
-0.0025482178
0.08605957
0.14929199
0.12780762
0.084899902
0.036346436
-0.010635376
0.030990601
-0.0063018799
0.12609863
0.078369141
-0.0013551712
0.067932129
0.12023926
0.034576416
-0.0098724365
0.033325195
0.054260254
0.094726562
0.040039062
0.11846924
0.023895264
-0.0010251999
0.015731812
0.023391724
-0.0088119507
-0.0027256012
-0.0011386871
0.081359863
-0.00078582764
0.036224365
-0.0034923553
-0.0098953247
-0.0071563721
0.058807373
-0.0091629028
0.01890564
-0.0083465576
-0.0069961548
0.018295288
0.047058105
0.16442871
-0.0085601807
-0.00079250336
-0.0098419189
0.019348145
-0.0041885376
-0.0011339188
0.078735352
-0.0037612915
0.034759521
-0.00047945976
-0.004535675
-0.0046348572
-0.01209259
0.13354492
0.0061683655
-0.011749268
-0.0087509155
0.027175903
0.035675049
-0.0048027039
-0.0033531189
-0.0034408569
0.10943604
-0.012611389
0.003030777
-0.0091323853
-0.010604858
0.11932373
0.053588867
-0.0014810562
0.07043457
0.15429688
0.082214355
0.073425293
-0.012756348
-0.0032634735
0.037750244
-0.0015878677
0.066467285
0.012252808
0.055847168
0.0077362061
0.023712158
-0.0055809021
0.0055084229
0.0038719177
-0.014068604
-0.0084762573
-0.0043258667
0.0035514832
0.015060425
-0.0086212158
-0.013465881
-0.0019950867
0.022689819
0.047454834
0.07434082
0.0059013367
0.050445557
-0.0090484619
0.11505127
0.033966064
0.065307617
0.044708252
-0.014091492
0.004283905
-0.01109314
-0.010276794
0.050109863
-0.0064086914
0.087036133
0.014221191
0.0042228699
0.012588501
-0.0043945312
-0.0026721954
-0.0043792725
0.10858154
-0.0058250427
0.031036377
-0.0062980652
0.022918701
0.0078086853
0.017242432
0.05065918
0.018310547
-0.0025482178
0.08605957
0.14929199
0.12780762
0.084899902
0.036346436
-0.010635376
0.030990601
-0.0063018799
0.12609863
0.078369141
-0.0013551712
0.067932129
0.12023926
0.034576416
-0.0098724365
0.033325195
0.054260254
0.094726562
0.040039062
0.11846924
0.023895264
-0.0010251999
0.015731812
0.023391724
-0.0088119507
-0.0027256012
-0.0011386871
0.081359863
-0.00078582764
0.036224365
-0.0034923553
-0.0098953247
-0.0071563721
0.058807373
-0.0091629028
0.01890564
-0.0083465576
-0.0069961548
0.018295288
0.047058105
0.16442871
-0.0085601807
-0.00079250336
-0.0098419189
0.019348145
-0.0041885376
-0.0011339188
0.078735352
-0.0037612915
0.034759521
-0.00047945976
-0.004535675
-0.0046348572
-0.01209259
0.13354492
0.0061683655
-0.011749268
-0.0087509155
0.027175903
0.035675049
-0.0048027039
-0.0033531189
-0.0034408569
0.10943604
-0.012611389
0.003030777
-0.0091323853
-0.010604858
0.11932373
0.053588867
-0.0014810562
0.07043457
0.15429688
0.082214355
0.073425293
-0.012756348
-0.0032634735
0.037750244
-0.0015878677
0.066467285
0.012252808
0.055847168
0.0077362061
0.023712158
-0.0055809021
0.0055084229
0.0038719177
-0.014068604
-0.0084762573
-0.0043258667
0.0035514832
0.015060425
-0.0086212158
-0.013465881
-0.0019950867
0.022689819
0.047454834
0.07434082
0.0059013367
0.050445557
-0.0090484619
0.11505127
0.033966064
0.065307617
0.044708252
-0.014091492
0.004283905
-0.01109314
-0.010276794
0.050109863
-0.0064086914
0.087036133
0.014221191
0.0042228699
0.012588501
-0.0043945312
-0.0026721954
-0.0043792725
0.10858154
-0.0058250427
0.031036377
-0.0062980652
0.022918701
0.0078086853
0.017242432
0.05065918
0.018310547
-0.0025482178
0.08605957
0.14929199
0.12780762
0.084899902
0.036346436
-0.010635376
0.030990601
-0.0063018799
0.12609863
0.078369141
-0.0013551712
0.067932129
0.12023926
0.034576416
-0.0098724365
0.033325195
0.054260254
0.094726562
0.040039062
0.11846924
0.023895264
-0.0010251999
0.015731812
0.023391724
-0.0088119507
-0.0027256012
-0.0011386871
0.081359863
-0.00078582764
0.036224365
-0.0034923553
-0.0098953247
-0.0071563721
0.058807373
-0.0091629028
0.01890564
-0.0083465576
-0.0069961548
0.018295288
0.047058105
0.16442871
-0.0085601807
-0.00079250336
-0.0098419189
0.019348145
-0.0041885376
-0.0011339188
0.078735352
-0.0037612915
0.034759521
-0.00047945976
-0.004535675
-0.0046348572
-0.01209259
0.13354492
0.0061683655
-0.011749268
-0.0087509155
0.027175903
0.035675049
-0.0048027039
-0.0033531189
-0.0034408569
0.10943604
-0.012611389
0.003030777
-0.0091323853
-0.010604858
0.11932373
0.053588867
-0.0014810562
0.07043457
0.15429688
0.082214355
0.073425293
-0.012756348
-0.0032634735
0.037750244
-0.0015878677
0.066467285
0.012252808
0.055847168
0.0077362061
0.023712158
-0.0055809021
0.0055084229
0.0038719177
-0.014068604
-0.0084762573
-0.0043258667
0.0035514832
0.015060425
-0.0086212158
-0.013465881
-0.0019950867
0.022689819
0.047454834
0.07434082
0.0059013367
0.050445557
-0.0090484619
0.11505127
0.033966064
0.065307617
0.044708252
-0.014091492
0.004283905
-0.01109314
-0.010276794
0.050109863
-0.0064086914
0.087036133
0.014221191
0.0042228699
0.012588501
-0.0043945312
-0.0026721954
-0.0043792725
0.10858154
-0.0058250427
0.031036377
-0.0062980652
0.022918701
0.0078086853
0.017242432
0.05065918
0.018310547
-0.0025482178
0.08605957
0.14929199
0.12780762
0.084899902
0.036346436
-0.010635376
0.030990601
-0.0063018799
0.12609863
0.078369141
-0.0013551712
0.067932129
0.12023926
0.034576416
-0.0098724365
0.033325195
0.054260254
0.094726562
0.040039062
0.11846924
0.023895264
-0.0010251999
0.015731812
0.023391724
-0.0088119507
-0.0027256012
-0.0011386871
0.081359863
-0.00078582764
0.036224365
-0.0034923553
-0.0098953247
-0.0071563721
0.058807373
-0.0091629028
0.01890564
-0.0083465576
-0.0069961548
0.018295288
0.047058105
0.16442871
-0.0085601807
-0.00079250336
-0.0098419189
0.019348145
-0.0041885376
-0.0011339188
0.078735352
-0.0037612915
0.034759521
-0.00047945976
-0.004535675
-0.0046348572
-0.01209259
0.13354492
0.0061683655
-0.011749268
-0.0087509155
0.027175903
0.035675049
-0.0048027039
-0.0033531189
-0.0034408569
0.10943604
-0.012611389
0.003030777
-0.0091323853
-0.010604858
0.11932373
0.053588867
-0.0014810562
0.07043457
0.15429688
0.082214355
0.073425293
-0.012756348
-0.0032634735
0.037750244
-0.0015878677
0.066467285
0.012252808
0.055847168
0.0077362061
0.023712158
-0.0055809021
0.0055084229
0.0038719177
-0.014068604
-0.0084762573
-0.0043258667
0.0035514832
0.015060425
-0.0086212158
-0.013465881
-0.0019950867
0.022689819
0.047454834
0.07434082
0.0059013367
0.050445557
-0.0090484619
0.11505127
0.033966064
0.065307617
0.044708252
-0.014091492
0.004283905
-0.01109314
-0.010276794
0.050109863
-0.0064086914
0.087036133
0.014221191
0.0042228699
0.012588501
-0.0043945312
-0.0026721954
-0.0043792725
0.10858154
-0.0058250427
0.031036377
-0.0062980652
0.022918701
0.0078086853
0.017242432
0.05065918
0.018310547
-0.0025482178
0.08605957
0.14929199
0.12780762
0.084899902
0.036346436
-0.010635376
0.030990601
-0.0063018799
0.12609863
0.078369141
-0.0013551712
0.067932129
0.12023926
0.034576416
-0.0098724365
0.033325195
0.054260254
0.094726562
0.040039062
0.11846924
0.023895264
-0.0010251999
0.015731812
0.023391724
-0.0088119507
-0.0027256012
-0.0011386871
0.081359863
-0.00078582764
0.036224365
-0.0034923553
-0.0098953247
-0.0071563721
0.058807373
-0.0091629028
0.01890564
-0.0083465576
-0.0069961548
0.018295288
0.047058105
0.16442871
-0.0085601807
-0.00079250336
-0.0098419189
0.019348145
-0.0041885376
-0.0011339188
0.078735352
-0.0037612915
0.034759521
-0.00047945976
-0.004535675
-0.0046348572
-0.01209259
0.13354492
0.0061683655
-0.011749268
-0.0087509155
0.027175903
0.035675049
-0.0048027039
-0.0033531189
-0.0034408569
0.10943604
-0.012611389
0.003030777
-0.0091323853
-0.010604858
0.11932373
0.053588867
-0.0014810562
0.07043457
0.15429688
0.082214355
0.073425293
-0.012756348
-0.0032634735
0.037750244
-0.0015878677
0.066467285
0.012252808
0.055847168
0.0077362061
0.023712158
-0.0055809021
0.0055084229
0.0038719177
-0.014068604
-0.0084762573
-0.0043258667
0.0035514832
0.015060425
-0.0086212158
-0.013465881
-0.0019950867
0.022689819
0.047454834
0.07434082
0.0059013367
0.050445557
-0.0090484619
0.11505127
0.033966064
0.065307617
0.044708252
-0.014091492
0.004283905
-0.01109314
-0.010276794
0.050109863
-0.0064086914
0.087036133
0.014221191
0.0042228699
0.012588501
-0.0043945312
-0.0026721954
-0.0043792725
0.10858154
-0.0058250427
0.031036377
-0.0062980652
0.022918701
0.0078086853
0.017242432
0.05065918
0.018310547
-0.0025482178
0.08605957
0.14929199
0.12780762
0.084899902
0.036346436
-0.010635376
0.030990601
-0.0063018799
0.12609863
0.078369141
-0.0013551712
0.067932129
0.12023926
0.034576416
-0.0098724365
0.033325195
0.054260254
0.094726562
0.040039062
0.11846924
0.023895264
-0.0010251999
0.015731812
0.023391724
-0.0088119507
-0.0027256012
-0.0011386871
0.081359863
-0.00078582764
0.036224365
-0.0034923553
-0.0098953247
-0.0071563721
0.058807373
-0.0091629028
0.01890564
-0.0083465576
-0.0069961548
0.018295288
0.047058105
0.16442871
-0.0085601807
-0.00079250336
-0.0098419189
0.019348145
-0.0041885376
-0.0011339188
0.078735352
-0.0037612915
0.034759521
-0.00047945976
-0.004535675
-0.0046348572
-0.01209259
0.13354492
0.0061683655
-0.011749268
-0.0087509155
0.027175903
0.035675049
-0.0048027039
-0.0033531189
-0.0034408569
0.10943604
-0.012611389
0.003030777
-0.0091323853
-0.010604858
0.11932373
0.053588867
-0.0014810562
0.07043457
0.15429688
0.082214355
0.073425293
-0.012756348
-0.0032634735
0.037750244
-0.0015878677
0.066467285
0.012252808
0.055847168
0.0077362061
0.023712158
-0.0055809021
0.0055084229
0.0038719177
-0.014068604
-0.0084762573
-0.0043258667
0.0035514832
0.015060425
-0.0086212158
-0.013465881
-0.0019950867
0.022689819
0.047454834
0.07434082
0.0059013367
0.050445557
-0.0090484619
0.11505127
0.033966064
0.065307617
0.044708252
-0.014091492
0.004283905
-0.01109314
-0.010276794
0.050109863
-0.0064086914
0.087036133
0.014221191
0.0042228699
0.012588501
-0.0043945312
-0.0026721954
-0.0043792725
0.10858154
-0.0058250427
0.031036377
-0.0062980652
0.022918701
0.0078086853
0.017242432
0.05065918
0.018310547
-0.0025482178
0.08605957
0.14929199
0.12780762
0.084899902
0.036346436
-0.010635376
0.030990601
-0.0063018799
0.12609863
0.078369141
-0.0013551712
0.067932129
0.12023926
0.034576416
-0.0098724365
0.033325195
0.054260254
0.094726562
0.040039062
0.11846924
0.023895264
-0.0010251999
0.015731812
0.023391724
-0.0088119507
-0.0027256012
-0.0011386871
0.081359863
-0.00078582764
0.036224365
-0.0034923553
-0.0098953247
-0.0071563721
0.058807373
-0.0091629028
0.01890564
-0.0083465576
-0.0069961548
0.018295288
0.047058105
0.16442871
-0.0085601807
-0.00079250336
-0.0098419189
0.019348145
-0.0041885376
-0.0011339188
0.078735352
-0.0037612915
0.034759521
-0.00047945976
-0.004535675
-0.0046348572
-0.01209259
0.13354492
0.0061683655
-0.011749268
-0.0087509155
0.027175903
0.035675049
-0.0048027039
-0.0033531189
-0.0034408569
0.10943604
-0.012611389
0.003030777
-0.0091323853
-0.010604858
0.11932373
0.053588867
-0.0014810562
0.07043457
0.15429688
0.082214355
0.073425293
-0.012756348
-0.0032634735
0.037750244
-0.0015878677
0.066467285
0.012252808
0.055847168
0.0077362061
0.023712158
-0.0055809021
0.0055084229
0.0038719177
-0.014068604
-0.0084762573
-0.0043258667
0.0035514832
0.015060425
-0.0086212158
-0.013465881
-0.0019950867
0.022689819
0.047454834
0.07434082
0.0059013367
0.050445557
-0.0090484619
0.11505127
0.033966064
0.065307617
0.044708252
-0.014091492
0.004283905
-0.01109314
-0.010276794
0.050109863
-0.0064086914
0.087036133
0.014221191
0.0042228699
0.012588501
-0.0043945312
-0.0026721954
-0.0043792725
0.10858154
-0.0058250427
0.031036377
-0.0062980652
0.022918701
0.0078086853
0.017242432
0.05065918
0.018310547
-0.0025482178
0.08605957
0.14929199
0.12780762
0.084899902
0.036346436
-0.010635376
0.030990601
-0.0063018799
0.12609863
0.078369141
-0.0013551712
0.067932129
0.12023926
0.034576416
-0.0098724365
0.033325195
0.054260254
0.094726562
0.040039062
0.11846924
0.023895264
-0.0010251999
0.015731812
0.023391724
-0.0088119507
-0.0027256012
-0.0011386871
0.081359863
-0.00078582764
0.036224365
-0.0034923553
-0.0098953247
-0.0071563721
0.058807373
-0.0091629028
0.01890564
-0.0083465576
-0.0069961548
0.018295288
0.047058105
0.16442871
-0.0085601807
-0.00079250336
-0.0098419189
0.019348145
-0.0041885376
-0.0011339188
0.078735352
-0.0037612915
0.034759521
-0.00047945976
-0.004535675
-0.0046348572
-0.01209259
0.13354492
0.0061683655
-0.011749268
-0.0087509155
0.027175903
0.035675049
-0.0048027039
-0.0033531189
-0.0034408569
0.10943604
-0.012611389
0.003030777
-0.0091323853
-0.010604858
0.11932373
0.053588867
-0.0014810562
0.07043457
0.15429688
0.082214355
0.073425293
-0.012756348
-0.0032634735
0.037750244
-0.0015878677
0.066467285
0.012252808
0.055847168
0.0077362061
0.023712158
-0.0055809021
0.0055084229
0.0038719177
-0.014068604
-0.0084762573
-0.0043258667
0.0035514832
0.015060425
-0.0086212158
-0.013465881
-0.0019950867
0.022689819
0.047454834
0.07434082
0.0059013367
0.050445557
-0.0090484619
0.11505127
0.033966064
0.065307617
0.044708252
-0.014091492
0.004283905
-0.01109314
-0.010276794
0.050109863
-0.0064086914
0.087036133
0.014221191
0.0042228699
0.012588501
-0.0043945312
-0.0026721954
-0.0043792725
0.10858154
-0.0058250427
0.031036377
-0.0062980652
0.022918701
0.0078086853
0.017242432
0.05065918
0.018310547
-0.0025482178
0.08605957
0.14929199
0.12780762
0.084899902
0.036346436
-0.010635376
0.030990601
-0.0063018799
0.12609863
0.078369141
-0.0013551712
0.067932129
0.12023926
0.034576416
-0.0098724365
0.033325195
0.054260254
0.094726562
0.040039062
0.11846924
0.023895264
-0.0010251999
0.015731812
0.023391724
-0.0088119507
-0.0027256012
-0.0011386871
0.081359863
-0.00078582764
0.036224365
-0.0034923553
-0.0098953247
-0.0071563721
0.058807373
-0.0091629028
0.01890564
-0.0083465576
-0.0069961548
0.018295288
0.047058105
0.16442871
-0.0085601807
-0.00079250336
-0.0098419189
0.019348145
-0.0041885376
-0.0011339188
0.078735352
-0.0037612915
0.034759521
-0.00047945976
-0.004535675
-0.0046348572
-0.01209259
0.13354492
0.0061683655
-0.011749268
-0.0087509155
0.027175903
0.035675049
-0.0048027039
-0.0033531189
-0.0034408569
0.10943604
-0.012611389
0.003030777
-0.0091323853
-0.010604858
0.11932373
0.053588867
-0.0014810562
0.07043457
0.15429688
0.082214355
0.073425293
-0.012756348
-0.0032634735
0.037750244
-0.0015878677
0.066467285
0.012252808
0.055847168
0.0077362061
0.023712158
-0.0055809021
0.0055084229
0.0038719177
-0.014068604
-0.0084762573
-0.0043258667
0.0035514832
0.015060425
-0.0086212158
-0.013465881
-0.0019950867
0.022689819
0.047454834
0.07434082
0.0059013367
0.050445557
-0.0090484619
0.11505127
0.033966064
0.065307617
0.044708252
-0.014091492
0.004283905
-0.01109314
-0.010276794
0.050109863
-0.0064086914
0.087036133
0.014221191
0.0042228699
0.012588501
-0.0043945312
-0.0026721954
-0.0043792725
0.10858154
-0.0058250427
0.031036377
-0.0062980652
0.022918701
0.0078086853
0.017242432
0.05065918
0.018310547
-0.0025482178
0.08605957
0.14929199
0.12780762
0.084899902
0.036346436
-0.010635376
0.030990601
-0.0063018799
0.12609863
0.078369141
-0.0013551712
0.067932129
0.12023926
0.034576416
-0.0098724365
0.033325195
0.054260254
0.094726562
0.040039062
0.11846924
0.023895264
-0.0010251999
0.015731812
0.023391724
-0.0088119507
-0.0027256012
-0.0011386871
0.081359863
-0.00078582764
0.036224365
-0.0034923553
-0.0098953247
-0.0071563721
0.058807373
-0.0091629028
0.01890564
-0.0083465576
-0.0069961548
0.018295288
0.047058105
0.16442871
-0.0085601807
-0.00079250336
-0.0098419189
0.019348145
-0.0041885376
-0.0011339188
0.078735352
-0.0037612915
0.034759521
-0.00047945976
-0.004535675
-0.0046348572
-0.01209259
0.13354492
0.0061683655
-0.011749268
-0.0087509155
0.027175903
0.035675049
-0.0048027039
-0.0033531189
-0.0034408569
0.10943604
-0.012611389
0.003030777
-0.0091323853
-0.010604858
0.11932373
0.053588867
-0.0014810562
0.07043457
0.15429688
0.082214355
0.073425293
-0.012756348
-0.0032634735
0.037750244
-0.0015878677
0.066467285
0.012252808
0.055847168
0.0077362061
0.023712158
-0.0055809021
0.0055084229
0.0038719177
-0.014068604
-0.0084762573
-0.0043258667
0.0035514832
0.015060425
-0.0086212158
-0.013465881
-0.0019950867
0.022689819
0.047454834
0.07434082
0.0059013367
0.050445557
-0.0090484619
0.11505127
0.033966064
0.065307617
0.044708252
-0.014091492
0.004283905
-0.01109314
-0.010276794
0.050109863
-0.0064086914
0.087036133
0.014221191
0.0042228699
0.012588501
-0.0043945312
-0.0026721954
-0.0043792725
0.10858154
-0.0058250427
0.031036377
-0.0062980652
0.022918701
0.0078086853
0.017242432
0.05065918
0.018310547
-0.0025482178
0.08605957
0.14929199
0.12780762
0.084899902
0.036346436
-0.010635376
0.030990601
-0.0063018799
0.12609863
0.078369141
-0.0013551712
0.067932129
0.12023926
0.034576416
-0.0098724365
0.033325195
0.054260254
0.094726562
0.040039062
0.11846924
0.023895264
-0.0010251999
0.015731812
0.023391724
-0.0088119507
-0.0027256012
-0.0011386871
0.081359863
-0.00078582764
0.036224365
-0.0034923553
-0.0098953247
-0.0071563721
0.058807373
-0.0091629028
0.01890564
-0.0083465576
-0.0069961548
0.018295288
0.047058105
0.16442871
-0.0085601807
-0.00079250336
-0.0098419189
0.019348145
-0.0041885376
-0.0011339188
0.078735352
-0.0037612915
0.034759521
-0.00047945976
-0.004535675
-0.0046348572
-0.01209259
0.13354492
0.0061683655
-0.011749268
-0.0087509155
0.027175903
0.035675049
-0.0048027039
-0.0033531189
-0.0034408569
0.10943604
-0.012611389
0.003030777
-0.0091323853
-0.010604858
0.11932373
0.053588867
-0.0014810562
0.07043457
0.15429688
0.082214355
0.073425293
-0.012756348
-0.0032634735
0.037750244
-0.0015878677
0.066467285
0.012252808
0.055847168
0.0077362061
0.023712158
-0.0055809021
0.0055084229
0.0038719177
-0.014068604
-0.0084762573
-0.0043258667
0.0035514832
0.015060425
-0.0086212158
-0.013465881
-0.0019950867
0.022689819
0.047454834
0.07434082
0.0059013367
0.050445557
-0.0090484619
0.11505127
0.033966064
0.065307617
0.044708252
-0.014091492
0.004283905
-0.01109314
-0.010276794
0.050109863
-0.0064086914
0.087036133
0.014221191
0.0042228699
0.012588501
-0.0043945312
-0.0026721954
-0.0043792725
0.10858154
-0.0058250427
0.031036377
-0.0062980652
0.022918701
0.0078086853
0.017242432
0.05065918
0.018310547
-0.0025482178
0.08605957
0.14929199
0.12780762
0.084899902
0.036346436
-0.010635376
0.030990601
-0.0063018799
0.12609863
0.078369141
-0.0013551712
0.067932129
0.12023926
0.034576416
-0.0098724365
0.033325195
0.054260254
0.094726562
0.040039062
0.11846924
0.023895264
-0.0010251999
0.015731812
0.023391724
-0.0088119507
-0.0027256012
-0.0011386871
0.081359863
-0.00078582764
0.036224365
-0.0034923553
-0.0098953247
-0.0071563721
0.058807373
-0.0091629028
0.01890564
-0.0083465576
-0.0069961548
0.018295288
0.047058105
0.16442871
-0.0085601807
-0.00079250336
-0.0098419189
0.019348145
-0.0041885376
-0.0011339188
0.078735352
-0.0037612915
0.034759521
-0.00047945976
-0.004535675
-0.0046348572
-0.01209259
0.13354492
0.0061683655
-0.011749268
-0.0087509155
0.027175903
0.035675049
-0.0048027039
-0.0033531189
-0.0034408569
0.10943604
-0.012611389
0.003030777
-0.0091323853
-0.010604858
0.11932373
0.053588867
-0.0014810562
0.07043457
0.15429688
0.082214355
0.073425293
-0.012756348
-0.0032634735
0.037750244
-0.0015878677
0.066467285
0.012252808
0.055847168
0.0077362061
0.023712158
-0.0055809021
0.0055084229
0.0038719177
-0.014068604
-0.0084762573
-0.0043258667
0.0035514832
0.015060425
-0.0086212158
-0.013465881
-0.0019950867
0.022689819
0.047454834
0.07434082
0.0059013367
0.050445557
-0.0090484619
0.11505127
0.033966064
0.065307617
0.044708252
-0.014091492
0.004283905
-0.01109314
-0.010276794
0.050109863
-0.0064086914
0.087036133
0.014221191
0.0042228699
0.012588501
-0.0043945312
-0.0026721954
-0.0043792725
0.10858154
-0.0058250427
0.031036377
-0.0062980652
0.022918701
0.0078086853
0.017242432
0.05065918
0.018310547
-0.0025482178
0.08605957
0.14929199
0.12780762
0.084899902
0.036346436
-0.010635376
0.030990601
-0.0063018799
0.12609863
0.078369141
-0.0013551712
0.067932129
0.12023926
0.034576416
-0.0098724365
0.033325195
0.054260254
0.094726562
0.040039062
0.11846924
0.023895264
-0.0010251999
0.015731812
0.023391724
-0.0088119507
-0.0027256012
-0.0011386871
0.081359863
-0.00078582764
0.036224365
-0.0034923553
-0.0098953247
-0.0071563721
0.058807373
-0.0091629028
0.01890564
-0.0083465576
-0.0069961548
0.018295288
0.047058105
0.16442871
-0.0085601807
-0.00079250336
-0.0098419189
0.019348145
-0.0041885376
-0.0011339188
0.078735352
-0.0037612915
0.034759521
-0.00047945976
-0.004535675
-0.0046348572
-0.01209259
0.13354492
0.0061683655
-0.011749268
-0.0087509155
0.027175903
0.035675049
-0.0048027039
-0.0033531189
-0.0034408569
0.10943604
-0.012611389
0.003030777
-0.0091323853
-0.010604858
0.11932373
0.053588867
-0.0014810562
0.07043457
0.15429688
0.082214355
0.073425293
-0.012756348
-0.0032634735
0.037750244
-0.0015878677
0.066467285
0.012252808
0.055847168
0.0077362061
0.023712158
-0.0055809021
0.0055084229
0.0038719177
-0.014068604
-0.0084762573
-0.0043258667
0.0035514832
0.015060425
-0.0086212158
-0.013465881
-0.0019950867
0.022689819
0.047454834
0.07434082
0.0059013367
0.050445557
-0.0090484619
0.11505127
0.033966064
0.065307617
0.044708252
-0.014091492
0.004283905
-0.01109314
-0.010276794
0.050109863
-0.0064086914
0.087036133
0.014221191
0.0042228699
0.012588501
-0.0043945312
-0.0026721954
-0.0043792725
0.10858154
-0.0058250427
0.031036377
-0.0062980652
0.022918701
0.0078086853
0.017242432
0.05065918
0.018310547
-0.0025482178
0.08605957
0.14929199
0.12780762
0.084899902
0.036346436
-0.010635376
0.030990601
-0.0063018799
0.12609863
0.078369141
-0.0013551712
0.067932129
0.12023926
0.034576416
-0.0098724365
0.033325195
0.054260254
0.094726562
0.040039062
0.11846924
0.023895264
-0.0010251999
0.015731812
0.023391724
-0.0088119507
-0.0027256012
-0.0011386871
0.081359863
-0.00078582764
0.036224365
-0.0034923553
-0.0098953247
-0.0071563721
0.058807373
-0.0091629028
0.01890564
-0.0083465576
-0.0069961548
0.018295288
0.047058105
0.16442871
-0.0085601807
-0.00079250336
-0.0098419189
0.019348145
-0.0041885376
-0.0011339188
0.078735352
-0.0037612915
0.034759521
-0.00047945976
-0.004535675
-0.0046348572
-0.01209259
0.13354492
0.0061683655
-0.011749268
-0.0087509155
0.027175903
0.035675049
-0.0048027039
-0.0033531189
-0.0034408569
0.10943604
-0.012611389
0.003030777
-0.0091323853
-0.010604858
0.11932373
0.053588867
-0.0014810562
0.07043457
0.15429688
0.082214355
0.073425293
-0.012756348
-0.0032634735
0.037750244
-0.0015878677
0.066467285
0.012252808
0.055847168
0.0077362061
0.023712158
-0.0055809021
0.0055084229
0.0038719177
-0.014068604
-0.0084762573
-0.0043258667
0.0035514832
0.015060425
-0.0086212158
-0.013465881
-0.0019950867
0.022689819
0.047454834
0.07434082
0.0059013367
0.050445557
-0.0090484619
0.11505127
0.033966064
0.065307617
0.044708252
-0.014091492
0.004283905
-0.01109314
-0.010276794
0.050109863
-0.0064086914
0.087036133
0.014221191
0.0042228699
0.012588501
-0.0043945312
-0.0026721954
-0.0043792725
0.10858154
-0.0058250427
0.031036377
-0.0062980652
0.022918701
0.0078086853
0.017242432
0.05065918
0.018310547
-0.0025482178
0.08605957
0.14929199
0.12780762
0.084899902
0.036346436
-0.010635376
0.030990601
-0.0063018799
0.12609863
0.078369141
-0.0013551712
0.067932129
0.12023926
0.034576416
-0.0098724365
0.033325195
0.054260254
0.094726562
0.040039062
0.11846924
0.023895264
-0.0010251999
0.015731812
0.023391724
-0.0088119507
-0.0027256012
-0.0011386871
0.081359863
-0.00078582764
0.036224365
-0.0034923553
-0.0098953247
-0.0071563721
0.058807373
-0.0091629028
0.01890564
-0.0083465576
-0.0069961548
0.018295288
0.047058105
0.16442871
-0.0085601807
-0.00079250336
-0.0098419189
0.019348145
-0.0041885376
-0.0011339188
0.078735352
-0.0037612915
0.034759521
-0.00047945976
-0.004535675
-0.0046348572
-0.01209259
0.13354492
0.0061683655
-0.011749268
-0.0087509155
0.027175903
0.035675049
-0.0048027039
-0.0033531189
-0.0034408569
0.10943604
-0.012611389
0.003030777
-0.0091323853
-0.010604858
0.11932373
0.053588867
-0.0014810562
0.07043457
0.15429688
0.082214355
0.073425293
-0.012756348
-0.0032634735
0.037750244
-0.0015878677
0.066467285
0.012252808
0.055847168
0.0077362061
0.023712158
-0.0055809021
0.0055084229
0.0038719177
-0.014068604
-0.0084762573
-0.0043258667
0.0035514832
0.015060425
-0.0086212158
-0.013465881
-0.0019950867
0.022689819
0.047454834
0.07434082
0.0059013367
0.050445557
-0.0090484619
0.11505127
0.033966064
0.065307617
0.044708252
-0.014091492
0.004283905
-0.01109314
-0.010276794
0.050109863
-0.0064086914
0.087036133
0.014221191
0.0042228699
0.012588501
-0.0043945312
-0.0026721954
-0.0043792725
0.10858154
-0.0058250427
0.031036377
-0.0062980652
0.022918701
0.0078086853
0.017242432
0.05065918
0.018310547
-0.0025482178
0.08605957
0.14929199
0.12780762
0.084899902
0.036346436
-0.010635376
0.030990601
-0.0063018799
0.12609863
0.078369141
-0.0013551712
0.067932129
0.12023926
0.034576416
-0.0098724365
0.033325195
0.054260254
0.094726562
0.040039062
0.11846924
0.023895264
-0.0010251999
0.015731812
0.023391724
-0.0088119507
-0.0027256012
-0.0011386871
0.081359863
-0.00078582764
0.036224365
-0.0034923553
-0.0098953247
-0.0071563721
0.058807373
-0.0091629028
0.01890564
-0.0083465576
-0.0069961548
0.018295288
0.047058105
0.16442871
-0.0085601807
-0.00079250336
-0.0098419189
0.019348145
-0.0041885376
-0.0011339188
0.078735352
-0.0037612915
0.034759521
-0.00047945976
-0.004535675
-0.0046348572
-0.01209259
0.13354492
0.0061683655
-0.011749268
-0.0087509155
0.027175903
0.035675049
-0.0048027039
-0.0033531189
-0.0034408569
0.10943604
-0.012611389
0.003030777
-0.0091323853
-0.010604858
0.11932373
0.053588867
-0.0014810562
0.07043457
0.15429688
0.082214355
0.073425293
-0.012756348
-0.0032634735
0.037750244
-0.0015878677
0.066467285
0.012252808
0.055847168
0.0077362061
0.023712158
-0.0055809021
0.0055084229
0.0038719177
-0.014068604
-0.0084762573
-0.0043258667
0.0035514832
0.015060425
-0.0086212158
-0.013465881
-0.0019950867
0.022689819
0.047454834
0.07434082
0.0059013367
0.050445557
-0.0090484619
0.11505127
0.033966064
0.065307617
0.044708252
-0.014091492
0.004283905
-0.01109314
-0.010276794
0.050109863
-0.0064086914
0.087036133
0.014221191
0.0042228699
0.012588501
-0.0043945312
-0.0026721954
-0.0043792725
0.10858154
-0.0058250427
0.031036377
-0.0062980652
0.022918701
0.0078086853
0.017242432
0.05065918
0.018310547
-0.0025482178
0.08605957
0.14929199
0.12780762
0.084899902
0.036346436
-0.010635376
0.030990601
-0.0063018799
0.12609863
0.078369141
-0.0013551712
0.067932129
0.12023926
0.034576416
-0.0098724365
0.033325195
0.054260254
0.094726562
0.040039062
0.11846924
0.023895264
-0.0010251999
0.015731812
0.023391724
-0.0088119507
-0.0027256012
-0.0011386871
0.081359863
-0.00078582764
0.036224365
-0.0034923553
-0.0098953247
-0.0071563721
0.058807373
-0.0091629028
0.01890564
-0.0083465576
-0.0069961548
0.018295288
0.047058105
0.16442871
-0.0085601807
-0.00079250336
-0.0098419189
0.019348145
-0.0041885376
-0.0011339188
0.078735352
-0.0037612915
0.034759521
-0.00047945976
-0.004535675
-0.0046348572
-0.01209259
0.13354492
0.0061683655
-0.011749268
-0.0087509155
0.027175903
0.035675049
-0.0048027039
-0.0033531189
-0.0034408569
0.10943604
-0.012611389
0.003030777
-0.0091323853
-0.010604858
0.11932373
0.053588867
-0.0014810562
0.07043457
0.15429688
0.082214355
0.073425293
-0.012756348
-0.0032634735
0.037750244
-0.0015878677
0.066467285
0.012252808
0.055847168
0.0077362061
0.023712158
-0.0055809021
0.0055084229
0.0038719177
-0.014068604
-0.0084762573
-0.0043258667
0.0035514832
0.015060425
-0.0086212158
-0.013465881
-0.0019950867
0.022689819
0.047454834
0.07434082
0.0059013367
0.050445557
-0.0090484619
0.11505127
0.033966064
0.065307617
0.044708252
-0.014091492
0.004283905
-0.01109314
-0.010276794
0.050109863
-0.0064086914
0.087036133
0.014221191
0.0042228699
0.012588501
-0.0043945312
-0.0026721954
-0.0043792725
0.10858154
-0.0058250427
0.031036377
-0.0062980652
0.022918701
0.0078086853
0.017242432
0.05065918
0.018310547
-0.0025482178
0.08605957
0.14929199
0.12780762
0.084899902
0.036346436
-0.010635376
0.030990601
-0.0063018799
0.12609863
0.078369141
-0.0013551712
0.067932129
0.12023926
0.034576416
-0.0098724365
0.033325195
0.054260254
0.094726562
0.040039062
0.11846924
0.023895264
-0.0010251999
0.015731812
0.023391724
-0.0088119507
-0.0027256012
-0.0011386871
0.081359863
-0.00078582764
0.036224365
-0.0034923553
-0.0098953247
-0.0071563721
0.058807373
-0.0091629028
0.01890564
-0.0083465576
-0.0069961548
0.018295288
0.047058105
0.16442871
-0.0085601807
-0.00079250336
-0.0098419189
0.019348145
-0.0041885376
-0.0011339188
0.078735352
-0.0037612915
0.034759521
-0.00047945976
-0.004535675
-0.0046348572
-0.01209259
0.13354492
0.0061683655
-0.011749268
-0.0087509155
0.027175903
0.035675049
-0.0048027039
-0.0033531189
-0.0034408569
0.10943604
-0.012611389
0.003030777
-0.0091323853
-0.010604858
0.11932373
0.053588867
-0.0014810562
0.07043457
0.15429688
0.082214355
0.073425293
-0.012756348
-0.0032634735
0.037750244
-0.0015878677
0.066467285
0.012252808
0.055847168
0.0077362061
0.023712158
-0.0055809021
0.0055084229
0.0038719177
-0.014068604
-0.0084762573
-0.0043258667
0.0035514832
0.015060425
-0.0086212158
-0.013465881
-0.0019950867
0.022689819
0.047454834
0.07434082
0.0059013367
0.050445557
-0.0090484619
0.11505127
0.033966064
0.065307617
0.044708252
-0.014091492
0.004283905
-0.01109314
-0.010276794
0.050109863
-0.0064086914
0.087036133
0.014221191
0.0042228699
0.012588501
-0.0043945312
-0.0026721954
-0.0043792725
0.10858154
-0.0058250427
0.031036377
-0.0062980652
0.022918701
0.0078086853
0.017242432
0.05065918
0.018310547
-0.0025482178
0.08605957
0.14929199
0.12780762
0.084899902
0.036346436
-0.010635376
0.030990601
-0.0063018799
0.12609863
0.078369141
-0.0013551712
0.067932129
0.12023926
0.034576416
-0.0098724365
0.033325195
0.054260254
0.094726562
0.040039062
0.11846924
0.023895264
-0.0010251999
0.015731812
0.023391724
-0.0088119507
-0.0027256012
-0.0011386871
0.081359863
-0.00078582764
0.036224365
-0.0034923553
-0.0098953247
-0.0071563721
0.058807373
-0.0091629028
0.01890564
-0.0083465576
-0.0069961548
0.018295288
0.047058105
0.16442871
-0.0085601807
-0.00079250336
-0.0098419189
0.019348145
-0.0041885376
-0.0011339188
0.078735352
-0.0037612915
0.034759521
-0.00047945976
-0.004535675
-0.0046348572
-0.01209259
0.13354492
0.0061683655
-0.011749268
-0.0087509155
0.027175903
0.035675049
-0.0048027039
-0.0033531189
-0.0034408569
0.10943604
-0.012611389
0.003030777
-0.0091323853
-0.010604858
0.11932373
0.053588867
-0.0014810562
0.07043457
0.15429688
0.082214355
0.073425293
-0.012756348
-0.0032634735
0.037750244
-0.0015878677
0.066467285
0.012252808
0.055847168
0.0077362061
0.023712158
-0.0055809021
0.0055084229
0.0038719177
-0.014068604
-0.0084762573
-0.0043258667
0.0035514832
0.015060425
-0.0086212158
-0.013465881
-0.0019950867
0.022689819
0.047454834
0.07434082
0.0059013367
0.050445557
-0.0090484619
0.11505127
0.033966064
0.065307617
0.044708252
-0.014091492
0.004283905
-0.01109314
-0.010276794
0.050109863
-0.0064086914
0.087036133
0.014221191
0.0042228699
0.012588501
-0.0043945312
-0.0026721954
-0.0043792725
0.10858154
-0.0058250427
0.031036377
-0.0062980652
0.022918701
0.0078086853
0.017242432
0.05065918
0.018310547
-0.0025482178
0.08605957
0.14929199
0.12780762
0.084899902
0.036346436
-0.010635376
0.030990601
-0.0063018799
0.12609863
0.078369141
-0.0013551712
0.067932129
0.12023926
0.034576416
-0.0098724365
0.033325195
0.054260254
0.094726562
0.040039062
0.11846924
0.023895264
-0.0010251999
0.015731812
0.023391724
-0.0088119507
-0.0027256012
-0.0011386871
0.081359863
-0.00078582764
0.036224365
-0.0034923553
-0.0098953247
-0.0071563721
0.058807373
-0.0091629028
0.01890564
-0.0083465576
-0.0069961548
0.018295288
0.047058105
0.16442871
-0.0085601807
-0.00079250336
-0.0098419189
0.019348145
-0.0041885376
-0.0011339188
0.078735352
-0.0037612915
0.034759521
-0.00047945976
-0.004535675
-0.0046348572
-0.01209259
0.13354492
0.0061683655
-0.011749268
-0.0087509155
0.027175903
0.035675049
-0.0048027039
-0.0033531189
-0.0034408569
0.10943604
-0.012611389
0.003030777
-0.0091323853
-0.010604858
0.11932373
0.053588867
-0.0014810562
0.07043457
0.15429688
0.082214355
0.073425293
-0.012756348
-0.0032634735
0.037750244
-0.0015878677
0.066467285
0.012252808
0.055847168
0.0077362061
0.023712158
-0.0055809021
0.0055084229
0.0038719177
-0.014068604
-0.0084762573
-0.0043258667
0.0035514832
0.015060425
-0.0086212158
-0.013465881
-0.0019950867
0.022689819
0.047454834
0.07434082
0.0059013367
0.050445557
-0.0090484619
0.11505127
0.033966064
0.065307617
0.044708252
-0.014091492
0.004283905
-0.01109314
-0.010276794
0.050109863
-0.0064086914
0.087036133
0.014221191
0.0042228699
0.012588501
-0.0043945312
-0.0026721954
-0.0043792725
0.10858154
-0.0058250427
0.031036377
-0.0062980652
0.022918701
0.0078086853
0.017242432
0.05065918
0.018310547
-0.0025482178
0.08605957
0.14929199
0.12780762
0.084899902
0.036346436
-0.010635376
0.030990601
-0.0063018799
0.12609863
0.078369141
-0.0013551712
0.067932129
0.12023926
0.034576416
-0.0098724365
0.033325195
0.054260254
0.094726562
0.040039062
0.11846924
0.023895264
-0.0010251999
0.015731812
0.023391724
-0.0088119507
-0.0027256012
-0.0011386871
0.081359863
-0.00078582764
0.036224365
-0.0034923553
-0.0098953247
-0.0071563721
0.058807373
-0.0091629028
0.01890564
-0.0083465576
-0.0069961548
0.018295288
0.047058105
0.16442871
-0.0085601807
-0.00079250336
-0.0098419189
0.019348145
-0.0041885376
-0.0011339188
0.078735352
-0.0037612915
0.034759521
-0.00047945976
-0.004535675
-0.0046348572
-0.01209259
0.13354492
0.0061683655
-0.011749268
-0.0087509155
0.027175903
0.035675049
-0.0048027039
-0.0033531189
-0.0034408569
0.10943604
-0.012611389
0.003030777
-0.0091323853
-0.010604858
0.11932373
0.053588867
-0.0014810562
0.07043457
0.15429688
0.082214355
0.073425293
-0.012756348
-0.0032634735
0.037750244
-0.0015878677
0.066467285
0.012252808
0.055847168
0.0077362061
0.023712158
-0.0055809021
0.0055084229
0.0038719177
-0.014068604
-0.0084762573
-0.0043258667
0.0035514832
