-0.0073814392
0.080322266
-0.00089406967
0.15063477
0.072998047
-0.022216797
0.1237793
0.094299316
-0.01725769
0.056762695
0.25683594
0.053436279
-0.011863708
-0.0054626465
0.025405884
-0.0037765503
-0.011016846
0.20617676
0.11694336
0.23217773
0.34204102
-0.021789551
-0.0097961426
0.13818359
0.053741455
0.15612793
0.029754639
-0.020614624
0.13269043
-0.023651123
-0.0099182129
0.046142578
-0.0077323914
0.17883301
-0.0064353943
0.028778076
-0.0063514709
-0.017944336
0.037658691
0.35400391
-0.0059204102
0.034606934
-0.0080184937
0.047393799
0.14111328
-0.016342163
0.19189453
0.0090942383
-0.010574341
0.10565186
-0.010780334
0.046936035
-0.00077342987
0.15905762
0.006565094
0.08996582
0.18994141
-0.0056304932
0.13293457
0.083129883
0.1484375
-0.0028038025
-0.022994995
-0.0065078735
0.14599609
-0.0084381104
0.088012695
0.093811035
0.040161133
0.085266113
0.012695312
0.21142578
-0.011886597
-0.017211914
0.1373291
0.038726807
-0.0131073
0.093994141
-0.013946533
0.10522461
0.11480713
0.049591064
-0.0067214966
0.15234375
0.17456055
0.10327148
0.026519775
0.16101074
-0.0042419434
-0.012512207
0.059875488
-0.016525269
-0.0096130371
-0.0057601929
0.18139648
-0.0007853508
0.058563232
-0.0092849731
-0.013252258
0.10449219
0.19775391
0.026916504
0.23583984
0.12268066
0.11761475
0.140625
0.0703125
0.13842773
0.11669922
0.036376953
-0.0065841675
0.057861328
0.099975586
0.0044288635
-0.0018463135
0.11297607
-0.0002515316
0.0086212158
-0.015281677
-0.0027999878
0.026031494
-0.0043449402
-0.0094146729
0.041137695
0.14831543
0.16235352
0.078735352
0.10968018
-0.0051422119
0.017425537
0.015823364
-0.00041270256
0.059875488
-0.020248413
0.13745117
0.11553955
-0.006149292
0.066345215
0.26660156
0.0056343079
-0.011756897
-0.010116577
-0.0005941391
-0.0030136108
-0.006072998
0.2442627
0.17211914
0.18054199
0.32446289
-0.015655518
-0.0064582825
0.18115234
0.12243652
0.1114502
0.10375977
-0.015350342
0.17260742
-0.020553589
-0.0064125061
0.13903809
-0.0081710815
0.071655273
-0.0054855347
0.074645996
-0.0037975311
-0.015762329
0.033630371
0.1986084
-0.011154175
-0.0026073456
-0.015037537
-0.0012016296
0.22595215
-0.017974854
0.15625
0.033233643
-0.0061378479
0.08581543
-0.0098876953
0.072387695
-0.0027294159
0.094970703
0.00069570541
0.11383057
0.20166016
-0.0039634705
0.17651367
0.10424805
0.16015625
0.0092391968
-0.025512695
-0.0031757355
0.10040283
-0.006565094
0.13391113
0.10314941
0.064025879
0.12164307
0.013442993
0.22399902
-0.01461792
-0.012298584
0.044830322
0.066955566
-0.011322021
0.06842041
-0.013641357
0.10229492
0.18408203
0.042449951
-0.0056495667
0.10418701
0.08190918
0.13220215
0.021743774
0.14086914
-0.0063095093
-0.011222839
0.15393066
-0.010772705
-0.0052261353
-0.005947113
0.09362793
0.046569824
0.10540771
-0.011924744
-0.0069313049
0.048400879
0.15856934
-0.0068626404
0.24475098
0.10174561
0.12420654
0.090698242
0.10205078
0.04586792
0.12426758
0.075622559
-0.0049324036
0.004032135
0.1182251
0.045257568
0.0032272339
0.096984863
-0.0011558533
0.045806885
-0.018890381
-0.011161804
0.01663208
0.022491455
-0.0060310364
0.024078369
0.11676025
0.11608887
0.0036144257
0.089538574
-0.0027313232
0.021621704
0.027557373
-0.0035915375
0.061767578
-0.017105103
0.14001465
0.13415527
-0.0037441254
0.056671143
0.26074219
-0.00062227249
-0.0096054077
-0.0074119568
-0.0042152405
-0.0044403076
-0.0044403076
0.27148438
0.1829834
0.13903809
0.27197266
-0.010643005
-0.003282547
0.15283203
0.13195801
0.095336914
0.093933105
-0.01361084
0.15588379
-0.017623901
-0.0031433105
0.13989258
-0.0043754578
0.017593384
-0.0048675537
0.072753906
-0.0044021606
-0.012634277
0.019775391
0.11950684
-0.0070800781
-0.00365448
-0.014533997
0.00064277649
0.23095703
-0.01789856
0.12731934
0.0051879883
-0.0028076172
0.072265625
-0.0095214844
0.040924072
0.0016565323
0.075683594
0.015304565
0.1472168
0.18212891
-0.0038661957
0.1875
0.12481689
0.15539551
0.033569336
-0.025650024
-0.0026073456
0.077819824
-0.0049629211
0.084228516
0.077758789
0.08404541
0.08605957
-0.00089836121
0.21643066
-0.0098419189
-0.012832642
0.012641907
0.031677246
-0.010429382
0.083984375
-0.012809753
0.078186035
0.17602539
0.043212891
-0.0069236755
0.071411133
0.034606934
0.10601807
0.023147583
0.10821533
-0.0068473816
-0.0099029541
0.17944336
-0.0099945068
-0.0037841797
-0.0063323975
0.04699707
0.076782227
0.05267334
-0.01133728
-0.0052375793
0.038421631
0.15380859
-0.010215759
0.24926758
0.070983887
0.12005615
0.065917969
0.095092773
0.0060272217
0.10742188
0.098266602
-0.0036754608
-0.0016098022
0.064697266
0.04675293
0.016418457
0.08013916
-0.0014696121
0.056427002
-0.018386841
-0.013015747
0.030105591
0.036315918
-0.0045204163
0.039703369
0.080871582
0.1072998
-0.0010509491
0.090881348
-0.0027313232
0.021621704
0.027557373
-0.0035915375
0.061767578
-0.017105103
0.14001465
0.13415527
-0.0037441254
0.056671143
0.26074219
-0.00062227249
-0.0096054077
-0.0074119568
-0.0042152405
-0.0044403076
-0.0044403076
0.27148438
0.1829834
0.13903809
0.27197266
-0.010643005
-0.003282547
0.15283203
0.13195801
0.095336914
0.093933105
-0.01361084
0.15588379
-0.017623901
-0.0031433105
0.13989258
-0.0043754578
0.017593384
-0.0048675537
0.072753906
-0.0044021606
-0.012634277
0.019775391
0.11950684
-0.0070800781
-0.00365448
-0.014533997
0.00064277649
0.23095703
-0.01789856
0.12731934
0.0051879883
-0.0028076172
0.072265625
-0.0095214844
0.040924072
0.0016565323
0.075683594
0.015304565
0.1472168
0.18212891
-0.0038661957
0.1875
0.12481689
0.15539551
0.033569336
-0.025650024
-0.0026073456
0.077819824
-0.0049629211
0.084228516
0.077758789
0.08404541
0.08605957
-0.00089836121
0.21643066
-0.0098419189
-0.012832642
0.012641907
0.031677246
-0.010429382
0.083984375
-0.012809753
0.078186035
0.17602539
0.043212891
-0.0069236755
0.071411133
0.034606934
0.10601807
0.023147583
0.10821533
-0.0068473816
-0.0099029541
0.17944336
-0.0099945068
-0.0037841797
-0.0063323975
0.04699707
0.076782227
0.05267334
-0.01133728
-0.0052375793
0.038421631
0.15380859
-0.010215759
0.24926758
0.070983887
0.12005615
0.065917969
0.095092773
0.0060272217
0.10742188
0.098266602
-0.0036754608
-0.0016098022
0.064697266
0.04675293
0.016418457
0.08013916
-0.0014696121
0.056427002
-0.018386841
-0.013015747
0.030105591
0.036315918
-0.0045204163
0.039703369
0.080871582
0.1072998
-0.0010509491
0.090881348
-0.0027313232
0.021621704
0.027557373
-0.0035915375
0.061767578
-0.017105103
0.14001465
0.13415527
-0.0037441254
0.056671143
0.26074219
-0.00062227249
-0.0096054077
-0.0074119568
-0.0042152405
-0.0044403076
-0.0044403076
0.27148438
0.1829834
0.13903809
0.27197266
-0.010643005
-0.003282547
0.15283203
0.13195801
0.095336914
0.093933105
-0.01361084
0.15588379
-0.017623901
-0.0031433105
0.13989258
-0.0043754578
0.017593384
-0.0048675537
0.072753906
-0.0044021606
-0.012634277
0.019775391
0.11950684
-0.0070800781
-0.00365448
-0.014533997
0.00064277649
0.23095703
-0.01789856
0.12731934
0.0051879883
-0.0028076172
0.072265625
-0.0095214844
0.040924072
0.0016565323
0.075683594
0.015304565
0.1472168
0.18212891
-0.0038661957
0.1875
0.12481689
0.15539551
0.033569336
-0.025650024
-0.0026073456
0.077819824
-0.0049629211
0.084228516
0.077758789
0.08404541
0.08605957
-0.00089836121
0.21643066
-0.0098419189
-0.012832642
0.012641907
0.031677246
-0.010429382
0.083984375
-0.012809753
0.078186035
0.17602539
0.043212891
-0.0069236755
0.071411133
0.034606934
0.10601807
0.023147583
0.10821533
-0.0068473816
-0.0099029541
0.17944336
-0.0099945068
-0.0037841797
-0.0063323975
0.04699707
0.076782227
0.05267334
-0.01133728
-0.0052375793
0.038421631
0.15380859
-0.010215759
0.24926758
0.070983887
0.12005615
0.065917969
0.095092773
0.0060272217
0.10742188
0.098266602
-0.0036754608
-0.0016098022
0.064697266
0.04675293
0.016418457
0.08013916
-0.0014696121
0.056427002
-0.018386841
-0.013015747
0.030105591
0.036315918
-0.0045204163
0.039703369
0.080871582
0.1072998
-0.0010509491
0.090881348
-0.0027313232
0.021621704
0.027557373
-0.0035915375
0.061767578
-0.017105103
0.14001465
0.13415527
-0.0037441254
0.056671143
0.26074219
-0.00062227249
-0.0096054077
-0.0074119568
-0.0042152405
-0.0044403076
-0.0044403076
0.27148438
0.1829834
0.13903809
0.27197266
-0.010643005
-0.003282547
0.15283203
0.13195801
0.095336914
0.093933105
-0.01361084
0.15588379
-0.017623901
-0.0031433105
0.13989258
-0.0043754578
0.017593384
-0.0048675537
0.072753906
-0.0044021606
-0.012634277
0.019775391
0.11950684
-0.0070800781
-0.00365448
-0.014533997
0.00064277649
0.23095703
-0.01789856
0.12731934
0.0051879883
-0.0028076172
0.072265625
-0.0095214844
0.040924072
0.0016565323
0.075683594
0.015304565
0.1472168
0.18212891
-0.0038661957
0.1875
0.12481689
0.15539551
0.033569336
-0.025650024
-0.0026073456
0.077819824
-0.0049629211
0.084228516
0.077758789
0.08404541
0.08605957
-0.00089836121
0.21643066
-0.0098419189
-0.012832642
0.012641907
0.031677246
-0.010429382
0.083984375
-0.012809753
0.078186035
0.17602539
0.043212891
-0.0069236755
0.071411133
0.034606934
0.10601807
0.023147583
0.10821533
-0.0068473816
-0.0099029541
0.17944336
-0.0099945068
-0.0037841797
-0.0063323975
0.04699707
0.076782227
0.05267334
-0.01133728
-0.0052375793
0.038421631
0.15380859
-0.010215759
0.24926758
0.070983887
0.12005615
0.065917969
0.095092773
0.0060272217
0.10742188
0.098266602
-0.0036754608
-0.0016098022
0.064697266
0.04675293
0.016418457
0.08013916
-0.0014696121
0.056427002
-0.018386841
-0.013015747
0.030105591
0.036315918
-0.0045204163
0.039703369
0.080871582
0.1072998
-0.0010509491
0.090881348
-0.0027313232
0.021621704
0.027557373
-0.0035915375
0.061767578
-0.017105103
0.14001465
0.13415527
-0.0037441254
0.056671143
0.26074219
-0.00062227249
-0.0096054077
-0.0074119568
-0.0042152405
-0.0044403076
-0.0044403076
0.27148438
0.1829834
0.13903809
0.27197266
-0.010643005
-0.003282547
0.15283203
0.13195801
0.095336914
0.093933105
-0.01361084
0.15588379
-0.017623901
-0.0031433105
0.13989258
-0.0043754578
0.017593384
-0.0048675537
0.072753906
-0.0044021606
-0.012634277
0.019775391
0.11950684
-0.0070800781
-0.00365448
-0.014533997
0.00064277649
0.23095703
-0.01789856
0.12731934
0.0051879883
-0.0028076172
0.072265625
-0.0095214844
0.040924072
0.0016565323
0.075683594
0.015304565
0.1472168
0.18212891
-0.0038661957
0.1875
0.12481689
0.15539551
0.033569336
-0.025650024
-0.0026073456
0.077819824
-0.0049629211
0.084228516
0.077758789
0.08404541
0.08605957
-0.00089836121
0.21643066
-0.0098419189
-0.012832642
0.012641907
0.031677246
-0.010429382
0.083984375
-0.012809753
0.078186035
0.17602539
0.043212891
-0.0069236755
0.071411133
0.034606934
0.10601807
0.023147583
0.10821533
-0.0068473816
-0.0099029541
0.17944336
-0.0099945068
-0.0037841797
-0.0063323975
0.04699707
0.076782227
0.05267334
-0.01133728
-0.0052375793
0.038421631
0.15380859
-0.010215759
0.24926758
0.070983887
0.12005615
0.065917969
0.095092773
0.0060272217
0.10742188
0.098266602
-0.0036754608
-0.0016098022
0.064697266
0.04675293
0.016418457
0.08013916
-0.0014696121
0.056427002
-0.018386841
-0.013015747
0.030105591
0.036315918
-0.0045204163
0.039703369
0.080871582
0.1072998
-0.0010509491
0.090881348
-0.0027313232
0.021621704
0.027557373
-0.0035915375
0.061767578
-0.017105103
0.14001465
0.13415527
-0.0037441254
0.056671143
0.26074219
-0.00062227249
-0.0096054077
-0.0074119568
-0.0042152405
-0.0044403076
-0.0044403076
0.27148438
0.1829834
0.13903809
0.27197266
-0.010643005
-0.003282547
0.15283203
0.13195801
0.095336914
0.093933105
-0.01361084
0.15588379
-0.017623901
-0.0031433105
0.13989258
-0.0043754578
0.017593384
-0.0048675537
0.072753906
-0.0044021606
-0.012634277
0.019775391
0.11950684
-0.0070800781
-0.00365448
-0.014533997
0.00064277649
0.23095703
-0.01789856
0.12731934
0.0051879883
-0.0028076172
0.072265625
-0.0095214844
0.040924072
0.0016565323
0.075683594
0.015304565
0.1472168
0.18212891
-0.0038661957
0.1875
0.12481689
0.15539551
0.033569336
-0.025650024
-0.0026073456
0.077819824
-0.0049629211
0.084228516
0.077758789
0.08404541
0.08605957
-0.00089836121
0.21643066
-0.0098419189
-0.012832642
0.012641907
0.031677246
-0.010429382
0.083984375
-0.012809753
0.078186035
0.17602539
0.043212891
-0.0069236755
0.071411133
0.034606934
0.10601807
0.023147583
0.10821533
-0.0068473816
-0.0099029541
0.17944336
-0.0099945068
-0.0037841797
-0.0063323975
0.04699707
0.076782227
0.05267334
-0.01133728
-0.0052375793
0.038421631
0.15380859
-0.010215759
0.24926758
0.070983887
0.12005615
0.065917969
0.095092773
0.0060272217
0.10742188
0.098266602
-0.0036754608
-0.0016098022
0.064697266
0.04675293
0.016418457
0.08013916
-0.0014696121
0.056427002
-0.018386841
-0.013015747
0.030105591
0.036315918
-0.0045204163
0.039703369
0.080871582
0.1072998
-0.0010509491
0.090881348
-0.0038719177
-0.0032215118
0.027984619
-0.002412796
0.042022705
-0.0078125
0.12536621
0.089050293
-0.0067329407
0.025634766
0.15026855
0.021072388
-0.0037498474
-0.00034451485
-0.005657196
0.019699097
-0.0045509338
0.15637207
0.12731934
0.074035645
0.18041992
-0.0087585449
-0.0055541992
0.086547852
0.05078125
0.08380127
0.073852539
-0.011726379
0.083557129
-0.010643005
-0.0050544739
0.12402344
-0.001832962
0.018539429
-0.0054969788
0.011642456
-0.0039901733
-0.0097732544
0.045074463
0.098205566
-0.0049705505
-0.004524231
-0.0096740723
0.027404785
0.12634277
-0.0079116821
0.10186768
-0.0013933182
-0.0021438599
0.011375427
-0.0097732544
0.071228027
-0.0015668869
0.042999268
0.027832031
0.1138916
0.14404297
-0.005241394
0.14526367
0.075866699
0.096618652
-0.00021588802
-0.015068054
0.020462036
0.039001465
-0.0056037903
0.0064201355
0.025299072
0.092773438
0.060272217
-0.0016546249
0.12005615
-0.0062599182
-0.010101318
0.046234131
0.0022335052
-0.0075035095
0.045379639
-0.0086364746
0.050567627
0.1206665
0.043395996
-0.0010023117
0.028137207
0.029785156
0.0082092285
0.042480469
0.069763184
-0.00340271
-0.0045433044
0.12890625
-0.0064620972
-0.0038452148
-0.0046348572
0.010383606
0.064697266
0.047149658
-0.0018234253
-0.0062446594
-0.00011926889
0.10186768
-0.007850647
0.18383789
0.075866699
0.084594727
0.056640625
0.050872803
0.018188477
0.077026367
0.067016602
-0.0024776459
-0.0025501251
0.046600342
0.016296387
0.059051514
0.031494141
0.020492554
0.049926758
-0.01424408
-0.0097808838
-0.0012769699
-0.00063753128
-0.0067176819
0.054168701
0.064025879
0.099853516
-0.0018968582
0.093139648
-0.0030899048
-0.004825592
0.023666382
-0.0010652542
0.051116943
-0.0045547485
0.11987305
0.080200195
-0.0078125
0.022842407
0.087768555
0.024368286
-0.001578331
0.028503418
-0.006072998
0.048553467
-0.0056037903
0.097595215
0.075622559
0.046386719
0.13549805
-0.0069046021
-0.0070037842
0.043670654
0.022903442
0.078674316
0.054382324
-0.011650085
0.053894043
-0.0070381165
-0.0072975159
0.13183594
-0.001121521
0.020126343
-0.0061378479
-0.00096654892
-0.0037384033
-0.0079345703
0.061859131
0.095336914
-0.0029602051
-0.0045661926
-0.0057487488
0.041687012
0.069641113
-0.0033817291
0.086486816
-0.0022964478
-0.00096607208
-0.0011034012
-0.010131836
0.087219238
-0.0027561188
0.02557373
0.040405273
0.089111328
0.10748291
-0.0066261292
0.13427734
0.065246582
0.054382324
-0.0012235641
-0.010215759
0.059448242
0.030807495
-0.0077705383
-0.0026931763
-0.0016765594
0.097229004
0.051177979
-0.0020942688
0.07220459
-0.0048866272
-0.0086975098
0.066345215
-0.00086784363
-0.0060768127
0.030319214
-0.0074806213
0.057037354
0.091247559
0.045898438
0.023529053
0.015884399
0.025146484
-0.0041885376
0.044372559
0.040863037
0.0036392212
-0.0010719299
0.10754395
-0.0042877197
-0.0037326813
-0.0023097992
-0.00085258484
0.071411133
0.043457031
0.023742676
-0.0064926147
-0.0003156662
0.078125
-0.0078201294
0.14245605
0.071899414
0.071044922
0.045959473
0.034973145
0.039367676
0.082641602
0.052825928
0.0037918091
-0.0021514893
0.047576904
0.019180298
0.070617676
0.0061836243
0.040435791
0.044372559
-0.010826111
-0.0074157715
-0.0040359497
-0.00390625
-0.0081634521
0.063537598
0.053070068
0.088378906
-0.0033950806
0.08581543
-0.0030899048
-0.004825592
0.023666382
-0.0010652542
0.051116943
-0.0045547485
0.11987305
0.080200195
-0.0078125
0.022842407
0.087768555
0.024368286
-0.001578331
0.028503418
-0.006072998
0.048553467
-0.0056037903
0.097595215
0.075622559
0.046386719
0.13549805
-0.0069046021
-0.0070037842
0.043670654
0.022903442
0.078674316
0.054382324
-0.011650085
0.053894043
-0.0070381165
-0.0072975159
0.13183594
-0.001121521
0.020126343
-0.0061378479
-0.00096654892
-0.0037384033
-0.0079345703
0.061859131
0.095336914
-0.0029602051
-0.0045661926
-0.0057487488
0.041687012
0.069641113
-0.0033817291
0.086486816
-0.0022964478
-0.00096607208
-0.0011034012
-0.010131836
0.087219238
-0.0027561188
0.02557373
0.040405273
0.089111328
0.10748291
-0.0066261292
0.13427734
0.065246582
0.054382324
-0.0012235641
-0.010215759
0.059448242
0.030807495
-0.0077705383
-0.0026931763
-0.0016765594
0.097229004
0.051177979
-0.0020942688
0.07220459
-0.0048866272
-0.0086975098
0.066345215
-0.00086784363
-0.0060768127
0.030319214
-0.0074806213
0.057037354
0.091247559
0.045898438
0.023529053
0.015884399
0.025146484
-0.0041885376
0.044372559
0.040863037
0.0036392212
-0.0010719299
0.10754395
-0.0042877197
-0.0037326813
-0.0023097992
-0.00085258484
0.071411133
0.043457031
0.023742676
-0.0064926147
-0.0003156662
0.078125
-0.0078201294
0.14245605
0.071899414
0.071044922
0.045959473
0.034973145
0.039367676
0.082641602
0.052825928
0.0037918091
-0.0021514893
0.047576904
0.019180298
0.070617676
0.0061836243
0.040435791
0.044372559
-0.010826111
-0.0074157715
-0.0040359497
-0.00390625
-0.0081634521
0.063537598
0.053070068
0.088378906
-0.0033950806
0.08581543
-0.0030899048
-0.004825592
0.023666382
-0.0010652542
0.051116943
-0.0045547485
0.11987305
0.080200195
-0.0078125
0.022842407
0.087768555
0.024368286
-0.001578331
0.028503418
-0.006072998
0.048553467
-0.0056037903
0.097595215
0.075622559
0.046386719
0.13549805
-0.0069046021
-0.0070037842
0.043670654
0.022903442
0.078674316
0.054382324
-0.011650085
0.053894043
-0.0070381165
-0.0072975159
0.13183594
-0.001121521
0.020126343
-0.0061378479
-0.00096654892
-0.0037384033
-0.0079345703
0.061859131
0.095336914
-0.0029602051
-0.0045661926
-0.0057487488
0.041687012
0.069641113
-0.0033817291
0.086486816
-0.0022964478
-0.00096607208
-0.0011034012
-0.010131836
0.087219238
-0.0027561188
0.02557373
0.040405273
0.089111328
0.10748291
-0.0066261292
0.13427734
0.065246582
0.054382324
-0.0012235641
-0.010215759
0.059448242
0.030807495
-0.0077705383
-0.0026931763
-0.0016765594
0.097229004
0.051177979
-0.0020942688
0.07220459
-0.0048866272
-0.0086975098
0.066345215
-0.00086784363
-0.0060768127
0.030319214
-0.0074806213
0.057037354
0.091247559
0.045898438
0.023529053
0.015884399
0.025146484
-0.0041885376
0.044372559
0.040863037
0.0036392212
-0.0010719299
0.10754395
-0.0042877197
-0.0037326813
-0.0023097992
-0.00085258484
0.071411133
0.043457031
0.023742676
-0.0064926147
-0.0003156662
0.078125
-0.0078201294
0.14245605
0.071899414
0.071044922
0.045959473
0.034973145
0.039367676
0.082641602
0.052825928
0.0037918091
-0.0021514893
0.047576904
0.019180298
0.070617676
0.0061836243
0.040435791
0.044372559
-0.010826111
-0.0074157715
-0.0040359497
-0.00390625
-0.0081634521
0.063537598
0.053070068
0.088378906
-0.0033950806
0.08581543
-0.0030899048
-0.004825592
0.023666382
-0.0010652542
0.051116943
-0.0045547485
0.11987305
0.080200195
-0.0078125
0.022842407
0.087768555
0.024368286
-0.001578331
0.028503418
-0.006072998
0.048553467
-0.0056037903
0.097595215
0.075622559
0.046386719
0.13549805
-0.0069046021
-0.0070037842
0.043670654
0.022903442
0.078674316
0.054382324
-0.011650085
0.053894043
-0.0070381165
-0.0072975159
0.13183594
-0.001121521
0.020126343
-0.0061378479
-0.00096654892
-0.0037384033
-0.0079345703
0.061859131
0.095336914
-0.0029602051
-0.0045661926
-0.0057487488
0.041687012
0.069641113
-0.0033817291
0.086486816
-0.0022964478
-0.00096607208
-0.0011034012
-0.010131836
0.087219238
-0.0027561188
0.02557373
0.040405273
0.089111328
0.10748291
-0.0066261292
0.13427734
0.065246582
0.054382324
-0.0012235641
-0.010215759
0.059448242
0.030807495
-0.0077705383
-0.0026931763
-0.0016765594
0.097229004
0.051177979
-0.0020942688
0.07220459
-0.0048866272
-0.0086975098
0.066345215
-0.00086784363
-0.0060768127
0.030319214
-0.0074806213
0.057037354
0.091247559
0.045898438
0.023529053
0.015884399
0.025146484
-0.0041885376
0.044372559
0.040863037
0.0036392212
-0.0010719299
0.10754395
-0.0042877197
-0.0037326813
-0.0023097992
-0.00085258484
0.071411133
0.043457031
0.023742676
-0.0064926147
-0.0003156662
0.078125
-0.0078201294
0.14245605
0.071899414
0.071044922
0.045959473
0.034973145
0.039367676
0.082641602
0.052825928
0.0037918091
-0.0021514893
0.047576904
0.019180298
0.070617676
0.0061836243
0.040435791
0.044372559
-0.010826111
-0.0074157715
-0.0040359497
-0.00390625
-0.0081634521
0.063537598
0.053070068
0.088378906
-0.0033950806
0.08581543
-0.0030899048
-0.004825592
0.023666382
-0.0010652542
0.051116943
-0.0045547485
0.11987305
0.080200195
-0.0078125
0.022842407
0.087768555
0.024368286
-0.001578331
0.028503418
-0.006072998
0.048553467
-0.0056037903
0.097595215
0.075622559
0.046386719
0.13549805
-0.0069046021
-0.0070037842
0.043670654
0.022903442
0.078674316
0.054382324
-0.011650085
0.053894043
-0.0070381165
-0.0072975159
0.13183594
-0.001121521
0.020126343
-0.0061378479
-0.00096654892
-0.0037384033
-0.0079345703
0.061859131
0.095336914
-0.0029602051
-0.0045661926
-0.0057487488
0.041687012
0.069641113
-0.0033817291
0.086486816
-0.0022964478
-0.00096607208
-0.0011034012
-0.010131836
0.087219238
-0.0027561188
0.02557373
0.040405273
0.089111328
0.10748291
-0.0066261292
0.13427734
0.065246582
0.054382324
-0.0012235641
-0.010215759
0.059448242
0.030807495
-0.0077705383
-0.0026931763
-0.0016765594
0.097229004
0.051177979
-0.0020942688
0.07220459
-0.0048866272
-0.0086975098
0.066345215
-0.00086784363
-0.0060768127
0.030319214
-0.0074806213
0.057037354
0.091247559
0.045898438
0.023529053
0.015884399
0.025146484
-0.0041885376
0.044372559
0.040863037
0.0036392212
-0.0010719299
0.10754395
-0.0042877197
-0.0037326813
-0.0023097992
-0.00085258484
0.071411133
0.043457031
0.023742676
-0.0064926147
-0.0003156662
0.078125
-0.0078201294
0.14245605
0.071899414
0.071044922
0.045959473
0.034973145
0.039367676
0.082641602
0.052825928
0.0037918091
-0.0021514893
0.047576904
0.019180298
0.070617676
0.0061836243
0.040435791
0.044372559
-0.010826111
-0.0074157715
-0.0040359497
-0.00390625
-0.0081634521
0.063537598
0.053070068
0.088378906
-0.0033950806
0.08581543
-0.0030899048
-0.004825592
0.023666382
-0.0010652542
0.051116943
-0.0045547485
0.11987305
0.080200195
-0.0078125
0.022842407
0.087768555
0.024368286
-0.001578331
0.028503418
-0.006072998
0.048553467
-0.0056037903
0.097595215
0.075622559
0.046386719
0.13549805
-0.0069046021
-0.0070037842
0.043670654
0.022903442
0.078674316
0.054382324
-0.011650085
0.053894043
-0.0070381165
-0.0072975159
0.13183594
-0.001121521
0.020126343
-0.0061378479
-0.00096654892
-0.0037384033
-0.0079345703
0.061859131
0.095336914
-0.0029602051
-0.0045661926
-0.0057487488
0.041687012
0.069641113
-0.0033817291
0.086486816
-0.0022964478
-0.00096607208
-0.0011034012
-0.010131836
0.087219238
-0.0027561188
0.02557373
0.040405273
0.089111328
0.10748291
-0.0066261292
0.13427734
0.065246582
0.054382324
-0.0012235641
-0.010215759
0.059448242
0.030807495
-0.0077705383
-0.0026931763
-0.0016765594
0.097229004
0.051177979
-0.0020942688
0.07220459
-0.0048866272
-0.0086975098
0.066345215
-0.00086784363
-0.0060768127
0.030319214
-0.0074806213
0.057037354
0.091247559
0.045898438
0.023529053
0.015884399
0.025146484
-0.0041885376
0.044372559
0.040863037
0.0036392212
-0.0010719299
0.10754395
-0.0042877197
-0.0037326813
-0.0023097992
-0.00085258484
0.071411133
0.043457031
0.023742676
-0.0064926147
-0.0003156662
0.078125
-0.0078201294
0.14245605
0.071899414
0.071044922
0.045959473
0.034973145
0.039367676
0.082641602
0.052825928
0.0037918091
-0.0021514893
0.047576904
0.019180298
0.070617676
0.0061836243
0.040435791
0.044372559
-0.010826111
-0.0074157715
-0.0040359497
-0.00390625
-0.0081634521
0.063537598
0.053070068
0.088378906
-0.0033950806
0.08581543
-0.0030899048
-0.004825592
0.023666382
-0.0010652542
0.051116943
-0.0045547485
0.11987305
0.080200195
-0.0078125
0.022842407
0.087768555
0.024368286
-0.001578331
0.028503418
-0.006072998
0.048553467
-0.0056037903
0.097595215
0.075622559
0.046386719
0.13549805
-0.0069046021
-0.0070037842
0.043670654
0.022903442
0.078674316
0.054382324
-0.011650085
0.053894043
-0.0070381165
-0.0072975159
0.13183594
-0.001121521
0.020126343
-0.0061378479
-0.00096654892
-0.0037384033
-0.0079345703
0.061859131
0.095336914
-0.0029602051
-0.0045661926
-0.0057487488
0.041687012
0.069641113
-0.0033817291
0.086486816
-0.0022964478
-0.00096607208
-0.0011034012
-0.010131836
0.087219238
-0.0027561188
0.02557373
0.040405273
0.089111328
0.10748291
-0.0066261292
0.13427734
0.065246582
0.054382324
-0.0012235641
-0.010215759
0.059448242
0.030807495
-0.0077705383
-0.0026931763
-0.0016765594
0.097229004
0.051177979
-0.0020942688
0.07220459
-0.0048866272
-0.0086975098
0.066345215
-0.00086784363
-0.0060768127
0.030319214
-0.0074806213
0.057037354
0.091247559
0.045898438
0.023529053
0.015884399
0.025146484
-0.0041885376
0.044372559
0.040863037
0.0036392212
-0.0010719299
0.10754395
-0.0042877197
-0.0037326813
-0.0023097992
-0.00085258484
0.071411133
0.043457031
0.023742676
-0.0064926147
-0.0003156662
0.078125
-0.0078201294
0.14245605
0.071899414
0.071044922
0.045959473
0.034973145
0.039367676
0.082641602
0.052825928
0.0037918091
-0.0021514893
0.047576904
0.019180298
0.070617676
0.0061836243
0.040435791
0.044372559
-0.010826111
-0.0074157715
-0.0040359497
-0.00390625
-0.0081634521
0.063537598
0.053070068
0.088378906
-0.0033950806
0.08581543
-0.0030899048
-0.004825592
0.023666382
-0.0010652542
0.051116943
-0.0045547485
0.11987305
0.080200195
-0.0078125
0.022842407
0.087768555
0.024368286
-0.001578331
0.028503418
-0.006072998
0.048553467
-0.0056037903
0.097595215
0.075622559
0.046386719
0.13549805
-0.0069046021
-0.0070037842
0.043670654
0.022903442
0.078674316
0.054382324
-0.011650085
0.053894043
-0.0070381165
-0.0072975159
0.13183594
-0.001121521
0.020126343
-0.0061378479
-0.00096654892
-0.0037384033
-0.0079345703
0.061859131
0.095336914
-0.0029602051
-0.0045661926
-0.0057487488
0.041687012
0.069641113
-0.0033817291
0.086486816
-0.0022964478
-0.00096607208
-0.0011034012
-0.010131836
0.087219238
-0.0027561188
0.02557373
0.040405273
0.089111328
0.10748291
-0.0066261292
0.13427734
0.065246582
0.054382324
-0.0012235641
-0.010215759
0.059448242
0.030807495
-0.0077705383
-0.0026931763
-0.0016765594
0.097229004
0.051177979
-0.0020942688
0.07220459
-0.0048866272
-0.0086975098
0.066345215
-0.00086784363
-0.0060768127
0.030319214
-0.0074806213
0.057037354
0.091247559
0.045898438
0.023529053
0.015884399
0.025146484
-0.0041885376
0.044372559
0.040863037
0.0036392212
-0.0010719299
0.10754395
-0.0042877197
-0.0037326813
-0.0023097992
-0.00085258484
0.071411133
0.043457031
0.023742676
-0.0064926147
-0.0003156662
0.078125
-0.0078201294
0.14245605
0.071899414
0.071044922
0.045959473
0.034973145
0.039367676
0.082641602
0.052825928
0.0037918091
-0.0021514893
0.047576904
0.019180298
0.070617676
0.0061836243
0.040435791
0.044372559
-0.010826111
-0.0074157715
-0.0040359497
-0.00390625
-0.0081634521
0.063537598
0.053070068
0.088378906
-0.0033950806
0.08581543
-0.0030899048
-0.004825592
0.023666382
-0.0010652542
0.051116943
-0.0045547485
0.11987305
0.080200195
-0.0078125
0.022842407
0.087768555
0.024368286
-0.001578331
0.028503418
-0.006072998
0.048553467
-0.0056037903
0.097595215
0.075622559
0.046386719
0.13549805
-0.0069046021
-0.0070037842
0.043670654
0.022903442
0.078674316
0.054382324
-0.011650085
0.053894043
-0.0070381165
-0.0072975159
0.13183594
-0.001121521
0.020126343
-0.0061378479
-0.00096654892
-0.0037384033
-0.0079345703
0.061859131
0.095336914
-0.0029602051
-0.0045661926
-0.0057487488
0.041687012
0.069641113
-0.0033817291
0.086486816
-0.0022964478
-0.00096607208
-0.0011034012
-0.010131836
0.087219238
-0.0027561188
0.02557373
0.040405273
0.089111328
0.10748291
-0.0066261292
0.13427734
0.065246582
0.054382324
-0.0012235641
-0.010215759
0.059448242
0.030807495
-0.0077705383
-0.0026931763
-0.0016765594
0.097229004
0.051177979
-0.0020942688
0.07220459
-0.0048866272
-0.0086975098
0.066345215
-0.00086784363
-0.0060768127
0.030319214
-0.0074806213
0.057037354
0.091247559
0.045898438
0.023529053
0.015884399
0.025146484
-0.0041885376
0.044372559
0.040863037
0.0036392212
-0.0010719299
0.10754395
-0.0042877197
-0.0037326813
-0.0023097992
-0.00085258484
0.071411133
0.043457031
0.023742676
-0.0064926147
-0.0003156662
0.078125
-0.0078201294
0.14245605
0.071899414
0.071044922
0.045959473
0.034973145
0.039367676
0.082641602
0.052825928
0.0037918091
-0.0021514893
0.047576904
0.019180298
0.070617676
0.0061836243
0.040435791
0.044372559
-0.010826111
-0.0074157715
-0.0040359497
-0.00390625
-0.0081634521
0.063537598
0.053070068
0.088378906
-0.0033950806
0.08581543
-0.0030899048
-0.004825592
0.023666382
-0.0010652542
0.051116943
-0.0045547485
0.11987305
0.080200195
-0.0078125
0.022842407
0.087768555
0.024368286
-0.001578331
0.028503418
-0.006072998
0.048553467
-0.0056037903
0.097595215
0.075622559
0.046386719
0.13549805
-0.0069046021
-0.0070037842
0.043670654
0.022903442
0.078674316
0.054382324
-0.011650085
0.053894043
-0.0070381165
-0.0072975159
0.13183594
-0.001121521
0.020126343
-0.0061378479
-0.00096654892
-0.0037384033
-0.0079345703
0.061859131
0.095336914
-0.0029602051
-0.0045661926
-0.0057487488
0.041687012
0.069641113
-0.0033817291
0.086486816
-0.0022964478
-0.00096607208
-0.0011034012
-0.010131836
0.087219238
-0.0027561188
0.02557373
0.040405273
0.089111328
0.10748291
-0.0066261292
0.13427734
0.065246582
0.054382324
-0.0012235641
-0.010215759
0.059448242
0.030807495
-0.0077705383
-0.0026931763
-0.0016765594
0.097229004
0.051177979
-0.0020942688
0.07220459
-0.0048866272
-0.0086975098
0.066345215
-0.00086784363
-0.0060768127
0.030319214
-0.0074806213
0.057037354
0.091247559
0.045898438
0.023529053
0.015884399
0.025146484
-0.0041885376
0.044372559
0.040863037
0.0036392212
-0.0010719299
0.10754395
-0.0042877197
-0.0037326813
-0.0023097992
-0.00085258484
0.071411133
0.043457031
0.023742676
-0.0064926147
-0.0003156662
0.078125
-0.0078201294
0.14245605
0.071899414
0.071044922
0.045959473
0.034973145
0.039367676
0.082641602
0.052825928
0.0037918091
-0.0021514893
0.047576904
0.019180298
0.070617676
0.0061836243
0.040435791
0.044372559
-0.010826111
-0.0074157715
-0.0040359497
-0.00390625
-0.0081634521
0.063537598
0.053070068
0.088378906
-0.0033950806
0.08581543
-0.0030899048
-0.004825592
0.023666382
-0.0010652542
0.051116943
-0.0045547485
0.11987305
0.080200195
-0.0078125
0.022842407
0.087768555
0.024368286
-0.001578331
0.028503418
-0.006072998
0.048553467
-0.0056037903
0.097595215
0.075622559
0.046386719
0.13549805
-0.0069046021
-0.0070037842
0.043670654
0.022903442
0.078674316
0.054382324
-0.011650085
0.053894043
-0.0070381165
-0.0072975159
0.13183594
-0.001121521
0.020126343
-0.0061378479
-0.00096654892
-0.0037384033
-0.0079345703
0.061859131
0.095336914
-0.0029602051
-0.0045661926
-0.0057487488
0.041687012
0.069641113
-0.0033817291
0.086486816
-0.0022964478
-0.00096607208
-0.0011034012
-0.010131836
0.087219238
-0.0027561188
0.02557373
0.040405273
0.089111328
0.10748291
-0.0066261292
0.13427734
0.065246582
0.054382324
-0.0012235641
-0.010215759
0.059448242
0.030807495
-0.0077705383
-0.0026931763
-0.0016765594
0.097229004
0.051177979
-0.0020942688
0.07220459
-0.0048866272
-0.0086975098
0.066345215
-0.00086784363
-0.0060768127
0.030319214
-0.0074806213
0.057037354
0.091247559
0.045898438
0.023529053
0.015884399
0.025146484
-0.0041885376
0.044372559
0.040863037
0.0036392212
-0.0010719299
0.10754395
-0.0042877197
-0.0037326813
-0.0023097992
-0.00085258484
0.071411133
0.043457031
0.023742676
-0.0064926147
-0.0003156662
0.078125
-0.0078201294
0.14245605
0.071899414
0.071044922
0.045959473
0.034973145
0.039367676
0.082641602
0.052825928
0.0037918091
-0.0021514893
0.047576904
0.019180298
0.070617676
0.0061836243
0.040435791
0.044372559
-0.010826111
-0.0074157715
-0.0040359497
-0.00390625
-0.0081634521
0.063537598
0.053070068
0.088378906
-0.0033950806
0.08581543
-0.0030899048
-0.004825592
0.023666382
-0.0010652542
0.051116943
-0.0045547485
0.11987305
0.080200195
-0.0078125
0.022842407
0.087768555
0.024368286
-0.001578331
0.028503418
-0.006072998
0.048553467
-0.0056037903
0.097595215
0.075622559
0.046386719
0.13549805
-0.0069046021
-0.0070037842
0.043670654
0.022903442
0.078674316
0.054382324
-0.011650085
0.053894043
-0.0070381165
-0.0072975159
0.13183594
-0.001121521
0.020126343
-0.0061378479
-0.00096654892
-0.0037384033
-0.0079345703
0.061859131
0.095336914
-0.0029602051
-0.0045661926
-0.0057487488
0.041687012
0.069641113
-0.0033817291
0.086486816
-0.0022964478
-0.00096607208
-0.0011034012
-0.010131836
0.087219238
-0.0027561188
0.02557373
0.040405273
0.089111328
0.10748291
-0.0066261292
0.13427734
0.065246582
0.054382324
-0.0012235641
-0.010215759
0.059448242
0.030807495
-0.0077705383
-0.0026931763
-0.0016765594
0.097229004
0.051177979
-0.0020942688
0.07220459
-0.0048866272
-0.0086975098
0.066345215
-0.00086784363
-0.0060768127
0.030319214
-0.0074806213
0.057037354
0.091247559
0.045898438
0.023529053
0.015884399
0.025146484
-0.0041885376
0.044372559
0.040863037
0.0036392212
-0.0010719299
0.10754395
-0.0042877197
-0.0037326813
-0.0023097992
-0.00085258484
0.071411133
0.043457031
0.023742676
-0.0064926147
-0.0003156662
0.078125
-0.0078201294
0.14245605
0.071899414
0.071044922
0.045959473
0.034973145
0.039367676
0.082641602
0.052825928
0.0037918091
-0.0021514893
0.047576904
0.019180298
0.070617676
0.0061836243
0.040435791
0.044372559
-0.010826111
-0.0074157715
-0.0040359497
-0.00390625
-0.0081634521
0.063537598
0.053070068
0.088378906
-0.0033950806
0.08581543
-0.0030899048
-0.004825592
0.023666382
-0.0010652542
0.051116943
-0.0045547485
0.11987305
0.080200195
-0.0078125
0.022842407
0.087768555
0.024368286
-0.001578331
0.028503418
-0.006072998
0.048553467
-0.0056037903
0.097595215
0.075622559
0.046386719
0.13549805
-0.0069046021
-0.0070037842
0.043670654
0.022903442
0.078674316
0.054382324
-0.011650085
0.053894043
-0.0070381165
-0.0072975159
0.13183594
-0.001121521
0.020126343
-0.0061378479
-0.00096654892
-0.0037384033
-0.0079345703
0.061859131
0.095336914
-0.0029602051
-0.0045661926
-0.0057487488
0.041687012
0.069641113
-0.0033817291
0.086486816
-0.0022964478
-0.00096607208
-0.0011034012
-0.010131836
0.087219238
-0.0027561188
0.02557373
0.040405273
0.089111328
0.10748291
-0.0066261292
0.13427734
0.065246582
0.054382324
-0.0012235641
-0.010215759
0.059448242
0.030807495
-0.0077705383
-0.0026931763
-0.0016765594
0.097229004
0.051177979
-0.0020942688
0.07220459
-0.0048866272
-0.0086975098
0.066345215
-0.00086784363
-0.0060768127
0.030319214
-0.0074806213
0.057037354
0.091247559
0.045898438
0.023529053
0.015884399
0.025146484
-0.0041885376
0.044372559
0.040863037
0.0036392212
-0.0010719299
0.10754395
-0.0042877197
-0.0037326813
-0.0023097992
-0.00085258484
0.071411133
0.043457031
0.023742676
-0.0064926147
-0.0003156662
0.078125
-0.0078201294
0.14245605
0.071899414
0.071044922
0.045959473
0.034973145
0.039367676
0.082641602
0.052825928
0.0037918091
-0.0021514893
0.047576904
0.019180298
0.070617676
0.0061836243
0.040435791
0.044372559
-0.010826111
-0.0074157715
-0.0040359497
-0.00390625
-0.0081634521
0.063537598
0.053070068
0.088378906
-0.0033950806
0.08581543
-0.0030899048
-0.004825592
0.023666382
-0.0010652542
0.051116943
-0.0045547485
0.11987305
0.080200195
-0.0078125
0.022842407
0.087768555
0.024368286
-0.001578331
0.028503418
-0.006072998
0.048553467
-0.0056037903
0.097595215
0.075622559
0.046386719
0.13549805
-0.0069046021
-0.0070037842
0.043670654
0.022903442
0.078674316
0.054382324
-0.011650085
0.053894043
-0.0070381165
-0.0072975159
0.13183594
-0.001121521
0.020126343
-0.0061378479
-0.00096654892
-0.0037384033
-0.0079345703
0.061859131
0.095336914
-0.0029602051
-0.0045661926
-0.0057487488
0.041687012
0.069641113
-0.0033817291
0.086486816
-0.0022964478
-0.00096607208
-0.0011034012
-0.010131836
0.087219238
-0.0027561188
0.02557373
0.040405273
0.089111328
0.10748291
-0.0066261292
0.13427734
0.065246582
0.054382324
-0.0012235641
-0.010215759
0.059448242
0.030807495
-0.0077705383
-0.0026931763
-0.0016765594
0.097229004
0.051177979
-0.0020942688
0.07220459
-0.0048866272
-0.0086975098
0.066345215
-0.00086784363
-0.0060768127
0.030319214
-0.0074806213
0.057037354
0.091247559
0.045898438
0.023529053
0.015884399
0.025146484
-0.0041885376
0.044372559
0.040863037
0.0036392212
-0.0010719299
0.10754395
-0.0042877197
-0.0037326813
-0.0023097992
-0.00085258484
0.071411133
0.043457031
0.023742676
-0.0064926147
-0.0003156662
0.078125
-0.0078201294
0.14245605
0.071899414
0.071044922
0.045959473
0.034973145
0.039367676
0.082641602
0.052825928
0.0037918091
-0.0021514893
0.047576904
0.019180298
0.070617676
0.0061836243
0.040435791
0.044372559
-0.010826111
-0.0074157715
-0.0040359497
-0.00390625
-0.0081634521
0.063537598
0.053070068
0.088378906
-0.0033950806
0.08581543
-0.0030899048
-0.004825592
0.023666382
-0.0010652542
0.051116943
-0.0045547485
0.11987305
0.080200195
-0.0078125
0.022842407
0.087768555
0.024368286
-0.001578331
0.028503418
-0.006072998
0.048553467
-0.0056037903
0.097595215
0.075622559
0.046386719
0.13549805
-0.0069046021
-0.0070037842
0.043670654
0.022903442
0.078674316
0.054382324
-0.011650085
0.053894043
-0.0070381165
-0.0072975159
0.13183594
-0.001121521
0.020126343
-0.0061378479
-0.00096654892
-0.0037384033
-0.0079345703
0.061859131
0.095336914
-0.0029602051
-0.0045661926
-0.0057487488
0.041687012
0.069641113
-0.0033817291
0.086486816
-0.0022964478
-0.00096607208
-0.0011034012
-0.010131836
0.087219238
-0.0027561188
0.02557373
0.040405273
0.089111328
0.10748291
-0.0066261292
0.13427734
0.065246582
0.054382324
-0.0012235641
-0.010215759
0.059448242
0.030807495
-0.0077705383
-0.0026931763
-0.0016765594
0.097229004
0.051177979
-0.0020942688
0.07220459
-0.0048866272
-0.0086975098
0.066345215
-0.00086784363
-0.0060768127
0.030319214
-0.0074806213
0.057037354
0.091247559
0.045898438
0.023529053
0.015884399
0.025146484
-0.0041885376
0.044372559
0.040863037
0.0036392212
-0.0010719299
0.10754395
-0.0042877197
-0.0037326813
-0.0023097992
-0.00085258484
0.071411133
0.043457031
0.023742676
-0.0064926147
-0.0003156662
0.078125
-0.0078201294
0.14245605
0.071899414
0.071044922
0.045959473
0.034973145
0.039367676
0.082641602
0.052825928
0.0037918091
-0.0021514893
0.047576904
0.019180298
0.070617676
0.0061836243
0.040435791
0.044372559
-0.010826111
-0.0074157715
-0.0040359497
-0.00390625
-0.0081634521
0.063537598
0.053070068
0.088378906
-0.0033950806
0.08581543
-0.0030899048
-0.004825592
0.023666382
-0.0010652542
0.051116943
-0.0045547485
0.11987305
0.080200195
-0.0078125
0.022842407
0.087768555
0.024368286
-0.001578331
0.028503418
-0.006072998
0.048553467
-0.0056037903
0.097595215
0.075622559
0.046386719
0.13549805
-0.0069046021
-0.0070037842
0.043670654
0.022903442
0.078674316
0.054382324
-0.011650085
0.053894043
-0.0070381165
-0.0072975159
0.13183594
-0.001121521
0.020126343
-0.0061378479
-0.00096654892
-0.0037384033
-0.0079345703
0.061859131
0.095336914
-0.0029602051
-0.0045661926
-0.0057487488
0.041687012
0.069641113
-0.0033817291
0.086486816
-0.0022964478
-0.00096607208
-0.0011034012
-0.010131836
0.087219238
-0.0027561188
0.02557373
0.040405273
0.089111328
0.10748291
-0.0066261292
0.13427734
0.065246582
0.054382324
-0.0012235641
-0.010215759
0.059448242
0.030807495
-0.0077705383
-0.0026931763
-0.0016765594
0.097229004
0.051177979
-0.0020942688
0.07220459
-0.0048866272
-0.0086975098
0.066345215
-0.00086784363
-0.0060768127
0.030319214
-0.0074806213
0.057037354
0.091247559
0.045898438
0.023529053
0.015884399
0.025146484
-0.0041885376
0.044372559
0.040863037
0.0036392212
-0.0010719299
0.10754395
-0.0042877197
-0.0037326813
-0.0023097992
-0.00085258484
0.071411133
0.043457031
0.023742676
-0.0064926147
-0.0003156662
0.078125
-0.0078201294
0.14245605
0.071899414
0.071044922
0.045959473
0.034973145
0.039367676
0.082641602
0.052825928
0.0037918091
-0.0021514893
0.047576904
0.019180298
0.070617676
0.0061836243
0.040435791
0.044372559
-0.010826111
-0.0074157715
-0.0040359497
-0.00390625
-0.0081634521
0.063537598
0.053070068
0.088378906
-0.0033950806
0.08581543
-0.0030899048
-0.004825592
0.023666382
-0.0010652542
0.051116943
-0.0045547485
0.11987305
0.080200195
-0.0078125
0.022842407
0.087768555
0.024368286
-0.001578331
0.028503418
-0.006072998
0.048553467
-0.0056037903
0.097595215
0.075622559
0.046386719
0.13549805
-0.0069046021
-0.0070037842
0.043670654
0.022903442
0.078674316
0.054382324
-0.011650085
0.053894043
-0.0070381165
-0.0072975159
0.13183594
-0.001121521
0.020126343
-0.0061378479
-0.00096654892
-0.0037384033
-0.0079345703
0.061859131
0.095336914
-0.0029602051
-0.0045661926
-0.0057487488
0.041687012
0.069641113
-0.0033817291
0.086486816
-0.0022964478
-0.00096607208
-0.0011034012
-0.010131836
0.087219238
-0.0027561188
0.02557373
0.040405273
0.089111328
0.10748291
-0.0066261292
0.13427734
0.065246582
0.054382324
-0.0012235641
-0.010215759
0.059448242
0.030807495
-0.0077705383
-0.0026931763
-0.0016765594
0.097229004
0.051177979
-0.0020942688
0.07220459
-0.0048866272
-0.0086975098
0.066345215
-0.00086784363
-0.0060768127
0.030319214
-0.0074806213
0.057037354
0.091247559
0.045898438
0.023529053
0.015884399
0.025146484
-0.0041885376
0.044372559
0.040863037
0.0036392212
-0.0010719299
0.10754395
-0.0042877197
-0.0037326813
-0.0023097992
-0.00085258484
0.071411133
0.043457031
0.023742676
-0.0064926147
-0.0003156662
0.078125
-0.0078201294
0.14245605
0.071899414
0.071044922
0.045959473
0.034973145
0.039367676
0.082641602
0.052825928
0.0037918091
-0.0021514893
0.047576904
0.019180298
0.070617676
0.0061836243
0.040435791
0.044372559
-0.010826111
-0.0074157715
-0.0040359497
-0.00390625
-0.0081634521
0.063537598
0.053070068
0.088378906
-0.0033950806
0.08581543
-0.0030899048
-0.004825592
0.023666382
-0.0010652542
0.051116943
-0.0045547485
0.11987305
0.080200195
-0.0078125
0.022842407
0.087768555
0.024368286
-0.001578331
0.028503418
-0.006072998
0.048553467
-0.0056037903
0.097595215
0.075622559
0.046386719
0.13549805
-0.0069046021
-0.0070037842
0.043670654
0.022903442
0.078674316
0.054382324
-0.011650085
0.053894043
-0.0070381165
-0.0072975159
0.13183594
-0.001121521
0.020126343
-0.0061378479
-0.00096654892
-0.0037384033
-0.0079345703
0.061859131
0.095336914
-0.0029602051
-0.0045661926
-0.0057487488
0.041687012
0.069641113
-0.0033817291
0.086486816
-0.0022964478
-0.00096607208
-0.0011034012
-0.010131836
0.087219238
-0.0027561188
0.02557373
0.040405273
0.089111328
0.10748291
-0.0066261292
0.13427734
0.065246582
0.054382324
-0.0012235641
-0.010215759
0.059448242
0.030807495
-0.0077705383
-0.0026931763
-0.0016765594
0.097229004
0.051177979
-0.0020942688
0.07220459
-0.0048866272
-0.0086975098
0.066345215
-0.00086784363
-0.0060768127
0.030319214
-0.0074806213
0.057037354
0.091247559
0.045898438
0.023529053
0.015884399
0.025146484
-0.0041885376
0.044372559
0.040863037
0.0036392212
-0.0010719299
0.10754395
-0.0042877197
-0.0037326813
-0.0023097992
-0.00085258484
0.071411133
0.043457031
0.023742676
-0.0064926147
-0.0003156662
0.078125
-0.0078201294
0.14245605
0.071899414
0.071044922
0.045959473
0.034973145
0.039367676
0.082641602
0.052825928
0.0037918091
-0.0021514893
0.047576904
0.019180298
0.070617676
0.0061836243
0.040435791
0.044372559
-0.010826111
-0.0074157715
-0.0040359497
-0.00390625
-0.0081634521
0.063537598
0.053070068
0.088378906
-0.0033950806
0.08581543
-0.0030899048
-0.004825592
0.023666382
-0.0010652542
0.051116943
-0.0045547485
0.11987305
0.080200195
-0.0078125
0.022842407
0.087768555
0.024368286
-0.001578331
0.028503418
-0.006072998
0.048553467
-0.0056037903
0.097595215
0.075622559
0.046386719
0.13549805
-0.0069046021
-0.0070037842
0.043670654
0.022903442
0.078674316
0.054382324
-0.011650085
0.053894043
-0.0070381165
-0.0072975159
0.13183594
-0.001121521
0.020126343
-0.0061378479
-0.00096654892
-0.0037384033
-0.0079345703
0.061859131
0.095336914
-0.0029602051
-0.0045661926
-0.0057487488
0.041687012
0.069641113
-0.0033817291
0.086486816
-0.0022964478
-0.00096607208
-0.0011034012
-0.010131836
0.087219238
-0.0027561188
0.02557373
0.040405273
0.089111328
0.10748291
-0.0066261292
0.13427734
0.065246582
0.054382324
-0.0012235641
-0.010215759
0.059448242
0.030807495
-0.0077705383
-0.0026931763
-0.0016765594
0.097229004
0.051177979
-0.0020942688
0.07220459
-0.0048866272
-0.0086975098
0.066345215
-0.00086784363
-0.0060768127
0.030319214
-0.0074806213
0.057037354
0.091247559
0.045898438
0.023529053
0.015884399
0.025146484
-0.0041885376
0.044372559
0.040863037
0.0036392212
-0.0010719299
0.10754395
-0.0042877197
-0.0037326813
-0.0023097992
-0.00085258484
0.071411133
0.043457031
0.023742676
-0.0064926147
-0.0003156662
0.078125
-0.0078201294
0.14245605
0.071899414
0.071044922
0.045959473
0.034973145
0.039367676
0.082641602
0.052825928
0.0037918091
-0.0021514893
0.047576904
0.019180298
0.070617676
0.0061836243
0.040435791
0.044372559
-0.010826111
-0.0074157715
-0.0040359497
-0.00390625
-0.0081634521
0.063537598
0.053070068
0.088378906
-0.0033950806
0.08581543
-0.0030899048
-0.004825592
0.023666382
-0.0010652542
0.051116943
-0.0045547485
0.11987305
0.080200195
-0.0078125
0.022842407
0.087768555
0.024368286
-0.001578331
0.028503418
-0.006072998
0.048553467
-0.0056037903
0.097595215
0.075622559
0.046386719
0.13549805
-0.0069046021
-0.0070037842
0.043670654
0.022903442
0.078674316
0.054382324
-0.011650085
0.053894043
-0.0070381165
-0.0072975159
0.13183594
-0.001121521
0.020126343
-0.0061378479
-0.00096654892
-0.0037384033
-0.0079345703
0.061859131
0.095336914
-0.0029602051
-0.0045661926
-0.0057487488
0.041687012
0.069641113
-0.0033817291
0.086486816
-0.0022964478
-0.00096607208
-0.0011034012
-0.010131836
0.087219238
-0.0027561188
0.02557373
0.040405273
0.089111328
0.10748291
-0.0066261292
0.13427734
0.065246582
0.054382324
-0.0012235641
-0.010215759
0.059448242
0.030807495
-0.0077705383
-0.0026931763
-0.0016765594
0.097229004
0.051177979
-0.0020942688
0.07220459
-0.0048866272
-0.0086975098
0.066345215
-0.00086784363
-0.0060768127
0.030319214
-0.0074806213
0.057037354
0.091247559
0.045898438
0.023529053
0.015884399
0.025146484
-0.0041885376
0.044372559
0.040863037
0.0036392212
-0.0010719299
0.10754395
-0.0042877197
-0.0037326813
-0.0023097992
-0.00085258484
0.071411133
0.043457031
0.023742676
-0.0064926147
-0.0003156662
0.078125
-0.0078201294
0.14245605
0.071899414
0.071044922
0.045959473
0.034973145
0.039367676
0.082641602
0.052825928
0.0037918091
-0.0021514893
0.047576904
0.019180298
0.070617676
0.0061836243
0.040435791
0.044372559
-0.010826111
-0.0074157715
-0.0040359497
-0.00390625
-0.0081634521
0.063537598
0.053070068
0.088378906
-0.0033950806
0.08581543
-0.0030899048
-0.004825592
0.023666382
-0.0010652542
0.051116943
-0.0045547485
0.11987305
0.080200195
-0.0078125
0.022842407
0.087768555
0.024368286
-0.001578331
0.028503418
-0.006072998
0.048553467
-0.0056037903
0.097595215
0.075622559
0.046386719
0.13549805
-0.0069046021
-0.0070037842
0.043670654
0.022903442
0.078674316
0.054382324
-0.011650085
0.053894043
-0.0070381165
-0.0072975159
0.13183594
-0.001121521
0.020126343
-0.0061378479
-0.00096654892
-0.0037384033
-0.0079345703
0.061859131
0.095336914
-0.0029602051
-0.0045661926
-0.0057487488
0.041687012
0.069641113
-0.0033817291
0.086486816
-0.0022964478
-0.00096607208
-0.0011034012
-0.010131836
0.087219238
-0.0027561188
0.02557373
0.040405273
0.089111328
0.10748291
-0.0066261292
0.13427734
0.065246582
0.054382324
-0.0012235641
-0.010215759
0.059448242
0.030807495
-0.0077705383
-0.0026931763
-0.0016765594
0.097229004
0.051177979
-0.0020942688
0.07220459
-0.0048866272
-0.0086975098
0.066345215
-0.00086784363
-0.0060768127
0.030319214
-0.0074806213
0.057037354
0.091247559
0.045898438
0.023529053
0.015884399
0.025146484
-0.0041885376
0.044372559
0.040863037
0.0036392212
-0.0010719299
0.10754395
-0.0042877197
-0.0037326813
-0.0023097992
-0.00085258484
0.071411133
0.043457031
0.023742676
-0.0064926147
-0.0003156662
0.078125
-0.0078201294
0.14245605
0.071899414
0.071044922
0.045959473
0.034973145
0.039367676
0.082641602
0.052825928
0.0037918091
-0.0021514893
0.047576904
0.019180298
0.070617676
0.0061836243
0.040435791
0.044372559
-0.010826111
-0.0074157715
-0.0040359497
-0.00390625
-0.0081634521
0.063537598
0.053070068
0.088378906
-0.0033950806
0.08581543
-0.0030899048
-0.004825592
0.023666382
-0.0010652542
0.051116943
-0.0045547485
0.11987305
0.080200195
-0.0078125
0.022842407
0.087768555
0.024368286
-0.001578331
0.028503418
-0.006072998
0.048553467
-0.0056037903
0.097595215
0.075622559
0.046386719
0.13549805
-0.0069046021
-0.0070037842
0.043670654
0.022903442
0.078674316
0.054382324
-0.011650085
0.053894043
-0.0070381165
-0.0072975159
0.13183594
-0.001121521
0.020126343
-0.0061378479
-0.00096654892
-0.0037384033
-0.0079345703
0.061859131
0.095336914
-0.0029602051
-0.0045661926
-0.0057487488
0.041687012
0.069641113
-0.0033817291
0.086486816
-0.0022964478
-0.00096607208
-0.0011034012
-0.010131836
0.087219238
-0.0027561188
0.02557373
0.040405273
0.089111328
0.10748291
-0.0066261292
0.13427734
0.065246582
0.054382324
-0.0012235641
-0.010215759
0.059448242
0.030807495
-0.0077705383
-0.0026931763
-0.0016765594
0.097229004
0.051177979
-0.0020942688
0.07220459
-0.0048866272
-0.0086975098
0.066345215
-0.00086784363
-0.0060768127
0.030319214
-0.0074806213
0.057037354
0.091247559
0.045898438
0.023529053
0.015884399
0.025146484
-0.0041885376
0.044372559
0.040863037
0.0036392212
-0.0010719299
0.10754395
-0.0042877197
-0.0037326813
-0.0023097992
-0.00085258484
0.071411133
0.043457031
0.023742676
-0.0064926147
-0.0003156662
0.078125
-0.0078201294
0.14245605
0.071899414
0.071044922
0.045959473
0.034973145
0.039367676
0.082641602
0.052825928
0.0037918091
-0.0021514893
0.047576904
0.019180298
0.070617676
0.0061836243
0.040435791
0.044372559
-0.010826111
-0.0074157715
-0.0040359497
-0.00390625
-0.0081634521
0.063537598
0.053070068
0.088378906
-0.0033950806
0.08581543
-0.0030899048
-0.004825592
0.023666382
-0.0010652542
0.051116943
-0.0045547485
0.11987305
0.080200195
-0.0078125
0.022842407
0.087768555
0.024368286
-0.001578331
0.028503418
-0.006072998
0.048553467
-0.0056037903
0.097595215
0.075622559
0.046386719
0.13549805
-0.0069046021
-0.0070037842
0.043670654
0.022903442
0.078674316
0.054382324
-0.011650085
0.053894043
-0.0070381165
-0.0072975159
0.13183594
-0.001121521
0.020126343
-0.0061378479
-0.00096654892
-0.0037384033
-0.0079345703
0.061859131
0.095336914
-0.0029602051
-0.0045661926
-0.0057487488
0.041687012
0.069641113
-0.0033817291
0.086486816
-0.0022964478
-0.00096607208
-0.0011034012
-0.010131836
0.087219238
-0.0027561188
0.02557373
0.040405273
0.089111328
0.10748291
-0.0066261292
0.13427734
0.065246582
0.054382324
-0.0012235641
-0.010215759
0.059448242
0.030807495
-0.0077705383
-0.0026931763
-0.0016765594
0.097229004
0.051177979
-0.0020942688
0.07220459
-0.0048866272
-0.0086975098
0.066345215
-0.00086784363
-0.0060768127
0.030319214
-0.0074806213
0.057037354
0.091247559
0.045898438
0.023529053
0.015884399
0.025146484
-0.0041885376
0.044372559
0.040863037
0.0036392212
-0.0010719299
0.10754395
-0.0042877197
-0.0037326813
-0.0023097992
-0.00085258484
0.071411133
0.043457031
0.023742676
-0.0064926147
-0.0003156662
0.078125
-0.0078201294
0.14245605
0.071899414
0.071044922
0.045959473
0.034973145
0.039367676
0.082641602
0.052825928
0.0037918091
-0.0021514893
0.047576904
0.019180298
0.070617676
0.0061836243
0.040435791
0.044372559
-0.010826111
-0.0074157715
-0.0040359497
-0.00390625
-0.0081634521
0.063537598
0.053070068
0.088378906
-0.0033950806
0.08581543
-0.0030899048
-0.004825592
0.023666382
-0.0010652542
0.051116943
-0.0045547485
0.11987305
0.080200195
-0.0078125
0.022842407
0.087768555
0.024368286
-0.001578331
0.028503418
-0.006072998
0.048553467
-0.0056037903
0.097595215
0.075622559
0.046386719
0.13549805
-0.0069046021
-0.0070037842
0.043670654
0.022903442
0.078674316
0.054382324
-0.011650085
0.053894043
-0.0070381165
-0.0072975159
0.13183594
-0.001121521
0.020126343
-0.0061378479
-0.00096654892
-0.0037384033
-0.0079345703
0.061859131
0.095336914
-0.0029602051
-0.0045661926
-0.0057487488
0.041687012
0.069641113
-0.0033817291
0.086486816
-0.0022964478
-0.00096607208
-0.0011034012
-0.010131836
0.087219238
-0.0027561188
0.02557373
0.040405273
0.089111328
0.10748291
-0.0066261292
0.13427734
0.065246582
0.054382324
-0.0012235641
-0.010215759
0.059448242
0.030807495
-0.0077705383
-0.0026931763
-0.0016765594
0.097229004
0.051177979
-0.0020942688
0.07220459
-0.0048866272
-0.0086975098
0.066345215
-0.00086784363
-0.0060768127
0.030319214
-0.0074806213
0.057037354
0.091247559
0.045898438
0.023529053
0.015884399
0.025146484
-0.0041885376
0.044372559
0.040863037
0.0036392212
-0.0010719299
0.10754395
-0.0042877197
-0.0037326813
-0.0023097992
-0.00085258484
0.071411133
0.043457031
0.023742676
-0.0064926147
-0.0003156662
0.078125
-0.0078201294
0.14245605
0.071899414
0.071044922
0.045959473
0.034973145
0.039367676
0.082641602
0.052825928
0.0037918091
-0.0021514893
0.047576904
0.019180298
0.070617676
0.0061836243
0.040435791
0.044372559
-0.010826111
-0.0074157715
-0.0040359497
-0.00390625
-0.0081634521
0.063537598
0.053070068
0.088378906
-0.0033950806
0.08581543
-0.0030899048
-0.004825592
0.023666382
-0.0010652542
0.051116943
-0.0045547485
0.11987305
0.080200195
-0.0078125
0.022842407
0.087768555
0.024368286
-0.001578331
0.028503418
-0.006072998
0.048553467
-0.0056037903
0.097595215
0.075622559
0.046386719
0.13549805
-0.0069046021
-0.0070037842
0.043670654
0.022903442
0.078674316
0.054382324
-0.011650085
0.053894043
-0.0070381165
-0.0072975159
0.13183594
-0.001121521
0.020126343
-0.0061378479
-0.00096654892
-0.0037384033
-0.0079345703
0.061859131
0.095336914
-0.0029602051
-0.0045661926
-0.0057487488
0.041687012
0.069641113
-0.0033817291
0.086486816
-0.0022964478
-0.00096607208
-0.0011034012
-0.010131836
0.087219238
-0.0027561188
0.02557373
0.040405273
0.089111328
0.10748291
-0.0066261292
0.13427734
0.065246582
0.054382324
-0.0012235641
-0.010215759
0.059448242
0.030807495
-0.0077705383
-0.0026931763
-0.0016765594
0.097229004
0.051177979
-0.0020942688
0.07220459
-0.0048866272
-0.0086975098
0.066345215
-0.00086784363
-0.0060768127
0.030319214
-0.0074806213
0.057037354
0.091247559
0.045898438
0.023529053
0.015884399
0.025146484
-0.0041885376
0.044372559
0.040863037
0.0036392212
-0.0010719299
0.10754395
-0.0042877197
-0.0037326813
-0.0023097992
-0.00085258484
0.071411133
0.043457031
0.023742676
-0.0064926147
-0.0003156662
0.078125
-0.0078201294
0.14245605
0.071899414
0.071044922
0.045959473
0.034973145
0.039367676
0.082641602
0.052825928
0.0037918091
-0.0021514893
0.047576904
0.019180298
0.070617676
0.0061836243
0.040435791
0.044372559
-0.010826111
-0.0074157715
-0.0040359497
-0.00390625
-0.0081634521
0.063537598
0.053070068
0.088378906
-0.0033950806
0.08581543
-0.0030899048
-0.004825592
0.023666382
-0.0010652542
0.051116943
-0.0045547485
0.11987305
0.080200195
-0.0078125
0.022842407
0.087768555
0.024368286
-0.001578331
0.028503418
-0.006072998
0.048553467
-0.0056037903
0.097595215
0.075622559
0.046386719
0.13549805
-0.0069046021
-0.0070037842
0.043670654
0.022903442
0.078674316
0.054382324
-0.011650085
0.053894043
-0.0070381165
-0.0072975159
0.13183594
-0.001121521
0.020126343
-0.0061378479
-0.00096654892
-0.0037384033
-0.0079345703
0.061859131
0.095336914
-0.0029602051
-0.0045661926
-0.0057487488
0.041687012
0.069641113
-0.0033817291
0.086486816
-0.0022964478
-0.00096607208
-0.0011034012
-0.010131836
0.087219238
-0.0027561188
0.02557373
0.040405273
0.089111328
0.10748291
-0.0066261292
0.13427734
0.065246582
0.054382324
-0.0012235641
-0.010215759
0.059448242
0.030807495
-0.0077705383
-0.0026931763
-0.0016765594
0.097229004
0.051177979
-0.0020942688
0.07220459
-0.0048866272
-0.0086975098
0.066345215
-0.00086784363
-0.0060768127
0.030319214
-0.0074806213
0.057037354
0.091247559
0.045898438
0.023529053
0.015884399
0.025146484
-0.0041885376
0.044372559
0.040863037
0.0036392212
-0.0010719299
0.10754395
-0.0042877197
-0.0037326813
-0.0023097992
-0.00085258484
0.071411133
0.043457031
0.023742676
-0.0064926147
-0.0003156662
0.078125
-0.0078201294
0.14245605
0.071899414
0.071044922
0.045959473
0.034973145
0.039367676
0.082641602
0.052825928
0.0037918091
-0.0021514893
0.047576904
0.019180298
0.070617676
0.0061836243
0.040435791
0.044372559
-0.010826111
-0.0074157715
-0.0040359497
-0.00390625
-0.0081634521
0.063537598
0.053070068
0.088378906
-0.0033950806
0.08581543
-0.0030899048
-0.004825592
0.023666382
-0.0010652542
0.051116943
-0.0045547485
0.11987305
0.080200195
-0.0078125
0.022842407
0.087768555
0.024368286
-0.001578331
0.028503418
-0.006072998
0.048553467
-0.0056037903
0.097595215
0.075622559
0.046386719
0.13549805
-0.0069046021
-0.0070037842
0.043670654
0.022903442
0.078674316
0.054382324
-0.011650085
0.053894043
-0.0070381165
-0.0072975159
0.13183594
-0.001121521
0.020126343
-0.0061378479
-0.00096654892
-0.0037384033
-0.0079345703
0.061859131
0.095336914
-0.0029602051
-0.0045661926
-0.0057487488
0.041687012
0.069641113
-0.0033817291
0.086486816
-0.0022964478
-0.00096607208
-0.0011034012
-0.010131836
0.087219238
-0.0027561188
0.02557373
0.040405273
0.089111328
0.10748291
-0.0066261292
0.13427734
0.065246582
0.054382324
-0.0012235641
-0.010215759
0.059448242
0.030807495
-0.0077705383
-0.0026931763
-0.0016765594
0.097229004
0.051177979
-0.0020942688
0.07220459
-0.0048866272
-0.0086975098
0.066345215
-0.00086784363
-0.0060768127
0.030319214
-0.0074806213
0.057037354
0.091247559
0.045898438
0.023529053
0.015884399
0.025146484
-0.0041885376
0.044372559
0.040863037
0.0036392212
-0.0010719299
0.10754395
-0.0042877197
-0.0037326813
-0.0023097992
-0.00085258484
0.071411133
0.043457031
0.023742676
-0.0064926147
-0.0003156662
0.078125
-0.0078201294
0.14245605
0.071899414
0.071044922
0.045959473
0.034973145
0.039367676
0.082641602
0.052825928
0.0037918091
-0.0021514893
0.047576904
0.019180298
0.070617676
0.0061836243
0.040435791
0.044372559
-0.010826111
-0.0074157715
-0.0040359497
-0.00390625
-0.0081634521
0.063537598
0.053070068
0.088378906
-0.0033950806
0.08581543
-0.0030899048
-0.004825592
0.023666382
-0.0010652542
0.051116943
-0.0045547485
0.11987305
0.080200195
-0.0078125
0.022842407
0.087768555
0.024368286
-0.001578331
0.028503418
-0.006072998
0.048553467
-0.0056037903
0.097595215
0.075622559
0.046386719
0.13549805
-0.0069046021
-0.0070037842
0.043670654
0.022903442
0.078674316
0.054382324
-0.011650085
0.053894043
-0.0070381165
-0.0072975159
0.13183594
-0.001121521
0.020126343
-0.0061378479
-0.00096654892
-0.0037384033
-0.0079345703
0.061859131
0.095336914
-0.0029602051
-0.0045661926
-0.0057487488
0.041687012
0.069641113
-0.0033817291
0.086486816
-0.0022964478
-0.00096607208
-0.0011034012
-0.010131836
0.087219238
-0.0027561188
0.02557373
0.040405273
0.089111328
0.10748291
-0.0066261292
0.13427734
0.065246582
0.054382324
-0.0012235641
-0.010215759
0.059448242
0.030807495
-0.0077705383
-0.0026931763
-0.0016765594
0.097229004
0.051177979
-0.0020942688
0.07220459
-0.0048866272
-0.0086975098
0.066345215
-0.00086784363
-0.0060768127
0.030319214
-0.0074806213
0.057037354
0.091247559
0.045898438
0.023529053
0.015884399
0.025146484
-0.0041885376
0.044372559
0.040863037
0.0036392212
-0.0010719299
0.10754395
-0.0042877197
-0.0037326813
-0.0023097992
-0.00085258484
0.071411133
0.043457031
0.023742676
-0.0064926147
-0.0003156662
0.078125
-0.0078201294
0.14245605
0.071899414
0.071044922
0.045959473
0.034973145
0.039367676
0.082641602
0.052825928
0.0037918091
-0.0021514893
0.047576904
0.019180298
0.070617676
0.0061836243
0.040435791
0.044372559
-0.010826111
-0.0074157715
-0.0040359497
-0.00390625
-0.0081634521
0.063537598
0.053070068
0.088378906
-0.0033950806
0.08581543
-0.0030899048
-0.004825592
0.023666382
-0.0010652542
0.051116943
-0.0045547485
0.11987305
0.080200195
-0.0078125
0.022842407
0.087768555
0.024368286
-0.001578331
0.028503418
-0.006072998
0.048553467
-0.0056037903
0.097595215
0.075622559
0.046386719
0.13549805
-0.0069046021
-0.0070037842
0.043670654
0.022903442
0.078674316
0.054382324
-0.011650085
0.053894043
-0.0070381165
-0.0072975159
0.13183594
-0.001121521
0.020126343
-0.0061378479
-0.00096654892
-0.0037384033
-0.0079345703
0.061859131
0.095336914
-0.0029602051
-0.0045661926
-0.0057487488
0.041687012
0.069641113
-0.0033817291
0.086486816
-0.0022964478
-0.00096607208
-0.0011034012
-0.010131836
0.087219238
-0.0027561188
0.02557373
0.040405273
0.089111328
0.10748291
-0.0066261292
0.13427734
0.065246582
0.054382324
-0.0012235641
-0.010215759
0.059448242
0.030807495
-0.0077705383
-0.0026931763
-0.0016765594
0.097229004
0.051177979
-0.0020942688
0.07220459
-0.0048866272
-0.0086975098
0.066345215
-0.00086784363
-0.0060768127
0.030319214
-0.0074806213
0.057037354
0.091247559
0.045898438
0.023529053
0.015884399
0.025146484
-0.0041885376
0.044372559
0.040863037
0.0036392212
-0.0010719299
0.10754395
-0.0042877197
-0.0037326813
-0.0023097992
-0.00085258484
0.071411133
0.043457031
0.023742676
-0.0064926147
-0.0003156662
0.078125
-0.0078201294
0.14245605
0.071899414
0.071044922
0.045959473
0.034973145
0.039367676
0.082641602
0.052825928
0.0037918091
-0.0021514893
0.047576904
0.019180298
0.070617676
0.0061836243
0.040435791
0.044372559
-0.010826111
-0.0074157715
-0.0040359497
-0.00390625
-0.0081634521
0.063537598
0.053070068
0.088378906
-0.0033950806
0.08581543
-0.0030899048
-0.004825592
0.023666382
-0.0010652542
0.051116943
-0.0045547485
0.11987305
0.080200195
-0.0078125
0.022842407
0.087768555
0.024368286
-0.001578331
0.028503418
-0.006072998
0.048553467
-0.0056037903
0.097595215
0.075622559
0.046386719
0.13549805
-0.0069046021
-0.0070037842
0.043670654
0.022903442
0.078674316
0.054382324
-0.011650085
0.053894043
-0.0070381165
-0.0072975159
0.13183594
-0.001121521
0.020126343
-0.0061378479
-0.00096654892
-0.0037384033
-0.0079345703
0.061859131
0.095336914
-0.0029602051
-0.0045661926
-0.0057487488
0.041687012
0.069641113
-0.0033817291
0.086486816
-0.0022964478
-0.00096607208
-0.0011034012
-0.010131836
0.087219238
-0.0027561188
0.02557373
0.040405273
0.089111328
0.10748291
-0.0066261292
0.13427734
0.065246582
0.054382324
-0.0012235641
-0.010215759
0.059448242
0.030807495
-0.0077705383
-0.0026931763
-0.0016765594
0.097229004
0.051177979
-0.0020942688
0.07220459
-0.0048866272
-0.0086975098
0.066345215
-0.00086784363
-0.0060768127
0.030319214
-0.0074806213
0.057037354
0.091247559
0.045898438
0.023529053
0.015884399
0.025146484
-0.0041885376
0.044372559
0.040863037
0.0036392212
-0.0010719299
0.10754395
-0.0042877197
-0.0037326813
-0.0023097992
-0.00085258484
0.071411133
0.043457031
0.023742676
-0.0064926147
-0.0003156662
0.078125
-0.0078201294
0.14245605
0.071899414
0.071044922
0.045959473
0.034973145
0.039367676
0.082641602
0.052825928
0.0037918091
-0.0021514893
0.047576904
0.019180298
0.070617676
0.0061836243
0.040435791
0.044372559
-0.010826111
-0.0074157715
-0.0040359497
-0.00390625
-0.0081634521
0.063537598
0.053070068
0.088378906
-0.0033950806
0.08581543
-0.0030899048
-0.004825592
0.023666382
-0.0010652542
0.051116943
-0.0045547485
0.11987305
0.080200195
-0.0078125
0.022842407
0.087768555
0.024368286
-0.001578331
0.028503418
-0.006072998
0.048553467
-0.0056037903
0.097595215
0.075622559
0.046386719
0.13549805
-0.0069046021
-0.0070037842
0.043670654
0.022903442
0.078674316
0.054382324
-0.011650085
0.053894043
-0.0070381165
-0.0072975159
0.13183594
-0.001121521
0.020126343
-0.0061378479
-0.00096654892
-0.0037384033
-0.0079345703
0.061859131
0.095336914
-0.0029602051
-0.0045661926
-0.0057487488
0.041687012
0.069641113
-0.0033817291
0.086486816
-0.0022964478
-0.00096607208
-0.0011034012
-0.010131836
0.087219238
-0.0027561188
0.02557373
0.040405273
0.089111328
0.10748291
-0.0066261292
0.13427734
0.065246582
0.054382324
-0.0012235641
-0.010215759
0.059448242
0.030807495
-0.0077705383
-0.0026931763
-0.0016765594
0.097229004
0.051177979
-0.0020942688
0.07220459
-0.0048866272
-0.0086975098
0.066345215
-0.00086784363
-0.0060768127
0.030319214
-0.0074806213
0.057037354
0.091247559
0.045898438
0.023529053
0.015884399
0.025146484
-0.0041885376
0.044372559
0.040863037
0.0036392212
-0.0010719299
0.10754395
-0.0042877197
-0.0037326813
-0.0023097992
-0.00085258484
0.071411133
0.043457031
0.023742676
-0.0064926147
-0.0003156662
0.078125
-0.0078201294
0.14245605
0.071899414
0.071044922
0.045959473
0.034973145
0.039367676
0.082641602
0.052825928
0.0037918091
-0.0021514893
0.047576904
0.019180298
0.070617676
0.0061836243
0.040435791
0.044372559
-0.010826111
-0.0074157715
-0.0040359497
-0.00390625
-0.0081634521
0.063537598
0.053070068
0.088378906
-0.0033950806
0.08581543
-0.0030899048
-0.004825592
0.023666382
-0.0010652542
0.051116943
-0.0045547485
0.11987305
0.080200195
-0.0078125
0.022842407
0.087768555
0.024368286
-0.001578331
0.028503418
-0.006072998
0.048553467
-0.0056037903
0.097595215
0.075622559
0.046386719
0.13549805
-0.0069046021
-0.0070037842
0.043670654
0.022903442
0.078674316
0.054382324
-0.011650085
0.053894043
-0.0070381165
-0.0072975159
0.13183594
-0.001121521
0.020126343
-0.0061378479
-0.00096654892
-0.0037384033
-0.0079345703
0.061859131
0.095336914
-0.0029602051
-0.0045661926
-0.0057487488
0.041687012
0.069641113
-0.0033817291
0.086486816
-0.0022964478
-0.00096607208
-0.0011034012
-0.010131836
0.087219238
-0.0027561188
0.02557373
0.040405273
0.089111328
0.10748291
-0.0066261292
0.13427734
0.065246582
0.054382324
-0.0012235641
-0.010215759
0.059448242
0.030807495
-0.0077705383
-0.0026931763
-0.0016765594
0.097229004
0.051177979
-0.0020942688
0.07220459
-0.0048866272
-0.0086975098
0.066345215
-0.00086784363
-0.0060768127
0.030319214
-0.0074806213
0.057037354
0.091247559
0.045898438
0.023529053
0.015884399
0.025146484
-0.0041885376
0.044372559
0.040863037
0.0036392212
-0.0010719299
0.10754395
-0.0042877197
-0.0037326813
-0.0023097992
-0.00085258484
0.071411133
0.043457031
0.023742676
-0.0064926147
-0.0003156662
0.078125
-0.0078201294
0.14245605
0.071899414
0.071044922
0.045959473
0.034973145
0.039367676
0.082641602
0.052825928
0.0037918091
-0.0021514893
0.047576904
0.019180298
0.070617676
0.0061836243
0.040435791
0.044372559
-0.010826111
-0.0074157715
-0.0040359497
-0.00390625
-0.0081634521
0.063537598
0.053070068
0.088378906
-0.0033950806
0.08581543
-0.0030899048
-0.004825592
0.023666382
-0.0010652542
0.051116943
-0.0045547485
0.11987305
0.080200195
-0.0078125
0.022842407
0.087768555
0.024368286
-0.001578331
0.028503418
-0.006072998
0.048553467
-0.0056037903
0.097595215
0.075622559
0.046386719
0.13549805
-0.0069046021
-0.0070037842
0.043670654
0.022903442
0.078674316
0.054382324
-0.011650085
0.053894043
-0.0070381165
-0.0072975159
0.13183594
-0.001121521
0.020126343
-0.0061378479
-0.00096654892
-0.0037384033
-0.0079345703
0.061859131
0.095336914
-0.0029602051
-0.0045661926
-0.0057487488
0.041687012
0.069641113
-0.0033817291
0.086486816
-0.0022964478
-0.00096607208
-0.0011034012
-0.010131836
0.087219238
-0.0027561188
0.02557373
0.040405273
0.089111328
0.10748291
-0.0066261292
0.13427734
0.065246582
0.054382324
-0.0012235641
-0.010215759
0.059448242
0.030807495
-0.0077705383
-0.0026931763
-0.0016765594
0.097229004
0.051177979
-0.0020942688
0.07220459
-0.0048866272
-0.0086975098
0.066345215
-0.00086784363
-0.0060768127
0.030319214
-0.0074806213
0.057037354
0.091247559
0.045898438
0.023529053
0.015884399
0.025146484
-0.0041885376
0.044372559
0.040863037
0.0036392212
-0.0010719299
0.10754395
-0.0042877197
-0.0037326813
-0.0023097992
-0.00085258484
0.071411133
0.043457031
0.023742676
-0.0064926147
-0.0003156662
0.078125
-0.0078201294
0.14245605
0.071899414
0.071044922
0.045959473
0.034973145
0.039367676
0.082641602
0.052825928
0.0037918091
-0.0021514893
0.047576904
0.019180298
0.070617676
0.0061836243
0.040435791
0.044372559
-0.010826111
-0.0074157715
-0.0040359497
-0.00390625
-0.0081634521
0.063537598
0.053070068
0.088378906
-0.0033950806
0.08581543
-0.0030899048
-0.004825592
0.023666382
-0.0010652542
0.051116943
-0.0045547485
0.11987305
0.080200195
-0.0078125
0.022842407
0.087768555
0.024368286
-0.001578331
0.028503418
-0.006072998
0.048553467
-0.0056037903
0.097595215
0.075622559
0.046386719
0.13549805
-0.0069046021
-0.0070037842
0.043670654
0.022903442
0.078674316
0.054382324
-0.011650085
0.053894043
-0.0070381165
-0.0072975159
0.13183594
-0.001121521
0.020126343
-0.0061378479
-0.00096654892
-0.0037384033
-0.0079345703
0.061859131
0.095336914
-0.0029602051
-0.0045661926
-0.0057487488
0.041687012
0.069641113
-0.0033817291
0.086486816
-0.0022964478
-0.00096607208
-0.0011034012
-0.010131836
0.087219238
-0.0027561188
0.02557373
0.040405273
0.089111328
0.10748291
-0.0066261292
0.13427734
0.065246582
0.054382324
-0.0012235641
-0.010215759
0.059448242
0.030807495
-0.0077705383
-0.0026931763
-0.0016765594
0.097229004
0.051177979
-0.0020942688
0.07220459
-0.0048866272
-0.0086975098
0.066345215
-0.00086784363
-0.0060768127
0.030319214
-0.0074806213
0.057037354
0.091247559
0.045898438
0.023529053
0.015884399
0.025146484
-0.0041885376
0.044372559
0.040863037
0.0036392212
-0.0010719299
0.10754395
-0.0042877197
-0.0037326813
-0.0023097992
-0.00085258484
0.071411133
0.043457031
0.023742676
-0.0064926147
-0.0003156662
0.078125
-0.0078201294
0.14245605
0.071899414
0.071044922
0.045959473
0.034973145
0.039367676
0.082641602
0.052825928
0.0037918091
-0.0021514893
0.047576904
0.019180298
0.070617676
0.0061836243
0.040435791
0.044372559
-0.010826111
-0.0074157715
-0.0040359497
-0.00390625
-0.0081634521
0.063537598
0.053070068
0.088378906
-0.0033950806
0.08581543
-0.0030899048
-0.004825592
0.023666382
-0.0010652542
0.051116943
-0.0045547485
0.11987305
0.080200195
-0.0078125
0.022842407
0.087768555
0.024368286
-0.001578331
0.028503418
-0.006072998
0.048553467
-0.0056037903
0.097595215
0.075622559
0.046386719
0.13549805
-0.0069046021
-0.0070037842
0.043670654
0.022903442
0.078674316
0.054382324
-0.011650085
0.053894043
-0.0070381165
-0.0072975159
0.13183594
-0.001121521
0.020126343
-0.0061378479
-0.00096654892
-0.0037384033
-0.0079345703
0.061859131
0.095336914
-0.0029602051
-0.0045661926
-0.0057487488
0.041687012
0.069641113
-0.0033817291
0.086486816
-0.0022964478
-0.00096607208
-0.0011034012
-0.010131836
0.087219238
-0.0027561188
0.02557373
0.040405273
0.089111328
0.10748291
-0.0066261292
0.13427734
0.065246582
0.054382324
-0.0012235641
-0.010215759
0.059448242
0.030807495
-0.0077705383
-0.0026931763
-0.0016765594
0.097229004
0.051177979
-0.0020942688
0.07220459
-0.0048866272
-0.0086975098
0.066345215
-0.00086784363
-0.0060768127
0.030319214
-0.0074806213
0.057037354
0.091247559
0.045898438
0.023529053
0.015884399
0.025146484
-0.0041885376
0.044372559
0.040863037
0.0036392212
-0.0010719299
0.10754395
-0.0042877197
-0.0037326813
-0.0023097992
-0.00085258484
0.071411133
0.043457031
0.023742676
-0.0064926147
-0.0003156662
0.078125
-0.0078201294
0.14245605
0.071899414
0.071044922
0.045959473
0.034973145
0.039367676
0.082641602
0.052825928
0.0037918091
-0.0021514893
0.047576904
0.019180298
0.070617676
0.0061836243
0.040435791
0.044372559
-0.010826111
-0.0074157715
-0.0040359497
-0.00390625
-0.0081634521
0.063537598
0.053070068
0.088378906
-0.0033950806
0.08581543
-0.0030899048
-0.004825592
0.023666382
-0.0010652542
0.051116943
-0.0045547485
0.11987305
0.080200195
-0.0078125
0.022842407
0.087768555
0.024368286
-0.001578331
0.028503418
-0.006072998
0.048553467
-0.0056037903
0.097595215
0.075622559
0.046386719
0.13549805
-0.0069046021
-0.0070037842
0.043670654
0.022903442
0.078674316
0.054382324
-0.011650085
0.053894043
-0.0070381165
-0.0072975159
0.13183594
-0.001121521
0.020126343
-0.0061378479
-0.00096654892
-0.0037384033
-0.0079345703
0.061859131
0.095336914
-0.0029602051
-0.0045661926
-0.0057487488
0.041687012
0.069641113
-0.0033817291
0.086486816
-0.0022964478
-0.00096607208
-0.0011034012
-0.010131836
0.087219238
-0.0027561188
0.02557373
0.040405273
0.089111328
0.10748291
-0.0066261292
0.13427734
0.065246582
0.054382324
-0.0012235641
-0.010215759
0.059448242
0.030807495
-0.0077705383
-0.0026931763
-0.0016765594
0.097229004
0.051177979
-0.0020942688
0.07220459
-0.0048866272
-0.0086975098
0.066345215
-0.00086784363
-0.0060768127
0.030319214
-0.0074806213
0.057037354
0.091247559
0.045898438
0.023529053
0.015884399
0.025146484
-0.0041885376
0.044372559
0.040863037
0.0036392212
-0.0010719299
0.10754395
-0.0042877197
-0.0037326813
-0.0023097992
-0.00085258484
0.071411133
0.043457031
0.023742676
-0.0064926147
-0.0003156662
0.078125
-0.0078201294
0.14245605
0.071899414
0.071044922
0.045959473
0.034973145
0.039367676
0.082641602
0.052825928
0.0037918091
-0.0021514893
0.047576904
0.019180298
0.070617676
0.0061836243
0.040435791
0.044372559
-0.010826111
-0.0074157715
-0.0040359497
-0.00390625
-0.0081634521
0.063537598
0.053070068
0.088378906
-0.0033950806
0.08581543
-0.0030899048
-0.004825592
0.023666382
-0.0010652542
0.051116943
-0.0045547485
0.11987305
0.080200195
-0.0078125
0.022842407
0.087768555
0.024368286
-0.001578331
0.028503418
-0.006072998
0.048553467
-0.0056037903
0.097595215
0.075622559
0.046386719
0.13549805
-0.0069046021
-0.0070037842
0.043670654
0.022903442
0.078674316
0.054382324
-0.011650085
0.053894043
-0.0070381165
-0.0072975159
0.13183594
-0.001121521
0.020126343
-0.0061378479
-0.00096654892
-0.0037384033
-0.0079345703
0.061859131
0.095336914
-0.0029602051
-0.0045661926
-0.0057487488
0.041687012
0.069641113
-0.0033817291
0.086486816
-0.0022964478
-0.00096607208
-0.0011034012
-0.010131836
0.087219238
-0.0027561188
0.02557373
0.040405273
0.089111328
0.10748291
-0.0066261292
0.13427734
0.065246582
0.054382324
-0.0012235641
-0.010215759
0.059448242
0.030807495
-0.0077705383
-0.0026931763
-0.0016765594
0.097229004
0.051177979
-0.0020942688
0.07220459
-0.0048866272
-0.0086975098
0.066345215
-0.00086784363
-0.0060768127
0.030319214
-0.0074806213
0.057037354
0.091247559
0.045898438
0.023529053
0.015884399
0.025146484
-0.0041885376
0.044372559
0.040863037
0.0036392212
-0.0010719299
0.10754395
-0.0042877197
-0.0037326813
-0.0023097992
-0.00085258484
0.071411133
0.043457031
0.023742676
-0.0064926147
-0.0003156662
0.078125
-0.0078201294
0.14245605
0.071899414
0.071044922
0.045959473
0.034973145
0.039367676
0.082641602
0.052825928
0.0037918091
-0.0021514893
0.047576904
0.019180298
0.070617676
0.0061836243
0.040435791
0.044372559
-0.010826111
-0.0074157715
-0.0040359497
-0.00390625
-0.0081634521
0.063537598
0.053070068
0.088378906
-0.0033950806
0.08581543
-0.0030899048
-0.004825592
0.023666382
-0.0010652542
0.051116943
-0.0045547485
0.11987305
0.080200195
-0.0078125
0.022842407
0.087768555
0.024368286
-0.001578331
0.028503418
-0.006072998
0.048553467
-0.0056037903
0.097595215
0.075622559
0.046386719
0.13549805
-0.0069046021
-0.0070037842
0.043670654
0.022903442
0.078674316
0.054382324
-0.011650085
0.053894043
-0.0070381165
-0.0072975159
0.13183594
-0.001121521
0.020126343
-0.0061378479
-0.00096654892
-0.0037384033
-0.0079345703
0.061859131
0.095336914
-0.0029602051
-0.0045661926
-0.0057487488
0.041687012
0.069641113
-0.0033817291
0.086486816
-0.0022964478
-0.00096607208
-0.0011034012
-0.010131836
0.087219238
-0.0027561188
0.02557373
0.040405273
0.089111328
0.10748291
-0.0066261292
0.13427734
0.065246582
0.054382324
-0.0012235641
-0.010215759
0.059448242
0.030807495
-0.0077705383
-0.0026931763
-0.0016765594
0.097229004
0.051177979
-0.0020942688
0.07220459
-0.0048866272
-0.0086975098
0.066345215
-0.00086784363
-0.0060768127
0.030319214
-0.0074806213
0.057037354
0.091247559
0.045898438
0.023529053
0.015884399
0.025146484
-0.0041885376
0.044372559
0.040863037
0.0036392212
-0.0010719299
0.10754395
-0.0042877197
-0.0037326813
-0.0023097992
-0.00085258484
0.071411133
0.043457031
0.023742676
-0.0064926147
-0.0003156662
0.078125
-0.0078201294
0.14245605
0.071899414
0.071044922
0.045959473
0.034973145
0.039367676
0.082641602
0.052825928
0.0037918091
-0.0021514893
0.047576904
0.019180298
0.070617676
0.0061836243
0.040435791
0.044372559
-0.010826111
-0.0074157715
-0.0040359497
-0.00390625
-0.0081634521
0.063537598
0.053070068
0.088378906
-0.0033950806
0.08581543
-0.0030899048
-0.004825592
0.023666382
-0.0010652542
0.051116943
-0.0045547485
0.11987305
0.080200195
-0.0078125
0.022842407
0.087768555
0.024368286
-0.001578331
0.028503418
-0.006072998
0.048553467
-0.0056037903
0.097595215
0.075622559
0.046386719
0.13549805
-0.0069046021
-0.0070037842
0.043670654
0.022903442
0.078674316
0.054382324
-0.011650085
0.053894043
-0.0070381165
-0.0072975159
0.13183594
-0.001121521
0.020126343
-0.0061378479
-0.00096654892
-0.0037384033
-0.0079345703
0.061859131
0.095336914
-0.0029602051
-0.0045661926
-0.0057487488
0.041687012
0.069641113
-0.0033817291
0.086486816
-0.0022964478
-0.00096607208
-0.0011034012
-0.010131836
0.087219238
-0.0027561188
0.02557373
0.040405273
0.089111328
0.10748291
-0.0066261292
0.13427734
0.065246582
0.054382324
-0.0012235641
-0.010215759
0.059448242
0.030807495
-0.0077705383
-0.0026931763
-0.0016765594
0.097229004
0.051177979
-0.0020942688
0.07220459
-0.0048866272
-0.0086975098
0.066345215
-0.00086784363
-0.0060768127
0.030319214
-0.0074806213
0.057037354
0.091247559
0.045898438
0.023529053
0.015884399
0.025146484
-0.0041885376
0.044372559
0.040863037
0.0036392212
-0.0010719299
0.10754395
-0.0042877197
-0.0037326813
-0.0023097992
-0.00085258484
0.071411133
0.043457031
0.023742676
-0.0064926147
-0.0003156662
0.078125
-0.0078201294
0.14245605
0.071899414
0.071044922
0.045959473
0.034973145
0.039367676
0.082641602
0.052825928
0.0037918091
-0.0021514893
0.047576904
0.019180298
0.070617676
0.0061836243
0.040435791
0.044372559
-0.010826111
-0.0074157715
-0.0040359497
-0.00390625
-0.0081634521
0.063537598
0.053070068
0.088378906
-0.0033950806
0.08581543
-0.0030899048
-0.004825592
0.023666382
-0.0010652542
0.051116943
-0.0045547485
0.11987305
0.080200195
-0.0078125
0.022842407
0.087768555
0.024368286
-0.001578331
0.028503418
-0.006072998
0.048553467
-0.0056037903
0.097595215
0.075622559
0.046386719
0.13549805
-0.0069046021
-0.0070037842
0.043670654
0.022903442
0.078674316
0.054382324
-0.011650085
0.053894043
-0.0070381165
-0.0072975159
0.13183594
-0.001121521
0.020126343
-0.0061378479
-0.00096654892
-0.0037384033
-0.0079345703
0.061859131
0.095336914
-0.0029602051
-0.0045661926
-0.0057487488
0.041687012
0.069641113
-0.0033817291
0.086486816
-0.0022964478
-0.00096607208
-0.0011034012
-0.010131836
0.087219238
-0.0027561188
0.02557373
0.040405273
0.089111328
0.10748291
-0.0066261292
0.13427734
0.065246582
0.054382324
-0.0012235641
-0.010215759
0.059448242
0.030807495
-0.0077705383
-0.0026931763
-0.0016765594
0.097229004
0.051177979
-0.0020942688
0.07220459
-0.0048866272
-0.0086975098
0.066345215
-0.00086784363
-0.0060768127
0.030319214
-0.0074806213
0.057037354
0.091247559
0.045898438
0.023529053
0.015884399
0.025146484
-0.0041885376
0.044372559
0.040863037
0.0036392212
-0.0010719299
0.10754395
-0.0042877197
-0.0037326813
-0.0023097992
-0.00085258484
0.071411133
0.043457031
0.023742676
-0.0064926147
-0.0003156662
0.078125
-0.0078201294
0.14245605
0.071899414
0.071044922
0.045959473
0.034973145
0.039367676
0.082641602
0.052825928
0.0037918091
-0.0021514893
0.047576904
0.019180298
0.070617676
0.0061836243
0.040435791
0.044372559
-0.010826111
-0.0074157715
-0.0040359497
-0.00390625
-0.0081634521
0.063537598
0.053070068
0.088378906
-0.0033950806
0.08581543
-0.0030899048
-0.004825592
0.023666382
-0.0010652542
0.051116943
-0.0045547485
0.11987305
0.080200195
-0.0078125
0.022842407
0.087768555
0.024368286
-0.001578331
0.028503418
-0.006072998
0.048553467
-0.0056037903
0.097595215
0.075622559
0.046386719
0.13549805
-0.0069046021
-0.0070037842
0.043670654
0.022903442
0.078674316
0.054382324
-0.011650085
0.053894043
-0.0070381165
-0.0072975159
0.13183594
-0.001121521
0.020126343
-0.0061378479
-0.00096654892
-0.0037384033
-0.0079345703
0.061859131
0.095336914
-0.0029602051
-0.0045661926
-0.0057487488
0.041687012
0.069641113
-0.0033817291
0.086486816
-0.0022964478
-0.00096607208
-0.0011034012
-0.010131836
0.087219238
-0.0027561188
0.02557373
0.040405273
0.089111328
0.10748291
-0.0066261292
0.13427734
0.065246582
0.054382324
-0.0012235641
-0.010215759
0.059448242
0.030807495
-0.0077705383
-0.0026931763
-0.0016765594
0.097229004
0.051177979
-0.0020942688
0.07220459
-0.0048866272
-0.0086975098
0.066345215
-0.00086784363
-0.0060768127
0.030319214
-0.0074806213
0.057037354
0.091247559
0.045898438
0.023529053
0.015884399
0.025146484
-0.0041885376
0.044372559
0.040863037
0.0036392212
-0.0010719299
0.10754395
-0.0042877197
-0.0037326813
-0.0023097992
-0.00085258484
0.071411133
0.043457031
0.023742676
-0.0064926147
-0.0003156662
0.078125
-0.0078201294
0.14245605
0.071899414
0.071044922
0.045959473
0.034973145
0.039367676
0.082641602
0.052825928
0.0037918091
-0.0021514893
0.047576904
0.019180298
0.070617676
0.0061836243
0.040435791
0.044372559
-0.010826111
-0.0074157715
-0.0040359497
-0.00390625
-0.0081634521
0.063537598
0.053070068
0.088378906
-0.0033950806
0.08581543
