0.000852108
-0.016586304
-0.052581787
-0.063293457
0.015556335
0.071044922
-0.020553589
-0.066955566
-0.0046043396
-0.061950684
0.037475586
0.0097503662
-0.054992676
0.096740723
-0.059356689
-0.071472168
0.069274902
-0.041564941
0.040802002
0.070251465
-0.01940918
0.035430908
0.0048065186
-0.008972168
-0.061096191
-0.075927734
-0.018066406
-0.067565918
0.034973145
0.016326904
-0.059814453
0.0077590942
-0.046844482
0.0053520203
0.07208252
0.016143799
0.09979248
-0.023864746
0.030303955
0.0098724365
0.051452637
0.032714844
-0.032806396
0.038970947
-0.012916565
-0.019226074
-0.050231934
0.017318726
0.01385498
0.080505371
0.034942627
0.04574585
0.071105957
-0.044830322
-0.058563232
-0.055389404
-0.0019207001
-0.05380249
-0.046508789
0.097167969
0.035461426
0.093505859
0.082946777
-0.080444336
0.045196533
0.037139893
-0.042663574
-0.04864502
0.075927734
0.05581665
-0.063781738
0.065124512
0.031005859
0.040618896
0.046234131
-0.057769775
0.008895874
0.049987793
-0.070495605
-0.076477051
0.052490234
0.05581665
0.033233643
-0.058868408
-0.0060462952
0.033508301
-0.0020256042
-0.068115234
-0.030548096
-0.063049316
0.066223145
0.027694702
0.05279541
-0.025360107
0.021331787
0.012870789
0.020568848
0.090026855
-0.04675293
-0.038543701
0.07019043
-0.010032654
0.023223877
-0.018676758
-0.026641846
-0.052642822
-0.050994873
-0.078125
-0.022460938
-0.033508301
-0.051635742
-0.029937744
0.0069007874
-8.5234642e-05
0.044189453
-0.073486328
-0.0013532639
-0.029327393
0.060333252
0.023757935
-0.025848389
0.010650635
-0.027618408
-0.012634277
0.073303223
-0.085632324
0.027694702
0.00060749054
