-0.018906
-0.021408
0.001830
0.001623
-0.004318
-0.004627
0.010483
0.025146
-0.005928
-0.006451
-0.032440
-0.019714
-0.018005
0.019104
0.005318
0.018463
0.002642
-0.004173
0.008461
0.006519
-0.023941
-0.004532
0.001583
0.050598
-0.013817
0.002232
-0.003551
-0.047211
-0.023315
0.023453
0.041534
0.017838
-0.014061
-0.002045
0.009590
0.020508
-0.031128
-0.063049
-0.047913
-0.008690
-0.042236
-0.032623
0.015617
-0.005737
-0.019928
-0.034210
-0.038086
0.009102
0.038147
0.007751
-0.006481
-0.023804
-0.046051
0.000547
-0.021317
0.018204
0.003342
-0.015388
-0.014999
0.014008
-0.020264
-0.006470
0.008987
-0.016647
0.006943
-0.010033
0.019485
-0.000220
0.023560
-0.028229
0.012268
0.044586
-0.042145
-0.031982
-0.005577
0.006893
-0.006294
0.005993
0.020767
-0.000923
-0.041656
-0.009605
0.023560
-0.023895
-0.050934
0.004776
0.003347
0.009819
-0.018692
0.007515
-0.011360
-0.005219
-0.001471
0.007362
0.001180
-0.007252
-0.003557
0.041656
0.018890
0.043396
-0.028152
-0.026321
-0.001407
0.007118
0.011086
-0.023911
0.007198
0.018234
-0.010475
0.003735
-0.011803
0.018921
0.031738
-0.016891
-0.040436
0.000366
-0.043884
0.014915
0.036560
-0.002232
-0.028503
0.008835
-0.050171
0.012589
0.016449
-0.036133
0.037781
0.006889
0.031525
0.020416
0.018402
-0.011215
0.007973
-0.009743
0.031006
-0.001987
0.002253
0.032013
0.009682
0.022842
-0.015167
0.028427
-0.023163
-0.018539
-0.021881
-0.016205
0.027298
0.026138
0.010681
-0.010078
0.021133
-0.028488
-0.019516
0.019730
-0.016922
0.040161
-0.026443
-0.006340
0.025635
-0.028198
0.012413
-0.004105
-0.027344
-0.019592
-0.004341
-0.007324
0.012299
-0.011253
0.017868
0.026123
-0.024170
-0.028015
-0.017212
0.035583
-0.000578
0.027924
-0.010132
0.026428
-0.007694
0.010399
-0.015442
0.002350
-0.004776
0.029007
0.006310
0.009056
0.026657
-0.018372
0.009010
-0.028107
-0.002985
0.013100
0.010307
-0.017776
0.014862
0.021683
0.015900
-0.023087
0.006748
0.013832
0.026413
-0.013458
-0.034882
0.018799
0.022552
-0.002073
-0.008842
0.006897
0.015167
0.009628
0.020676
-0.003284
0.000246
0.019852
-0.020874
-0.017838
-0.012749
0.005676
0.035126
-0.001622
0.030884
-0.021835
-0.030365
-0.014526
0.014267
0.020737
-0.024979
0.006554
0.019440
0.033112
0.019394
-0.010674
-0.028870
0.000989
0.007099
0.015823
-0.029297
-0.018448
-0.013489
0.034760
0.026276
0.020828
-0.026596
-0.006958
-0.001026
-0.035614
-0.007210
-0.020050
0.022873
-0.029434
0.005081
0.013832
-0.032349
0.018036
0.029221
-0.017090
0.025970
0.039886
-0.010063
-0.017014
0.016983
-0.034149
0.025024
-0.023956
0.004208
0.022186
0.002924
0.030426
-0.007988
0.003584
0.039093
-0.004803
0.026550
-0.013847
0.016678
0.038666
-0.021011
0.003880
0.006657
0.033600
-0.042297
0.046387
0.026611
0.026031
-0.033173
-0.015564
0.005646
-0.008591
-0.021484
-0.004318
-0.021820
-0.030380
-0.017426
0.007423
0.007950
-0.012688
0.030655
0.042114
0.021713
-0.010651
0.004051
0.016785
-0.028946
0.001401
0.015091
0.005478
0.011986
0.012489
0.039185
-0.015778
0.041229
-0.025909
-0.037445
-0.018219
-0.037140
-0.004784
-0.014206
-0.021820
0.038269
0.021301
-0.002483
0.035126
0.009178
-0.016098
0.024628
0.036102
0.016617
-0.019485
-0.031082
0.034302
0.018890
0.008553
-0.029129
0.023514
0.009766
-0.028290
0.011337
-0.004337
0.010155
-0.019089
-0.012817
0.027191
0.006203
-0.014061
-0.026352
0.012199
-0.025818
0.005070
-0.015778
0.000340
0.019470
0.009186
0.016342
-0.020081
0.005722
0.004276
0.026855
-0.021713
0.001060
0.020859
0.024765
0.018173
0.007492
-0.006546
-0.000247
0.000553
-0.000351
-0.027985
0.001614
0.026672
-0.030121
-0.009460
0.005272
-0.001672
0.001307
-0.013168
0.027756
-0.010643
-0.007195
-0.015251
0.010742
0.021240
0.013664
-0.004387
0.025833
-0.025467
-0.003933
-0.025345
-0.041534
-0.030396
-0.043030
0.010696
-0.025909
0.021362
0.036224
-0.010773
-0.020798
-0.031067
0.017609
-0.022797
0.025223
-0.012489
0.026398
-0.005810
-0.028824
0.019867
0.033356
0.013985
0.020203
-0.043579
-0.020493
0.010742
-0.027634
-0.017349
0.017410
-0.019241
0.040985
0.008148
0.000331
0.024979
0.024475
0.010460
-0.045074
0.021866
0.002443
-0.045258
0.021988
-0.004665
-0.006748
0.021713
0.025528
0.011742
-0.001475
0.029129
-0.021118
-0.005108
0.018280
0.006485
0.009048
-0.029633
-0.028412
-0.039276
0.007050
-0.033264
0.023682
0.006123
-0.006859
-0.022842
0.028305
0.031738
0.023575
-0.025681
0.008972
-0.037354
-0.001201
-0.001091
0.006493
0.011787
0.024567
-0.037140
0.007534
0.000527
0.020645
-0.002777
0.011246
0.031036
-0.015839
0.014572
0.018646
0.023331
0.018738
0.032959
-0.003195
-0.022095
-0.015930
-0.027206
-0.044678
0.022491
-0.017349
0.027634
-0.029343
0.005112
0.011284
0.018829
0.022507
0.028595
0.026428
-0.024338
-0.001963
-0.023361
-0.033264
-0.029327
-0.023209
0.027939
-0.007072
-0.015099
-0.018463
-0.016052
0.027512
-0.018265
-0.033325
0.004692
0.000679
-0.034882
0.024094
0.004875
-0.035065
-0.039062
-0.014389
0.003382
-0.004620
-0.009644
-0.007191
-0.019485
0.005127
0.016632
-0.016068
0.015381
-0.013199
0.029816
-0.044006
-0.001052
0.033600
0.036835
0.018112
0.022842
-0.010948
-0.024963
-0.021698
0.033142
-0.009384
-0.026016
0.005840
0.001382
-0.018600
-0.002293
-0.008713
0.036102
-0.032898
0.025909
0.019852
-0.029831
0.021606
0.026825
0.015060
-0.028625
0.000303
0.003815
-0.018890
0.006226
-0.014633
0.007648
-0.013084
-0.000470
-0.018021
0.038605
0.034973
0.000078
0.031021
-0.000670
0.015823
-0.011246
0.016632
0.001060
-0.014992
0.009346
-0.030914
0.005276
0.011971
-0.001259
0.019653
-0.027756
0.007114
0.036133
-0.019882
-0.001447
-0.018341
0.016876
0.005268
-0.014908
-0.021408
-0.000023
0.000441
-0.024857
0.001785
-0.023254
-0.034851
0.016479
0.008514
0.027161
0.005650
0.011414
0.006962
0.031494
0.011780
-0.025528
0.013901
-0.009346
0.030945
-0.000757
0.037689
-0.038422
-0.022751
0.015175
-0.024902
-0.007809
-0.010307
-0.035797
-0.036316
-0.041687
0.001953
-0.035095
0.008675
0.002407
0.014488
0.030304
0.008614
-0.000090
-0.003695
0.029648
0.014481
-0.023224
-0.034607
0.035614
0.010559
0.031433
-0.027039
-0.006748
-0.022171
0.008034
0.002066
-0.034515
0.006348
-0.007225
0.032837
0.002237
0.021851
-0.020218
0.038025
0.025620
-0.040924
0.002560
0.003979
-0.006775
0.017975
-0.038574
0.044464
-0.050415
-0.006081
-0.005268
0.035461
0.034790
0.000365
0.043152
-0.030106
0.049530
0.032776
0.041138
-0.028534
-0.007542
-0.005112
0.026428
-0.017273
-0.009201
-0.042786
-0.023148
-0.003229
-0.012611
-0.003250
0.016647
-0.037445
-0.008949
0.008537
0.055267
-0.015640
0.010178
0.022110
0.021881
0.033844
0.035248
0.000248
0.037292
0.011154
0.001857
-0.001409
0.043121
0.052917
0.004292
0.030594
-0.013130
0.041840
-0.020813
0.037048
0.007568
0.030228
-0.027069
-0.001775
0.042328
0.015686
-0.012405
-0.031128
-0.004055
0.014839
-0.035767
0.017044
0.031128
0.027878
0.020798
-0.011848
-0.034851
0.017426
-0.018250
0.018463
0.038116
-0.048523
0.038208
0.017548
0.011330
0.017578
0.030228
0.016830
-0.043579
-0.016159
-0.012444
0.048096
-0.025482
0.028992
0.051544
0.040680
0.024231
-0.030182
0.013237
0.024353
0.030151
-0.009880
-0.005779
0.034027
-0.012772
-0.006596
-0.024887
-0.009056
-0.025803
0.022369
0.000084
0.013107
0.000297
0.039215
0.012184
-0.002886
-0.012833
-0.032410
-0.008072
0.022781
-0.011978
0.005890
0.007069
0.025589
-0.026550
-0.023773
-0.004459
0.023605
-0.043762
-0.012192
0.034058
0.005836
-0.032257
-0.002659
0.026154
0.003687
-0.026199
0.006916
0.013084
-0.027390
0.003759
0.014717
0.035217
0.018997
0.014229
-0.032959
-0.011360
-0.006531
0.015450
-0.010727
-0.026352
-0.007545
0.010315
-0.029724
0.005985
0.036285
-0.001088
-0.009560
-0.017288
0.021332
0.033234
0.018082
0.003826
0.037506
0.028427
-0.030136
0.021286
-0.015175
-0.036407
-0.008972
-0.016586
0.001796
-0.001487
-0.022430
-0.010521
-0.017624
0.002392
-0.011902
0.014946
0.013306
-0.033905
0.004936
0.011108
0.025528
-0.004467
-0.032135
0.017838
-0.005062
-0.012077
-0.019928
0.002306
-0.029282
0.006874
0.025497
-0.002735
0.013763
0.025467
-0.008072
-0.007385
-0.013123
-0.013519
-0.034515
-0.034393
-0.031067
0.010544
0.014870
0.034393
-0.039795
-0.014206
-0.022339
0.016830
0.008545
0.024963
0.000391
0.019867
-0.031113
-0.021133
0.000033
0.035706
-0.022842
0.035065
-0.002878
0.012894
-0.032623
0.035126
-0.029037
-0.002573
-0.012360
-0.014435
0.000878
-0.003323
-0.009094
0.034515
-0.009857
0.007797
-0.020844
0.034363
-0.019394
0.027191
-0.035492
-0.005962
-0.011154
0.031738
-0.023956
-0.011597
-0.010139
-0.034760
-0.001741
-0.000826
-0.003279
0.001256
-0.020248
0.017807
-0.024628
-0.026459
-0.024399
-0.010605
-0.014893
0.015945
0.023453
-0.019958
-0.005943
0.011345
0.036865
0.006069
-0.020004
0.028183
0.027039
0.021896
-0.001087
-0.006317
0.024704
0.010712
0.020721
-0.004372
-0.030991
-0.009003
0.029510
-0.028503
0.026764
-0.026627
0.031433
0.033508
0.034210
-0.029205
-0.015602
-0.001722
-0.029953
-0.019852
0.007141
0.003803
-0.031036
0.013664
0.027710
-0.038330
-0.027298
-0.016541
0.031738
0.030334
-0.030304
0.025253
0.015717
0.020859
-0.007584
-0.020126
-0.034241
0.000945
-0.019989
-0.015602
-0.023468
-0.027313
-0.004295
0.013573
-0.016403
0.011780
-0.028381
-0.011971
0.015350
0.002619
-0.036987
-0.017807
-0.020477
-0.000826
-0.022675
-0.021225
-0.027649
-0.005024
-0.014137
-0.001670
-0.031311
0.026978
-0.022629
0.000587
-0.004871
0.018555
-0.000564
-0.015671
-0.031830
0.010841
-0.026627
0.027283
-0.005688
0.033203
0.016769
-0.038727
0.022751
-0.026703
0.010979
0.014839
-0.043060
0.031555
0.026535
0.006901
0.028595
-0.008957
-0.022278
0.006573
-0.000332
0.037140
-0.013100
0.039154
0.033051
-0.021957
-0.018692
-0.022430
0.010887
0.003284
-0.026794
0.046021
0.015228
0.012657
-0.001890
-0.002895
0.005661
-0.039215
-0.030548
0.007050
0.021744
-0.026703
-0.002529
-0.006329
-0.004620
0.005890
-0.011795
-0.018860
0.025604
-0.005001
-0.002026
-0.039246
0.013153
0.004677
-0.033020
-0.004955
-0.005554
0.036987
-0.028915
0.005901
-0.013397
-0.026566
-0.038849
-0.024155
-0.009888
-0.019577
0.004593
-0.008797
-0.028549
0.021194
0.017654
0.021072
-0.000824
0.032166
0.034546
-0.000576
-0.010353
0.029556
0.011497
-0.029236
0.016785
0.007835
-0.008644
0.037872
0.009705
0.014687
-0.000347
0.010818
-0.001660
-0.018768
-0.000625
0.009865
0.016556
-0.004223
0.025116
0.022491
-0.035248
-0.006630
0.003201
-0.029861
0.030655
0.014107
-0.021286
-0.003237
0.015167
0.001920
-0.010521
-0.001581
0.010780
0.026443
0.015404
0.001522
0.033234
-0.019913
0.008331
0.013641
0.028885
0.012413
0.014244
-0.027985
0.035400
-0.014481
-0.018860
0.021149
0.015076
0.006493
-0.007149
0.033783
-0.010956
0.007359
-0.003439
0.018295
-0.006950
0.027267
0.018524
0.010124
-0.034180
0.014893
-0.009232
-0.003260
0.007271
-0.008316
-0.008690
0.003801
0.014160
-0.012810
0.021957
0.001758
0.000779
0.006207
-0.023453
-0.021164
0.008797
-0.026047
-0.000165
-0.014183
-0.014481
0.019272
-0.007851
-0.014488
0.031586
-0.026382
0.007107
0.028961
-0.021469
-0.035095
0.032501
-0.000487
0.005657
0.012894
0.028458
-0.014442
-0.021149
-0.030914
0.006840
0.000678
0.029663
-0.023102
-0.018784
-0.018814
0.038452
-0.023697
-0.019165
0.027130
0.001706
0.004795
0.029373
-0.021988
0.028198
-0.007812
0.042236
0.012383
0.034973
-0.023666
-0.032196
0.041992
0.002539
-0.009575
-0.001135
-0.021988
-0.022018
-0.035065
-0.024475
-0.001773
0.005806
0.013268
-0.023315
0.003239
0.001052
-0.008110
-0.001761
0.029526
-0.011993
-0.006760
0.021896
0.028748
0.007347
-0.000324
0.036682
0.018921
0.028976
-0.007774
0.002825
0.040344
-0.001522
0.026794
0.024445
0.010796
-0.000549
0.015244
-0.027618
-0.024124
0.024048
-0.027817
0.038879
-0.034302
-0.019440
0.014824
-0.004910
0.036102
-0.006306
-0.027328
0.043854
-0.029831
-0.015640
0.034088
0.013824
0.034546
0.006977
0.006683
0.013145
0.036469
-0.018341
0.001213
0.007896
0.036835
0.016174
0.038147
-0.026901
-0.009300
0.007023
-0.002213
0.004391
0.033569
-0.016159
-0.027039
-0.029831
-0.018143
-0.031067
-0.030273
-0.007450
0.015572
0.016495
-0.016418
-0.007099
-0.004761
0.000000
0.006275
0.017441
0.006733
-0.018951
-0.010643
0.003025
0.010452
-0.026184
-0.015518
-0.014633
-0.018555
-0.036835
0.006523
0.024948
-0.019165
0.006149
0.040375
0.004921
-0.021561
-0.023193
0.024246
-0.012619
0.025818
0.009712
-0.026749
0.005165
-0.025772
-0.004730
-0.027115
-0.022400
-0.016495
0.006222
0.002335
0.020020
-0.009285
0.009949
-0.017517
-0.005154
0.005836
-0.023132
0.030640
-0.009399
0.024902
0.006622
0.012558
0.030350
0.013245
-0.029953
0.012848
-0.018585
-0.018692
0.019333
-0.026840
0.039032
0.013130
-0.031113
-0.008728
0.017395
-0.004189
-0.027145
-0.009796
0.004021
0.036316
0.029205
0.018173
-0.017944
-0.015587
-0.008652
0.022842
-0.001712
0.016464
-0.029404
-0.009926
-0.028641
0.010742
0.033691
-0.018585
-0.013496
-0.012962
-0.020264
-0.004833
-0.015411
0.024368
0.002480
0.028290
0.023529
0.010986
-0.023102
-0.028534
0.004448
-0.029739
0.007366
-0.030396
-0.004284
0.021759
-0.028473
0.033478
0.001193
0.023178
0.011047
0.021500
0.035553
-0.000442
0.019638
-0.026596
0.017532
0.012535
-0.015274
0.028931
0.007904
0.010002
-0.026199
0.033234
0.012138
0.005856
-0.013947
-0.037170
0.014427
-0.008354
0.027023
-0.022720
0.010521
0.004883
-0.000083
-0.012894
0.019989
0.013939
-0.003351
0.033875
-0.023529
0.023163
0.024841
0.034882
0.008080
0.018463
-0.027176
-0.026199
-0.026184
0.009331
0.002613
-0.036469
0.012253
0.007008
-0.017914
0.033722
-0.028183
0.007740
-0.011383
0.023193
0.005947
0.016754
0.033600
0.024628
-0.016571
-0.006657
-0.019211
-0.009026
-0.023376
0.026367
0.040985
0.013046
0.025803
-0.020370
-0.013298
0.035065
0.000553
-0.025925
-0.020462
0.005829
0.007427
-0.028244
-0.001410
0.012413
-0.029175
-0.014023
-0.024460
0.002800
0.010841
-0.010368
0.029633
0.009300
0.033417
-0.030533
0.007217
-0.017563
0.009651
0.014061
-0.002680
0.028854
0.006947
0.029175
-0.019638
0.035004
-0.028748
0.016296
-0.027435
-0.004025
0.041138
0.032227
0.016266
0.015793
0.029099
-0.010262
-0.009613
0.015106
-0.024155
0.028870
-0.011452
-0.016434
0.003258
0.035736
0.026566
0.015434
0.026779
0.019592
0.005875
0.011742
-0.014877
-0.024246
0.016129
-0.002491
0.014221
0.000292
0.008095
0.002943
-0.000162
-0.008148
0.007751
-0.030243
-0.033783
0.021225
0.011108
0.029953
0.015762
-0.025589
0.033447
0.017441
-0.034637
0.012787
-0.002888
-0.019760
-0.007008
0.022278
0.016907
0.031372
0.009186
0.018188
-0.006325
0.002407
-0.001469
0.002131
0.016312
0.008034
-0.028107
-0.020432
0.011093
-0.012909
-0.016724
0.020630
0.024918
-0.000203
0.007042
-0.029297
-0.002436
-0.027405
-0.013885
-0.003305
0.031006
0.004280
-0.012383
-0.029114
0.003618
0.006985
-0.008507
0.007164
0.028976
0.026382
0.019989
-0.000616
0.013916
0.035004
0.029358
-0.033264
0.030273
0.000809
0.022171
-0.001264
0.003193
0.021713
-0.016876
0.026993
-0.028091
-0.030334
-0.002344
-0.004341
-0.022873
-0.011597
-0.005634
-0.037018
0.010941
-0.025314
-0.006203
0.020752
-0.011826
0.011475
-0.039886
0.008629
0.042023
-0.016312
-0.034973
0.035370
0.039673
0.036102
0.046204
-0.072205
-0.006004
0.011635
0.033752
-0.026810
0.068787
-0.014000
0.006863
0.007717
0.041443
0.015495
-0.033783
-0.029388
0.014793
-0.038849
0.001196
-0.045319
0.038574
-0.036499
0.027771
-0.011131
-0.047363
0.011154
-0.004513
-0.052063
-0.005051
0.053436
-0.011124
0.036285
-0.009323
-0.031433
-0.010002
-0.023727
-0.012665
0.005356
-0.023697
-0.047699
-0.011650
0.048737
-0.008728
-0.031555
-0.036926
-0.042664
-0.016693
-0.067627
-0.026871
0.031586
0.044281
-0.006962
0.023010
-0.035767
0.015961
0.050903
0.006462
-0.020432
0.003622
-0.014473
0.045013
-0.008530
-0.037415
-0.040741
0.002815
0.020401
0.005520
-0.046234
0.028442
0.010384
-0.034576
-0.042542
-0.000471
0.040863
-0.027954
0.010918
-0.019302
0.051971
-0.055237
-0.050293
-0.022690
0.049591
-0.037231
-0.026886
-0.026764
0.003283
-0.038239
0.024811
0.024872
0.010742
0.038147
-0.034576
-0.037445
-0.024704
-0.027847
-0.018143
0.049622
-0.028702
-0.010864
-0.006985
0.016312
-0.022293
-0.021133
-0.041138
0.004791
-0.005478
-0.030762
-0.000010
0.023727
-0.017120
-0.018921
-0.002596
0.018509
-0.041443
-0.040985
0.018997
0.019653
0.030777
0.005581
-0.005978
-0.016586
-0.008240
0.032349
-0.023483
0.019867
0.042053
-0.000922
-0.014595
-0.012543
-0.005505
0.015411
-0.019791
0.014687
0.011436
-0.028107
0.016159
0.013008
0.019547
-0.013832
-0.023804
-0.018036
-0.026886
-0.023590
-0.014786
0.009956
-0.023163
-0.020615
-0.037170
0.006413
-0.022736
-0.011505
0.029663
0.003235
-0.007526
-0.041656
-0.027603
-0.013664
0.007183
-0.014244
0.004166
0.010765
0.019958
-0.033325
0.016800
0.038513
0.029709
0.025925
0.008865
0.000572
-0.026138
-0.023788
-0.028671
-0.034210
-0.030273
0.006557
-0.051331
0.023972
-0.017426
0.025818
0.002682
0.017822
-0.004639
0.007950
0.010750
-0.010223
-0.016113
0.034302
0.038788
-0.033051
0.009224
-0.023880
0.017792
0.017975
0.024460
0.032440
0.029572
0.022629
0.003902
-0.028442
-0.025864
-0.024231
0.000994
-0.008102
-0.025284
0.042694
0.004543
-0.036774
-0.024429
0.005165
0.031799
0.027710
0.035583
0.032715
0.011581
0.024078
-0.005383
0.009628
0.006428
-0.034363
-0.026749
-0.030838
-0.012016
-0.031830
-0.007843
0.004467
-0.038483
0.018738
-0.008972
0.042023
0.016953
-0.026566
0.014786
0.025650
0.010773
0.015656
0.025024
0.002415
0.019135
-0.025696
-0.041901
0.035309
0.001038
0.004436
-0.006580
0.026520
0.020828
0.023987
0.005146
-0.028809
0.033264
-0.000244
0.011009
0.014442
0.009354
0.025894
-0.016220
0.026642
0.032318
-0.030151
0.018219
0.037415
0.017853
-0.029572
-0.018280
0.011086
0.004990
0.037323
-0.004353
0.021881
-0.028030
0.038635
0.031372
0.023026
-0.014267
-0.015266
0.006451
-0.012932
-0.003426
-0.037048
-0.001880
-0.005260
-0.007744
0.018250
-0.028793
-0.027588
-0.012779
0.026123
0.028503
-0.025955
0.018692
0.034393
0.014900
-0.010101
0.001125
0.008453
-0.006046
0.018173
-0.035065
-0.030579
-0.025772
0.036163
0.032471
0.006725
0.023575
0.032410
0.030548
-0.001637
0.024750
-0.025467
-0.025467
-0.014374
0.007763
0.021713
0.008240
-0.017120
-0.007687
0.011375
-0.031586
0.001326
-0.018372
0.005192
0.003136
0.017532
0.003286
-0.032745
-0.013931
0.031982
-0.009789
-0.023376
-0.028061
-0.025787
0.025116
0.015762
-0.026840
-0.006302
0.007637
-0.029633
-0.004910
-0.011955
-0.005989
-0.011703
-0.037476
0.002529
0.006813
0.014191
0.005917
0.031128
-0.008835
0.002636
-0.031097
-0.027878
0.031311
-0.023056
0.025543
0.030899
0.029114
-0.035248
0.002150
-0.005489
0.016754
-0.024200
0.016098
-0.049194
-0.019440
-0.028061
0.001440
-0.045898
0.040527
-0.049438
-0.004372
-0.014984
0.010727
0.009354
-0.031799
-0.016922
-0.027771
-0.009750
-0.025696
0.007748
-0.002970
-0.016418
-0.040100
-0.019455
-0.007793
-0.000546
0.028122
-0.004009
-0.031143
0.024796
-0.018082
-0.010651
-0.027100
0.017090
0.028198
0.003817
-0.012016
0.031113
-0.016800
-0.016876
-0.028961
-0.008453
-0.040405
-0.054779
-0.033386
0.034576
-0.039459
0.025726
-0.034363
-0.007259
0.000928
0.031372
-0.004166
0.006798
0.043945
-0.045654
0.035400
0.016800
-0.017258
0.023193
0.006371
0.030579
-0.034729
0.002571
-0.011452
-0.013336
-0.008026
0.006557
0.014252
0.012230
-0.040955
0.008041
-0.021271
-0.019760
-0.000530
-0.026230
0.001424
0.035095
-0.024338
-0.016220
0.040863
0.027100
-0.009514
-0.006145
0.014153
0.035339
0.006123
-0.026428
0.009415
-0.014755
0.004585
-0.037323
-0.009659
0.038605
0.026337
-0.028244
0.019135
0.042786
0.043610
0.013931
-0.011917
-0.031143
0.026169
-0.032898
0.020050
0.023300
0.027206
-0.002790
0.029144
0.014336
0.000075
-0.021088
0.018951
-0.032104
-0.003838
-0.003582
0.037109
-0.037476
-0.020370
-0.054962
-0.002666
0.045990
-0.001543
-0.038849
0.003975
0.011932
-0.009087
0.012711
-0.043396
0.044464
0.032410
-0.006451
0.030502
0.023407
0.009613
0.007790
-0.040375
0.003511
-0.014481
0.028107
0.024948
0.019791
-0.031586
-0.014694
0.020798
0.014252
0.002678
-0.022034
0.022217
0.013252
0.040894
0.044250
-0.006012
-0.031769
0.028656
0.002689
-0.006092
-0.023224
-0.032379
-0.031082
0.030212
0.004745
-0.039124
-0.005882
-0.013039
-0.046997
0.037567
-0.004452
0.035980
-0.003801
0.021545
-0.009987
0.002180
-0.006939
0.008797
-0.026260
0.025223
-0.030746
0.040436
0.027496
-0.008942
0.006058
0.002583
-0.014320
0.014961
-0.009804
0.037109
0.000622
0.022980
-0.003744
-0.015282
0.035522
0.034302
0.042603
-0.010681
0.001272
0.024078
0.017838
0.020004
0.004028
-0.011749
0.033264
-0.020874
-0.002632
-0.011497
0.006001
0.035492
0.010971
-0.019577
0.001957
-0.022614
-0.013832
0.040039
-0.033295
0.028152
-0.006081
0.026428
-0.016769
0.005802
0.036133
-0.018097
-0.046967
0.008484
-0.021225
-0.035980
-0.012596
-0.000685
0.034882
0.006248
0.015106
0.008057
-0.030243
0.043243
0.021240
0.002464
0.021774
-0.001576
-0.038452
0.003618
0.027512
0.011963
0.009651
-0.023697
0.007610
-0.000587
0.034729
0.040192
-0.009331
-0.000411
0.021683
0.024002
0.000331
-0.004208
-0.014343
0.003485
0.022339
-0.022736
-0.017517
-0.012428
-0.002871
0.020477
0.009613
0.019287
-0.016983
-0.012413
-0.012779
-0.027283
0.007858
0.005566
-0.010590
0.019974
0.029434
-0.016220
0.033813
0.041748
0.036346
-0.016632
-0.006832
-0.017731
0.009254
0.037933
-0.020660
-0.005486
-0.019012
-0.011627
-0.025665
0.024704
0.013390
0.034912
0.037262
0.030640
0.018661
0.036682
-0.040863
0.007469
-0.006321
-0.001336
0.017136
0.010193
0.023575
-0.001225
0.034485
-0.019104
0.007519
0.015495
-0.007988
-0.006092
-0.003458
0.019180
0.016647
-0.035461
0.029526
0.024109
-0.004398
0.042084
0.001347
0.031433
-0.000912
-0.008896
-0.019455
-0.011147
-0.014961
0.018188
0.040253
-0.009460
0.007519
-0.019028
-0.005268
-0.039215
-0.011368
0.018356
0.026184
0.003864
0.020523
-0.006813
-0.002226
-0.016937
-0.031738
-0.018021
0.019348
-0.003126
0.001209
0.005470
0.013069
0.027267
0.059021
0.019730
-0.000187
-0.026825
0.012009
0.026764
0.040588
-0.005997
-0.033600
-0.033966
-0.008926
0.018051
0.029282
-0.029160
-0.013954
-0.024277
0.028732
0.027908
0.020859
0.033081
0.010719
-0.019806
0.010353
-0.026184
-0.016037
0.005947
-0.029205
0.008293
0.014893
0.008850
-0.015358
-0.034393
0.006931
0.022018
0.024704
0.020035
0.010513
-0.023315
0.029053
-0.013847
0.009575
-0.030167
0.034241
-0.020355
0.014687
-0.006409
-0.051910
-0.014679
-0.055023
0.036560
-0.008453
0.011940
-0.010582
-0.009285
0.034760
-0.057861
0.004082
0.004131
-0.010193
0.019089
0.006119
-0.048157
-0.042236
-0.034729
0.012581
-0.001592
-0.011917
-0.003792
-0.038452
0.013695
-0.004005
-0.037170
0.021927
0.029419
-0.003986
-0.047180
0.017471
0.014603
0.059998
-0.016068
-0.033447
-0.035004
-0.009796
0.021866
0.006214
-0.006561
-0.002220
-0.041962
-0.002892
0.007858
-0.023865
0.003216
-0.031891
0.010567
-0.042328
-0.002466
-0.043549
0.017441
0.001824
0.018250
-0.019318
0.002209
0.039856
0.036316
-0.022079
0.018921
-0.013321
-0.007713
0.005322
0.022675
-0.021744
0.038055
-0.055939
0.034943
0.005268
-0.029205
0.061981
-0.040100
-0.001028
0.041870
0.006290
-0.049591
-0.004044
0.026291
0.045441
0.016876
0.011909
-0.006229
-0.005203
-0.020386
-0.028671
-0.050842
0.016693
-0.019470
-0.029953
0.010643
0.039368
-0.041565
-0.024948
-0.029190
0.000117
-0.026169
-0.022125
-0.025864
0.018250
0.013687
0.001537
-0.040588
0.042053
-0.034485
-0.001768
-0.046021
-0.002695
0.044098
0.039093
0.002768
-0.018417
0.011772
0.000954
0.024139
-0.001480
-0.005814
0.022125
0.029205
-0.041046
-0.035278
0.024338
-0.046387
-0.015038
0.000578
-0.041748
-0.035889
0.004116
0.039856
0.028900
-0.028748
0.019287
-0.022720
-0.033478
0.002647
-0.011589
0.019897
-0.033844
-0.020416
-0.010437
0.018448
0.000609
-0.012711
-0.020309
0.036774
-0.023453
0.044983
-0.016220
0.022064
0.013199
-0.039124
-0.005566
0.001045
0.026611
-0.012283
0.018494
0.016006
-0.036438
0.011086
0.005692
0.033905
0.013634
0.001647
0.010887
-0.030182
-0.013908
-0.007912
-0.003273
-0.016632
0.044647
-0.019211
-0.009331
0.027679
-0.014999
-0.002262
-0.010574
-0.001685
-0.025406
-0.015594
0.028259
-0.011642
-0.008713
0.003700
0.026077
0.024780
-0.013939
0.030075
0.014412
-0.039368
0.004063
0.027161
-0.011963
-0.018158
0.008789
-0.068787
0.020447
-0.039093
-0.001677
0.025238
0.014328
0.016708
0.013725
-0.026215
0.005108
0.038208
-0.001052
0.033447
0.015640
-0.014076
0.015030
-0.012558
0.035614
-0.002401
-0.009888
-0.041229
0.008392
0.025620
-0.010315
-0.021164
0.038605
-0.020920
0.033264
-0.022583
0.027893
0.005878
0.024139
0.033508
0.027145
-0.019333
0.005329
-0.035828
0.012108
-0.003607
0.039154
-0.011581
-0.019241
-0.003380
0.033997
0.015427
-0.011948
0.004288
-0.032959
-0.026657
0.033417
0.000846
0.026627
0.006615
0.044312
-0.032959
-0.014633
-0.028290
-0.030426
-0.023575
0.051849
-0.019379
-0.040375
-0.040741
-0.020065
-0.000003
-0.011215
-0.014809
0.003773
0.014191
-0.001271
-0.061493
-0.005447
-0.008598
-0.036072
0.004566
-0.019135
0.005924
0.027069
-0.008842
0.006828
-0.049988
-0.009521
-0.008133
0.042603
0.005772
0.010277
-0.031891
0.040863
0.014763
-0.022247
0.022964
-0.036591
-0.023834
0.041840
-0.010399
-0.040497
-0.000314
-0.038666
-0.017944
-0.019485
-0.036621
0.014496
0.014923
-0.009178
0.018265
-0.048553
0.016418
0.022980
-0.046875
-0.035400
-0.005322
0.000923
-0.012024
-0.040436
-0.026215
-0.006054
0.012589
0.030731
-0.047119
-0.025665
-0.048859
-0.027908
-0.019180
0.015289
-0.006218
-0.037140
-0.017197
0.032318
-0.041046
-0.049500
-0.010674
0.021561
0.019226
0.027527
0.005573
0.022781
0.025345
-0.017624
-0.029922
0.010635
-0.015869
-0.005447
-0.032349
-0.048950
0.007156
-0.028503
-0.030457
-0.029373
0.016861
0.011002
0.004993
-0.007229
-0.017151
0.012123
0.039764
-0.013969
0.028748
-0.025681
-0.020309
-0.041382
-0.006256
-0.003836
-0.000497
0.007607
0.030151
0.011429
0.040710
-0.030502
0.016342
-0.003448
0.033539
-0.027344
-0.042999
0.014915
-0.050568
0.006977
0.033630
-0.006493
-0.028442
-0.025284
-0.018173
-0.039703
-0.004234
0.011803
0.010101
0.031952
0.036499
-0.007851
0.079102
0.058533
-0.021759
0.042664
-0.004723
0.020813
-0.038361
0.009232
0.002361
0.009155
-0.019104
0.017975
0.011269
-0.028061
0.076355
0.052307
0.052673
-0.053497
0.029694
0.025925
0.087524
-0.099915
-0.060059
-0.056488
0.067383
0.021576
0.026932
0.013153
-0.001870
-0.078186
-0.002701
-0.022873
0.051941
-0.015121
-0.025269
0.019165
0.021667
0.021423
-0.000761
0.033966
0.031097
-0.019104
0.003456
0.009735
-0.002371
0.051422
-0.019638
0.029022
-0.008484
0.040802
0.020020
0.054932
-0.005913
0.026428
-0.016891
0.009125
-0.028732
-0.028961
0.023026
-0.076538
0.040497
0.053711
0.002728
-0.047546
0.054199
0.020584
0.046906
-0.054840
0.011803
0.063721
-0.003456
0.103394
0.010468
-0.020828
0.026215
0.054718
-0.029236
0.012039
0.069946
0.015930
-0.062286
-0.086060
0.020401
0.080200
0.040802
-0.000115
0.016312
0.016846
0.007359
-0.001117
-0.004879
0.010033
0.063354
-0.056335
-0.023483
0.037781
-0.028763
0.017746
0.006340
0.048553
0.018036
-0.017502
-0.019485
0.056030
0.029099
0.056702
0.016998
0.028839
-0.010628
-0.050629
-0.040253
-0.006569
0.041687
0.044342
0.007221
0.008873
-0.080444
0.028305
0.025299
-0.021591
-0.028015
0.037903
0.039734
-0.012047
-0.014526
0.015717
0.029755
-0.046783
-0.011574
-0.009552
0.020203
-0.021454
0.004753
0.003246
0.024261
0.015366
0.031113
0.008003
-0.024170
0.031143
-0.033905
0.032288
-0.047638
-0.011436
0.010223
0.002848
0.028107
0.029938
0.001161
-0.020294
0.000414
0.007431
0.027176
-0.018555
0.021500
-0.015900
0.008316
0.015022
-0.004284
-0.009300
0.029861
0.025513
-0.013924
-0.013741
-0.033356
0.003986
0.000728
-0.029556
-0.030457
0.027588
0.025787
0.003429
0.028275
-0.019592
0.010231
-0.013733
-0.021332
0.032257
-0.030579
-0.014336
0.004337
-0.003567
-0.005043
-0.018860
-0.019028
-0.025681
-0.000115
0.025085
-0.001058
0.031891
0.009933
-0.012474
0.005207
-0.034515
0.016144
0.015747
0.034912
0.000026
0.034760
-0.046082
0.035187
0.019318
-0.032074
-0.008308
-0.014168
-0.033478
0.004280
0.000501
0.004059
-0.011787
0.015961
-0.028702
-0.010841
0.012871
0.006939
-0.006718
0.014427
0.002628
0.043030
-0.028091
-0.015686
-0.015915
-0.036194
0.008324
-0.042786
0.002789
0.007568
-0.001211
0.024750
-0.003922
0.010300
0.031189
-0.017059
0.026535
0.019745
0.002373
-0.032349
0.001108
-0.017899
0.006672
-0.013794
-0.014519
0.014893
0.007317
-0.018097
0.032623
-0.035126
0.004272
-0.019272
-0.004345
0.007652
0.000362
-0.026947
0.003633
0.017776
-0.022537
0.021408
-0.018677
0.010384
0.001009
0.023376
0.010178
0.023010
-0.000880
0.037201
-0.010651
-0.023117
0.040466
-0.029556
0.003258
0.013542
0.021225
0.015671
0.000914
0.045654
0.016113
-0.029877
0.015427
0.011681
-0.000546
0.024338
-0.012154
0.035156
0.009651
0.020096
-0.013008
0.003334
0.019012
0.016571
0.016296
-0.037354
0.019928
0.027451
-0.011757
-0.030319
-0.006516
0.026855
-0.034760
-0.028748
0.011429
-0.021484
0.024887
-0.016724
0.040344
0.019592
0.001099
-0.024246
0.005970
0.016510
0.038177
0.012245
0.025742
-0.000635
-0.043732
0.006039
-0.005379
0.021744
-0.000586
-0.020157
-0.015518
0.027740
0.051605
-0.025757
0.006451
0.015076
0.024200
0.033569
-0.040771
0.038116
-0.015778
-0.019455
0.032104
-0.012856
0.044250
-0.004951
-0.016861
0.013329
-0.004265
0.003223
0.009850
0.014641
0.015549
0.023941
-0.011101
0.037628
0.038086
0.000717
0.041656
0.032379
0.017059
-0.036957
0.006691
-0.003500
0.034088
-0.005119
-0.000567
0.038391
-0.027756
-0.023682
-0.008163
0.012825
-0.020218
-0.010361
0.023865
0.014442
0.025055
-0.010712
-0.026001
0.042389
-0.031891
-0.014359
-0.000648
0.030136
-0.019073
-0.008804
0.020081
0.030441
-0.012901
-0.007187
-0.037292
0.026901
0.026001
0.028976
0.004707
-0.027359
0.001887
0.000289
0.014153
0.009308
0.012794
0.036560
-0.024033
-0.017899
0.030396
0.022385
0.036102
-0.014168
-0.006714
0.019958
0.024506
-0.039825
0.030853
-0.031250
-0.016464
0.013565
0.031006
0.006565
-0.014641
-0.032684
0.002304
-0.005306
-0.000791
-0.011963
0.015091
0.028763
0.003607
-0.000589
-0.003361
0.015366
0.009636
-0.024200
-0.024094
0.008789
0.017014
-0.004452
-0.012947
-0.029846
0.013573
-0.020172
-0.011215
-0.014374
-0.003519
-0.023804
-0.023239
0.025925
-0.032135
-0.005333
-0.043152
-0.019775
-0.036407
0.014282
-0.013245
-0.040649
0.037781
-0.004345
0.006355
-0.026962
-0.020508
0.001755
-0.040253
-0.010727
0.002764
0.029373
0.019196
0.037933
-0.029953
0.000252
0.042755
-0.043152
-0.016190
0.027603
-0.019577
-0.039185
0.010178
-0.014931
-0.003580
0.001141
-0.009727
0.024368
0.040314
-0.030960
-0.009659
-0.036987
-0.022293
-0.026062
-0.007225
0.039307
0.006443
-0.022141
0.013435
-0.011513
0.002733
-0.026825
0.030441
-0.020020
0.030487
0.023956
0.001968
-0.021210
0.021255
-0.012558
0.038818
-0.017578
0.039215
0.019043
-0.029999
0.018585
0.019104
-0.013504
-0.033020
0.003170
-0.000306
-0.003647
0.024567
0.035645
-0.033752
0.013588
-0.034729
-0.024200
0.021500
-0.019791
-0.041931
-0.024567
-0.001554
-0.001057
-0.011360
0.013954
-0.021484
0.023102
0.029022
0.017654
0.018188
0.003428
-0.032928
0.000489
0.030502
0.006832
0.019608
0.003454
0.034210
0.007027
-0.025650
0.013298
0.033112
0.029221
0.014069
-0.012451
0.024033
-0.022827
0.015373
-0.012245
-0.011269
-0.019730
-0.013847
-0.027740
-0.028381
0.009781
0.011490
0.005463
0.022110
0.000857
-0.007030
0.019501
-0.032990
-0.027863
0.009750
-0.002682
-0.003948
0.011589
-0.031235
0.027161
0.028091
-0.006737
-0.025665
0.021561
-0.011131
-0.024902
-0.002666
-0.025650
0.026581
0.013451
-0.014725
-0.009270
0.000131
0.040436
-0.012993
-0.009514
0.004723
0.006092
0.005005
-0.031250
0.024933
-0.022415
0.011787
0.033569
-0.022827
-0.005962
-0.024490
-0.009972
0.005894
0.014015
-0.033722
0.015297
-0.028351
0.037354
-0.001274
-0.013252
-0.030670
0.017990
0.004765
-0.009789
-0.024414
-0.020813
-0.000846
0.007504
-0.015526
-0.004734
-0.019318
-0.015144
-0.000304
0.029053
0.034241
0.032074
0.008118
-0.015839
0.027985
0.022293
0.015930
-0.019058
-0.025223
0.012993
-0.005844
-0.004265
-0.025040
-0.015297
-0.001070
0.007206
0.026398
-0.003111
0.008179
0.027557
0.043304
0.024841
-0.003120
-0.014679
0.027145
0.008148
0.028580
-0.004768
-0.039520
0.035553
0.002268
-0.026215
0.036743
-0.004299
0.036316
-0.048309
0.025192
0.001533
-0.042419
-0.001163
-0.006123
0.025070
-0.046112
0.027985
0.009979
0.037811
-0.018509
0.038483
-0.008293
0.009918
-0.025162
-0.052124
-0.021439
-0.018463
0.013069
0.015335
-0.005272
-0.033447
-0.007957
-0.048950
-0.005634
-0.009369
-0.016434
0.051910
0.024033
-0.029617
-0.000369
-0.010941
0.026871
-0.026718
-0.012711
0.035004
-0.018799
-0.023468
0.023560
0.007835
0.000013
-0.000057
-0.023804
-0.024612
-0.000320
0.045135
0.039825
-0.018661
0.044891
-0.007835
0.011009
-0.040253
-0.004166
0.022446
-0.035492
0.028717
-0.045929
-0.003551
0.032776
0.004139
0.048065
-0.026978
0.017212
-0.043304
-0.006878
-0.037628
-0.039856
0.017303
0.002188
0.027496
0.010445
0.038910
0.014061
0.018951
0.015114
-0.025055
0.008385
-0.025726
-0.041290
0.004570
0.063782
-0.015869
0.025772
0.012527
0.010574
0.008392
-0.001703
0.025406
0.021393
-0.002249
0.036041
-0.031921
-0.014946
0.005947
0.028641
0.040436
0.004128
-0.021027
0.002224
-0.021255
-0.019608
-0.013039
-0.009789
-0.055023
0.028503
-0.034271
-0.018631
-0.044708
0.006927
-0.033295
-0.014526
-0.019028
-0.067505
-0.012657
-0.008469
0.000680
-0.029037
0.012245
0.001591
-0.017838
0.031158
0.014984
-0.007309
0.016220
0.035553
-0.000042
0.006039
-0.022781
0.020935
0.031311
0.031677
0.007339
-0.013306
0.019455
0.015915
-0.001024
0.031586
-0.019653
-0.015656
-0.012146
0.015381
0.018341
-0.020691
0.032379
-0.012489
0.029236
0.011909
0.037415
-0.027740
0.026627
-0.017868
-0.001361
0.024323
0.033203
0.020523
0.001142
0.022903
0.018784
0.029449
-0.012749
0.009888
0.031647
0.029587
0.031555
-0.021393
-0.009506
0.023300
-0.003815
0.000398
-0.027328
0.022888
0.032440
-0.011482
-0.016830
0.016159
-0.007950
-0.035889
-0.026367
-0.018433
0.022354
0.012360
0.013054
0.011147
-0.021851
-0.026367
-0.010559
-0.007328
0.030502
0.006786
-0.006096
-0.030441
-0.019989
-0.028320
0.024445
-0.003332
-0.014252
-0.020523
-0.002735
0.013153
-0.029724
0.012726
-0.023178
0.028030
-0.012421
0.024414
0.019119
-0.019745
0.003889
-0.000094
0.014618
0.025513
0.024597
-0.023514
0.001387
0.008423
0.011772
-0.017410
0.028839
-0.025665
0.021362
0.025452
-0.029388
0.026657
-0.001426
0.017746
-0.008209
-0.015900
-0.017105
-0.021439
-0.008011
0.028625
0.030624
-0.016525
0.035980
0.017838
-0.024689
-0.027527
-0.006382
-0.001269
-0.023605
0.024643
-0.010384
0.020203
-0.038116
0.002275
0.028641
0.012886
-0.012573
0.022324
-0.030304
-0.021164
-0.002775
-0.011810
0.023087
-0.009186
-0.016479
-0.023209
0.034088
-0.025162
0.012794
0.004620
-0.014542
0.023407
-0.015640
0.006546
0.000744
-0.029739
-0.023239
-0.010742
-0.009796
-0.017975
-0.030029
0.011154
0.016983
0.018082
0.012108
-0.025375
-0.019531
0.014877
-0.023682
0.011452
0.008972
0.031525
0.001907
0.000299
0.021744
0.005051
-0.020477
0.013702
-0.029251
0.012436
0.013680
0.015884
-0.026733
0.012047
0.024429
-0.022476
-0.017822
-0.012840
0.020996
-0.015160
0.030136
-0.008087
-0.024109
-0.009804
-0.024078
-0.008774
0.023621
0.006268
-0.024734
0.026352
0.023682
0.007751
0.023590
0.000239
0.003407
0.030502
0.021011
-0.001965
-0.005779
-0.018829
-0.022141
-0.026825
-0.002014
0.023834
-0.030807
0.016983
0.010246
0.017761
-0.014870
0.020218
0.008430
-0.017609
-0.019821
0.012863
-0.023453
-0.008789
-0.033691
-0.028702
0.013893
-0.019440
-0.023254
0.015541
0.026657
0.034149
-0.026535
0.033478
0.019348
0.030960
-0.011635
0.020004
0.027603
-0.035950
-0.006168
0.011902
-0.000555
0.013550
0.009491
-0.023438
-0.025787
0.030380
0.012138
-0.024384
-0.000676
0.004288
-0.014290
0.002874
-0.030594
-0.015526
0.027313
-0.012627
-0.011261
-0.004555
-0.028015
0.024017
-0.015701
0.009628
-0.031677
-0.018814
-0.021896
0.003103
-0.042999
0.004375
0.021103
0.032623
0.034790
0.030930
-0.013237
-0.018158
0.027847
0.037842
0.034729
0.001721
0.001558
-0.051239
0.028961
0.025528
-0.022461
0.001426
0.000934
0.017258
0.014542
0.030975
0.028214
-0.038269
0.024918
0.030441
0.007236
0.014984
0.031952
-0.031647
-0.020325
-0.008316
-0.008263
0.021347
0.021027
0.049225
0.046417
0.031311
0.001296
0.018188
-0.033844
-0.022675
0.009262
0.000279
0.012329
0.016022
-0.010216
0.036407
0.021698
0.017166
0.013985
-0.024414
0.005253
0.015610
0.008255
0.003237
-0.024719
-0.003584
-0.008804
-0.023087
0.036285
0.027328
-0.014153
-0.018173
-0.006855
-0.028030
0.019180
0.025879
0.008263
0.042542
-0.002079
0.023041
-0.028305
0.013008
-0.013489
-0.021255
-0.002165
-0.005569
-0.012611
0.010071
0.036194
0.001015
-0.022766
-0.005692
-0.002642
-0.036346
-0.033447
-0.014671
0.011230
-0.035461
0.008568
0.021835
0.002144
-0.001572
-0.030869
0.039093
0.014351
-0.015434
0.009560
-0.036377
0.020416
0.014618
-0.016968
0.045715
0.010857
0.010590
-0.019562
0.023590
-0.011368
0.032043
0.029068
0.003124
0.023529
0.016373
0.007740
-0.005463
-0.034119
0.033447
0.033508
-0.004162
0.009850
-0.051971
-0.030487
-0.026596
0.026611
-0.000436
0.002110
0.010658
-0.016296
-0.015961
0.032928
-0.028976
0.028610
0.029861
-0.021271
0.016006
-0.023331
-0.000906
0.021835
-0.002041
0.005680
-0.032593
-0.027679
0.008347
0.038239
-0.019653
-0.022308
-0.022766
-0.013115
0.028687
0.021271
0.006401
0.005581
0.027893
-0.004417
0.032745
-0.022202
-0.027496
-0.025406
0.026718
0.020111
-0.021759
0.030487
0.013145
0.036072
0.023071
0.035187
0.023102
0.023758
0.021011
0.033142
0.002047
-0.009010
0.027023
-0.028656
0.033295
0.031219
-0.019501
0.002085
0.009789
0.023193
-0.033234
0.017410
-0.028442
-0.011314
0.012192
-0.005733
0.030762
-0.019592
0.029633
0.033569
-0.017136
0.002550
-0.018188
0.027893
0.008926
-0.026154
-0.010658
-0.001432
-0.026382
0.013542
-0.000276
0.038269
0.026581
0.034119
0.005146
0.012184
-0.006279
-0.013153
-0.025406
0.034607
-0.017456
0.000319
-0.030869
-0.027985
0.005417
-0.001411
-0.032074
0.023071
-0.014336
-0.022079
-0.021072
-0.015884
0.028580
0.045135
-0.031372
-0.001919
0.024780
0.002630
-0.016571
-0.004379
-0.003828
-0.009659
-0.029114
-0.020172
0.005840
-0.020615
0.034668
0.033325
-0.004807
-0.020050
0.004845
-0.007240
0.016998
0.028870
0.000950
-0.029449
-0.007481
0.010834
0.028687
0.004387
0.001241
-0.022629
0.035034
0.019302
-0.000781
0.018646
0.023102
0.000531
0.025742
0.008835
-0.024765
-0.031174
-0.012932
0.010094
-0.003872
0.021515
-0.020676
0.023529
-0.019073
0.031082
0.023972
0.026123
0.031128
0.035431
-0.024414
0.022400
-0.005608
0.023865
-0.015038
-0.029678
0.006447
-0.011383
-0.030884
0.018066
-0.023392
-0.031128
0.029541
0.028336
0.003929
0.036133
0.008652
-0.006359
0.017746
0.004604
-0.030090
-0.030807
0.005581
0.009804
0.012543
0.011375
-0.022705
0.004292
0.010597
0.023041
-0.002228
0.025650
0.031952
-0.026993
0.001583
0.020096
0.013382
-0.009262
-0.012558
-0.003319
0.001566
0.010010
0.031952
-0.025848
-0.010063
0.030090
-0.008171
0.014061
0.032379
0.001551
-0.019852
0.012352
-0.006313
-0.007866
0.024033
0.006485
-0.018051
-0.018311
-0.012451
0.002811
0.011116
0.014679
-0.003405
-0.031647
-0.000824
-0.011414
-0.018692
0.033905
0.030060
-0.004406
0.025833
0.019318
-0.012917
-0.019730
0.032745
0.019501
-0.027023
0.010078
-0.004391
0.002985
-0.026169
0.032745
-0.011742
-0.017029
0.026413
0.017838
-0.006939
0.023163
-0.014984
0.031586
0.027542
0.032898
0.002222
0.021317
-0.019180
-0.006229
-0.030167
-0.010681
-0.032379
-0.004230
-0.002491
0.011345
-0.001019
0.027649
0.035248
-0.014557
-0.016678
0.014351
0.013229
-0.018753
-0.015152
0.003099
-0.008148
0.013458
-0.000621
-0.003817
-0.001328
-0.001891
0.009369
0.024841
0.004829
0.016495
0.019211
0.041382
0.015686
0.031281
0.015732
-0.013725
-0.011925
-0.020035
0.001532
-0.028839
-0.013931
0.004337
0.034088
-0.034241
-0.006977
-0.019516
-0.024292
0.030151
0.000201
-0.025024
0.028534
0.004410
0.037567
-0.001421
0.021255
0.038055
-0.018738
0.003405
-0.014397
-0.002405
-0.003622
0.007198
-0.017471
0.011009
-0.023254
0.018143
0.002630
0.002598
0.016342
0.004139
0.014801
0.023987
-0.012642
-0.039581
0.022186
-0.029678
0.005169
-0.021591
0.014915
-0.003599
0.003002
0.003614
-0.027557
-0.021469
-0.014122
-0.022858
0.000690
0.004425
0.017410
-0.004040
0.014160
-0.015121
0.013199
0.025070
0.003714
-0.017792
-0.016647
0.003595
-0.023697
0.003901
-0.014236
0.026901
-0.008102
-0.006218
-0.011215
-0.023346
-0.008987
0.036865
0.001067
0.016953
0.023148
-0.013016
0.018997
0.024796
-0.007805
0.018555
0.025940
0.030930
0.010185
-0.006783
0.010704
-0.018555
-0.026077
-0.023407
-0.036194
-0.044464
0.011246
-0.010521
-0.029312
0.010086
0.010513
-0.013123
-0.035645
-0.032745
-0.028793
-0.009918
0.032654
-0.014450
0.007580
-0.002138
0.039734
-0.025085
-0.025375
-0.023788
-0.038208
-0.023560
0.015457
0.041534
-0.015488
-0.010506
-0.004822
0.011452
0.012466
0.017807
0.031097
0.006565
-0.019333
-0.035309
0.009972
-0.009178
-0.021942
0.003372
-0.008194
0.023300
0.021286
0.024734
-0.008858
0.003387
-0.015038
-0.021561
-0.009880
0.042236
-0.021637
-0.038757
0.031952
0.004864
0.023209
0.012749
0.015701
0.006290
-0.015839
0.025742
-0.019455
-0.025269
0.033630
0.019104
-0.018539
0.008675
0.015839
0.029953
-0.016830
-0.027893
-0.017700
0.019485
-0.004066
-0.032928
0.043701
-0.017685
0.001798
-0.021194
0.035004
0.014587
0.016129
-0.033813
-0.000520
-0.035583
0.014137
-0.030594
-0.010818
-0.002035
-0.014572
-0.005344
-0.002047
0.013130
0.030563
-0.003181
0.002144
0.017365
0.011490
-0.013741
-0.010399
-0.008934
-0.004299
0.018036
-0.020660
-0.016693
0.011467
-0.024765
-0.006287
-0.025818
-0.013145
0.025833
0.020660
-0.007141
-0.026306
-0.031891
-0.021652
0.024200
-0.022903
-0.003073
0.020691
-0.012497
-0.012489
-0.014336
0.007458
-0.011078
0.038788
0.019562
-0.018326
-0.026627
-0.008858
-0.006096
0.006580
0.018021
-0.012886
0.010345
-0.033691
-0.017426
-0.018295
-0.005009
0.019821
-0.025818
0.006142
-0.033508
0.037964
-0.027664
0.017868
0.007179
0.023346
0.027328
0.015511
-0.007385
0.032379
-0.033020
-0.023941
-0.001831
0.015701
0.002604
0.038116
-0.003038
0.031403
-0.024139
0.007195
0.008904
0.000335
-0.016403
-0.025085
0.032715
0.013947
0.034576
-0.021118
-0.016830
-0.029388
0.003155
-0.013062
0.002935
0.025589
0.039001
0.020325
0.006435
0.035950
0.026459
0.019287
0.012451
0.014519
0.011223
0.015366
0.037140
-0.007298
0.038971
0.011887
0.008789
0.000841
-0.030228
-0.026657
0.027298
-0.007702
-0.007782
-0.025085
-0.025681
0.033386
-0.022873
-0.018112
-0.029236
0.013000
0.013931
-0.023773
0.015869
0.017105
-0.026169
0.029068
-0.010628
0.032745
0.039642
0.008705
-0.012421
-0.007523
-0.007538
0.011200
0.023560
0.036743
0.033936
0.012794
-0.014969
-0.028030
-0.020782
-0.036591
-0.008972
-0.006893
-0.033569
-0.009888
0.029160
-0.001544
0.004066
0.016403
-0.019974
0.008591
-0.025146
0.035492
-0.010826
-0.015656
0.018906
-0.000186
-0.034576
-0.008018
0.031769
0.016037
-0.000298
0.007843
0.025238
-0.031250
0.032349
-0.012810
-0.010414
-0.024826
-0.019867
0.029022
-0.026337
-0.010086
-0.000647
0.019730
-0.030045
0.003593
0.024780
0.009216
-0.034210
0.028320
-0.030594
0.000679
-0.025650
0.022919
0.003294
-0.011047
0.011894
-0.009216
0.005978
-0.015671
0.031647
0.015106
-0.000197
0.027267
-0.018799
0.010948
0.027145
0.006947
0.016876
0.013123
0.001591
-0.035370
0.014069
-0.027542
0.008125
0.027359
-0.013573
0.005943
-0.023270
0.005863
0.029526
0.021164
0.035278
-0.019913
-0.001875
0.021744
-0.034515
0.019348
0.005344
-0.009972
-0.016052
0.020187
-0.031830
-0.051178
0.013527
-0.025497
-0.029907
0.043884
-0.001621
0.002110
0.015778
-0.007549
0.039703
0.012352
-0.003994
0.023575
0.026627
-0.014526
0.015137
0.006149
-0.014030
0.024353
-0.047607
-0.018707
-0.013054
-0.046143
0.011642
-0.024872
0.039490
-0.007179
-0.033722
0.034607
-0.019867
-0.021362
-0.014809
0.000379
0.027847
0.031158
-0.001478
0.029068
-0.039551
0.002680
0.019531
0.007122
0.018143
-0.004814
0.014999
-0.006126
0.001041
0.010132
0.041199
-0.025726
-0.021530
-0.012878
-0.025208
-0.034119
-0.000858
-0.001767
-0.003279
0.007114
-0.010971
0.037933
0.014565
-0.017349
-0.021118
0.023361
0.018280
0.038910
0.005882
-0.026016
0.006474
-0.023315
0.018127
0.043396
0.049713
-0.018555
0.010681
-0.043243
-0.009102
-0.047241
-0.022385
-0.046326
0.003103
-0.013092
0.030029
0.037048
-0.016525
-0.014389
0.031433
-0.010620
-0.028244
0.018402
-0.031891
-0.007290
0.043427
0.020660
0.000547
-0.002691
-0.026840
-0.037018
0.018204
0.004143
0.028137
0.017700
-0.021790
0.023590
0.011917
-0.028610
0.007061
0.031769
0.000556
0.007259
0.008446
0.001576
-0.022430
-0.001151
-0.017380
0.000966
-0.007351
0.010475
-0.028549
0.018936
-0.026855
0.024796
0.025787
-0.020233
-0.004219
0.000027
0.018311
-0.027496
-0.004333
0.020523
0.020966
-0.015388
-0.042206
0.003576
-0.031097
-0.041168
0.005909
-0.018250
0.023514
-0.014343
0.010796
0.027420
0.006538
-0.003830
0.020203
-0.012756
-0.030777
0.013062
0.045441
-0.031311
0.006607
0.002657
0.021378
-0.010437
-0.007721
0.020203
0.022842
0.002661
-0.029892
0.010277
-0.024506
0.005898
0.018005
0.030548
0.017090
-0.036560
-0.012772
0.023834
-0.009674
0.021484
0.023819
0.036133
-0.016174
-0.007004
-0.039093
0.009216
0.029694
0.020142
-0.022141
0.014610
0.026154
-0.001111
0.004292
0.029968
0.010231
0.042633
0.026474
0.023804
-0.004406
-0.022308
0.009895
-0.000754
-0.023590
-0.040894
0.025085
-0.020386
0.007050
0.005074
0.023697
0.018936
-0.034607
0.036560
0.023148
-0.006104
0.002392
0.021347
-0.017059
-0.004810
-0.002708
-0.027069
-0.036438
0.004208
-0.026230
-0.015915
-0.028107
-0.000336
-0.022064
-0.031403
-0.023132
-0.002579
0.012672
0.020828
-0.037262
-0.036896
0.017029
0.025543
0.026001
0.008141
-0.021027
-0.007622
-0.009163
0.026489
-0.009842
0.032928
0.032776
0.002090
-0.002836
-0.007553
-0.021957
0.015778
-0.015945
-0.021164
0.021622
0.003460
0.001723
-0.020081
0.029877
0.029617
-0.008865
-0.019424
-0.016068
-0.004967
0.024063
0.010040
0.028198
0.015060
-0.001171
-0.021255
0.008217
-0.032135
-0.017776
-0.029160
-0.024872
-0.000347
-0.027496
-0.020065
0.015564
0.023727
-0.007130
-0.014999
-0.032379
-0.001450
0.025375
-0.010971
0.028580
-0.023987
0.011009
-0.009041
0.001262
0.021851
0.033051
-0.021072
0.021820
0.019806
0.005791
0.036377
0.019089
0.001854
-0.011963
0.036591
0.020370
0.012711
-0.010094
0.008873
0.009674
0.006237
0.028366
-0.018967
-0.003555
-0.034393
0.020584
0.009590
0.008690
-0.006714
0.030121
-0.014633
-0.011070
-0.027481
-0.020126
0.028641
0.029221
-0.026749
0.020065
-0.018738
-0.013580
-0.029449
0.020676
-0.021927
0.018265
0.007851
0.001925
-0.019379
0.025681
-0.027206
-0.025528
-0.005329
-0.006512
0.000506
0.020309
0.010071
0.007957
0.018600
0.030441
-0.009438
0.034149
-0.032166
0.016159
-0.028885
-0.004421
0.011200
-0.022797
-0.027222
0.006111
0.018265
-0.006012
0.017578
0.015495
0.011276
-0.016235
0.010185
0.005489
-0.005665
0.012207
-0.022079
-0.034607
0.027374
-0.006542
0.004383
-0.031021
-0.043152
-0.015732
0.026535
0.021484
0.003080
0.017792
-0.028214
0.014198
0.019318
0.038391
-0.043762
0.027130
-0.017380
0.040131
-0.010506
-0.010681
-0.024796
0.033417
-0.016449
0.017746
-0.015121
0.016357
-0.021042
0.021622
0.013947
0.029266
-0.026047
0.021576
-0.019104
0.019592
0.012825
0.018677
0.027252
-0.015022
-0.024155
-0.031372
0.032684
-0.034546
0.022064
-0.046082
0.049469
0.032776
0.023407
-0.006809
-0.022888
-0.019897
0.023254
0.001776
-0.011917
0.029297
-0.017868
-0.024963
-0.018967
-0.015549
-0.027679
0.005062
-0.001697
0.009796
0.028290
-0.024979
0.023605
-0.014542
0.019638
-0.023987
-0.011566
-0.022125
-0.016953
0.019821
0.002129
0.033356
0.023743
0.033386
0.027328
0.007133
-0.006977
-0.007881
0.027176
-0.039368
-0.004929
0.063049
0.030029
-0.019485
0.016190
0.042816
0.012184
-0.004845
0.010872
-0.003681
-0.027679
-0.003595
-0.004391
-0.018677
0.008438
-0.006878
0.006161
-0.017746
-0.024979
0.018143
-0.004166
-0.001369
0.008667
0.014366
0.005920
-0.036957
-0.010796
-0.007980
-0.028885
0.002300
-0.057404
0.010185
0.023941
-0.023010
-0.022858
0.019180
-0.025436
-0.032959
-0.029480
0.011200
0.023361
-0.017563
-0.016449
0.024948
0.021118
-0.023438
-0.002556
0.032471
-0.043335
0.026169
-0.001933
0.023834
-0.033203
-0.017807
0.013962
-0.019470
-0.006210
0.006977
-0.040985
-0.003222
0.030655
0.024612
-0.012680
-0.013397
-0.027802
-0.024918
0.012848
0.024109
-0.043488
-0.011414
0.040100
0.031860
0.051178
-0.006542
0.024048
0.004807
0.029739
-0.003080
-0.036469
0.030029
-0.040100
-0.004707
-0.039124
-0.009583
-0.013863
0.023361
0.019028
0.014908
-0.029663
0.010437
0.003437
-0.040344
-0.001477
0.012634
-0.042908
0.030914
-0.036102
0.017334
-0.030701
-0.040863
0.041168
-0.012222
0.022614
-0.015686
0.002356
-0.006516
0.017395
-0.021240
0.001836
0.027542
-0.024200
-0.026535
0.009445
0.027069
0.008652
-0.035004
0.035919
0.013687
-0.013580
0.004501
-0.009277
-0.012466
-0.016861
-0.025360
0.030289
0.014175
-0.029739
-0.000499
0.017517
-0.028030
-0.034027
0.011505
0.037872
0.016434
0.008858
-0.012024
-0.017334
0.040527
-0.034027
0.024582
-0.033478
0.011597
-0.010170
-0.029373
0.040039
-0.016556
-0.011185
-0.025253
-0.028870
-0.020615
-0.039795
-0.006580
0.039185
0.018280
0.013153
-0.007702
-0.006565
-0.025726
-0.036926
0.024979
-0.028198
-0.024353
0.038788
0.026245
0.022675
-0.019562
0.008316
-0.023697
0.021042
-0.038055
-0.015762
0.019608
0.016205
0.004635
0.001087
-0.003880
-0.005131
-0.021622
0.027420
0.016785
-0.018326
-0.016068
0.001090
-0.017761
-0.033752
-0.036346
-0.010918
0.017822
0.020401
-0.015038
-0.030411
-0.008072
0.031174
0.009743
0.041870
-0.004860
-0.017349
-0.017776
-0.015404
0.034637
0.031036
0.028870
0.032806
0.026886
0.011642
0.000829
0.027954
-0.018723
-0.002893
0.003723
0.003683
-0.025146
-0.024094
-0.034241
0.032959
0.007107
0.030350
0.014473
0.023056
-0.016556
-0.027863
-0.012848
-0.022980
-0.009735
-0.013489
-0.020905
0.003574
-0.007572
-0.016586
0.035034
-0.008492
0.021194
-0.012871
0.024994
0.007446
0.021210
0.000082
-0.010284
-0.029129
-0.026154
-0.033936
0.009842
-0.040833
-0.015175
0.039520
0.016876
0.003834
0.011559
0.019760
-0.033539
0.009651
0.034424
0.031311
-0.012032
-0.017380
-0.010612
-0.016586
0.008118
0.001741
-0.015793
-0.026764
0.017441
0.031174
-0.029114
-0.030197
0.025070
0.014038
0.008881
0.029694
0.015526
0.033356
0.027817
0.008873
-0.036957
-0.012352
-0.009415
0.029617
-0.003733
0.001382
-0.008293
-0.025589
-0.013512
-0.015808
-0.004345
0.004284
-0.019241
-0.020721
-0.021240
0.019470
0.011818
-0.006313
-0.022705
0.009438
0.003124
-0.022873
-0.032288
0.007454
0.020035
-0.005424
-0.008644
-0.025467
-0.001650
-0.007671
0.045105
0.045654
-0.005543
0.011421
-0.044495
-0.007568
0.006203
0.009659
0.022934
-0.020340
0.044647
0.019211
0.023773
-0.000358
0.046082
0.006123
0.027786
0.006493
-0.054932
-0.012115
0.002443
-0.021973
0.010193
-0.003239
-0.001086
-0.040344
-0.002016
-0.036102
-0.025055
0.011543
-0.052948
0.016815
0.002323
-0.025818
-0.039642
-0.022614
0.006001
-0.023560
-0.022858
-0.032471
-0.034760
0.023743
0.006310
0.020813
0.013939
-0.044128
0.042908
0.020035
-0.040070
0.007202
0.022598
0.045593
-0.022400
0.009552
0.016556
-0.034576
-0.000974
-0.027588
0.030716
-0.040771
-0.001068
0.037140
-0.001371
-0.011803
0.054596
-0.005283
0.005367
-0.024353
0.010460
-0.035858
0.023254
0.048370
0.007874
0.069580
-0.015778
0.033539
-0.084351
-0.019592
0.016357
0.025848
0.020050
-0.017395
-0.018219
-0.009911
0.018829
0.020981
-0.012077
0.018585
0.060486
0.024017
0.038849
-0.041626
-0.027420
-0.017960
0.004719
0.042633
-0.024887
-0.017700
0.027573
0.026443
0.010254
-0.014381
-0.012238
-0.003994
-0.001200
-0.022827
-0.046356
0.009583
-0.010391
0.016449
-0.009270
-0.015762
-0.075439
0.032318
-0.004375
-0.031036
0.051971
-0.049377
-0.006069
0.004421
-0.016342
0.038696
-0.001081
0.033081
0.017456
0.048676
0.057709
0.012421
-0.003479
0.033936
-0.002542
0.031616
0.082153
0.019958
0.029007
0.024658
0.025818
0.023575
0.035095
0.062561
-0.037903
-0.073181
-0.002888
0.027954
-0.002995
-0.029816
-0.037292
-0.053406
0.095093
-0.001862
0.055145
0.028305
0.003515
-0.091614
0.016678
0.039948
0.035370
-0.009140
-0.117798
0.053497
-0.000578
0.033386
0.020401
0.020432
0.057465
0.001113
-0.000587
-0.030045
0.019379
0.085815
-0.000211
0.007732
0.052155
-0.015099
-0.057220
-0.003811
-0.057922
-0.003532
0.077148
0.041962
0.049255
-0.035645
0.066895
0.009735
0.083801
0.049164
-0.023621
0.011703
-0.009827
0.003716
0.066711
-0.058960
0.098511
0.041595
-0.005058
-0.013092
0.063965
0.007980
-0.009064
0.051666
-0.034363
-0.032776
0.035431
0.032166
-0.054901
-0.072937
0.067993
0.076965
0.054688
0.002691
0.047058
0.004021
0.010345
-0.009331
0.009560
0.025391
0.067749
-0.065186
-0.021347
0.018997
-0.111572
0.017166
-0.062073
0.093750
-0.014931
0.020416
-0.012115
-0.016159
-0.012978
0.035492
-0.052216
0.077576
-0.028091
0.017532
0.047150
-0.007965
0.038544
0.033661
-0.004456
0.053131
-0.030853
-0.034668
0.052612
-0.002287
0.021790
0.013115
0.039490
0.001748
0.036011
-0.060608
0.002584
-0.007236
0.024536
0.016357
-0.026642
0.001023
-0.019394
0.034180
0.023605
0.020050
-0.032684
-0.003925
-0.011375
0.018936
-0.025177
0.004589
-0.008484
-0.007290
-0.009277
0.002579
0.034729
0.017136
0.037598
-0.009758
-0.006981
-0.001678
0.005913
-0.001714
0.003551
-0.026413
0.015320
0.024155
0.000210
-0.029099
-0.026611
0.007698
0.021484
-0.023422
-0.020477
-0.031799
0.005329
-0.015625
-0.008148
0.028366
-0.020432
-0.019241
0.001313
0.005779
-0.018417
-0.008598
0.022659
-0.012459
-0.033813
-0.000260
-0.019409
-0.015289
0.001440
0.011276
0.025085
0.007874
-0.015594
0.017395
0.021973
0.022430
0.012169
-0.014290
-0.008316
-0.008118
-0.009567
-0.019669
-0.008339
0.030777
0.000788
0.021591
0.009460
0.026001
-0.005882
-0.017029
-0.017807
-0.000717
-0.028244
-0.017197
-0.012680
-0.015610
-0.001995
0.011765
0.018829
-0.021500
-0.006332
0.028091
0.024536
-0.008080
0.031281
0.023865
-0.007912
0.000632
-0.030624
-0.011070
-0.018250
0.006462
0.024353
-0.018036
-0.008812
-0.003918
0.031799
0.034149
-0.018188
0.002602
0.006504
-0.011314
-0.022522
-0.017212
0.022339
-0.027710
-0.025452
0.005314
-0.026291
0.008720
-0.032104
0.027771
-0.036835
-0.007000
-0.031052
0.032623
-0.025223
-0.024017
-0.038300
-0.002392
0.016830
-0.005859
0.029343
-0.026672
0.013779
-0.032776
-0.028000
-0.010117
0.022018
0.044220
0.014954
-0.018311
-0.017105
-0.003433
-0.002909
0.027817
-0.010483
-0.002146
0.000876
0.007156
-0.017242
0.005859
0.013397
-0.013809
0.008446
0.007736
0.018463
-0.032532
-0.022614
0.037262
-0.028259
-0.027710
0.011131
-0.034515
-0.026962
0.045166
0.039673
-0.001098
0.002388
-0.001271
0.011070
0.016815
0.021179
-0.014153
-0.008789
-0.005096
-0.002949
0.011032
0.001250
-0.016663
0.006973
-0.002733
-0.029221
0.006325
0.020233
-0.028687
-0.048248
0.017593
-0.028885
-0.015961
-0.007389
-0.037598
0.040802
0.029785
0.030685
-0.027405
0.011642
-0.010872
0.011742
0.011681
0.048279
0.002224
0.024826
0.001177
0.023849
-0.028259
-0.017441
-0.015480
-0.003944
-0.004349
0.026352
0.020325
0.010361
-0.029251
-0.013458
0.032471
0.009377
-0.013565
-0.026398
-0.011620
0.026230
0.039490
-0.013573
-0.019135
0.032043
0.027008
-0.013687
-0.008392
0.013908
-0.036072
0.009926
-0.023743
0.012062
-0.018661
-0.001328
0.026566
0.017365
-0.009903
0.000941
-0.018555
-0.001746
0.026611
0.003584
-0.009186
-0.014229
0.034637
-0.022202
0.007164
0.022034
-0.025391
0.007328
-0.034210
-0.014641
-0.042603
-0.034485
-0.027496
0.004841
0.000520
0.015495
-0.016510
0.012329
-0.001970
0.020020
0.040436
-0.038666
0.035187
-0.020615
0.007164
-0.020950
0.007103
-0.030273
0.008881
-0.006973
0.039825
0.014832
0.028152
0.001233
0.009003
0.045593
-0.004162
0.043915
0.005569
0.013702
0.000176
-0.020294
-0.020096
-0.023361
-0.052124
0.009911
0.004154
-0.046753
-0.000647
-0.011757
0.009552
-0.016617
-0.011620
0.006912
0.030853
0.016464
-0.010902
-0.020569
-0.007309
0.012764
-0.039825
0.014351
-0.003424
-0.003628
-0.031036
0.029175
0.048035
0.023209
0.034790
-0.014023
0.043365
0.028503
-0.001376
0.046814
0.017715
0.013840
-0.008125
0.010506
0.037415
0.022339
-0.038055
0.057190
0.037720
0.011574
0.029755
-0.008316
0.000534
-0.051697
0.017944
-0.020264
-0.040375
0.011307
-0.049927
-0.008667
-0.015106
0.020294
0.024384
0.000454
0.020737
0.034149
0.030807
-0.032623
-0.009796
-0.010109
0.028809
0.024094
-0.019943
0.011597
0.016418
-0.008896
-0.037476
-0.001862
-0.024734
-0.007538
0.042969
-0.026184
-0.032562
0.026978
0.012802
0.007645
0.024536
0.057068
-0.003664
0.012146
-0.003141
-0.010330
-0.018478
0.000027
-0.021469
-0.035400
-0.014824
-0.012375
0.010353
0.000585
-0.029419
0.009956
0.013893
-0.019714
-0.013428
-0.026154
-0.006195
-0.011353
0.036255
0.027191
0.011017
0.004566
0.035431
-0.006622
0.004490
-0.018951
-0.029694
-0.005630
-0.041931
-0.016907
0.027649
-0.000448
0.019104
0.012390
0.021805
-0.022324
-0.006596
-0.012100
0.004932
0.022629
-0.002008
0.012726
0.010048
-0.005234
0.022522
-0.035278
0.012589
0.012238
0.019028
0.024109
-0.006989
0.021881
-0.007217
0.016891
-0.030304
-0.015839
-0.010651
-0.002304
0.027588
0.031494
-0.005238
-0.030945
-0.021667
0.014030
0.016205
-0.035126
-0.002184
-0.035645
-0.017014
0.021042
0.019424
0.029495
0.018188
-0.016602
0.018585
0.007748
-0.039825
0.034302
-0.030731
0.029449
-0.004677
0.029068
-0.027328
0.035278
0.014160
-0.010941
0.005959
0.019455
0.020370
0.029816
-0.006603
-0.030670
-0.030762
-0.009895
-0.006798
0.009644
-0.025589
0.000867
0.022934
-0.024094
-0.002682
-0.031555
0.022568
-0.029480
0.023026
-0.027130
0.006989
-0.006744
0.000058
-0.024048
0.033630
0.002075
0.004925
-0.010681
0.023361
0.012032
0.030945
-0.031952
-0.015778
-0.003454
0.026535
0.019028
0.013741
0.038544
-0.002493
-0.032013
-0.028671
-0.017776
-0.008156
-0.021896
0.026917
0.019012
-0.000074
0.034821
0.014114
0.003374
-0.024963
-0.016418
0.010429
0.021347
-0.004314
0.019165
0.028442
-0.009323
-0.028854
0.024155
-0.029572
0.020020
0.010124
-0.002333
0.030258
0.021103
-0.028397
0.030426
0.026474
-0.009384
0.028015
-0.019272
-0.034241
0.016159
-0.014450
0.005192
0.018478
-0.025925
0.017166
0.029938
0.008492
0.013977
-0.035645
0.025818
-0.031174
-0.039429
0.039062
-0.018906
-0.040314
-0.014977
0.039124
-0.035004
-0.014679
0.019424
-0.006653
0.026230
-0.009087
0.004158
-0.017181
0.005981
-0.032990
-0.029480
0.013863
-0.002214
0.012016
0.009224
0.022583
-0.006916
0.019653
-0.037292
-0.033081
0.026245
0.019730
-0.009308
0.029083
-0.007561
0.022858
0.007534
0.038147
-0.048798
-0.018372
0.013603
-0.011787
-0.004765
0.003838
-0.020081
-0.034241
-0.032501
-0.031311
-0.021912
-0.004784
-0.000422
-0.040222
-0.001920
0.048553
-0.029251
-0.011894
0.012779
0.032135
-0.036072
-0.003025
0.036743
-0.021942
-0.027588
-0.015991
-0.003250
0.014328
0.003881
0.017075
0.004078
0.005722
0.009331
0.014557
-0.008835
-0.023285
-0.006367
-0.012459
0.039246
-0.011597
0.010010
0.023773
-0.019608
0.014992
0.004368
0.039246
0.013199
0.028290
-0.037476
0.030533
-0.005089
0.035004
0.012657
-0.012833
-0.024490
0.037323
0.016159
-0.007828
-0.026413
0.023544
-0.038635
-0.025223
-0.035797
-0.046265
-0.013931
-0.041443
0.011024
-0.044800
-0.007507
0.008789
0.023788
-0.041687
0.018417
-0.032562
0.029495
0.015259
-0.005371
0.023834
-0.008865
-0.023499
-0.031342
0.030563
0.026245
-0.007313
0.027603
0.016418
0.013763
0.030655
0.028198
-0.010147
-0.008575
0.012161
0.005566
0.002707
0.027878
-0.016006
-0.016708
0.004360
-0.022781
0.037781
-0.020020
-0.025558
-0.011223
0.018829
-0.022675
0.031921
0.030289
-0.019318
-0.030945
0.016190
-0.000831
0.007698
-0.012283
-0.005486
0.020355
0.002148
-0.007866
-0.015587
-0.022736
-0.005001
0.006546
-0.028427
0.025940
0.030701
0.025909
0.015465
-0.006489
-0.017944
-0.017548
0.029984
-0.022873
0.020874
0.007584
-0.019714
0.028152
-0.028336
-0.005722
-0.004673
-0.022308
0.044861
-0.008186
-0.000408
-0.026215
-0.001694
-0.024063
0.005268
0.023605
-0.010414
0.022873
-0.017105
-0.003653
-0.012833
-0.025696
0.036774
0.026901
0.029953
0.013336
0.016724
-0.001648
0.008186
0.016647
-0.006027
0.034149
-0.014236
-0.019531
0.011765
0.038177
0.009460
0.026337
-0.026550
-0.018997
0.036072
0.014336
0.018112
0.032898
0.012985
0.031433
-0.029938
0.021622
-0.008316
-0.001150
0.007172
0.002066
-0.014374
-0.024521
-0.018784
0.001162
0.013474
-0.015320
0.000664
-0.040741
0.001923
0.004055
-0.010155
-0.006577
0.003168
0.021469
0.021347
0.014450
-0.033936
-0.029083
-0.009575
-0.007439
0.007080
-0.014809
-0.013733
0.016479
-0.009933
-0.029739
0.030884
0.027283
0.026352
-0.007149
-0.005680
0.026199
0.011208
-0.000741
0.006283
-0.021286
0.009079
0.003544
-0.039703
-0.046753
0.017258
0.003925
-0.022766
0.001802
-0.027512
0.028793
-0.022369
-0.013786
0.018326
0.027954
0.034760
0.015717
-0.012985
0.002872
0.010704
0.023438
0.029785
0.014366
-0.014130
0.008209
-0.022232
0.002321
-0.009590
-0.035583
0.005039
-0.015030
0.012077
-0.005180
-0.000607
0.011208
-0.027176
0.006672
0.004730
0.014069
-0.014091
-0.023743
-0.027069
0.028061
-0.003836
-0.016006
0.017059
-0.003508
-0.012405
0.022568
-0.024307
-0.004131
0.026688
-0.016724
-0.024033
0.032471
0.033264
0.011490
-0.007339
0.032135
0.011398
-0.009735
-0.010384
-0.010338
-0.038116
0.013611
0.015114
0.001053
0.028442
-0.012535
0.034882
-0.022446
-0.010422
-0.023499
0.026917
0.019058
-0.038940
-0.001722
-0.012077
0.002331
0.009933
-0.006409
0.008583
-0.005753
0.038696
0.027283
-0.022064
0.006638
0.003437
0.002754
0.026154
0.014458
-0.011284
-0.020782
0.000957
0.037781
-0.007481
0.007393
-0.021637
-0.021347
0.025162
0.024826
-0.002710
0.000664
0.003046
-0.025528
0.002808
-0.000068
-0.030609
0.031769
0.005527
0.019257
0.020599
-0.028259
0.038269
-0.021210
0.028595
0.016907
0.018250
0.034607
-0.011581
-0.010254
-0.012405
0.000495
-0.015144
0.000424
-0.030792
0.007481
-0.019485
-0.019730
0.010277
0.012306
-0.040680
0.014290
0.013252
0.038483
0.024567
0.002384
-0.039093
-0.008194
0.026855
-0.005676
0.011444
-0.013306
0.010262
0.028336
0.034729
0.034027
0.022873
0.033264
-0.030563
0.009575
-0.008102
0.026825
-0.020340
0.026825
0.028061
0.001806
0.032257
-0.011192
0.028610
0.017654
-0.012947
0.034668
0.035126
0.024994
-0.027161
0.022552
-0.011353
-0.026825
0.001548
-0.013863
-0.010559
0.027039
0.022049
0.033844
-0.020569
0.037079
0.030090
0.015976
0.004925
-0.014297
0.034698
0.042206
-0.041412
0.009956
-0.028946
0.010368
0.001125
0.025421
0.006466
-0.024429
-0.032318
0.010361
0.034790
0.040253
0.036072
0.003393
0.040100
-0.010193
-0.005764
0.021744
-0.003195
-0.021179
-0.026352
0.004196
-0.012375
-0.016602
-0.012093
-0.021286
-0.014114
0.020966
-0.009514
0.018845
-0.013634
0.028870
0.039978
-0.017166
0.034241
-0.018173
0.013039
-0.012108
-0.029694
0.004414
-0.017166
-0.016342
-0.022385
0.014717
0.024506
-0.034027
-0.010910
-0.036713
-0.010315
-0.024536
0.034424
0.001758
-0.025650
-0.012047
0.008888
0.007755
0.006973
-0.031921
0.001048
-0.025665
-0.001334
0.035126
0.034027
0.018341
0.003817
-0.031860
-0.006851
0.033020
-0.009148
0.011147
0.018387
0.019775
0.000944
0.000712
0.012062
0.033722
0.017456
-0.016968
0.031174
0.017273
0.016922
-0.012665
-0.013268
-0.020859
0.037903
-0.027573
0.031921
0.024994
-0.016861
-0.028870
-0.015213
-0.007324
0.014984
-0.026825
-0.024658
-0.024078
-0.007683
0.017151
-0.017471
-0.017258
0.008217
-0.002817
-0.040771
0.038940
0.031311
0.018051
0.025925
-0.001263
-0.030960
0.028412
-0.022491
0.001790
-0.009354
0.018051
-0.005135
-0.010841
-0.031174
0.027603
0.016327
-0.020844
0.016708
0.027222
-0.035583
0.017548
-0.013786
-0.017258
-0.000225
-0.031860
0.029160
0.000688
0.024689
0.004303
0.019104
0.020035
0.020874
-0.033691
0.032257
0.023117
0.016678
0.030334
-0.002934
0.027298
-0.027725
-0.016739
-0.003906
0.015320
0.019867
-0.018341
0.004349
0.010651
-0.001698
0.004292
-0.032898
-0.011406
-0.003719
0.025009
-0.020828
0.009232
0.022446
-0.010292
0.001081
-0.002214
0.010826
0.019608
0.016449
-0.022675
-0.011520
0.007496
-0.008781
0.014297
-0.033142
0.021057
-0.024612
-0.006256
0.024979
0.033081
0.029358
-0.022446
0.026855
-0.032410
-0.033630
0.026718
-0.003389
-0.015991
0.012817
-0.021896
-0.023727
0.018799
0.023453
-0.035553
0.026352
-0.037750
-0.003813
-0.036377
-0.019653
0.011993
-0.001438
0.014626
-0.005562
-0.011162
0.012894
0.028473
0.010399
0.013634
0.010803
-0.020981
0.028854
-0.018738
-0.035095
-0.005672
0.043671
-0.035095
0.023209
-0.022583
0.022202
0.023346
0.002001
0.028610
-0.023514
-0.009163
-0.028320
-0.036713
0.019897
-0.026718
-0.024689
-0.029984
0.051941
0.003136
-0.018005
0.006535
-0.013611
-0.014229
0.002815
0.015778
-0.031799
0.048431
0.009911
-0.006161
0.015205
-0.047333
0.039917
-0.020889
0.003048
-0.010323
-0.010597
0.014107
-0.023193
-0.034332
0.019653
-0.034210
-0.004288
-0.012398
-0.033722
0.007412
-0.017029
-0.050323
0.013290
0.025604
-0.010399
-0.000328
0.054413
-0.001504
-0.019943
0.022568
0.013618
-0.018845
0.007229
0.003794
0.017258
0.004795
-0.008499
-0.017807
0.016602
-0.043396
-0.012230
0.013863
0.012070
0.000865
-0.035828
-0.022949
0.004036
0.023849
0.021729
-0.025620
0.023956
-0.016586
-0.031311
0.021194
-0.005836
0.013145
0.013077
0.020706
0.001477
-0.042297
0.034943
0.003880
-0.027328
-0.050873
0.017715
-0.016846
-0.016525
-0.025696
-0.003670
-0.012871
-0.017670
0.002676
-0.018616
-0.034607
0.038361
0.012093
-0.022629
-0.042938
-0.063354
0.037323
-0.061157
0.024994
-0.060669
-0.019043
-0.039276
0.031174
-0.023056
0.003847
0.000931
0.000073
-0.011505
-0.036255
-0.046753
0.025238
0.030151
-0.021011
-0.066772
-0.013069
0.016052
0.023621
0.057617
-0.026627
-0.003845
0.013748
0.040771
-0.030258
0.048981
0.012917
-0.016373
-0.025391
0.010132
-0.007221
-0.022980
-0.041809
-0.039337
0.011810
-0.059875
-0.015747
0.017975
-0.016968
-0.003630
-0.047638
-0.055267
-0.026108
0.035461
0.002600
-0.026718
0.024536
-0.029480
0.030014
-0.054779
0.026779
0.001641
0.003376
0.018875
-0.045898
0.055359
-0.018860
-0.031799
0.005783
-0.029587
-0.033142
-0.061096
0.016617
0.037109
0.003878
-0.052460
0.005760
-0.006245
-0.008072
0.025162
-0.011040
0.033478
-0.004406
0.008835
-0.020157
-0.029709
0.052032
0.049103
-0.051025
-0.026108
-0.021576
0.037659
-0.020218
0.001494
-0.044983
0.050110
-0.043671
-0.010139
-0.023407
0.046326
-0.018631
-0.016006
-0.013939
-0.047791
-0.015594
-0.012070
0.003944
0.008377
-0.021820
0.008018
-0.017899
0.033417
-0.009712
-0.035461
-0.005146
0.038483
-0.000934
-0.021378
-0.014374
0.012589
-0.009598
-0.045166
0.013550
-0.029068
-0.052063
0.037781
0.053345
-0.007778
-0.011314
-0.022644
-0.042664
0.021057
0.014473
0.045898
0.001459
0.023773
-0.033295
-0.004028
-0.009857
0.003180
-0.026093
-0.020706
-0.009361
-0.005959
-0.024002
0.033295
-0.004379
0.030960
-0.018158
-0.016525
-0.034790
-0.024582
-0.013535
0.031738
-0.013901
-0.010971
-0.031464
0.030685
0.034698
-0.008476
-0.004517
0.007240
-0.030594
0.022125
0.029892
0.013443
-0.038879
0.002985
-0.002718
-0.004372
-0.036255
-0.028214
-0.028519
0.021225
-0.028000
0.032990
-0.000406
0.031738
-0.030960
0.004742
0.030838
0.004498
0.013618
0.020508
0.027725
-0.020538
0.037994
-0.001366
-0.025635
-0.008789
-0.033936
0.014786
-0.027344
0.005054
0.003983
-0.034882
-0.014130
0.020752
0.001357
-0.033722
-0.016357
-0.017792
-0.010269
-0.039642
0.013512
0.037079
-0.029465
0.043549
0.009308
-0.008812
-0.029755
0.019760
0.018860
0.018524
0.000395
0.033234
0.008064
-0.002131
-0.031708
-0.002573
-0.002670
0.004147
-0.005520
-0.005856
-0.035370
-0.000803
-0.020493
-0.013298
0.001267
0.024292
-0.022873
0.013283
0.027161
-0.027832
0.024811
0.026764
0.013794
-0.011398
-0.001346
0.018311
0.013802
0.004665
0.032410
-0.011856
0.033081
0.037537
-0.014671
0.003370
0.019348
0.029953
0.039001
-0.030304
-0.028564
0.010956
0.029160
-0.021057
0.008461
0.028961
-0.036194
0.039734
-0.008720
0.038544
-0.007675
0.011894
-0.018097
-0.005428
0.006565
0.004303
0.029907
0.045685
0.000250
-0.024902
-0.012077
0.012100
0.027328
0.024139
0.029465
-0.027023
0.028656
0.014015
0.019669
0.020798
0.000174
0.012634
0.022675
0.017136
-0.044952
0.015884
-0.019058
0.000611
-0.018967
0.006115
-0.016281
-0.011345
-0.011368
-0.005501
-0.010544
-0.041748
0.015511
0.010330
-0.025528
-0.028336
0.034393
-0.027527
-0.001361
0.024963
-0.015129
0.008186
0.039032
-0.015686
0.012589
0.022186
0.004120
-0.016083
-0.004055
0.020432
-0.048798
0.023163
-0.017822
0.043915
-0.026352
0.028381
-0.007561
0.030243
-0.009277
0.004761
0.010200
0.011856
-0.022537
-0.015488
-0.018341
-0.040192
0.008369
0.033112
-0.029617
0.016602
-0.026917
-0.026154
-0.031403
0.017059
-0.026566
-0.049652
0.008095
0.025101
0.023499
-0.006157
0.027847
-0.016037
-0.054321
0.008133
0.025955
0.006138
-0.006405
-0.007141
-0.027542
0.017120
0.021210
0.001788
0.040741
-0.022491
0.023026
0.000471
0.025162
-0.044189
-0.006535
0.002155
-0.002743
-0.034119
0.016586
0.006962
-0.005936
0.016876
-0.015465
0.028564
-0.036713
-0.034698
-0.038574
0.023529
0.006630
0.040497
-0.020782
-0.001564
-0.022247
0.010468
-0.043915
0.023132
-0.043915
-0.007450
-0.018097
0.029831
-0.018661
-0.013603
0.003416
0.003231
-0.027130
-0.004173
-0.001000
0.023407
-0.014793
-0.021088
-0.010750
-0.027100
0.035309
0.014412
0.043549
0.013168
0.005108
-0.009750
0.031281
-0.015854
-0.003941
-0.039032
-0.004395
-0.000752
0.009834
-0.020874
0.016769
-0.003548
-0.023224
-0.024063
-0.015778
0.015182
0.033600
0.013863
-0.007736
-0.010910
-0.036041
-0.019714
-0.017136
0.000535
0.008926
-0.015747
-0.020584
-0.022812
0.012047
-0.015564
-0.003971
-0.025055
-0.020645
0.028732
0.004684
-0.001420
0.015305
-0.001409
-0.010429
-0.003311
0.007652
-0.016266
0.031494
0.012314
-0.024719
0.003431
0.015007
-0.025040
0.028000
0.017380
0.018616
-0.013802
0.003189
-0.001618
-0.034851
0.006268
-0.020218
-0.003075
0.008926
0.004139
0.021072
0.025803
0.026505
0.011513
-0.001505
0.021591
0.002983
0.001923
0.038147
0.005112
-0.030472
0.022491
0.000371
0.034515
-0.018768
-0.010460
0.007568
-0.010330
-0.029770
0.026306
-0.016830
-0.005306
0.002384
0.026184
-0.036591
-0.029999
0.019470
0.021149
0.041199
-0.021393
-0.014633
-0.013741
0.000142
0.009331
-0.012962
-0.021439
0.017975
-0.013634
-0.005878
-0.015450
0.001632
0.024811
-0.008781
-0.025040
0.016190
-0.001211
0.016220
0.013306
0.023499
0.020432
0.001986
-0.033997
0.026016
0.025299
0.048279
0.019012
-0.002977
0.008926
0.024582
-0.021469
0.012741
0.016663
0.049255
-0.031311
0.053864
0.030701
0.005917
0.057678
-0.020981
-0.083862
0.003393
0.051727
-0.016098
-0.058807
-0.054749
-0.063721
0.073975
0.013832
0.024261
0.010895
0.051270
-0.074768
0.040558
0.032104
0.015495
-0.000990
-0.057617
0.006912
-0.008583
0.023331
-0.004913
-0.004974
0.060272
0.011398
0.025543
-0.059448
-0.007214
0.056885
0.032623
0.008331
0.010834
0.019318
-0.002804
0.059082
-0.051331
0.023453
0.053741
0.044464
0.022385
-0.003082
0.056305
0.022949
0.065308
0.058319
0.005119
-0.007191
0.007378
0.008018
0.076111
-0.079346
0.049652
-0.009438
-0.034180
0.045654
0.015915
-0.007587
0.062988
0.049438
0.013405
-0.037079
0.053711
0.054840
-0.060852
-0.021225
-0.007103
0.007088
0.063660
0.028656
-0.001696
-0.015793
0.029663
0.033875
0.033539
0.068420
0.027557
-0.005249
-0.037628
0.028595
-0.040924
0.064880
-0.001704
0.031281
-0.019562
-0.016571
-0.022568
-0.010803
0.020081
0.010315
-0.040283
0.046631
-0.029556
-0.033661
0.020966
-0.000953
0.068237
0.020813
-0.007465
-0.010361
-0.044464
-0.019745
0.047394
0.035828
-0.040894
0.016800
0.048309
0.036743
0.002901
-0.029663
-0.022858
-0.008987
0.033112
0.040710
-0.015656
0.001649
0.029694
0.036560
0.023239
0.021500
-0.036011
-0.010567
0.006714
-0.015869
-0.024475
-0.014107
0.032562
0.021652
-0.020752
0.014168
0.028915
0.011612
0.001450
-0.027527
0.022720
0.006157
0.022888
-0.030960
-0.007557
-0.020035
0.023483
-0.009178
-0.028244
-0.019791
-0.008919
-0.016739
0.019226
0.010109
0.003563
0.020676
0.019363
0.004650
0.035889
-0.030411
-0.013168
0.009453
-0.024719
0.030487
0.029831
-0.012711
0.015572
0.004375
0.015556
0.005203
-0.027679
-0.022690
0.011650
0.002735
-0.018188
-0.028091
0.032074
-0.026535
0.023666
0.041138
0.023849
-0.019196
-0.004349
0.021759
0.005508
-0.018265
0.003099
0.002426
-0.000737
0.042297
-0.002165
-0.020920
0.005520
0.025421
-0.001781
-0.003847
0.019470
0.024567
0.021744
-0.017258
-0.013367
0.005348
-0.007267
0.004261
-0.017914
-0.004425
-0.021927
-0.025162
-0.008865
-0.014702
-0.020523
-0.032043
0.015793
-0.021637
0.004482
-0.027725
-0.017349
-0.025650
0.006725
0.000643
0.021576
0.037201
0.046509
-0.015274
0.021317
0.027222
-0.007668
-0.011284
-0.008392
-0.025757
-0.030182
0.013847
0.032104
0.019028
0.005459
0.020172
-0.011208
-0.034332
-0.024216
-0.030396
-0.008423
0.010872
-0.021164
0.039520
-0.002020
-0.004505
-0.039337
-0.043854
0.023773
-0.043243
0.037354
0.001167
-0.011993
0.010406
0.003462
-0.057220
-0.052216
0.042175
-0.018585
-0.039917
-0.017059
-0.004940
-0.009491
0.029297
-0.040863
-0.023224
-0.030945
-0.021652
-0.036224
0.025223
-0.013519
-0.004234
-0.054962
0.002790
0.009956
0.037079
0.011375
-0.030228
-0.020416
0.044739
0.011429
0.026657
-0.008492
0.003481
-0.013206
-0.018814
-0.012520
0.029037
0.004044
0.022141
-0.014038
0.000281
0.025436
0.027695
-0.031860
-0.034760
0.024185
-0.049072
0.015945
-0.048309
-0.012604
-0.020142
-0.042419
0.005428
0.018112
-0.009956
0.006477
-0.023499
0.035522
-0.018768
0.006050
0.009033
-0.014252
0.050873
0.038635
0.013420
0.040131
-0.010323
-0.039917
0.020630
-0.033478
0.003511
0.048004
0.023972
-0.023239
-0.018372
-0.004192
0.025116
-0.032745
0.005405
0.005920
-0.016693
-0.025192
-0.003260
-0.021301
-0.020889
-0.052216
-0.010254
0.039185
-0.017303
-0.006237
-0.055573
0.041962
-0.030960
-0.007107
0.007088
-0.014259
-0.008034
0.006016
-0.030884
0.011826
0.009254
-0.020004
-0.032928
0.000557
0.013092
0.009102
0.020645
0.033081
-0.045013
-0.028931
-0.027191
-0.022278
-0.023453
-0.037231
-0.007046
0.056030
-0.015495
-0.022125
-0.012634
-0.061066
0.035675
0.040192
-0.026703
0.085144
0.012581
-0.060791
0.074707
-0.035553
0.003998
-0.039612
-0.023544
-0.040619
0.044373
0.007088
-0.046997
0.030640
0.019882
0.038055
0.020462
0.039948
0.014206
0.024445
0.055786
0.032379
-0.019073
0.006958
-0.022430
0.002962
0.023224
0.022400
-0.043243
0.035980
-0.022110
-0.069458
-0.068726
0.077332
0.000528
0.012138
-0.054443
0.023117
0.050140
-0.029755
-0.007996
-0.001702
-0.010384
0.044861
-0.038513
0.041199
0.033966
-0.038635
-0.004509
0.002485
0.006264
0.007874
0.054230
0.022430
0.040283
0.022446
-0.037292
0.031891
0.030167
0.057526
-0.060730
0.012352
-0.015091
-0.004517
-0.031555
0.000954
0.053589
-0.032959
0.008743
-0.029953
0.044128
-0.073425
0.015213
-0.006634
-0.072571
0.039490
-0.067871
-0.029861
0.002001
0.018723
-0.002735
-0.026093
-0.052002
-0.026489
0.054565
-0.018738
-0.034851
0.027390
0.049408
0.060638
-0.044312
0.045013
0.009666
-0.035522
0.002699
0.030731
0.031525
-0.026642
0.049774
-0.017654
-0.015137
0.035828
-0.004997
0.020966
0.088440
0.044189
0.013763
0.036163
-0.005394
0.014549
-0.064148
-0.015076
0.006596
0.014977
-0.006248
0.027924
0.003601
-0.055054
0.051788
-0.010353
0.013832
-0.080994
0.012383
0.027069
0.020767
-0.038513
0.022141
-0.021240
0.028503
0.032593
0.024719
0.016785
-0.015030
-0.041016
0.014282
-0.014320
-0.015038
-0.002350
-0.019989
0.023041
-0.034241
-0.002657
0.029221
0.043335
-0.015381
0.010239
0.009758
0.028320
0.021561
0.042725
-0.040985
0.032898
0.012711
-0.008797
0.043732
-0.018616
-0.032990
-0.009109
-0.017532
-0.027115
-0.003813
0.017990
-0.016281
0.003632
0.003357
0.006489
0.034302
-0.006443
0.030212
-0.009895
-0.046509
0.000185
-0.036743
0.029709
0.021912
0.025955
0.020142
0.029587
0.015823
-0.025604
-0.015152
0.030304
0.001474
-0.013885
0.024460
0.007889
0.032532
-0.011925
0.015900
0.005093
0.007721
-0.014259
-0.006836
0.000953
0.046814
0.022827
0.035217
0.036316
0.031250
0.006332
-0.008049
-0.015823
-0.028763
0.003153
-0.043182
-0.013107
-0.021194
0.025558
-0.019272
0.017517
0.002127
0.032074
0.031219
-0.018280
0.003393
-0.016815
-0.018921
-0.008179
0.000046
-0.028244
-0.013039
-0.021927
0.026016
0.009323
0.001536
-0.016022
-0.006950
0.028259
0.018982
-0.001418
-0.030777
0.031342
-0.002716
0.011009
0.020218
-0.009689
0.011108
0.005825
0.004093
0.026382
-0.019547
-0.006168
0.009895
-0.026382
0.008766
-0.000809
0.035339
0.018646
0.035370
0.025482
0.026138
0.004116
0.013466
-0.023651
0.028671
-0.018112
-0.019058
0.038269
0.018982
-0.054352
-0.016388
0.019089
0.001935
-0.020172
-0.006935
-0.035797
0.034332
0.008926
-0.006046
-0.007191
0.026459
-0.004925
-0.030182
0.049713
-0.035583
0.011192
-0.008865
0.050049
-0.009476
-0.042694
-0.012596
0.020950
0.002708
-0.004265
0.036163
-0.016129
-0.028702
-0.031830
-0.004841
-0.003714
0.040222
0.037872
-0.013451
-0.018234
-0.017975
-0.035400
-0.020767
0.005806
-0.025391
-0.002008
-0.022400
-0.007172
0.048370
-0.017532
-0.019989
0.009148
-0.016281
-0.002953
0.009720
0.014595
0.037537
-0.010429
0.028046
-0.006126
-0.005722
0.004051
-0.042267
0.040283
-0.035492
-0.002483
-0.019684
0.013832
0.043091
-0.008827
0.021454
-0.030380
0.040253
0.005875
-0.024719
-0.016922
-0.010811
-0.031372
-0.005684
0.034088
0.026047
0.003742
-0.006832
-0.033966
-0.007526
0.009552
0.013878
0.004772
-0.018387
0.010071
0.028641
0.021408
-0.004028
-0.007980
0.023636
-0.028809
0.017822
0.023087
-0.005066
-0.045868
-0.000276
0.020401
-0.015480
-0.010529
0.054474
-0.008163
0.001288
0.012672
0.011711
0.042389
-0.013321
-0.047363
-0.028259
-0.011314
0.024841
0.016907
0.008003
-0.014526
-0.006283
-0.032593
0.015045
0.002689
0.001431
-0.007835
-0.035400
0.007919
-0.046631
-0.031494
-0.016571
0.015945
0.055450
0.018433
0.033539
-0.009895
-0.018585
-0.025238
-0.021088
-0.010269
-0.000220
-0.008720
-0.040802
-0.029480
0.032074
-0.003885
-0.019867
-0.017136
-0.030533
0.022827
0.031219
0.008102
-0.016769
0.020966
-0.025253
-0.005707
0.004883
0.023056
-0.034729
0.010582
-0.029526
-0.013451
-0.024307
0.005978
0.000767
0.012291
0.001191
0.014206
0.023819
0.007851
0.032715
0.006348
0.035583
0.011543
-0.015205
-0.019318
-0.014328
0.027634
-0.020935
-0.005287
0.005020
-0.031250
0.028976
-0.010056
0.002989
-0.014313
0.000356
0.012115
-0.011665
0.022934
0.027069
-0.032379
-0.018616
0.009239
0.004768
-0.005196
-0.040253
-0.002815
0.007690
-0.012367
-0.032562
-0.003706
0.011780
0.001684
0.014999
0.016388
-0.010200
0.002386
-0.028748
-0.015625
-0.027344
-0.000579
0.006935
0.035522
0.000974
-0.012909
-0.013336
0.031143
-0.010857
0.022995
0.013153
-0.017395
-0.015495
0.013130
0.003292
-0.015472
0.037720
0.015839
-0.026276
-0.027054
-0.013275
-0.013580
-0.006546
0.039581
-0.018433
-0.010002
-0.016846
-0.022156
-0.012772
-0.031952
-0.024002
0.046875
0.027664
0.014511
-0.018356
-0.000645
0.016953
-0.031586
-0.011429
0.013947
0.016418
-0.004860
-0.018524
0.006733
-0.023392
0.020493
-0.011276
-0.034424
-0.011032
-0.022110
