-5.725732818e-02 
1.900320500e-01 
5.809849128e-02 
4.870247468e-02 
3.239699304e-01 
4.789805785e-02 
-5.632112548e-02 
-4.285749793e-02 
1.740839779e-01 
-1.303033233e-01 
-4.183912277e-02 
-2.861099318e-03 
3.174775094e-02 
8.909520507e-02 
-8.942554705e-03 
-1.295107156e-01 
-2.528208196e-01 
-1.249562055e-01 
4.016363248e-02 
-4.161920771e-02 
1.274006069e-01 
1.851898134e-01 
7.024761289e-02 
3.369172290e-02 
9.100581706e-02 
-1.000000313e-01 
-1.554453373e-01 
1.572641134e-01 
2.252749205e-01 
-3.039395809e-02 
-9.062100947e-02 
-1.355787218e-01 
-3.174406588e-01 
8.639317006e-02 
-1.547119319e-01 
-1.621051505e-02 
-1.492898446e-02 
-1.780145019e-01 
-4.457109421e-02 
1.053325832e-01 
-7.859956473e-02 
1.053719074e-01 
1.374763399e-01 
1.044320315e-01 
-1.113703251e-01 
-2.404561453e-02 
-5.131959170e-02 
7.674342394e-02 
1.805719137e-01 
-3.338899836e-02 
8.756366372e-02 
1.154594049e-01 
4.962892085e-02 
-4.610322788e-02 
2.144099027e-02 
5.968702585e-02 
2.295074761e-01 
1.123383120e-01 
5.892826244e-02 
-1.375107169e-01 
2.984723262e-02 
1.394542009e-01 
-5.411087722e-02 
2.867853642e-01 
5.350830965e-03 
2.232148945e-01 
-2.283742651e-02 
-1.439905912e-01 
1.366426945e-01 
-1.613161415e-01 
1.198484600e-01 
-5.526407808e-02 
2.657779865e-02 
9.211846441e-02 
5.622900650e-02 
2.827168629e-02 
3.532760218e-02 
-5.261259153e-02 
9.394282848e-02 
2.484621294e-02 
9.282874316e-02 
-1.662674546e-02 
-1.649262309e-01 
-1.666855514e-01 
2.033127397e-01 
2.802933753e-01 
-5.277175829e-02 
6.218238547e-02 
1.041420475e-01 
4.999561235e-02 
2.679099329e-02 
-8.902664483e-02 
1.485389620e-01 
8.037573099e-02 
1.299544871e-01 
-5.897124857e-02 
-4.682305083e-02 
1.393843442e-01 
4.396028817e-02 
2.168984525e-02 
3.918909654e-02 
-8.899628371e-02 
-3.495810181e-02 
9.634637833e-02 
1.140628085e-01 
7.004181296e-02 
1.269933432e-01 
9.007517248e-02 
2.637119964e-02 
1.180889979e-01 
-7.804108411e-02 
-6.270943582e-02 
-2.959513478e-02 
1.729908884e-01 
-1.878297329e-02 
-1.121646389e-01 
-8.175988495e-02 
-1.261950284e-01 
-2.133871242e-02 
1.311169565e-01 
-1.875808463e-02 
4.359225929e-02 
-4.370724782e-02 
1.624633819e-01 
-8.629773557e-02 
7.871495187e-02 
3.782260418e-02 
-1.458275467e-01 
