1.083891153e+00 
-9.256569147e-01 
4.121654034e-01 
4.770972729e-01 
-2.528902292e-01 
-1.471248269e+00 
1.212215185e+00 
-5.880340934e-01 
2.003429890e+00 
-6.870447099e-02 
6.223082542e-01 
1.627172470e+00 
2.035635233e+00 
1.534911394e+00 
-7.347805798e-02 
1.130712032e-02 
-5.990130901e-01 
-1.921203136e+00 
-1.743934870e+00 
-9.529346228e-01 
5.386323929e-01 
-4.379456043e-01 
7.705016136e-01 
-5.724502206e-01 
-4.253017902e-01 
1.324905276e+00 
-5.707250834e-01 
4.748836756e-01 
9.512099028e-01 
1.964794159e+00 
1.332606375e-01 
-6.999340057e-01 
-9.937198162e-01 
1.867036223e-01 
-1.241731763e+00 
-1.505482674e+00 
1.052407473e-01 
2.271619797e+00 
-3.556618392e-01 
-5.449384451e-01 
-1.021954179e+00 
-1.253693938e+00 
-7.119677961e-03 
-4.704552889e-01 
1.271492243e+00 
1.152892709e+00 
2.238314629e+00 
-6.438162327e-01 
7.479334474e-01 
-1.547915339e-01 
6.683821678e-01 
-7.716518641e-01 
-6.058502197e-01 
7.043992877e-01 
2.053035259e+00 
9.694999456e-01 
-3.939740062e-01 
-1.205365658e+00 
6.625548601e-01 
-4.585049152e-01 
-1.545873731e-01 
-7.628681064e-01 
-1.006259441e+00 
-1.931666136e-01 
8.356180191e-01 
-1.076543331e+00 
3.808667660e-01 
7.403885126e-01 
-8.914676309e-01 
-8.340876698e-01 
4.373128414e-01 
-6.866789460e-01 
-4.867855310e-01 
-6.298644543e-01 
-4.393379390e-01 
-1.004418850e+00 
4.485329688e-01 
-1.391373634e+00 
-4.950867593e-01 
1.148029685e+00 
-1.403548717e+00 
1.505509257e+00 
2.915904224e-01 
1.478407860e+00 
-1.523411989e+00 
1.080044031e+00 
-1.393047810e+00 
-7.899994403e-02 
-3.604389727e-02 
1.028878450e+00 
9.591755867e-01 
1.230009079e+00 
1.192149758e+00 
-3.934682310e-01 
5.656943917e-01 
2.153434992e+00 
-2.744883597e-01 
8.074280620e-01 
-7.903227210e-01 
-1.179884896e-01 
-7.758672833e-01 
-1.131603003e+00 
-3.988173306e-01 
3.079526424e-01 
2.183417082e-01 
7.732285261e-01 
-3.160926402e-01 
-1.239149719e-01 
-2.390537858e-01 
-3.074267507e-01 
1.203453615e-01 
-7.529487014e-01 
8.388174176e-01 
-1.137582958e-02 
1.143046021e+00 
2.975034714e-01 
1.453222990e+00 
-4.015199244e-01 
-6.477928758e-01 
-1.664518952e+00 
1.734352112e+00 
1.106918812e+00 
7.031553388e-01 
1.894773692e-01 
-6.351116300e-02 
1.340939045e+00 
-3.505977988e-01 
-1.054084152e-01 
