-6.522562504e-01 
5.673321337e-02 
7.489625216e-01 
1.953029782e-01 
4.369199276e-01 
1.030272022e-01 
-2.363509536e-01 
-5.993324518e-01 
4.209538102e-01 
-9.671875276e-03 
6.671405584e-02 
3.041247129e-01 
-1.790011078e-01 
-2.309686989e-01 
1.688678861e-01 
-8.155448437e-01 
-9.900570512e-01 
6.004595198e-04 
7.923609763e-02 
-1.148204431e-01 
1.053545028e-01 
6.432570815e-01 
4.805416614e-02 
2.437899448e-02 
-3.686555624e-01 
-1.281423688e+00 
-2.114094943e-01 
-6.414791942e-01 
1.271625310e-01 
-6.625187397e-01 
1.320228577e-01 
5.997484922e-01 
1.350649893e-01 
3.392544016e-02 
-8.939199895e-02 
-1.909116060e-01 
1.428777426e-01 
-7.857489586e-01 
4.017628729e-01 
2.622860074e-01 
-1.446662843e-01 
1.630856395e-01 
5.692439675e-01 
9.967362881e-02 
-5.549303442e-02 
-8.788397312e-01 
6.899752617e-01 
2.296167761e-01 
-1.942466348e-01 
2.476583570e-01 
-3.466113806e-01 
-8.583730459e-01 
2.785266340e-01 
3.509869874e-01 
9.890972078e-02 
-8.648852110e-01 
2.777798772e-01 
3.908652365e-01 
-3.470892608e-01 
-3.518389165e-01 
-1.299233794e+00 
2.748843431e-01 
2.114823461e-01 
-1.520189457e-02 
-4.586452842e-01 
2.510264814e-01 
-3.765366971e-01 
2.926758230e-01 
-7.874317467e-02 
-6.093227863e-01 
2.187054157e-01 
4.407905638e-01 
-3.924062252e-01 
-9.299945831e-02 
5.972526073e-01 
1.685852408e-01 
3.481163085e-01 
3.822201788e-01 
-4.349003136e-01 
-2.261995152e-02 
-5.044995546e-01 
4.872010648e-01 
5.631933212e-01 
5.928886682e-02 
4.631504416e-01 
2.659383118e-01 
3.827836812e-01 
-3.591277599e-01 
-3.046137094e-01 
4.514680207e-01 
1.255624294e-01 
-2.901251018e-01 
3.013922274e-01 
-1.570860893e-01 
-1.371133626e-01 
2.087597996e-01 
-1.242521256e-01 
1.455134600e-01 
-1.484237611e-02 
-6.297443509e-01 
-3.497298062e-01 
3.309836984e-01 
-3.090492189e-01 
-5.944272876e-02 
-3.993408680e-01 
3.363907933e-01 
3.708730042e-01 
2.980422974e-01 
-3.778807819e-01 
-9.544121474e-02 
1.086159237e-02 
3.216229677e-01 
-3.863656521e-01 
-3.343328238e-01 
4.428769052e-01 
4.459114969e-01 
-1.043881252e-01 
-1.224000007e-02 
-1.123115197e-01 
-7.663533688e-01 
1.104182675e-01 
1.046993434e-01 
-1.389793605e-01 
-3.305774331e-01 
2.127390653e-01 
-1.344548225e+00 
2.780425549e-01 
2.626820207e-01 
