-5.292180181e-01 
-4.915858060e-02 
6.667085886e-01 
-2.200529724e-01 
-2.677261233e-01 
2.945175171e-01 
3.165867031e-01 
-5.373830199e-01 
4.804799557e-01 
-2.368579209e-01 
-4.806642532e-01 
1.865411997e-01 
-8.876013756e-01 
-2.455274165e-01 
-7.771275043e-01 
4.739382863e-01 
3.028003871e-01 
3.586369455e-01 
3.312432468e-01 
-1.613896787e-01 
7.207126617e-01 
4.101174474e-01 
1.861584187e-02 
2.945429087e-02 
1.359174550e-01 
9.829403460e-02 
2.745752335e-01 
-2.524697185e-01 
-2.494205534e-01 
6.511924267e-01 
7.933000922e-01 
8.968443274e-01 
6.939780116e-01 
-5.370411873e-01 
-9.051944613e-01 
-3.735598177e-02 
-6.423746794e-02 
5.349777341e-01 
1.452464908e-01 
8.860138059e-01 
5.025664568e-01 
-3.243089616e-01 
3.081588447e-01 
3.015936017e-01 
-1.649304852e-02 
-5.052927732e-01 
9.386043996e-02 
2.786307335e-01 
-1.326722652e-01 
-2.517963350e-01 
6.293743849e-01 
2.125841677e-01 
-3.171852231e-02 
-2.140579224e-01 
-3.702588752e-02 
1.861540824e-01 
3.916417360e-01 
8.807245642e-02 
2.402646653e-02 
1.982285455e-02 
-1.830869168e-01 
1.779466569e-01 
2.569335997e-01 
-2.281284034e-01 
1.565359980e-01 
-1.571616381e-01 
4.740832373e-03 
4.856854975e-01 
5.088046789e-01 
3.054531515e-01 
4.937288165e-01 
7.857139707e-01 
8.146921396e-01 
-6.758989692e-01 
-5.396466255e-01 
-8.584336191e-02 
-4.091291130e-01 
5.468786955e-01 
-2.229147218e-02 
1.271982491e-01 
5.508635640e-01 
3.384116590e-01 
-1.608726680e-01 
8.029561043e-01 
5.749509335e-01 
-2.919427156e-01 
-6.122478843e-01 
-2.055520117e-01 
-3.271638155e-01 
7.779302597e-01 
2.315828055e-01 
2.310597338e-03 
-4.616416395e-01 
5.092463493e-01 
5.741403699e-01 
-1.192157716e-02 
3.525694311e-01 
-2.541991174e-01 
5.682931468e-02 
-8.408212066e-01 
-5.407996178e-01 
-2.349939942e-01 
6.537221670e-01 
5.539906025e-01 
4.368934631e-01 
3.722915947e-01 
8.141146302e-01 
6.598426700e-01 
8.075202107e-01 
1.524640471e-01 
-6.118933558e-01 
-4.115702212e-01 
-4.914438352e-02 
-1.279831886e+00 
-6.878724694e-02 
1.081502199e+00 
6.438782811e-01 
-4.292169213e-01 
1.115474030e-01 
-1.609766185e-01 
-1.128361523e-01 
-1.982166991e-02 
4.393662140e-02 
-5.167503357e-01 
1.482905298e-01 
-3.129200339e-01 
9.049291164e-02 
3.825924098e-01 
