0.45605469
0.069519043
-0.16894531
0.3449707
-0.013725281
-0.00041723251
-0.19519043
0.02722168
-0.14770508
0.47143555
0.50683594
0.21740723
0.095031738
0.023071289
0.38330078
0.060089111
0.3034668
-0.086364746
0.42382812
0.5546875
-0.096557617
-0.30517578
0.27832031
0.37719727
0.27026367
0.17956543
0.18383789
0.40576172
-0.0103302
-0.0154953
-0.12329102
0.06842041
0.18969727
-0.11206055
-0.086486816
0.12609863
-0.15881348
0.31518555
0.14111328
0.080993652
0.31640625
-0.30639648
0.088806152
-0.19799805
-0.11999512
0.25048828
-0.082458496
-0.089050293
-0.22412109
0.089416504
-0.25292969
0.52587891
-0.56640625
0.057250977
0.23535156
0.09362793
0.10681152
-0.083496094
0.26855469
0.45043945
1.0810547
0.31738281
-0.072570801
0.16308594
0.21411133
-0.15283203
-0.23803711
0.22094727
0.33911133
-0.2331543
0.33325195
0.042785645
-0.044219971
-0.52734375
0.055847168
0.25366211
0.21630859
-0.25146484
5.209446e-05
-0.072753906
0.46630859
-0.17883301
0.23693848
-0.24926758
0.14428711
-0.26953125
0.33251953
-0.15930176
0.12756348
-0.07019043
0.028213501
0.069885254
0.45068359
-0.21203613
0.33520508
-0.010253906
0.01411438
0.3449707
0.14416504
0.41455078
0.3984375
-0.00089740753
0.23535156
0.12023926
0.10009766
-0.024398804
0.52539062
-0.036743164
0.54980469
0.43945312
0.25610352
0.40649414
-0.34667969
-0.19030762
-0.027587891
-0.3293457
0.17370605
-0.089172363
0.39941406
0.46923828
0.032562256
0.3527832
-0.3137207
-0.1920166
-0.29663086
0.25952148
-0.049743652
0.23181152
0.45385742
0.30639648
-0.35961914
0.31689453
-0.12072754
-0.31542969
-0.04107666
0.04876709
-0.28710938
0.390625
0.88330078
0.46240234
0.15454102
0.013450623
0.061706543
0.32128906
0.20800781
-0.25952148
0.21386719
0.71826172
0.035980225
-0.4152832
0.48388672
0.70019531
0.53759766
0.43530273
-0.23730469
0.49755859
-0.39892578
-0.15197754
-0.25415039
0.41064453
0.16772461
-0.37841797
0.026107788
0.22143555
0.012680054
0.45727539
0.2376709
0.40332031
0.55273438
-0.2512207
0.42602539
-0.49121094
-0.0016613007
0.17858887
-0.055145264
-0.22229004
-0.079528809
-0.2277832
-0.025650024
0.58496094
-1.0742188
-0.13513184
0.10449219
0.19873047
0.1192627
-0.34326172
0.36816406
0.10131836
1.4375
0.11999512
-0.74414062
-0.059082031
0.056762695
-0.39746094
-0.27392578
-0.10852051
0.7578125
-0.42749023
0.3581543
-0.35498047
-0.09185791
-0.72900391
-0.23376465
0.048278809
0.70361328
-0.54589844
-0.082946777
-0.65527344
0.58154297
0.50488281
0.55175781
-0.61816406
0.37719727
-0.40478516
0.41235352
0.071228027
0.073120117
0.12243652
0.019454956
0.099060059
0.66113281
-0.69824219
0.4609375
-0.39794922
0.15881348
0.47705078
-0.022537231
0.26245117
0.37890625
-0.39331055
0.43164062
0.093200684
0.03225708
-0.10943604
0.93164062
0.055114746
0.66503906
0.57275391
0.3503418
0.079650879
-0.56787109
-0.1003418
0.17883301
-0.32861328
0.21228027
-0.17480469
0.64404297
0.6875
-0.35668945
-0.043548584
-0.63134766
-0.21838379
-0.42089844
0.038024902
-0.65917969
0.057128906
0.39135742
0.20581055
-0.34765625
0.33886719
-0.30419922
-0.27416992
0.038208008
0.0078430176
-0.038726807
0.25952148
0.61816406
0.17175293
0.16247559
-0.16113281
0.33129883
0.23852539
0.18969727
-0.037963867
0.22973633
0.43969727
0.28344727
-0.25512695
-0.0076446533
0.21887207
0.19165039
0.15783691
0.10882568
0.42797852
-0.26416016
-0.1071167
0.10076904
0.17724609
0.11425781
-0.18884277
0.089660645
-0.032745361
-0.037109375
0.44384766
0.19177246
0.32495117
0.4934082
-0.42871094
0.26513672
-0.4387207
-0.22399902
0.30273438
-0.16809082
-0.023803711
-0.15942383
0.16210938
0.047393799
0.38256836
-0.77197266
-0.08026123
0.22790527
0.27001953
-0.10742188
-0.04006958
0.45556641
0.34301758
1.0683594
0.24780273
-0.12225342
-0.096679688
0.20874023
-0.17272949
-0.24035645
0.067504883
0.50097656
-0.45458984
0.36914062
-0.083190918
-0.19360352
-0.55078125
-0.059997559
0.0029029846
0.19970703
-0.50390625
0.0079193115
-0.036224365
0.41918945
-0.16674805
0.27416992
-0.43066406
0.47851562
-0.27148438
0.42578125
0.055114746
0.32446289
0.16015625
-0.083496094
-0.0154953
0.45654297
-0.33422852
0.50634766
-0.1862793
0.10113525
0.40478516
0.18286133
0.2175293
0.51269531
0.17419434
0.20495605
-0.15710449
0.12915039
0.0092544556
0.75537109
-0.08013916
0.67919922
0.36132812
0.33447266
0.44604492
-0.2890625
-0.25415039
-0.12139893
-0.14050293
0.32373047
-0.20922852
0.45727539
0.64990234
-0.27294922
0.15722656
-0.60302734
-0.10028076
-0.33666992
0.093811035
-0.24304199
0.18066406
0.33276367
0.16149902
-0.31738281
0.37084961
-0.3293457
-0.13037109
-0.15405273
-0.32861328
-0.066040039
0.46606445
0.45776367
0.34179688
0.23962402
-0.020996094
0.10284424
0.10150146
0.27172852
0.14501953
0.10717773
0.68457031
-0.10015869
-0.19335938
0.27832031
0.54785156
0.21118164
-0.029144287
-0.037475586
0.65136719
-0.10650635
-0.087646484
0.0087814331
-0.10473633
0.16503906
-0.30126953
-0.15270996
-0.074707031
-0.39526367
0.44799805
0.24536133
0.10943604
0.73779297
-0.52441406
-0.050170898
-0.10253906
-0.31005859
0.33447266
0.054077148
0.0033683777
-0.2097168
0.18432617
0.052734375
0.65283203
-0.81933594
0.036071777
0.42895508
-0.045654297
-0.069519043
-0.15319824
0.39038086
0.55908203
1.1650391
0.2644043
0.1875
0.2668457
0.57958984
0.066772461
-0.21044922
0.060913086
0.40087891
-0.52539062
0.41699219
0.10070801
0.23400879
-0.47509766
0.18115234
0.49536133
0.035766602
-0.40332031
0.22961426
-0.10101318
0.40405273
-0.29345703
0.16833496
-0.42797852
0.29638672
-0.0030593872
0.39404297
-0.088195801
0.19494629
0.1751709
-0.077270508
-0.092407227
0.53173828
-0.093811035
0.57324219
-0.42041016
0.22949219
0.40527344
0.35839844
0.54296875
1.0048828
0.50976562
0.4597168
0.022003174
0.26660156
-0.0093307495
0.82275391
0.011016846
0.70117188
0.75634766
0.40625
0.38085938
-0.24157715
-0.30395508
-0.072753906
-0.15100098
0.1986084
-0.22998047
0.67431641
0.43139648
-0.2265625
0.38232422
-0.79589844
-0.26123047
-0.57617188
0.08215332
-0.35327148
0.50195312
0.23962402
0.11303711
-0.043670654
0.1842041
-0.072937012
-0.1932373
-0.058624268
0.054046631
-0.17504883
0.36181641
0.41210938
0.12976074
0.096496582
-0.011810303
0.10241699
0.10339355
0.12139893
-0.11132812
0.21520996
0.35473633
-0.12097168
-0.13696289
0.056610107
0.25170898
0.22241211
0.2376709
0.073669434
0.32836914
-0.13952637
-0.041015625
-0.040802002
0.083679199
0.055725098
-0.14697266
0.02255249
0.12988281
0.0076217651
0.23852539
0.16516113
0.16064453
0.29077148
-0.17407227
0.17199707
-0.19799805
-0.097839355
0.1817627
-0.063720703
-0.00415802
-0.10864258
-0.028411865
-0.21606445
0.37768555
-0.50683594
-0.056182861
0.082824707
0.14135742
0.038787842
-0.09161377
0.099182129
0.23059082
0.72070312
0.10028076
-0.29321289
-0.077880859
0.083496094
-0.19946289
-0.11151123
-0.013023376
0.31396484
-0.17126465
0.20410156
-0.10632324
-0.012390137
-0.4230957
-0.081970215
0.11700439
0.33789062
-0.25390625
-0.023605347
-0.13891602
0.2590332
-0.043579102
0.21496582
-0.2479248
0.074462891
-0.21313477
0.27075195
0.0030117035
0.093688965
0.066101074
0.033172607
0.091003418
0.44238281
-0.25268555
0.28027344
-0.041687012
0.13977051
0.30029297
0.05065918
0.24743652
0.23535156
-0.14770508
0.25610352
0.069091797
0.098693848
-0.049133301
0.42724609
0.039672852
0.27050781
0.36694336
0.3034668
0.20129395
-0.27246094
-0.11743164
0.022979736
-0.14257812
0.038696289
-0.11340332
0.35253906
0.49487305
-0.10498047
0.12756348
-0.3293457
-0.067504883
-0.12731934
-0.011604309
-0.18786621
0.13574219
0.68066406
0.57080078
-0.36645508
0.019577026
0.39233398
0.5078125
-0.17553711
0.13989258
-0.013069153
0.72412109
0.51318359
0.7890625
0.081665039
0.081481934
0.73779297
0.73974609
0.38647461
-0.18566895
0.70605469
0.91943359
-0.28881836
-0.23120117
0.94189453
0.27124023
0.41748047
0.20825195
0.24121094
0.16552734
-0.014289856
0.082336426
-0.15100098
-0.80566406
1.1142578
-0.1763916
-0.50292969
-0.073303223
-0.34448242
-0.042755127
0.17370605
-0.42773438
0.54394531
-0.78613281
-0.0056877136
-0.23046875
-0.52587891
0.31054688
-0.3203125
0.20043945
-0.90673828
-0.38061523
0.18371582
0.41088867
-0.91015625
-0.51806641
-0.065856934
0.59423828
-0.16442871
-0.016067505
0.63232422
0.13378906
1.6191406
0.80908203
-0.59130859
0.89794922
0.54541016
0.2956543
-0.17480469
0.64453125
0.032012939
0.20703125
0.53320312
-0.53515625
-0.29907227
-0.51708984
0.33032227
0.33325195
0.14331055
-0.29223633
-0.12731934
0.27075195
1.0341797
-0.47924805
0.32641602
-0.46582031
0.31445312
-0.29418945
0.39038086
-0.18347168
0.46362305
-0.33178711
1.0048828
0.41479492
0.73779297
-0.62451172
0.4050293
-0.20874023
-0.56445312
0.35864258
-0.19665527
0.16479492
0.75244141
0.31640625
0.21716309
-0.15478516
0.46313477
0.52050781
0.69140625
0.057525635
0.70947266
0.96777344
0.48608398
0.60400391
-0.51513672
-0.092712402
0.36694336
0.34179688
0.40454102
-0.51660156
0.89453125
0.53222656
0.55371094
0.64257812
-0.97265625
-0.17578125
-0.57080078
0.24304199
-0.35717773
0.31567383
0.58740234
0.32861328
-0.40332031
0.17773438
-0.19812012
-0.43530273
0.020462036
0.19799805
-0.40112305
0.50439453
0.59765625
0.60546875
0.11108398
-0.16442871
0.14111328
0.22558594
0.12512207
-0.16967773
0.31347656
0.67724609
-0.17138672
-0.34887695
0.40039062
0.49121094
0.50878906
0.296875
-0.17907715
0.47094727
-0.21862793
-0.058105469
-0.0073051453
0.27001953
0.17150879
-0.43481445
-0.048248291
0.16845703
-0.017623901
0.63818359
0.093688965
0.054840088
0.43115234
-0.47241211
0.33129883
-0.56689453
0.052307129
0.29443359
-0.23193359
0.21484375
-0.45825195
-0.10601807
-0.3815918
0.66162109
-0.96923828
-0.30639648
-0.14257812
0.2467041
0.21594238
-0.23583984
0.26855469
0.33886719
1.3369141
0.27783203
-0.75537109
-0.12164307
-0.0013399124
-0.1038208
-0.19641113
-0.1463623
0.48168945
-0.17224121
0.17578125
-0.5703125
-0.18762207
-0.63183594
-0.21826172
0.029129028
0.81005859
-0.36694336
-0.19824219
-0.4309082
0.38037109
0.34326172
0.41674805
-0.46923828
0.40576172
-0.55957031
0.1875
0.09765625
0.41699219
0.049133301
0.13745117
0.1126709
0.84033203
-0.48120117
0.66894531
0.0086517334
0.028961182
0.734375
-0.12524414
0.18884277
0.56738281
-0.61132812
0.52539062
0.11584473
0.18566895
-0.24536133
0.54003906
0.08001709
0.75439453
0.72949219
0.50683594
0.036224365
-0.62695312
-0.0054473877
0.030776978
-0.27490234
0.25048828
-0.22119141
0.61132812
0.7578125
-0.049194336
0.12573242
-0.43261719
-0.23144531
-0.21728516
0.077148438
-0.18859863
0.18798828
0.84179688
0.12512207
-0.18737793
0.23291016
-0.48144531
0.022460938
-0.032165527
0.25195312
-0.089904785
0.57666016
0.32055664
0.67138672
0.049957275
-0.069152832
0.69238281
0.17431641
0.5078125
-0.12963867
0.91113281
0.81494141
-0.19677734
-0.55273438
0.41772461
0.55712891
0.36938477
0.12890625
0.073608398
0.36450195
-0.077087402
0.11236572
-0.011909485
-0.19140625
0.46777344
-0.28271484
-0.26147461
-0.18017578
-0.17700195
0.37915039
-0.077453613
-0.41333008
0.35742188
-0.59472656
-0.21533203
-0.53808594
-0.32348633
0.15942383
-0.35571289
0.25537109
-0.72216797
-0.053497314
-0.42504883
0.46606445
-0.88525391
-0.25341797
-0.41845703
0.52441406
0.037353516
0.15588379
0.33984375
0.37890625
1.4941406
0.8046875
-0.35766602
0.29248047
0.421875
0.43261719
-0.11639404
0.17175293
0.011779785
-0.070495605
0.040283203
-0.53613281
-0.52832031
-0.49365234
-0.047424316
0.021759033
0.37402344
-0.29199219
-0.20959473
0.0065574646
0.86816406
-0.34399414
0.36083984
-0.47998047
0.47021484
-0.30786133
0.19311523
-0.14025879
0.42529297
-0.27416992
0.16235352
0.28051758
0.87304688
-0.13903809
0.56933594
0.41796875
-0.29394531
0.42089844
-0.055725098
0.16564941
0.81787109
-0.073303223
0.52832031
-0.087646484
0.31420898
-0.14672852
0.32495117
0.13232422
0.72802734
0.66357422
0.44580078
0.68994141
-0.4675293
-0.21337891
-0.14331055
-0.2175293
0.36425781
-0.57666016
0.94384766
0.81933594
0.30859375
0.5234375
-0.52783203
-0.28759766
-0.38330078
0.33813477
0.3269043
0.27099609
0.19702148
0.22546387
0.12866211
0.031341553
-0.071533203
-0.035980225
0.17126465
-0.05770874
-0.032562256
0.17407227
0.16003418
0.18603516
0.050476074
-0.0094223022
0.049346924
0.12176514
0.10125732
-0.069946289
0.16088867
0.34082031
-0.15551758
-0.14892578
0.2286377
0.2010498
0.25830078
0.072509766
0.10888672
0.08996582
0.1015625
-0.086791992
-0.13195801
-0.35253906
0.19311523
-0.022949219
0.024902344
-0.094665527
-0.10644531
0.019897461
0.11230469
0.096252441
0.0037784576
-0.14294434
0.13061523
-0.1652832
-0.18469238
0.01259613
-0.19970703
-0.050262451
-0.13366699
-0.030670166
-0.032928467
0.11889648
-0.23632812
-0.11645508
-0.22094727
0.18603516
-0.031982422
0.15270996
0.077026367
-0.11914062
0.31933594
0.22375488
-0.1116333
0.27368164
0.12976074
0.0519104
-0.12561035
0.054626465
0.028411865
0.052642822
-0.078979492
-0.14648438
0.0083007812
-0.21679688
0.043151855
0.1595459
-0.075805664
-0.18786621
-0.094238281
-0.040679932
0.36669922
0.098999023
0.02406311
-0.105896
0.1149292
-0.01234436
0.23046875
-0.089050293
-0.013313293
-0.065307617
0.14111328
0.32275391
0.016647339
-0.17163086
0.041229248
-0.10821533
0.13708496
0.032318115
0.085449219
0.15673828
0.041564941
-0.090881348
0.055480957
0.029891968
-0.030593872
0.15600586
0.23522949
0.0038452148
-0.027618408
0.12463379
0.15576172
0.2644043
-0.059661865
-0.12890625
0.037384033
0.19750977
0.037475586
-0.073242188
0.2644043
0.13330078
0.14648438
0.042755127
-0.086669922
0.041931152
-0.121521
0.11846924
-0.071350098
0.08416748
0.056518555
-0.024230957
0.050048828
-0.011833191
-0.041290283
-0.039703369
0.010505676
-0.028045654
-0.063293457
0.065979004
0.057861328
-0.042236328
0.019073486
0.032836914
0.091308594
-0.040222168
0.015762329
0.0026950836
0.004989624
0.086730957
-0.089172363
0.014175415
-0.022735596
0.076782227
0.079406738
0.071960449
0.086364746
0.01663208
0.070922852
-0.040435791
-0.0068778992
-0.035491943
-0.078430176
0.084411621
-0.0018100739
-0.038726807
0.085205078
-0.050354004
0.11712646
0.017913818
0.031768799
0.0073928833
0.078796387
-0.036987305
0.064025879
0.033843994
-0.037078857
-0.096313477
0.032440186
0.11071777
-0.093566895
0.034759521
-0.077453613
0.020431519
-0.049194336
0.080749512
-0.03817749
0.088012695
-0.065307617
0.064575195
0.098022461
0.045349121
-0.0519104
0.0032653809
0.014778137
-0.016265869
-0.08416748
-0.059295654
0.044677734
0.073608398
0.0073165894
-0.025985718
-0.0084228516
-0.020202637
0.019622803
0.10083008
0.062164307
-0.048187256
0.031219482
-0.046630859
0.11669922
-0.071716309
-0.015930176
0.055999756
0.0064620972
0.013153076
0.075683594
-0.05847168
-0.050201416
0.013771057
-0.026229858
0.026977539
0.015617371
-0.048522949
0.061157227
0.0080490112
-0.025375366
0.04486084
0.054412842
0.084289551
-0.0041122437
-0.071166992
0.044525146
0.014701843
0.10620117
0.13146973
0.0039291382
-0.024780273
-0.062103271
0.057830811
0.0703125
0.1114502
0.055053711
-0.0094909668
-0.043426514
0.089172363
-0.041320801
-0.0064277649
0.01247406
0.12792969
0.055267334
-0.023254395
0.093261719
-0.036315918
0.10119629
-0.022476196
0.026931763
0.063903809
0.056518555
-0.024230957
0.050048828
-0.011833191
-0.041290283
-0.039703369
0.010505676
-0.028045654
-0.063293457
0.065979004
0.057861328
-0.042236328
0.019073486
0.032836914
0.091308594
-0.040222168
0.015762329
0.0026950836
0.004989624
0.086730957
-0.089172363
0.014175415
-0.022735596
0.076782227
0.079406738
0.071960449
0.086364746
0.01663208
0.070922852
-0.040435791
-0.0068778992
-0.035491943
-0.078430176
0.084411621
-0.0018100739
-0.038726807
0.085205078
-0.050354004
0.11712646
0.017913818
0.031768799
0.0073928833
0.078796387
-0.036987305
0.064025879
0.033843994
-0.037078857
-0.096313477
0.032440186
0.11071777
-0.093566895
0.034759521
-0.077453613
0.020431519
-0.049194336
0.080749512
-0.03817749
0.088012695
-0.065307617
0.064575195
0.098022461
0.045349121
-0.0519104
0.0032653809
0.014778137
-0.016265869
-0.08416748
-0.059295654
0.044677734
0.073608398
0.0073165894
-0.025985718
-0.0084228516
-0.020202637
0.019622803
0.10083008
0.062164307
-0.048187256
0.031219482
-0.046630859
0.11669922
-0.071716309
-0.015930176
0.055999756
0.0064620972
0.013153076
0.075683594
-0.05847168
-0.050201416
0.013771057
-0.026229858
0.026977539
0.015617371
-0.048522949
0.061157227
0.0080490112
-0.025375366
0.04486084
0.054412842
0.084289551
-0.0041122437
-0.071166992
0.044525146
0.014701843
0.10620117
0.13146973
0.0039291382
-0.024780273
-0.062103271
0.057830811
0.0703125
0.1114502
0.055053711
-0.0094909668
-0.043426514
0.089172363
-0.041320801
-0.0064277649
0.01247406
0.12792969
0.055267334
-0.023254395
0.093261719
-0.036315918
0.10119629
-0.022476196
0.026931763
0.063903809
0.056518555
-0.024230957
0.050048828
-0.011833191
-0.041290283
-0.039703369
0.010505676
-0.028045654
-0.063293457
0.065979004
0.057861328
-0.042236328
0.019073486
0.032836914
0.091308594
-0.040222168
0.015762329
0.0026950836
0.004989624
0.086730957
-0.089172363
0.014175415
-0.022735596
0.076782227
0.079406738
0.071960449
0.086364746
0.01663208
0.070922852
-0.040435791
-0.0068778992
-0.035491943
-0.078430176
0.084411621
-0.0018100739
-0.038726807
0.085205078
-0.050354004
0.11712646
0.017913818
0.031768799
0.0073928833
0.078796387
-0.036987305
0.064025879
0.033843994
-0.037078857
-0.096313477
0.032440186
0.11071777
-0.093566895
0.034759521
-0.077453613
0.020431519
-0.049194336
0.080749512
-0.03817749
0.088012695
-0.065307617
0.064575195
0.098022461
0.045349121
-0.0519104
0.0032653809
0.014778137
-0.016265869
-0.08416748
-0.059295654
0.044677734
0.073608398
0.0073165894
-0.025985718
-0.0084228516
-0.020202637
0.019622803
0.10083008
0.062164307
-0.048187256
0.031219482
-0.046630859
0.11669922
-0.071716309
-0.015930176
0.055999756
0.0064620972
0.013153076
0.075683594
-0.05847168
-0.050201416
0.013771057
-0.026229858
0.026977539
0.015617371
-0.048522949
0.061157227
0.0080490112
-0.025375366
0.04486084
0.054412842
0.084289551
-0.0041122437
-0.071166992
0.044525146
0.014701843
0.10620117
0.13146973
0.0039291382
-0.024780273
-0.062103271
0.057830811
0.0703125
0.1114502
0.055053711
-0.0094909668
-0.043426514
0.089172363
-0.041320801
-0.0064277649
0.01247406
0.12792969
0.055267334
-0.023254395
0.093261719
-0.036315918
0.10119629
-0.022476196
0.026931763
0.063903809
0.056518555
-0.024230957
0.050048828
-0.011833191
-0.041290283
-0.039703369
0.010505676
-0.028045654
-0.063293457
0.065979004
0.057861328
-0.042236328
0.019073486
0.032836914
0.091308594
-0.040222168
0.015762329
0.0026950836
0.004989624
0.086730957
-0.089172363
0.014175415
-0.022735596
0.076782227
0.079406738
0.071960449
0.086364746
0.01663208
0.070922852
-0.040435791
-0.0068778992
-0.035491943
-0.078430176
0.084411621
-0.0018100739
-0.038726807
0.085205078
-0.050354004
0.11712646
0.017913818
0.031768799
0.0073928833
0.078796387
-0.036987305
0.064025879
0.033843994
-0.037078857
-0.096313477
0.032440186
0.11071777
-0.093566895
0.034759521
-0.077453613
0.020431519
-0.049194336
0.080749512
-0.03817749
0.088012695
-0.065307617
0.064575195
0.098022461
0.045349121
-0.0519104
0.0032653809
0.014778137
-0.016265869
-0.08416748
-0.059295654
0.044677734
0.073608398
0.0073165894
-0.025985718
-0.0084228516
-0.020202637
0.019622803
0.10083008
0.062164307
-0.048187256
0.031219482
-0.046630859
0.11669922
-0.071716309
-0.015930176
0.055999756
0.0064620972
0.013153076
0.075683594
-0.05847168
-0.050201416
0.013771057
-0.026229858
0.026977539
0.015617371
-0.048522949
0.061157227
0.0080490112
-0.025375366
0.04486084
0.054412842
0.084289551
-0.0041122437
-0.071166992
0.044525146
0.014701843
0.10620117
0.13146973
0.0039291382
-0.024780273
-0.062103271
0.057830811
0.0703125
0.1114502
0.055053711
-0.0094909668
-0.043426514
0.089172363
-0.041320801
-0.0064277649
0.01247406
0.12792969
0.055267334
-0.023254395
0.093261719
-0.036315918
0.10119629
-0.022476196
0.026931763
0.063903809
0.056518555
-0.024230957
0.050048828
-0.011833191
-0.041290283
-0.039703369
0.010505676
-0.028045654
-0.063293457
0.065979004
0.057861328
-0.042236328
0.019073486
0.032836914
0.091308594
-0.040222168
0.015762329
0.0026950836
0.004989624
0.086730957
-0.089172363
0.014175415
-0.022735596
0.076782227
0.079406738
0.071960449
0.086364746
0.01663208
0.070922852
-0.040435791
-0.0068778992
-0.035491943
-0.078430176
0.084411621
-0.0018100739
-0.038726807
0.085205078
-0.050354004
0.11712646
0.017913818
0.031768799
0.0073928833
0.078796387
-0.036987305
0.064025879
0.033843994
-0.037078857
-0.096313477
0.032440186
0.11071777
-0.093566895
0.034759521
-0.077453613
0.020431519
-0.049194336
0.080749512
-0.03817749
0.088012695
-0.065307617
0.064575195
0.098022461
0.045349121
-0.0519104
0.0032653809
0.014778137
-0.016265869
-0.08416748
-0.059295654
0.044677734
0.073608398
0.0073165894
-0.025985718
-0.0084228516
-0.020202637
0.019622803
0.10083008
0.062164307
-0.048187256
0.031219482
-0.046630859
0.11669922
-0.071716309
-0.015930176
0.055999756
0.0064620972
0.013153076
0.075683594
-0.05847168
-0.050201416
0.013771057
-0.026229858
0.026977539
0.015617371
-0.048522949
0.061157227
0.0080490112
-0.025375366
0.04486084
0.054412842
0.084289551
-0.0041122437
-0.071166992
0.044525146
0.014701843
0.10620117
0.13146973
0.0039291382
-0.024780273
-0.062103271
0.057830811
0.0703125
0.1114502
0.055053711
-0.0094909668
-0.043426514
0.089172363
-0.041320801
-0.0064277649
0.01247406
0.12792969
0.055267334
-0.023254395
0.093261719
-0.036315918
0.10119629
-0.022476196
0.026931763
0.063903809
0.056518555
-0.024230957
0.050048828
-0.011833191
-0.041290283
-0.039703369
0.010505676
-0.028045654
-0.063293457
0.065979004
0.057861328
-0.042236328
0.019073486
0.032836914
0.091308594
-0.040222168
0.015762329
0.0026950836
0.004989624
0.086730957
-0.089172363
0.014175415
-0.022735596
0.076782227
0.079406738
0.071960449
0.086364746
0.01663208
0.070922852
-0.040435791
-0.0068778992
-0.035491943
-0.078430176
0.084411621
-0.0018100739
-0.038726807
0.085205078
-0.050354004
0.11712646
0.017913818
0.031768799
0.0073928833
0.078796387
-0.036987305
0.064025879
0.033843994
-0.037078857
-0.096313477
0.032440186
0.11071777
-0.093566895
0.034759521
-0.077453613
0.020431519
-0.049194336
0.080749512
-0.03817749
0.088012695
-0.065307617
0.064575195
0.098022461
0.045349121
-0.0519104
0.0032653809
0.014778137
-0.016265869
-0.08416748
-0.059295654
0.044677734
0.073608398
0.0073165894
-0.025985718
-0.0084228516
-0.020202637
0.019622803
0.10083008
0.062164307
-0.048187256
0.031219482
-0.046630859
0.11669922
-0.071716309
-0.015930176
0.055999756
0.0064620972
0.013153076
0.075683594
-0.05847168
-0.050201416
0.013771057
-0.026229858
0.026977539
0.015617371
-0.048522949
0.061157227
0.0080490112
-0.025375366
0.04486084
0.054412842
0.084289551
-0.0041122437
-0.071166992
0.044525146
0.014701843
0.10620117
0.13146973
0.0039291382
-0.024780273
-0.062103271
0.057830811
0.0703125
0.1114502
0.055053711
-0.0094909668
-0.043426514
0.089172363
-0.041320801
-0.0064277649
0.01247406
0.12792969
0.055267334
-0.023254395
0.093261719
-0.036315918
0.10119629
-0.022476196
0.026931763
0.063903809
0.056518555
-0.024230957
0.050048828
-0.011833191
-0.041290283
-0.039703369
0.010505676
-0.028045654
-0.063293457
0.065979004
0.057861328
-0.042236328
0.019073486
0.032836914
0.091308594
-0.040222168
0.015762329
0.0026950836
0.004989624
0.086730957
-0.089172363
0.014175415
-0.022735596
0.076782227
0.079406738
0.071960449
0.086364746
0.01663208
0.070922852
-0.040435791
-0.0068778992
-0.035491943
-0.078430176
0.084411621
-0.0018100739
-0.038726807
0.085205078
-0.050354004
0.11712646
0.017913818
0.031768799
0.0073928833
0.078796387
-0.036987305
0.064025879
0.033843994
-0.037078857
-0.096313477
0.032440186
0.11071777
-0.093566895
0.034759521
-0.077453613
0.020431519
-0.049194336
0.080749512
-0.03817749
0.088012695
-0.065307617
0.064575195
0.098022461
0.045349121
-0.0519104
0.0032653809
0.014778137
-0.016265869
-0.08416748
-0.059295654
0.044677734
0.073608398
0.0073165894
-0.025985718
-0.0084228516
-0.020202637
0.019622803
0.10083008
0.062164307
-0.048187256
0.031219482
-0.046630859
0.11669922
-0.071716309
-0.015930176
0.055999756
0.0064620972
0.013153076
0.075683594
-0.05847168
-0.050201416
0.013771057
-0.026229858
0.026977539
0.015617371
-0.048522949
0.061157227
0.0080490112
-0.025375366
0.04486084
0.054412842
0.084289551
-0.0041122437
-0.071166992
0.044525146
0.014701843
0.10620117
0.13146973
0.0039291382
-0.024780273
-0.062103271
0.057830811
0.0703125
0.1114502
0.055053711
-0.0094909668
-0.043426514
0.089172363
-0.041320801
-0.0064277649
0.01247406
0.12792969
0.055267334
-0.023254395
0.093261719
-0.036315918
0.10119629
-0.022476196
0.026931763
0.063903809
0.056518555
-0.024230957
0.050048828
-0.011833191
-0.041290283
-0.039703369
0.010505676
-0.028045654
-0.063293457
0.065979004
0.057861328
-0.042236328
0.019073486
0.032836914
0.091308594
-0.040222168
0.015762329
0.0026950836
0.004989624
0.086730957
-0.089172363
0.014175415
-0.022735596
0.076782227
0.079406738
0.071960449
0.086364746
0.01663208
0.070922852
-0.040435791
-0.0068778992
-0.035491943
-0.078430176
0.084411621
-0.0018100739
-0.038726807
0.085205078
-0.050354004
0.11712646
0.017913818
0.031768799
0.0073928833
0.078796387
-0.036987305
0.064025879
0.033843994
-0.037078857
-0.096313477
0.032440186
0.11071777
-0.093566895
0.034759521
-0.077453613
0.020431519
-0.049194336
0.080749512
-0.03817749
0.088012695
-0.065307617
0.064575195
0.098022461
0.045349121
-0.0519104
0.0032653809
0.014778137
-0.016265869
-0.08416748
-0.059295654
0.044677734
0.073608398
0.0073165894
-0.025985718
-0.0084228516
-0.020202637
0.019622803
0.10083008
0.062164307
-0.048187256
0.031219482
-0.046630859
0.11669922
-0.071716309
-0.015930176
0.055999756
0.0064620972
0.013153076
0.075683594
-0.05847168
-0.050201416
0.013771057
-0.026229858
0.026977539
0.015617371
-0.048522949
0.061157227
0.0080490112
-0.025375366
0.04486084
0.054412842
0.084289551
-0.0041122437
-0.071166992
0.044525146
0.014701843
0.10620117
0.13146973
0.0039291382
-0.024780273
-0.062103271
0.057830811
0.0703125
0.1114502
0.055053711
-0.0094909668
-0.043426514
0.089172363
-0.041320801
-0.0064277649
0.01247406
0.12792969
0.055267334
-0.023254395
0.093261719
-0.036315918
0.10119629
-0.022476196
0.026931763
0.063903809
0.056518555
-0.024230957
0.050048828
-0.011833191
-0.041290283
-0.039703369
0.010505676
-0.028045654
-0.063293457
0.065979004
0.057861328
-0.042236328
0.019073486
0.032836914
0.091308594
-0.040222168
0.015762329
0.0026950836
0.004989624
0.086730957
-0.089172363
0.014175415
-0.022735596
0.076782227
0.079406738
0.071960449
0.086364746
0.01663208
0.070922852
-0.040435791
-0.0068778992
-0.035491943
-0.078430176
0.084411621
-0.0018100739
-0.038726807
0.085205078
-0.050354004
0.11712646
0.017913818
0.031768799
0.0073928833
0.078796387
-0.036987305
0.064025879
0.033843994
-0.037078857
-0.096313477
0.032440186
0.11071777
-0.093566895
0.034759521
-0.077453613
0.020431519
-0.049194336
0.080749512
-0.03817749
0.088012695
-0.065307617
0.064575195
0.098022461
0.045349121
-0.0519104
0.0032653809
0.014778137
-0.016265869
-0.08416748
-0.059295654
0.044677734
0.073608398
0.0073165894
-0.025985718
-0.0084228516
-0.020202637
0.019622803
0.10083008
0.062164307
-0.048187256
0.031219482
-0.046630859
0.11669922
-0.071716309
-0.015930176
0.055999756
0.0064620972
0.013153076
0.075683594
-0.05847168
-0.050201416
0.013771057
-0.026229858
0.026977539
0.015617371
-0.048522949
0.061157227
0.0080490112
-0.025375366
0.04486084
0.054412842
0.084289551
-0.0041122437
-0.071166992
0.044525146
0.014701843
0.10620117
0.13146973
0.0039291382
-0.024780273
-0.062103271
0.057830811
0.0703125
0.1114502
0.055053711
-0.0094909668
-0.043426514
0.089172363
-0.041320801
-0.0064277649
0.01247406
0.12792969
0.055267334
-0.023254395
0.093261719
-0.036315918
0.10119629
-0.022476196
0.026931763
0.063903809
0.056518555
-0.024230957
0.050048828
-0.011833191
-0.041290283
-0.039703369
0.010505676
-0.028045654
-0.063293457
0.065979004
0.057861328
-0.042236328
0.019073486
0.032836914
0.091308594
-0.040222168
0.015762329
0.0026950836
0.004989624
0.086730957
-0.089172363
0.014175415
-0.022735596
0.076782227
0.079406738
0.071960449
0.086364746
0.01663208
0.070922852
-0.040435791
-0.0068778992
-0.035491943
-0.078430176
0.084411621
-0.0018100739
-0.038726807
0.085205078
-0.050354004
0.11712646
0.017913818
0.031768799
0.0073928833
0.078796387
-0.036987305
0.064025879
0.033843994
-0.037078857
-0.096313477
0.032440186
0.11071777
-0.093566895
0.034759521
-0.077453613
0.020431519
-0.049194336
0.080749512
-0.03817749
0.088012695
-0.065307617
0.064575195
0.098022461
0.045349121
-0.0519104
0.0032653809
0.014778137
-0.016265869
-0.08416748
-0.059295654
0.044677734
0.073608398
0.0073165894
-0.025985718
-0.0084228516
-0.020202637
0.019622803
0.10083008
0.062164307
-0.048187256
0.031219482
-0.046630859
0.11669922
-0.071716309
-0.015930176
0.055999756
0.0064620972
0.013153076
0.075683594
-0.05847168
-0.050201416
0.013771057
-0.026229858
0.026977539
0.015617371
-0.048522949
0.061157227
0.0080490112
-0.025375366
0.04486084
0.054412842
0.084289551
-0.0041122437
-0.071166992
0.044525146
0.014701843
0.10620117
0.13146973
0.0039291382
-0.024780273
-0.062103271
0.057830811
0.0703125
0.1114502
0.055053711
-0.0094909668
-0.043426514
0.089172363
-0.041320801
-0.0064277649
0.01247406
0.12792969
0.055267334
-0.023254395
0.093261719
-0.036315918
0.10119629
-0.022476196
0.026931763
0.063903809
0.056518555
-0.024230957
0.050048828
-0.011833191
-0.041290283
-0.039703369
0.010505676
-0.028045654
-0.063293457
0.065979004
0.057861328
-0.042236328
0.019073486
0.032836914
0.091308594
-0.040222168
0.015762329
0.0026950836
0.004989624
0.086730957
-0.089172363
0.014175415
-0.022735596
0.076782227
0.079406738
0.071960449
0.086364746
0.01663208
0.070922852
-0.040435791
-0.0068778992
-0.035491943
-0.078430176
0.084411621
-0.0018100739
-0.038726807
0.085205078
-0.050354004
0.11712646
0.017913818
0.031768799
0.0073928833
0.078796387
-0.036987305
0.064025879
0.033843994
-0.037078857
-0.096313477
0.032440186
0.11071777
-0.093566895
0.034759521
-0.077453613
0.020431519
-0.049194336
0.080749512
-0.03817749
0.088012695
-0.065307617
0.064575195
0.098022461
0.045349121
-0.0519104
0.0032653809
0.014778137
-0.016265869
-0.08416748
-0.059295654
0.044677734
0.073608398
0.0073165894
-0.025985718
-0.0084228516
-0.020202637
0.019622803
0.10083008
0.062164307
-0.048187256
0.031219482
-0.046630859
0.11669922
-0.071716309
-0.015930176
0.055999756
0.0064620972
0.013153076
0.075683594
-0.05847168
-0.050201416
0.013771057
-0.026229858
0.026977539
0.015617371
-0.048522949
0.061157227
0.0080490112
-0.025375366
0.04486084
0.054412842
0.084289551
-0.0041122437
-0.071166992
0.044525146
0.014701843
0.10620117
0.13146973
0.0039291382
-0.024780273
-0.062103271
0.057830811
0.0703125
0.1114502
0.055053711
-0.0094909668
-0.043426514
0.089172363
-0.041320801
-0.0064277649
0.01247406
0.12792969
0.055267334
-0.023254395
0.093261719
-0.036315918
0.10119629
-0.022476196
0.026931763
0.063903809
0.056518555
-0.024230957
0.050048828
-0.011833191
-0.041290283
-0.039703369
0.010505676
-0.028045654
-0.063293457
0.065979004
0.057861328
-0.042236328
0.019073486
0.032836914
0.091308594
-0.040222168
0.015762329
0.0026950836
0.004989624
0.086730957
-0.089172363
0.014175415
-0.022735596
0.076782227
0.079406738
0.071960449
0.086364746
0.01663208
0.070922852
-0.040435791
-0.0068778992
-0.035491943
-0.078430176
0.084411621
-0.0018100739
-0.038726807
0.085205078
-0.050354004
0.11712646
0.017913818
0.031768799
0.0073928833
0.078796387
-0.036987305
0.064025879
0.033843994
-0.037078857
-0.096313477
0.032440186
0.11071777
-0.093566895
0.034759521
-0.077453613
0.020431519
-0.049194336
0.080749512
-0.03817749
0.088012695
-0.065307617
0.064575195
0.098022461
0.045349121
-0.0519104
0.0032653809
0.014778137
-0.016265869
-0.08416748
-0.059295654
0.044677734
0.073608398
0.0073165894
-0.025985718
-0.0084228516
-0.020202637
0.019622803
0.10083008
0.062164307
-0.048187256
0.031219482
-0.046630859
0.11669922
-0.071716309
-0.015930176
0.055999756
0.0064620972
0.013153076
0.075683594
-0.05847168
-0.050201416
0.013771057
-0.026229858
0.026977539
0.015617371
-0.048522949
0.061157227
0.0080490112
-0.025375366
0.04486084
0.054412842
0.084289551
-0.0041122437
-0.071166992
0.044525146
0.014701843
0.10620117
0.13146973
0.0039291382
-0.024780273
-0.062103271
0.057830811
0.0703125
0.1114502
0.055053711
-0.0094909668
-0.043426514
0.089172363
-0.041320801
-0.0064277649
0.01247406
0.12792969
0.055267334
-0.023254395
0.093261719
-0.036315918
0.10119629
-0.022476196
0.026931763
0.063903809
0.056518555
-0.024230957
0.050048828
-0.011833191
-0.041290283
-0.039703369
0.010505676
-0.028045654
-0.063293457
0.065979004
0.057861328
-0.042236328
0.019073486
0.032836914
0.091308594
-0.040222168
0.015762329
0.0026950836
0.004989624
0.086730957
-0.089172363
0.014175415
-0.022735596
0.076782227
0.079406738
0.071960449
0.086364746
0.01663208
0.070922852
-0.040435791
-0.0068778992
-0.035491943
-0.078430176
0.084411621
-0.0018100739
-0.038726807
0.085205078
-0.050354004
0.11712646
0.017913818
0.031768799
0.0073928833
0.078796387
-0.036987305
0.064025879
0.033843994
-0.037078857
-0.096313477
0.032440186
0.11071777
-0.093566895
0.034759521
-0.077453613
0.020431519
-0.049194336
0.080749512
-0.03817749
0.088012695
-0.065307617
0.064575195
0.098022461
0.045349121
-0.0519104
0.0032653809
0.014778137
-0.016265869
-0.08416748
-0.059295654
0.044677734
0.073608398
0.0073165894
-0.025985718
-0.0084228516
-0.020202637
0.019622803
0.10083008
0.062164307
-0.048187256
0.031219482
-0.046630859
0.11669922
-0.071716309
-0.015930176
0.055999756
0.0064620972
0.013153076
0.075683594
-0.05847168
-0.050201416
0.013771057
-0.026229858
0.026977539
0.015617371
-0.048522949
0.061157227
0.0080490112
-0.025375366
0.04486084
0.054412842
0.084289551
-0.0041122437
-0.071166992
0.044525146
0.014701843
0.10620117
0.13146973
0.0039291382
-0.024780273
-0.062103271
0.057830811
0.0703125
0.1114502
0.055053711
-0.0094909668
-0.043426514
0.089172363
-0.041320801
-0.0064277649
0.01247406
0.12792969
0.055267334
-0.023254395
0.093261719
-0.036315918
0.10119629
-0.022476196
0.026931763
0.063903809
0.056518555
-0.024230957
0.050048828
-0.011833191
-0.041290283
-0.039703369
0.010505676
-0.028045654
-0.063293457
0.065979004
0.057861328
-0.042236328
0.019073486
0.032836914
0.091308594
-0.040222168
0.015762329
0.0026950836
0.004989624
0.086730957
-0.089172363
0.014175415
-0.022735596
0.076782227
0.079406738
0.071960449
0.086364746
0.01663208
0.070922852
-0.040435791
-0.0068778992
-0.035491943
-0.078430176
0.084411621
-0.0018100739
-0.038726807
0.085205078
-0.050354004
0.11712646
0.017913818
0.031768799
0.0073928833
0.078796387
-0.036987305
0.064025879
0.033843994
-0.037078857
-0.096313477
0.032440186
0.11071777
-0.093566895
0.034759521
-0.077453613
0.020431519
-0.049194336
0.080749512
-0.03817749
0.088012695
-0.065307617
0.064575195
0.098022461
0.045349121
-0.0519104
0.0032653809
0.014778137
-0.016265869
-0.08416748
-0.059295654
0.044677734
0.073608398
0.0073165894
-0.025985718
-0.0084228516
-0.020202637
0.019622803
0.10083008
0.062164307
-0.048187256
0.031219482
-0.046630859
0.11669922
-0.071716309
-0.015930176
0.055999756
0.0064620972
0.013153076
0.075683594
-0.05847168
-0.050201416
0.013771057
-0.026229858
0.026977539
0.015617371
-0.048522949
0.061157227
0.0080490112
-0.025375366
0.04486084
0.054412842
0.084289551
-0.0041122437
-0.071166992
0.044525146
0.014701843
0.10620117
0.13146973
0.0039291382
-0.024780273
-0.062103271
0.057830811
0.0703125
0.1114502
0.055053711
-0.0094909668
-0.043426514
0.089172363
-0.041320801
-0.0064277649
0.01247406
0.12792969
0.055267334
-0.023254395
0.093261719
-0.036315918
0.10119629
-0.022476196
0.026931763
0.063903809
0.056518555
-0.024230957
0.050048828
-0.011833191
-0.041290283
-0.039703369
0.010505676
-0.028045654
-0.063293457
0.065979004
0.057861328
-0.042236328
0.019073486
0.032836914
0.091308594
-0.040222168
0.015762329
0.0026950836
0.004989624
0.086730957
-0.089172363
0.014175415
-0.022735596
0.076782227
0.079406738
0.071960449
0.086364746
0.01663208
0.070922852
-0.040435791
-0.0068778992
-0.035491943
-0.078430176
0.084411621
-0.0018100739
-0.038726807
0.085205078
-0.050354004
0.11712646
0.017913818
0.031768799
0.0073928833
0.078796387
-0.036987305
0.064025879
0.033843994
-0.037078857
-0.096313477
0.032440186
0.11071777
-0.093566895
0.034759521
-0.077453613
0.020431519
-0.049194336
0.080749512
-0.03817749
0.088012695
-0.065307617
0.064575195
0.098022461
0.045349121
-0.0519104
0.0032653809
0.014778137
-0.016265869
-0.08416748
-0.059295654
0.044677734
0.073608398
0.0073165894
-0.025985718
-0.0084228516
-0.020202637
0.019622803
0.10083008
0.062164307
-0.048187256
0.031219482
-0.046630859
0.11669922
-0.071716309
-0.015930176
0.055999756
0.0064620972
0.013153076
0.075683594
-0.05847168
-0.050201416
0.013771057
-0.026229858
0.026977539
0.015617371
-0.048522949
0.061157227
0.0080490112
-0.025375366
0.04486084
0.054412842
0.084289551
-0.0041122437
-0.071166992
0.044525146
0.014701843
0.10620117
0.13146973
0.0039291382
-0.024780273
-0.062103271
0.057830811
0.0703125
0.1114502
0.055053711
-0.0094909668
-0.043426514
0.089172363
-0.041320801
-0.0064277649
0.01247406
0.12792969
0.055267334
-0.023254395
0.093261719
-0.036315918
0.10119629
-0.022476196
0.026931763
0.063903809
0.056518555
-0.024230957
0.050048828
-0.011833191
-0.041290283
-0.039703369
0.010505676
-0.028045654
-0.063293457
0.065979004
0.057861328
-0.042236328
0.019073486
0.032836914
0.091308594
-0.040222168
0.015762329
0.0026950836
0.004989624
0.086730957
-0.089172363
0.014175415
-0.022735596
0.076782227
0.079406738
0.071960449
0.086364746
0.01663208
0.070922852
-0.040435791
-0.0068778992
-0.035491943
-0.078430176
0.084411621
-0.0018100739
-0.038726807
0.085205078
-0.050354004
0.11712646
0.017913818
0.031768799
0.0073928833
0.078796387
-0.036987305
0.064025879
0.033843994
-0.037078857
-0.096313477
0.032440186
0.11071777
-0.093566895
0.034759521
-0.077453613
0.020431519
-0.049194336
0.080749512
-0.03817749
0.088012695
-0.065307617
0.064575195
0.098022461
0.045349121
-0.0519104
0.0032653809
0.014778137
-0.016265869
-0.08416748
-0.059295654
0.044677734
0.073608398
0.0073165894
-0.025985718
-0.0084228516
-0.020202637
0.019622803
0.10083008
0.062164307
-0.048187256
0.031219482
-0.046630859
0.11669922
-0.071716309
-0.015930176
0.055999756
0.0064620972
0.013153076
0.075683594
-0.05847168
-0.050201416
0.013771057
-0.026229858
0.026977539
0.015617371
-0.048522949
0.061157227
0.0080490112
-0.025375366
0.04486084
0.054412842
0.084289551
-0.0041122437
-0.071166992
0.044525146
0.014701843
0.10620117
0.13146973
0.0039291382
-0.024780273
-0.062103271
0.057830811
0.0703125
0.1114502
0.055053711
-0.0094909668
-0.043426514
0.089172363
-0.041320801
-0.0064277649
0.01247406
0.12792969
0.055267334
-0.023254395
0.093261719
-0.036315918
0.10119629
-0.022476196
0.026931763
0.063903809
0.056518555
-0.024230957
0.050048828
-0.011833191
-0.041290283
-0.039703369
0.010505676
-0.028045654
-0.063293457
0.065979004
0.057861328
-0.042236328
0.019073486
0.032836914
0.091308594
-0.040222168
0.015762329
0.0026950836
0.004989624
0.086730957
-0.089172363
0.014175415
-0.022735596
0.076782227
0.079406738
0.071960449
0.086364746
0.01663208
0.070922852
-0.040435791
-0.0068778992
-0.035491943
-0.078430176
0.084411621
-0.0018100739
-0.038726807
0.085205078
-0.050354004
0.11712646
0.017913818
0.031768799
0.0073928833
0.078796387
-0.036987305
0.064025879
0.033843994
-0.037078857
-0.096313477
0.032440186
0.11071777
-0.093566895
0.034759521
-0.077453613
0.020431519
-0.049194336
0.080749512
-0.03817749
0.088012695
-0.065307617
0.064575195
0.098022461
0.045349121
-0.0519104
0.0032653809
0.014778137
-0.016265869
-0.08416748
-0.059295654
0.044677734
0.073608398
0.0073165894
-0.025985718
-0.0084228516
-0.020202637
0.019622803
0.10083008
0.062164307
-0.048187256
0.031219482
-0.046630859
0.11669922
-0.071716309
-0.015930176
0.055999756
0.0064620972
0.013153076
0.075683594
-0.05847168
-0.050201416
0.013771057
-0.026229858
0.026977539
0.015617371
-0.048522949
0.061157227
0.0080490112
-0.025375366
0.04486084
0.054412842
0.084289551
-0.0041122437
-0.071166992
0.044525146
0.014701843
0.10620117
0.13146973
0.0039291382
-0.024780273
-0.062103271
0.057830811
0.0703125
0.1114502
0.055053711
-0.0094909668
-0.043426514
0.089172363
-0.041320801
-0.0064277649
0.01247406
0.12792969
0.055267334
-0.023254395
0.093261719
-0.036315918
0.10119629
-0.022476196
0.026931763
0.063903809
0.056518555
-0.024230957
0.050048828
-0.011833191
-0.041290283
-0.039703369
0.010505676
-0.028045654
-0.063293457
0.065979004
0.057861328
-0.042236328
0.019073486
0.032836914
0.091308594
-0.040222168
0.015762329
0.0026950836
0.004989624
0.086730957
-0.089172363
0.014175415
-0.022735596
0.076782227
0.079406738
0.071960449
0.086364746
0.01663208
0.070922852
-0.040435791
-0.0068778992
-0.035491943
-0.078430176
0.084411621
-0.0018100739
-0.038726807
0.085205078
-0.050354004
0.11712646
0.017913818
0.031768799
0.0073928833
0.078796387
-0.036987305
0.064025879
0.033843994
-0.037078857
-0.096313477
0.032440186
0.11071777
-0.093566895
0.034759521
-0.077453613
0.020431519
-0.049194336
0.080749512
-0.03817749
0.088012695
-0.065307617
0.064575195
0.098022461
0.045349121
-0.0519104
0.0032653809
0.014778137
-0.016265869
-0.08416748
-0.059295654
0.044677734
0.073608398
0.0073165894
-0.025985718
-0.0084228516
-0.020202637
0.019622803
0.10083008
0.062164307
-0.048187256
0.031219482
-0.046630859
0.11669922
-0.071716309
-0.015930176
0.055999756
0.0064620972
0.013153076
0.075683594
-0.05847168
-0.050201416
0.013771057
-0.026229858
0.026977539
0.015617371
-0.048522949
0.061157227
0.0080490112
-0.025375366
0.04486084
0.054412842
0.084289551
-0.0041122437
-0.071166992
0.044525146
0.014701843
0.10620117
0.13146973
0.0039291382
-0.024780273
-0.062103271
0.057830811
0.0703125
0.1114502
0.055053711
-0.0094909668
-0.043426514
0.089172363
-0.041320801
-0.0064277649
0.01247406
0.12792969
0.055267334
-0.023254395
0.093261719
-0.036315918
0.10119629
-0.022476196
0.026931763
0.063903809
0.056518555
-0.024230957
0.050048828
-0.011833191
-0.041290283
-0.039703369
0.010505676
-0.028045654
-0.063293457
0.065979004
0.057861328
-0.042236328
0.019073486
0.032836914
0.091308594
-0.040222168
0.015762329
0.0026950836
0.004989624
0.086730957
-0.089172363
0.014175415
-0.022735596
0.076782227
0.079406738
0.071960449
0.086364746
0.01663208
0.070922852
-0.040435791
-0.0068778992
-0.035491943
-0.078430176
0.084411621
-0.0018100739
-0.038726807
0.085205078
-0.050354004
0.11712646
0.017913818
0.031768799
0.0073928833
0.078796387
-0.036987305
0.064025879
0.033843994
-0.037078857
-0.096313477
0.032440186
0.11071777
-0.093566895
0.034759521
-0.077453613
0.020431519
-0.049194336
0.080749512
-0.03817749
0.088012695
-0.065307617
0.064575195
0.098022461
0.045349121
-0.0519104
0.0032653809
0.014778137
-0.016265869
-0.08416748
-0.059295654
0.044677734
0.073608398
0.0073165894
-0.025985718
-0.0084228516
-0.020202637
0.019622803
0.10083008
0.062164307
-0.048187256
0.031219482
-0.046630859
0.11669922
-0.071716309
-0.015930176
0.055999756
0.0064620972
0.013153076
0.075683594
-0.05847168
-0.050201416
0.013771057
-0.026229858
0.026977539
0.015617371
-0.048522949
0.061157227
0.0080490112
-0.025375366
0.04486084
0.054412842
0.084289551
-0.0041122437
-0.071166992
0.044525146
0.014701843
0.10620117
0.13146973
0.0039291382
-0.024780273
-0.062103271
0.057830811
0.0703125
0.1114502
0.055053711
-0.0094909668
-0.043426514
0.089172363
-0.041320801
-0.0064277649
0.01247406
0.12792969
0.055267334
-0.023254395
0.093261719
-0.036315918
0.10119629
-0.022476196
0.026931763
0.063903809
0.056518555
-0.024230957
0.050048828
-0.011833191
-0.041290283
-0.039703369
0.010505676
-0.028045654
-0.063293457
0.065979004
0.057861328
-0.042236328
0.019073486
0.032836914
0.091308594
-0.040222168
0.015762329
0.0026950836
0.004989624
0.086730957
-0.089172363
0.014175415
-0.022735596
0.076782227
0.079406738
0.071960449
0.086364746
0.01663208
0.070922852
-0.040435791
-0.0068778992
-0.035491943
-0.078430176
0.084411621
-0.0018100739
-0.038726807
0.085205078
-0.050354004
0.11712646
0.017913818
0.031768799
0.0073928833
0.078796387
-0.036987305
0.064025879
0.033843994
-0.037078857
-0.096313477
0.032440186
0.11071777
-0.093566895
0.034759521
-0.077453613
0.020431519
-0.049194336
0.080749512
-0.03817749
0.088012695
-0.065307617
0.064575195
0.098022461
0.045349121
-0.0519104
0.0032653809
0.014778137
-0.016265869
-0.08416748
-0.059295654
0.044677734
0.073608398
0.0073165894
-0.025985718
-0.0084228516
-0.020202637
0.019622803
0.10083008
0.062164307
-0.048187256
0.031219482
-0.046630859
0.11669922
-0.071716309
-0.015930176
0.055999756
0.0064620972
0.013153076
0.075683594
-0.05847168
-0.050201416
0.013771057
-0.026229858
0.026977539
0.015617371
-0.048522949
0.061157227
0.0080490112
-0.025375366
0.04486084
0.054412842
0.084289551
-0.0041122437
-0.071166992
0.044525146
0.014701843
0.10620117
0.13146973
0.0039291382
-0.024780273
-0.062103271
0.057830811
0.0703125
0.1114502
0.055053711
-0.0094909668
-0.043426514
0.089172363
-0.041320801
-0.0064277649
0.01247406
0.12792969
0.055267334
-0.023254395
0.093261719
-0.036315918
0.10119629
-0.022476196
0.026931763
0.063903809
0.056518555
-0.024230957
0.050048828
-0.011833191
-0.041290283
-0.039703369
0.010505676
-0.028045654
-0.063293457
0.065979004
0.057861328
-0.042236328
0.019073486
0.032836914
0.091308594
-0.040222168
0.015762329
0.0026950836
0.004989624
0.086730957
-0.089172363
0.014175415
-0.022735596
0.076782227
0.079406738
0.071960449
0.086364746
0.01663208
0.070922852
-0.040435791
-0.0068778992
-0.035491943
-0.078430176
0.084411621
-0.0018100739
-0.038726807
0.085205078
-0.050354004
0.11712646
0.017913818
0.031768799
0.0073928833
0.078796387
-0.036987305
0.064025879
0.033843994
-0.037078857
-0.096313477
0.032440186
0.11071777
-0.093566895
0.034759521
-0.077453613
0.020431519
-0.049194336
0.080749512
-0.03817749
0.088012695
-0.065307617
0.064575195
0.098022461
0.045349121
-0.0519104
0.0032653809
0.014778137
-0.016265869
-0.08416748
-0.059295654
0.044677734
0.073608398
0.0073165894
-0.025985718
-0.0084228516
-0.020202637
0.019622803
0.10083008
0.062164307
-0.048187256
0.031219482
-0.046630859
0.11669922
-0.071716309
-0.015930176
0.055999756
0.0064620972
0.013153076
0.075683594
-0.05847168
-0.050201416
0.013771057
-0.026229858
0.026977539
0.015617371
-0.048522949
0.061157227
0.0080490112
-0.025375366
0.04486084
0.054412842
0.084289551
-0.0041122437
-0.071166992
0.044525146
0.014701843
0.10620117
0.13146973
0.0039291382
-0.024780273
-0.062103271
0.057830811
0.0703125
0.1114502
0.055053711
-0.0094909668
-0.043426514
0.089172363
-0.041320801
-0.0064277649
0.01247406
0.12792969
0.055267334
-0.023254395
0.093261719
-0.036315918
0.10119629
-0.022476196
0.026931763
0.063903809
0.056518555
-0.024230957
0.050048828
-0.011833191
-0.041290283
-0.039703369
0.010505676
-0.028045654
-0.063293457
0.065979004
0.057861328
-0.042236328
0.019073486
0.032836914
0.091308594
-0.040222168
0.015762329
0.0026950836
0.004989624
0.086730957
-0.089172363
0.014175415
-0.022735596
0.076782227
0.079406738
0.071960449
0.086364746
0.01663208
0.070922852
-0.040435791
-0.0068778992
-0.035491943
-0.078430176
0.084411621
-0.0018100739
-0.038726807
0.085205078
-0.050354004
0.11712646
0.017913818
0.031768799
0.0073928833
0.078796387
-0.036987305
0.064025879
0.033843994
-0.037078857
-0.096313477
0.032440186
0.11071777
-0.093566895
0.034759521
-0.077453613
0.020431519
-0.049194336
0.080749512
-0.03817749
0.088012695
-0.065307617
0.064575195
0.098022461
0.045349121
-0.0519104
0.0032653809
0.014778137
-0.016265869
-0.08416748
-0.059295654
0.044677734
0.073608398
0.0073165894
-0.025985718
-0.0084228516
-0.020202637
0.019622803
0.10083008
0.062164307
-0.048187256
0.031219482
-0.046630859
0.11669922
-0.071716309
-0.015930176
0.055999756
0.0064620972
0.013153076
0.075683594
-0.05847168
-0.050201416
0.013771057
-0.026229858
0.026977539
0.015617371
-0.048522949
0.061157227
0.0080490112
-0.025375366
0.04486084
0.054412842
0.084289551
-0.0041122437
-0.071166992
0.044525146
0.014701843
0.10620117
0.13146973
0.0039291382
-0.024780273
-0.062103271
0.057830811
0.0703125
0.1114502
0.055053711
-0.0094909668
-0.043426514
0.089172363
-0.041320801
-0.0064277649
0.01247406
0.12792969
0.055267334
-0.023254395
0.093261719
-0.036315918
0.10119629
-0.022476196
0.026931763
0.063903809
0.056518555
-0.024230957
0.050048828
-0.011833191
-0.041290283
-0.039703369
0.010505676
-0.028045654
-0.063293457
0.065979004
0.057861328
-0.042236328
0.019073486
0.032836914
0.091308594
-0.040222168
0.015762329
0.0026950836
0.004989624
0.086730957
-0.089172363
0.014175415
-0.022735596
0.076782227
0.079406738
0.071960449
0.086364746
0.01663208
0.070922852
-0.040435791
-0.0068778992
-0.035491943
-0.078430176
0.084411621
-0.0018100739
-0.038726807
0.085205078
-0.050354004
0.11712646
0.017913818
0.031768799
0.0073928833
0.078796387
-0.036987305
0.064025879
0.033843994
-0.037078857
-0.096313477
0.032440186
0.11071777
-0.093566895
0.034759521
-0.077453613
0.020431519
-0.049194336
0.080749512
-0.03817749
0.088012695
-0.065307617
0.064575195
0.098022461
0.045349121
-0.0519104
0.0032653809
0.014778137
-0.016265869
-0.08416748
-0.059295654
0.044677734
0.073608398
0.0073165894
-0.025985718
-0.0084228516
-0.020202637
0.019622803
0.10083008
0.062164307
-0.048187256
0.031219482
-0.046630859
0.11669922
-0.071716309
-0.015930176
0.055999756
0.0064620972
0.013153076
0.075683594
-0.05847168
-0.050201416
0.013771057
-0.026229858
0.026977539
0.015617371
-0.048522949
0.061157227
0.0080490112
-0.025375366
0.04486084
0.054412842
0.084289551
-0.0041122437
-0.071166992
0.044525146
0.014701843
0.10620117
0.13146973
0.0039291382
-0.024780273
-0.062103271
0.057830811
0.0703125
0.1114502
0.055053711
-0.0094909668
-0.043426514
0.089172363
-0.041320801
-0.0064277649
0.01247406
0.12792969
0.055267334
-0.023254395
0.093261719
-0.036315918
0.10119629
-0.022476196
0.026931763
0.063903809
0.056518555
-0.024230957
0.050048828
-0.011833191
-0.041290283
-0.039703369
0.010505676
-0.028045654
-0.063293457
0.065979004
0.057861328
-0.042236328
0.019073486
0.032836914
0.091308594
-0.040222168
0.015762329
0.0026950836
0.004989624
0.086730957
-0.089172363
0.014175415
-0.022735596
0.076782227
0.079406738
0.071960449
0.086364746
0.01663208
0.070922852
-0.040435791
-0.0068778992
-0.035491943
-0.078430176
0.084411621
-0.0018100739
-0.038726807
0.085205078
-0.050354004
0.11712646
0.017913818
0.031768799
0.0073928833
0.078796387
-0.036987305
0.064025879
0.033843994
-0.037078857
-0.096313477
0.032440186
0.11071777
-0.093566895
0.034759521
-0.077453613
0.020431519
-0.049194336
0.080749512
-0.03817749
0.088012695
-0.065307617
0.064575195
0.098022461
0.045349121
-0.0519104
0.0032653809
0.014778137
-0.016265869
-0.08416748
-0.059295654
0.044677734
0.073608398
0.0073165894
-0.025985718
-0.0084228516
-0.020202637
0.019622803
0.10083008
0.062164307
-0.048187256
0.031219482
-0.046630859
0.11669922
-0.071716309
-0.015930176
0.055999756
0.0064620972
0.013153076
0.075683594
-0.05847168
-0.050201416
0.013771057
-0.026229858
0.026977539
0.015617371
-0.048522949
0.061157227
0.0080490112
-0.025375366
0.04486084
0.054412842
0.084289551
-0.0041122437
-0.071166992
0.044525146
0.014701843
0.10620117
0.13146973
0.0039291382
-0.024780273
-0.062103271
0.057830811
0.0703125
0.1114502
0.055053711
-0.0094909668
-0.043426514
0.089172363
-0.041320801
-0.0064277649
0.01247406
0.12792969
0.055267334
-0.023254395
0.093261719
-0.036315918
0.10119629
-0.022476196
0.026931763
0.063903809
0.056518555
-0.024230957
0.050048828
-0.011833191
-0.041290283
-0.039703369
0.010505676
-0.028045654
-0.063293457
0.065979004
0.057861328
-0.042236328
0.019073486
0.032836914
0.091308594
-0.040222168
0.015762329
0.0026950836
0.004989624
0.086730957
-0.089172363
0.014175415
-0.022735596
0.076782227
0.079406738
0.071960449
0.086364746
0.01663208
0.070922852
-0.040435791
-0.0068778992
-0.035491943
-0.078430176
0.084411621
-0.0018100739
-0.038726807
0.085205078
-0.050354004
0.11712646
0.017913818
0.031768799
0.0073928833
0.078796387
-0.036987305
0.064025879
0.033843994
-0.037078857
-0.096313477
0.032440186
0.11071777
-0.093566895
0.034759521
-0.077453613
0.020431519
-0.049194336
0.080749512
-0.03817749
0.088012695
-0.065307617
0.064575195
0.098022461
0.045349121
-0.0519104
0.0032653809
0.014778137
-0.016265869
-0.08416748
-0.059295654
0.044677734
0.073608398
0.0073165894
-0.025985718
-0.0084228516
-0.020202637
0.019622803
0.10083008
0.062164307
-0.048187256
0.031219482
-0.046630859
0.11669922
-0.071716309
-0.015930176
0.055999756
0.0064620972
0.013153076
0.075683594
-0.05847168
-0.050201416
0.013771057
-0.026229858
0.026977539
0.015617371
-0.048522949
0.061157227
0.0080490112
-0.025375366
0.04486084
0.054412842
0.084289551
-0.0041122437
-0.071166992
0.044525146
0.014701843
0.10620117
0.13146973
0.0039291382
-0.024780273
-0.062103271
0.057830811
0.0703125
0.1114502
0.055053711
-0.0094909668
-0.043426514
0.089172363
-0.041320801
-0.0064277649
0.01247406
0.12792969
0.055267334
-0.023254395
0.093261719
-0.036315918
0.10119629
-0.022476196
0.026931763
0.063903809
0.056518555
-0.024230957
0.050048828
-0.011833191
-0.041290283
-0.039703369
0.010505676
-0.028045654
-0.063293457
0.065979004
0.057861328
-0.042236328
0.019073486
0.032836914
0.091308594
-0.040222168
0.015762329
0.0026950836
0.004989624
0.086730957
-0.089172363
0.014175415
-0.022735596
0.076782227
0.079406738
0.071960449
0.086364746
0.01663208
0.070922852
-0.040435791
-0.0068778992
-0.035491943
-0.078430176
0.084411621
-0.0018100739
-0.038726807
0.085205078
-0.050354004
0.11712646
0.017913818
0.031768799
0.0073928833
0.078796387
-0.036987305
0.064025879
0.033843994
-0.037078857
-0.096313477
0.032440186
0.11071777
-0.093566895
0.034759521
-0.077453613
0.020431519
-0.049194336
0.080749512
-0.03817749
0.088012695
-0.065307617
0.064575195
0.098022461
0.045349121
-0.0519104
0.0032653809
0.014778137
-0.016265869
-0.08416748
-0.059295654
0.044677734
0.073608398
0.0073165894
-0.025985718
-0.0084228516
-0.020202637
0.019622803
0.10083008
0.062164307
-0.048187256
0.031219482
-0.046630859
0.11669922
-0.071716309
-0.015930176
0.055999756
0.0064620972
0.013153076
0.075683594
-0.05847168
-0.050201416
0.013771057
-0.026229858
0.026977539
0.015617371
-0.048522949
0.061157227
0.0080490112
-0.025375366
0.04486084
0.054412842
0.084289551
-0.0041122437
-0.071166992
0.044525146
0.014701843
0.10620117
0.13146973
0.0039291382
-0.024780273
-0.062103271
0.057830811
0.0703125
0.1114502
0.055053711
-0.0094909668
-0.043426514
0.089172363
-0.041320801
-0.0064277649
0.01247406
0.12792969
0.055267334
-0.023254395
0.093261719
-0.036315918
0.10119629
-0.022476196
0.026931763
0.063903809
0.056518555
-0.024230957
0.050048828
-0.011833191
-0.041290283
-0.039703369
0.010505676
-0.028045654
-0.063293457
0.065979004
0.057861328
-0.042236328
0.019073486
0.032836914
0.091308594
-0.040222168
0.015762329
0.0026950836
0.004989624
0.086730957
-0.089172363
0.014175415
-0.022735596
0.076782227
0.079406738
0.071960449
0.086364746
0.01663208
0.070922852
-0.040435791
-0.0068778992
-0.035491943
-0.078430176
0.084411621
-0.0018100739
-0.038726807
0.085205078
-0.050354004
0.11712646
0.017913818
0.031768799
0.0073928833
0.078796387
-0.036987305
0.064025879
0.033843994
-0.037078857
-0.096313477
0.032440186
0.11071777
-0.093566895
0.034759521
-0.077453613
0.020431519
-0.049194336
0.080749512
-0.03817749
0.088012695
-0.065307617
0.064575195
0.098022461
0.045349121
-0.0519104
0.0032653809
0.014778137
-0.016265869
-0.08416748
-0.059295654
0.044677734
0.073608398
0.0073165894
-0.025985718
-0.0084228516
-0.020202637
0.019622803
0.10083008
0.062164307
-0.048187256
0.031219482
-0.046630859
0.11669922
-0.071716309
-0.015930176
0.055999756
0.0064620972
0.013153076
0.075683594
-0.05847168
-0.050201416
0.013771057
-0.026229858
0.026977539
0.015617371
-0.048522949
0.061157227
0.0080490112
-0.025375366
0.04486084
0.054412842
0.084289551
-0.0041122437
-0.071166992
0.044525146
0.014701843
0.10620117
0.13146973
0.0039291382
-0.024780273
-0.062103271
0.057830811
0.0703125
0.1114502
0.055053711
-0.0094909668
-0.043426514
0.089172363
-0.041320801
-0.0064277649
0.01247406
0.12792969
0.055267334
-0.023254395
0.093261719
-0.036315918
0.10119629
-0.022476196
0.026931763
0.063903809
0.056518555
-0.024230957
0.050048828
-0.011833191
-0.041290283
-0.039703369
0.010505676
-0.028045654
-0.063293457
0.065979004
0.057861328
-0.042236328
0.019073486
0.032836914
0.091308594
-0.040222168
0.015762329
0.0026950836
0.004989624
0.086730957
-0.089172363
0.014175415
-0.022735596
0.076782227
0.079406738
0.071960449
0.086364746
0.01663208
0.070922852
-0.040435791
-0.0068778992
-0.035491943
-0.078430176
0.084411621
-0.0018100739
-0.038726807
0.085205078
-0.050354004
0.11712646
0.017913818
0.031768799
0.0073928833
0.078796387
-0.036987305
0.064025879
0.033843994
-0.037078857
-0.096313477
0.032440186
0.11071777
-0.093566895
0.034759521
-0.077453613
0.020431519
-0.049194336
0.080749512
-0.03817749
0.088012695
-0.065307617
0.064575195
0.098022461
0.045349121
-0.0519104
0.0032653809
0.014778137
-0.016265869
-0.08416748
-0.059295654
0.044677734
0.073608398
0.0073165894
-0.025985718
-0.0084228516
-0.020202637
0.019622803
0.10083008
0.062164307
-0.048187256
0.031219482
-0.046630859
0.11669922
-0.071716309
-0.015930176
0.055999756
0.0064620972
0.013153076
0.075683594
-0.05847168
-0.050201416
0.013771057
-0.026229858
0.026977539
0.015617371
-0.048522949
0.061157227
0.0080490112
-0.025375366
0.04486084
0.054412842
0.084289551
-0.0041122437
-0.071166992
0.044525146
0.014701843
0.10620117
0.13146973
0.0039291382
-0.024780273
-0.062103271
0.057830811
0.0703125
0.1114502
0.055053711
-0.0094909668
-0.043426514
0.089172363
-0.041320801
-0.0064277649
0.01247406
0.12792969
0.055267334
-0.023254395
0.093261719
-0.036315918
0.10119629
-0.022476196
0.026931763
0.063903809
0.056518555
-0.024230957
0.050048828
-0.011833191
-0.041290283
-0.039703369
0.010505676
-0.028045654
-0.063293457
0.065979004
0.057861328
-0.042236328
0.019073486
0.032836914
0.091308594
-0.040222168
0.015762329
0.0026950836
0.004989624
0.086730957
-0.089172363
0.014175415
-0.022735596
0.076782227
0.079406738
0.071960449
0.086364746
0.01663208
0.070922852
-0.040435791
-0.0068778992
-0.035491943
-0.078430176
0.084411621
-0.0018100739
-0.038726807
0.085205078
-0.050354004
0.11712646
0.017913818
0.031768799
0.0073928833
0.078796387
-0.036987305
0.064025879
0.033843994
-0.037078857
-0.096313477
0.032440186
0.11071777
-0.093566895
0.034759521
-0.077453613
0.020431519
-0.049194336
0.080749512
-0.03817749
0.088012695
-0.065307617
0.064575195
0.098022461
0.045349121
-0.0519104
0.0032653809
0.014778137
-0.016265869
-0.08416748
-0.059295654
0.044677734
0.073608398
0.0073165894
-0.025985718
-0.0084228516
-0.020202637
0.019622803
0.10083008
0.062164307
-0.048187256
0.031219482
-0.046630859
0.11669922
-0.071716309
-0.015930176
0.055999756
0.0064620972
0.013153076
0.075683594
-0.05847168
-0.050201416
0.013771057
-0.026229858
0.026977539
0.015617371
-0.048522949
0.061157227
0.0080490112
-0.025375366
0.04486084
0.054412842
0.084289551
-0.0041122437
-0.071166992
0.044525146
0.014701843
0.10620117
0.13146973
0.0039291382
-0.024780273
-0.062103271
0.057830811
0.0703125
0.1114502
0.055053711
-0.0094909668
-0.043426514
0.089172363
-0.041320801
-0.0064277649
0.01247406
0.12792969
0.055267334
-0.023254395
0.093261719
-0.036315918
0.10119629
-0.022476196
0.026931763
0.063903809
0.056518555
-0.024230957
0.050048828
-0.011833191
-0.041290283
-0.039703369
0.010505676
-0.028045654
-0.063293457
0.065979004
0.057861328
-0.042236328
0.019073486
0.032836914
0.091308594
-0.040222168
0.015762329
0.0026950836
0.004989624
0.086730957
-0.089172363
0.014175415
-0.022735596
0.076782227
0.079406738
0.071960449
0.086364746
0.01663208
0.070922852
-0.040435791
-0.0068778992
-0.035491943
-0.078430176
0.084411621
-0.0018100739
-0.038726807
0.085205078
-0.050354004
0.11712646
0.017913818
0.031768799
0.0073928833
0.078796387
-0.036987305
0.064025879
0.033843994
-0.037078857
-0.096313477
0.032440186
0.11071777
-0.093566895
0.034759521
-0.077453613
0.020431519
-0.049194336
0.080749512
-0.03817749
0.088012695
-0.065307617
0.064575195
0.098022461
0.045349121
-0.0519104
0.0032653809
0.014778137
-0.016265869
-0.08416748
-0.059295654
0.044677734
0.073608398
0.0073165894
-0.025985718
-0.0084228516
-0.020202637
0.019622803
0.10083008
0.062164307
-0.048187256
0.031219482
-0.046630859
0.11669922
-0.071716309
-0.015930176
0.055999756
0.0064620972
0.013153076
0.075683594
-0.05847168
-0.050201416
0.013771057
-0.026229858
0.026977539
0.015617371
-0.048522949
0.061157227
0.0080490112
-0.025375366
0.04486084
0.054412842
0.084289551
-0.0041122437
-0.071166992
0.044525146
0.014701843
0.10620117
0.13146973
0.0039291382
-0.024780273
-0.062103271
0.057830811
0.0703125
0.1114502
0.055053711
-0.0094909668
-0.043426514
0.089172363
-0.041320801
-0.0064277649
0.01247406
0.12792969
0.055267334
-0.023254395
0.093261719
-0.036315918
0.10119629
-0.022476196
0.026931763
0.063903809
0.056518555
-0.024230957
0.050048828
-0.011833191
-0.041290283
-0.039703369
0.010505676
-0.028045654
-0.063293457
0.065979004
0.057861328
-0.042236328
0.019073486
0.032836914
0.091308594
-0.040222168
0.015762329
0.0026950836
0.004989624
0.086730957
-0.089172363
0.014175415
-0.022735596
0.076782227
0.079406738
0.071960449
0.086364746
0.01663208
0.070922852
-0.040435791
-0.0068778992
-0.035491943
-0.078430176
0.084411621
-0.0018100739
-0.038726807
0.085205078
-0.050354004
0.11712646
0.017913818
0.031768799
0.0073928833
0.078796387
-0.036987305
0.064025879
0.033843994
-0.037078857
-0.096313477
0.032440186
0.11071777
-0.093566895
0.034759521
-0.077453613
0.020431519
-0.049194336
0.080749512
-0.03817749
0.088012695
-0.065307617
0.064575195
0.098022461
0.045349121
-0.0519104
0.0032653809
0.014778137
-0.016265869
-0.08416748
-0.059295654
0.044677734
0.073608398
0.0073165894
-0.025985718
-0.0084228516
-0.020202637
0.019622803
0.10083008
0.062164307
-0.048187256
0.031219482
-0.046630859
0.11669922
-0.071716309
-0.015930176
0.055999756
0.0064620972
0.013153076
0.075683594
-0.05847168
-0.050201416
0.013771057
-0.026229858
0.026977539
0.015617371
-0.048522949
0.061157227
0.0080490112
-0.025375366
0.04486084
0.054412842
0.084289551
-0.0041122437
-0.071166992
0.044525146
0.014701843
0.10620117
0.13146973
0.0039291382
-0.024780273
-0.062103271
0.057830811
0.0703125
0.1114502
0.055053711
-0.0094909668
-0.043426514
0.089172363
-0.041320801
-0.0064277649
0.01247406
0.12792969
0.055267334
-0.023254395
0.093261719
-0.036315918
0.10119629
-0.022476196
0.026931763
0.063903809
0.056518555
-0.024230957
0.050048828
-0.011833191
-0.041290283
-0.039703369
0.010505676
-0.028045654
-0.063293457
0.065979004
0.057861328
-0.042236328
0.019073486
0.032836914
0.091308594
-0.040222168
0.015762329
0.0026950836
0.004989624
0.086730957
-0.089172363
0.014175415
-0.022735596
0.076782227
0.079406738
0.071960449
0.086364746
0.01663208
0.070922852
-0.040435791
-0.0068778992
-0.035491943
-0.078430176
0.084411621
-0.0018100739
-0.038726807
0.085205078
-0.050354004
0.11712646
0.017913818
0.031768799
0.0073928833
0.078796387
-0.036987305
0.064025879
0.033843994
-0.037078857
-0.096313477
0.032440186
0.11071777
-0.093566895
0.034759521
-0.077453613
0.020431519
-0.049194336
0.080749512
-0.03817749
0.088012695
-0.065307617
0.064575195
0.098022461
0.045349121
-0.0519104
0.0032653809
0.014778137
-0.016265869
-0.08416748
-0.059295654
0.044677734
0.073608398
0.0073165894
-0.025985718
-0.0084228516
-0.020202637
0.019622803
0.10083008
0.062164307
-0.048187256
0.031219482
-0.046630859
0.11669922
-0.071716309
-0.015930176
0.055999756
0.0064620972
0.013153076
0.075683594
-0.05847168
-0.050201416
0.013771057
-0.026229858
0.026977539
0.015617371
-0.048522949
0.061157227
0.0080490112
-0.025375366
0.04486084
0.054412842
0.084289551
-0.0041122437
-0.071166992
0.044525146
0.014701843
0.10620117
0.13146973
0.0039291382
-0.024780273
-0.062103271
0.057830811
0.0703125
0.1114502
0.055053711
-0.0094909668
-0.043426514
0.089172363
-0.041320801
-0.0064277649
0.01247406
0.12792969
0.055267334
-0.023254395
0.093261719
-0.036315918
0.10119629
-0.022476196
0.026931763
0.063903809
0.056518555
-0.024230957
0.050048828
-0.011833191
-0.041290283
-0.039703369
0.010505676
-0.028045654
-0.063293457
0.065979004
0.057861328
-0.042236328
0.019073486
0.032836914
0.091308594
-0.040222168
0.015762329
0.0026950836
0.004989624
0.086730957
-0.089172363
0.014175415
-0.022735596
0.076782227
0.079406738
0.071960449
0.086364746
0.01663208
0.070922852
-0.040435791
-0.0068778992
-0.035491943
-0.078430176
0.084411621
-0.0018100739
-0.038726807
0.085205078
-0.050354004
0.11712646
0.017913818
0.031768799
0.0073928833
0.078796387
-0.036987305
0.064025879
0.033843994
-0.037078857
-0.096313477
0.032440186
0.11071777
-0.093566895
0.034759521
-0.077453613
0.020431519
-0.049194336
0.080749512
-0.03817749
0.088012695
-0.065307617
0.064575195
0.098022461
0.045349121
-0.0519104
0.0032653809
0.014778137
-0.016265869
-0.08416748
-0.059295654
0.044677734
0.073608398
0.0073165894
-0.025985718
-0.0084228516
-0.020202637
0.019622803
0.10083008
0.062164307
-0.048187256
0.031219482
-0.046630859
0.11669922
-0.071716309
-0.015930176
0.055999756
0.0064620972
0.013153076
0.075683594
-0.05847168
-0.050201416
0.013771057
-0.026229858
0.026977539
0.015617371
-0.048522949
0.061157227
0.0080490112
-0.025375366
0.04486084
0.054412842
0.084289551
-0.0041122437
-0.071166992
0.044525146
0.014701843
0.10620117
0.13146973
0.0039291382
-0.024780273
-0.062103271
0.057830811
0.0703125
0.1114502
0.055053711
-0.0094909668
-0.043426514
0.089172363
-0.041320801
-0.0064277649
0.01247406
0.12792969
0.055267334
-0.023254395
0.093261719
-0.036315918
0.10119629
-0.022476196
0.026931763
0.063903809
0.056518555
-0.024230957
0.050048828
-0.011833191
-0.041290283
-0.039703369
0.010505676
-0.028045654
-0.063293457
0.065979004
0.057861328
-0.042236328
0.019073486
0.032836914
0.091308594
-0.040222168
0.015762329
0.0026950836
0.004989624
0.086730957
-0.089172363
0.014175415
-0.022735596
0.076782227
0.079406738
0.071960449
0.086364746
0.01663208
0.070922852
-0.040435791
-0.0068778992
-0.035491943
-0.078430176
0.084411621
-0.0018100739
-0.038726807
0.085205078
-0.050354004
0.11712646
0.017913818
0.031768799
0.0073928833
0.078796387
-0.036987305
0.064025879
0.033843994
-0.037078857
-0.096313477
0.032440186
0.11071777
-0.093566895
0.034759521
-0.077453613
0.020431519
-0.049194336
0.080749512
-0.03817749
0.088012695
-0.065307617
0.064575195
0.098022461
0.045349121
-0.0519104
0.0032653809
0.014778137
-0.016265869
-0.08416748
-0.059295654
0.044677734
0.073608398
0.0073165894
-0.025985718
-0.0084228516
-0.020202637
0.019622803
0.10083008
0.062164307
-0.048187256
0.031219482
-0.046630859
0.11669922
-0.071716309
-0.015930176
0.055999756
0.0064620972
0.013153076
0.075683594
-0.05847168
-0.050201416
0.013771057
-0.026229858
0.026977539
0.015617371
-0.048522949
0.061157227
0.0080490112
-0.025375366
0.04486084
0.054412842
0.084289551
-0.0041122437
-0.071166992
0.044525146
0.014701843
0.10620117
0.13146973
0.0039291382
-0.024780273
-0.062103271
0.057830811
0.0703125
0.1114502
0.055053711
-0.0094909668
-0.043426514
0.089172363
-0.041320801
-0.0064277649
0.01247406
0.12792969
0.055267334
-0.023254395
0.093261719
-0.036315918
0.10119629
-0.022476196
0.026931763
0.063903809
0.056518555
-0.024230957
0.050048828
-0.011833191
-0.041290283
-0.039703369
0.010505676
-0.028045654
-0.063293457
0.065979004
0.057861328
-0.042236328
0.019073486
0.032836914
0.091308594
-0.040222168
0.015762329
0.0026950836
0.004989624
0.086730957
-0.089172363
0.014175415
-0.022735596
0.076782227
0.079406738
0.071960449
0.086364746
0.01663208
0.070922852
-0.040435791
-0.0068778992
-0.035491943
-0.078430176
0.084411621
-0.0018100739
-0.038726807
0.085205078
-0.050354004
0.11712646
0.017913818
0.031768799
0.0073928833
0.078796387
-0.036987305
0.064025879
0.033843994
-0.037078857
-0.096313477
0.032440186
0.11071777
-0.093566895
0.034759521
-0.077453613
0.020431519
-0.049194336
0.080749512
-0.03817749
0.088012695
-0.065307617
0.064575195
0.098022461
0.045349121
-0.0519104
0.0032653809
0.014778137
-0.016265869
-0.08416748
-0.059295654
0.044677734
0.073608398
0.0073165894
-0.025985718
-0.0084228516
-0.020202637
0.019622803
0.10083008
0.062164307
-0.048187256
0.031219482
-0.046630859
0.11669922
-0.071716309
-0.015930176
0.055999756
0.0064620972
0.013153076
0.075683594
-0.05847168
-0.050201416
0.013771057
-0.026229858
0.026977539
0.015617371
-0.048522949
0.061157227
0.0080490112
-0.025375366
0.04486084
0.054412842
0.084289551
-0.0041122437
-0.071166992
0.044525146
0.014701843
0.10620117
0.13146973
0.0039291382
-0.024780273
-0.062103271
0.057830811
0.0703125
0.1114502
0.055053711
-0.0094909668
-0.043426514
0.089172363
-0.041320801
-0.0064277649
0.01247406
0.12792969
0.055267334
-0.023254395
0.093261719
-0.036315918
0.10119629
-0.022476196
0.026931763
0.063903809
0.056518555
-0.024230957
0.050048828
-0.011833191
-0.041290283
-0.039703369
0.010505676
-0.028045654
-0.063293457
0.065979004
0.057861328
-0.042236328
0.019073486
0.032836914
0.091308594
-0.040222168
0.015762329
0.0026950836
0.004989624
0.086730957
-0.089172363
0.014175415
-0.022735596
0.076782227
0.079406738
0.071960449
0.086364746
0.01663208
0.070922852
-0.040435791
-0.0068778992
-0.035491943
-0.078430176
0.084411621
-0.0018100739
-0.038726807
0.085205078
-0.050354004
0.11712646
0.017913818
0.031768799
0.0073928833
0.078796387
-0.036987305
0.064025879
0.033843994
-0.037078857
-0.096313477
0.032440186
0.11071777
-0.093566895
0.034759521
-0.077453613
0.020431519
-0.049194336
0.080749512
-0.03817749
0.088012695
-0.065307617
0.064575195
0.098022461
0.045349121
-0.0519104
0.0032653809
0.014778137
-0.016265869
-0.08416748
-0.059295654
0.044677734
0.073608398
0.0073165894
-0.025985718
-0.0084228516
-0.020202637
0.019622803
0.10083008
0.062164307
-0.048187256
0.031219482
-0.046630859
0.11669922
-0.071716309
-0.015930176
0.055999756
0.0064620972
0.013153076
0.075683594
-0.05847168
-0.050201416
0.013771057
-0.026229858
0.026977539
0.015617371
-0.048522949
0.061157227
0.0080490112
-0.025375366
0.04486084
0.054412842
0.084289551
-0.0041122437
-0.071166992
0.044525146
0.014701843
0.10620117
0.13146973
0.0039291382
-0.024780273
-0.062103271
0.057830811
0.0703125
0.1114502
0.055053711
-0.0094909668
-0.043426514
0.089172363
-0.041320801
-0.0064277649
0.01247406
0.12792969
0.055267334
-0.023254395
0.093261719
-0.036315918
0.10119629
-0.022476196
0.026931763
0.063903809
0.056518555
-0.024230957
0.050048828
-0.011833191
-0.041290283
-0.039703369
0.010505676
-0.028045654
-0.063293457
0.065979004
0.057861328
-0.042236328
0.019073486
0.032836914
0.091308594
-0.040222168
0.015762329
0.0026950836
0.004989624
0.086730957
-0.089172363
0.014175415
-0.022735596
0.076782227
0.079406738
0.071960449
0.086364746
0.01663208
0.070922852
-0.040435791
-0.0068778992
-0.035491943
-0.078430176
0.084411621
-0.0018100739
-0.038726807
0.085205078
-0.050354004
0.11712646
0.017913818
0.031768799
0.0073928833
0.078796387
-0.036987305
0.064025879
0.033843994
-0.037078857
-0.096313477
0.032440186
0.11071777
-0.093566895
0.034759521
-0.077453613
0.020431519
-0.049194336
0.080749512
-0.03817749
0.088012695
-0.065307617
0.064575195
0.098022461
0.045349121
-0.0519104
0.0032653809
0.014778137
-0.016265869
-0.08416748
-0.059295654
0.044677734
0.073608398
0.0073165894
-0.025985718
-0.0084228516
-0.020202637
0.019622803
0.10083008
0.062164307
-0.048187256
0.031219482
-0.046630859
0.11669922
-0.071716309
-0.015930176
0.055999756
0.0064620972
0.013153076
0.075683594
-0.05847168
-0.050201416
0.013771057
-0.026229858
0.026977539
0.015617371
-0.048522949
0.061157227
0.0080490112
-0.025375366
0.04486084
0.054412842
0.084289551
-0.0041122437
-0.071166992
0.044525146
0.014701843
0.10620117
0.13146973
0.0039291382
-0.024780273
-0.062103271
0.057830811
0.0703125
0.1114502
0.055053711
-0.0094909668
-0.043426514
0.089172363
-0.041320801
-0.0064277649
0.01247406
0.12792969
0.055267334
-0.023254395
0.093261719
-0.036315918
0.10119629
-0.022476196
0.026931763
0.063903809
0.056518555
-0.024230957
0.050048828
-0.011833191
-0.041290283
-0.039703369
0.010505676
-0.028045654
-0.063293457
0.065979004
0.057861328
-0.042236328
0.019073486
0.032836914
0.091308594
-0.040222168
0.015762329
0.0026950836
0.004989624
0.086730957
-0.089172363
0.014175415
-0.022735596
0.076782227
0.079406738
0.071960449
0.086364746
0.01663208
0.070922852
-0.040435791
-0.0068778992
-0.035491943
-0.078430176
0.084411621
-0.0018100739
-0.038726807
0.085205078
-0.050354004
0.11712646
0.017913818
0.031768799
0.0073928833
0.078796387
-0.036987305
0.064025879
0.033843994
-0.037078857
-0.096313477
0.032440186
0.11071777
-0.093566895
0.034759521
-0.077453613
0.020431519
-0.049194336
0.080749512
-0.03817749
0.088012695
-0.065307617
0.064575195
0.098022461
0.045349121
-0.0519104
0.0032653809
0.014778137
-0.016265869
-0.08416748
-0.059295654
0.044677734
0.073608398
0.0073165894
-0.025985718
-0.0084228516
-0.020202637
0.019622803
0.10083008
0.062164307
-0.048187256
0.031219482
-0.046630859
0.11669922
-0.071716309
-0.015930176
0.055999756
0.0064620972
0.013153076
0.075683594
-0.05847168
-0.050201416
0.013771057
-0.026229858
0.026977539
0.015617371
-0.048522949
0.061157227
0.0080490112
-0.025375366
0.04486084
0.054412842
0.084289551
-0.0041122437
-0.071166992
0.044525146
0.014701843
0.10620117
0.13146973
0.0039291382
-0.024780273
-0.062103271
0.057830811
0.0703125
0.1114502
0.055053711
-0.0094909668
-0.043426514
0.089172363
-0.041320801
-0.0064277649
0.01247406
0.12792969
0.055267334
-0.023254395
0.093261719
-0.036315918
0.10119629
-0.022476196
0.026931763
0.063903809
0.056518555
-0.024230957
0.050048828
-0.011833191
-0.041290283
-0.039703369
0.010505676
-0.028045654
-0.063293457
0.065979004
0.057861328
-0.042236328
0.019073486
0.032836914
0.091308594
-0.040222168
0.015762329
0.0026950836
0.004989624
0.086730957
-0.089172363
0.014175415
-0.022735596
0.076782227
0.079406738
0.071960449
0.086364746
0.01663208
0.070922852
-0.040435791
-0.0068778992
-0.035491943
-0.078430176
0.084411621
-0.0018100739
-0.038726807
0.085205078
-0.050354004
0.11712646
0.017913818
0.031768799
0.0073928833
0.078796387
-0.036987305
0.064025879
0.033843994
-0.037078857
-0.096313477
0.032440186
0.11071777
-0.093566895
0.034759521
-0.077453613
0.020431519
-0.049194336
0.080749512
-0.03817749
0.088012695
-0.065307617
0.064575195
0.098022461
0.045349121
-0.0519104
0.0032653809
0.014778137
-0.016265869
-0.08416748
-0.059295654
0.044677734
0.073608398
0.0073165894
-0.025985718
-0.0084228516
-0.020202637
0.019622803
0.10083008
0.062164307
-0.048187256
0.031219482
-0.046630859
0.11669922
-0.071716309
-0.015930176
0.055999756
0.0064620972
0.013153076
0.075683594
-0.05847168
-0.050201416
0.013771057
-0.026229858
0.026977539
0.015617371
-0.048522949
0.061157227
0.0080490112
-0.025375366
0.04486084
0.054412842
0.084289551
-0.0041122437
-0.071166992
0.044525146
0.014701843
0.10620117
0.13146973
0.0039291382
-0.024780273
-0.062103271
0.057830811
0.0703125
0.1114502
0.055053711
-0.0094909668
-0.043426514
0.089172363
-0.041320801
-0.0064277649
0.01247406
0.12792969
0.055267334
-0.023254395
0.093261719
-0.036315918
0.10119629
-0.022476196
0.026931763
0.063903809
0.056518555
-0.024230957
0.050048828
-0.011833191
-0.041290283
-0.039703369
0.010505676
-0.028045654
-0.063293457
0.065979004
0.057861328
-0.042236328
0.019073486
0.032836914
0.091308594
-0.040222168
0.015762329
0.0026950836
0.004989624
0.086730957
-0.089172363
0.014175415
-0.022735596
0.076782227
0.079406738
0.071960449
0.086364746
0.01663208
0.070922852
-0.040435791
-0.0068778992
-0.035491943
-0.078430176
0.084411621
-0.0018100739
-0.038726807
0.085205078
-0.050354004
0.11712646
0.017913818
0.031768799
0.0073928833
0.078796387
-0.036987305
0.064025879
0.033843994
-0.037078857
-0.096313477
0.032440186
0.11071777
-0.093566895
0.034759521
-0.077453613
0.020431519
-0.049194336
0.080749512
-0.03817749
0.088012695
-0.065307617
0.064575195
0.098022461
0.045349121
-0.0519104
0.0032653809
0.014778137
-0.016265869
-0.08416748
-0.059295654
0.044677734
0.073608398
0.0073165894
-0.025985718
-0.0084228516
-0.020202637
0.019622803
0.10083008
0.062164307
-0.048187256
0.031219482
-0.046630859
0.11669922
-0.071716309
-0.015930176
0.055999756
0.0064620972
0.013153076
0.075683594
-0.05847168
-0.050201416
0.013771057
-0.026229858
0.026977539
0.015617371
-0.048522949
0.061157227
0.0080490112
-0.025375366
0.04486084
0.054412842
0.084289551
-0.0041122437
-0.071166992
0.044525146
0.014701843
0.10620117
0.13146973
0.0039291382
-0.024780273
-0.062103271
0.057830811
0.0703125
0.1114502
0.055053711
-0.0094909668
-0.043426514
0.089172363
-0.041320801
-0.0064277649
0.01247406
0.12792969
0.055267334
-0.023254395
0.093261719
-0.036315918
0.10119629
-0.022476196
0.026931763
0.063903809
0.056518555
-0.024230957
0.050048828
-0.011833191
-0.041290283
-0.039703369
0.010505676
-0.028045654
-0.063293457
0.065979004
0.057861328
-0.042236328
0.019073486
0.032836914
0.091308594
-0.040222168
0.015762329
0.0026950836
0.004989624
0.086730957
-0.089172363
0.014175415
-0.022735596
0.076782227
0.079406738
0.071960449
0.086364746
0.01663208
0.070922852
-0.040435791
-0.0068778992
-0.035491943
-0.078430176
0.084411621
-0.0018100739
-0.038726807
0.085205078
-0.050354004
0.11712646
0.017913818
0.031768799
0.0073928833
0.078796387
-0.036987305
0.064025879
0.033843994
-0.037078857
-0.096313477
0.032440186
0.11071777
-0.093566895
0.034759521
-0.077453613
0.020431519
-0.049194336
0.080749512
-0.03817749
0.088012695
-0.065307617
0.064575195
0.098022461
0.045349121
-0.0519104
0.0032653809
0.014778137
-0.016265869
-0.08416748
-0.059295654
0.044677734
0.073608398
0.0073165894
-0.025985718
-0.0084228516
-0.020202637
0.019622803
0.10083008
0.062164307
-0.048187256
0.031219482
-0.046630859
0.11669922
-0.071716309
-0.015930176
0.055999756
0.0064620972
0.013153076
0.075683594
-0.05847168
-0.050201416
0.013771057
-0.026229858
0.026977539
0.015617371
-0.048522949
0.061157227
0.0080490112
-0.025375366
0.04486084
0.054412842
0.084289551
-0.0041122437
-0.071166992
0.044525146
0.014701843
0.10620117
0.13146973
0.0039291382
-0.024780273
-0.062103271
0.057830811
0.0703125
0.1114502
0.055053711
-0.0094909668
-0.043426514
0.089172363
-0.041320801
-0.0064277649
0.01247406
0.12792969
0.055267334
-0.023254395
0.093261719
-0.036315918
0.10119629
-0.022476196
0.026931763
0.063903809
