-0.11194443
-0.16320562
-0.35277054
0.39395502
0.13620053
0.22088429
-0.087802075
0.2696749
0.07443998
-0.050323248
0.34715036
0.36133566
0.034361634
0.15629935
-0.22581376
0.14029106
-0.20576265
0.027542884
-0.081952974
0.2320143
-0.37299415
0.12712076
0.04257546
0.25025046
-0.15110511
0.25397149
0.046349403
0.078403153
-0.30721191
0.105648
0.30927232
0.1515906
0.35213682
0.24197839
-0.35496548
-0.060263738
0.28698814
0.10347561
0.10676217
0.025178442
0.20599547
0.15995139
0.24990094
-0.23035902
0.025916623
-0.09005633
-0.25787199
-0.26341495
-0.011355524
-0.027917549
0.043609995
-0.12859291
-0.10559715
-0.26917216
-0.39270222
0.26180524
0.10574096
0.31606874
0.22661684
0.13679788
0.25768402
-0.23126981
-0.26035166
-0.25504884
-0.13595851
0.3309665
0.15814048
-0.39657107
0.15081173
0.29245156
0.19678593
-0.38979554
0.26390216
0.35923913
-0.0090719471
0.012494773
-0.11688355
-0.21412878
0.22598758
-0.38184497
0.22120397
0.026535507
0.14890249
-0.057377785
0.22624941
0.018928019
0.04779911
-0.17980397
-0.15079737
-0.24497966
-0.16711496
-0.26930708
0.18384834
-0.3218087
-0.1974577
-0.10237134
-0.33332667
0.20547409
0.17348273
-0.033920027
-0.020360906
0.14352249
0.18354772
0.090131961
-0.16388188
-0.32428825
-0.37283662
-0.11635969
0.19892783
0.10130844
0.051893666
-0.27310568
0.14596556
0.36641607
-0.056077335
-0.08590284
0.37111211
0.26293066
-0.34819835
0.30551887
-0.13565402
-0.25115386
-0.046175744
-0.047276385
0.084570967
-0.025573703
0.089344397
0.3847504
