-0.37999257
0.058021646
-0.28195456
0.019024478
-0.35060316
0.28832331
-0.28614604
-0.00025477068
-0.40896887
0.040605608
-0.34166712
0.010732008
-0.39390773
0.11892051
0.31756935
0.25350133
0.39087787
-0.20420098
0.15022871
-0.010897802
0.039772253
-0.10267532
-0.34075105
0.16082405
0.16905941
-0.228539
0.41190881
0.29538053
-0.24154687
-0.086863935
-0.19270749
0.076261654
0.32724142
-0.28441802
0.31521904
0.33073488
-0.034476202
-0.20456693
0.23035237
-0.35473886
-0.30312899
0.18499739
-0.3977547
0.017120402
-0.24955837
-0.34690723
-0.41292781
0.33754218
-0.27217469
-0.17448311
-0.055114072
0.12036125
-0.12692301
-0.42450258
-0.36373922
-0.1186808
0.14942306
0.31973782
-0.38110971
-0.43515673
0.10301137
0.25892538
-0.2084589
-0.2722235
0.017562682
0.40186876
-0.17979091
-0.3570902
0.3234278
-0.36904588
0.36888355
0.17020631
-0.37379918
-0.17535736
-0.3702319
0.15218818
-0.38060713
0.25088167
0.0062789759
0.19471546
-0.020970589
-0.38752681
-0.19357601
-0.11091522
-0.28424057
0.27030614
0.3680464
-0.13500348
-0.10950811
-0.27186024
-0.24118127
-0.39153585
-0.27495906
0.26429841
-0.22051129
-0.01671664
-0.16788994
0.24006765
0.19921514
0.032547694
0.13912691
-0.0070909369
0.20276406
-0.39653906
-0.23694809
-0.26665649
-0.23513158
0.21708198
-0.11362256
0.22886522
-0.047847722
-0.059222426
0.014152863
0.12820466
-0.34248823
0.34233868
-0.26231775
0.4382681
0.082949653
0.32794967
-0.0075785597
-0.040289644
-0.035035852
0.25858623
-0.12510481
0.20916426
-0.3600212
-0.38976851
0.14460808
0.36746499
0.20885983
0.14472558
-0.32708067
0.32241285
0.061135978
-0.12988147
0.10725682
-0.052756563
-0.09454862
0.35247803
0.27867195
0.30885121
-0.0097816139
0.16067587
0.36530837
-0.17002891
0.22007586
0.29102901
0.3710613
-0.2081023
0.35121518
-0.21304788
0.21096715
0.062702939
0.11924462
-0.080701791
0.15757193
0.29814348
-0.074260876
0.19799952
0.37879613
-0.050568372
-0.031153282
-0.41504478
0.27768958
0.043712754
-0.11073062
0.32669082
-0.092295676
-0.34398359
0.090438746
0.10604508
0.053666294
-0.21465708
0.055353224
-0.23077391
-0.35143307
0.38803554
-0.40574127
-0.38742065
0.30202124
-0.020063495
0.071732819
0.14867565
0.25814462
0.0021348668
0.0051096263
-0.2165242
-0.088022709
-0.24754456
0.42325175
-0.10124802
-0.1505169
0.0029631914
-0.24340712
0.07842467
0.35105866
-0.39810735
0.1502239
0.048565857
-0.029470127
0.01730123
-0.30198941
-0.17009264
0.23232995
-0.33161485
0.22650839
-0.036599752
-0.20275229
-0.15628788
-0.33392552
0.14751229
-0.2974585
-0.30641812
-0.095801279
-0.32852101
-0.30484241
0.15358523
-0.142719
0.38361788
0.29438791
-0.13869447
-0.10919525
-0.31790689
0.042033717
0.092725754
-0.034225691
-0.4427906
-0.060360342
0.26148495
-0.40597287
0.41184908
0.23873213
-0.11313159
0.37714046
0.3494592
0.17486562
0.12331951
-0.19376892
-0.33581054
-0.30536801
0.25294986
0.33893162
0.39237055
0.051757716
0.006992823
0.31461635
0.42011487
0.17564842
0.488002
0.14821829
-0.41101801
0.34758624
-0.078183249
-0.28426862
-0.032554686
0.16762064
0.24530713
0.077666312
0.089806169
-0.17312932
0.1042236
0.16678789
-0.2658903
-0.19128491
-0.16048779
0.19182223
-0.25691706
-0.042067979
-0.31926671
-0.32389596
0.033010792
-0.033799041
0.39109254
0.27948576
0.3164044
0.33827144
0.37839431
0.32208073
-0.080255166
-0.22459258
-0.030017542
-0.12273318
-0.051768743
-0.21357863
-0.37849671
0.1743985
-0.28027225
0.38063434
0.021367125
-0.26533395
0.27533978
-0.26006159
-0.3534658
0.024134716
0.30576882
0.40167361
0.19074836
0.4179773
0.29845807
-0.15871026
-0.33745781
0.078923799
-0.017820815
0.12097132
-0.18354903
-0.37398383
0.058284059
-0.097907253
0.27289268
0.091181241
-0.38776585
-0.2249857
0.10115766
0.40802866
0.24403235
-0.41549501
-0.0049591493
0.3400974
0.086929023
-0.18835787
0.18177485
-0.13203661
-0.15863386
-0.25827929
0.35580927
-0.19518872
-0.2792531
0.29565832
-0.02300309
0.27526572
0.038134187
-0.069311514
0.38181132
0.15139505
-0.38827452
0.097814374
-0.14288728
-0.082522884
-0.23942782
0.39337957
-0.32952115
0.3452552
-0.00052570453
-0.1511548
-0.077681057
0.025288578
-0.17787251
-0.32371348
0.10579302
0.26364121
-0.36389109
0.2076025
-0.3121075
-0.2850638
-0.30181357
0.28121844
0.32869369
0.37882414
0.15851288
0.38330942
0.34111291
0.30936489
0.39806068
0.15299867
-0.24377635
0.047321096
0.3517547
-0.26388946
-0.059453163
0.039678656
-0.28569502
-0.3683514
-0.030966349
0.26974124
0.023064364
0.00043296401
0.35675922
0.27336723
0.0040606866
-0.0284194
-0.35000858
-0.025684508
-0.055137753
0.085715845
-0.087603383
-0.19410677
-0.22298777
-0.25131759
0.15149988
-0.0064181047
-0.18039449
-0.32500792
-0.19850917
0.053921737
0.084884495
0.30599388
0.21700266
0.059432823
0.0055529838
0.33688998
-0.21141329
-0.19551247
0.19553775
0.17055088
-0.36938414
0.086806096
-0.054438438
0.21455461
-0.31756404
0.056417242
0.28145635
0.16319203
0.0041965381
-0.13196047
-0.39167637
-0.14997934
0.34564626
-0.15401009
0.21879983
0.27985731
0.061557565
-0.030346505
-0.35387999
-0.0023063456
-0.33761838
-0.18817033
0.27346894
0.1271466
-0.14345163
0.30663469
-0.39109784
-0.063775845
-0.15056117
-0.36339137
-0.31334946
-0.23369278
-0.30503193
0.36182001
0.38926783
0.15525983
-0.35543251
-0.20106953
-0.042389639
-0.10497675
-0.02318774
-0.21841584
-0.0025936284
-0.04446904
-0.13498369
-0.25775728
-0.26957837
-0.12735558
-0.22805579
0.026534729
0.13770336
-0.22551343
-0.061385669
0.25790995
-0.11718658
0.047193274
-0.12378224
0.087578155
0.12050692
-0.085804939
-0.3376286
-0.25169545
0.12334266
-0.15366524
0.35515881
-0.078428321
0.097125359
0.15344501
-0.16941255
-0.34188679
0.39368543
-0.35592625
0.1074497
0.17545344
0.28423303
0.33320582
0.054819625
-0.10441364
-0.2391881
0.16176647
0.091093354
0.1769743
-0.12513645
0.16009073
-0.099181242
-0.32505012
0.24686418
0.22073965
-0.2078079
-0.18446213
0.24015801
-0.22353229
0.15965414
0.037763391
0.025230279
0.15337124
0.22602382
0.36074418
-0.026045946
0.42119575
0.22401904
0.149473
-0.08994969
0.32898602
0.036645316
-0.2214559
-0.25940728
-0.15666278
0.14974397
-0.024093755
-0.34760928
0.30663788
0.33154505
-0.33327177
0.2649447
-0.32537302
0.035027739
-0.044276275
-0.25527483
-0.16716091
-0.19647396
0.021806344
-0.23912308
0.17856349
0.37258837
0.24126002
0.23275836
-0.3251811
-0.25359714
-0.08830072
0.084161133
0.31305164
-0.37016258
-0.0050261454
-0.28029451
0.12066194
-0.29742983
-0.067975827
0.24047048
-0.22397673
0.30183208
0.30679888
0.062152918
0.37188813
-0.3194446
-0.092936598
0.14016612
0.29967526
-0.12789923
-0.094414942
0.075791985
-0.070399083
0.047199711
-0.33856812
-0.26847446
-0.21308839
0.37075177
-0.16769747
-0.085070707
0.34634778
-0.2938205
-0.28273904
0.25614354
0.30979127
-0.099742427
-0.32038787
0.28879699
0.22353572
-0.032698832
0.24456267
0.23665659
-0.24719703
-0.17359357
-0.098961398
0.066493049
0.2872296
0.12306227
-0.2712799
0.36239776
0.11701857
0.36766779
0.28651202
0.1145399
0.30040902
-0.12599772
0.11502714
-0.22633857
0.38529694
-0.32257447
-0.099689841
-0.12566341
0.32769331
-0.2149574
-0.16275573
0.11567926
0.23630765
-0.096295781
-0.39120322
0.31354299
-0.072003528
-0.16760935
-0.12339851
-0.36111391
0.23212208
-0.22759068
0.28818867
0.0020610185
0.040294707
0.27989483
-0.34496701
0.1381781
-0.071305491
-0.39015764
0.012790403
-0.2342876
0.22649211
0.017277179
-0.14011775
0.063697994
-0.24934211
0.041883968
-0.077994816
-0.050061729
0.10556113
-0.052083395
0.20284338
0.35950649
-0.34693688
-0.3996737
-0.3425827
-0.3898252
0.35646608
-0.35372442
0.25821874
0.28889996
0.3863847
-0.27419755
0.018508494
0.14732881
0.15747248
0.1444995
0.26976198
0.3453292
-0.38260579
-0.34763777
-0.35756823
-0.15864472
0.22156467
-0.29121897
0.18159567
0.39097735
-0.23097815
0.39278916
-0.1669286
0.33176875
0.052361306
-0.29148638
-0.33414984
-0.29697013
0.2430279
-0.33574486
0.12701583
0.31588891
0.26850101
0.35522476
-0.38474965
0.078159519
0.17060754
0.16477852
-0.10156243
0.030730104
0.21490666
-0.018928079
-0.34615594
0.076833755
-0.16842045
0.31648949
0.36188662
0.060805675
0.28805706
-0.25656238
-0.061142888
-0.18071423
-0.2770279
-0.22989561
-0.02958744
-0.29358116
-0.022878582
0.35810199
-0.16968477
0.27497613
0.12459862
0.053316567
-0.10955282
-0.20643838
-0.062013939
0.28919816
0.060726352
-0.34384757
0.30587751
0.13739246
0.39604619
-0.28731436
-0.34416586
0.082580589
0.045498364
0.37000757
0.23387639
-0.080136389
0.33679241
-0.11318801
-0.16269602
-0.20023227
0.34074083
0.097045615
-0.35946515
0.23904273
0.27687219
-0.30884567
0.064473704
-0.31067833
0.25489375
0.040659603
-0.046556976
-0.36582109
0.36145455
-0.072566472
0.16307358
0.31799293
-0.35728186
-0.37333509
0.22840725
0.3226119
-0.15837765
0.34941125
-0.34443694
-0.28164989
0.29046556
-0.13928548
0.30403724
0.025055667
-0.27206892
-0.1376323
-0.19393809
0.12503573
-0.36313856
0.32516372
-0.3680217
0.38703054
0.22331144
-0.27308968
-0.32976165
-0.37715933
-0.038742118
0.17090917
-0.15454119
-0.19899966
0.20290741
-0.32764518
0.34582514
-0.27459663
0.17121392
-0.22000249
