-4.890625
-0.13098145
-1.2714844
-5.65625
-0.22314453
-1.0302734
-3.2949219
-0.61035156
1.3476562
1.1962891
-1.4736328
3.0859375
0.29833984
-3.7402344
-0.90820312
-5.0976562
0.74267578
-3.9296875
1.3417969
-0.63671875
0.80273438
-4.0234375
0.38134766
0.80029297
0.3527832
1.6201172
-1.3154297
3.6816406
-0.37475586
-2.2109375
2.2480469
-0.59960938
-3.2285156
-0.36328125
0.11010742
1.46875
1.0146484
-0.042999268
-1.4501953
-4.3164062
-1.8417969
-4.2148438
-1.3466797
-1.9667969
0.39892578
1.5234375
1.5136719
0.71240234
-2.2617188
-0.18505859
1.1533203
-1.6689453
0.91943359
0.10284424
1.4228516
0.54638672
-3.5410156
-3.9355469
-0.10668945
0.090087891
-1.4238281
1.0712891
-0.26220703
1.0849609
0.96679688
2.2617188
-3.1953125
2.8261719
-1.0585938
-3.3808594
-5.4414062
0.94287109
1.4990234
-2.015625
-0.80517578
-3.0273438
-3.859375
0.99169922
2.8164062
-0.19335938
2.609375
2.9863281
-1.9462891
-0.13903809
-3.2617188
0.50878906
1.5224609
-3.2441406
-2.0351562
1.1455078
-1.3554688
1.7978516
-0.84082031
1.6455078
-0.99658203
-2.1972656
-3.8476562
-3.3574219
1.2919922
-1.8212891
0.36938477
2.4980469
1.0751953
-6.9960938
-2.1523438
2.6679688
-0.014259338
-1.0898438
-1.3984375
-0.019744873
-1.1914062
-2.2207031
2.453125
0.86474609
1.1816406
-1.7226562
1.3525391
-0.34912109
-0.14294434
1.1025391
-3.1933594
-1.65625
1.5029297
4.1015625
-2.6875
-2.3242188
-0.36474609
-1.1464844
-0.69042969
0.1083374
0.74658203
0.12127686
0.37939453
0.13806152
-0.19287109
-0.53271484
0.43432617
0.015808105
0.024459839
0.31860352
-0.26074219
-0.16931152
0.22888184
-0.74755859
-0.92236328
-0.064819336
0.12072754
-0.040222168
0.095214844
0.59912109
0.072937012
0.086547852
-0.32714844
-1.2822266
-0.24560547
-0.62548828
0.20947266
-0.72119141
0.15808105
0.68652344
0.097839355
0.11572266
-0.088806152
-0.23742676
0.086853027
-0.83935547
0.33544922
0.28710938
-0.11578369
0.24890137
0.52246094
0.16625977
0.0030040741
-0.90380859
0.67626953
0.25732422
-0.11358643
0.19677734
-0.27441406
-0.80322266
0.1998291
0.35546875
0.12890625
-0.81933594
0.24060059
0.31811523
-0.32177734
-0.34399414
-1.2451172
0.31030273
0.26513672
-0.050018311
-0.48266602
0.18066406
-0.34619141
0.23376465
-0.12304688
-0.62646484
0.31347656
0.52978516
-0.35009766
-0.030517578
0.51806641
0.2265625
0.38769531
0.44091797
-0.4609375
-0.037597656
-0.46142578
0.41650391
0.57617188
0.11065674
0.44482422
0.2487793
0.37280273
-0.34204102
-0.37133789
0.41430664
0.1328125
-0.23254395
0.24072266
-0.21142578
-0.2220459
0.21740723
-0.1595459
0.14465332
-0.022567749
-0.63476562
-0.28442383
0.35473633
-0.24719238
-0.0546875
-0.47460938
0.35351562
0.44116211
0.34863281
-0.4675293
-0.13623047
0.02973938
0.24133301
-0.43847656
-0.27490234
0.51806641
0.51708984
-0.12597656
-0.047424316
-0.14208984
-0.71875
0.037445068
0.17443848
-0.049316406
-0.37329102
0.14953613
-1.3994141
0.29980469
0.19714355
-5.0976562
1.6806641
4.2304688
0.36206055
1.6142578
-3.8027344
-6.59375
-3.3261719
2.5917969
1.4414062
1.9638672
0.35302734
0.21594238
-7.6367188
0.90527344
-7.1835938
-4.9335938
-6.0351562
-2.5917969
-7.1875
1.0654297
-1.2880859
1.0058594
2.1425781
0.24938965
-6.71875
-1.9121094
-4.4140625
-2.8964844
-8.25
0.8515625
2.0390625
2.96875
-1.1708984
-3.0449219
2.40625
1.8662109
1.3808594
0.091552734
1.0830078
-0.95214844
-4.59375
-0.27270508
-5.5273438
-0.21411133
-2.7929688
2.75
1.4160156
-0.19128418
0.65722656
-3.2851562
-1.6933594
0.45751953
2.8007812
-4.5898438
-5.75
-1.4296875
-4.4765625
-6.8515625
-2.3886719
-11.96875
3.6328125
-1.3837891
1.1904297
-7.2109375
3.2636719
-0.88574219
2.34375
-0.26196289
-9.4453125
-3.921875
0.13623047
-2.1171875
-2.5976562
1.0361328
-3.0332031
-5.8359375
0.79785156
3.0058594
0.11462402
1.0126953
3.7636719
0.98144531
-2.4160156
-2.7207031
-0.34326172
5.03125
-4.0703125
-4.7265625
1.03125
1.5
2.4414062
-0.34301758
-2.4238281
-2.828125
-2.3398438
-2.9980469
-0.83691406
2.9902344
-2.7148438
0.93115234
-0.85253906
-0.45239258
-9.5625
-2.09375
1.9140625
-0.77099609
0.69580078
-2.0625
-1.1533203
0.73730469
1.2529297
1.4853516
0.24438477
2.7910156
3.6132812
1.8398438
-0.26831055
-3.0976562
-6.2265625
-3.5390625
-1.3330078
1.9580078
4.2734375
-4.0117188
-10.976562
2.5078125
0.1171875
1.2304688
-0.37207031
-1.4580078
0.84863281
-4.1445312
0.98681641
0.87841797
-2.5390625
-0.072265625
-0.27758789
-0.10473633
2.0644531
-0.55419922
0.40112305
0.7578125
1.6337891
-1.0419922
1.3271484
0.090087891
0.25146484
0.89306641
0.64648438
-0.50195312
-1.9042969
0.47631836
-4.0117188
0.36743164
-1.3671875
-0.14440918
1.2314453
-0.29223633
-0.14355469
0.47998047
0.82714844
1.9492188
-2.4003906
1.8730469
-1.9736328
0.17053223
-1
-0.41577148
0.828125
0.28466797
0.86572266
-1.2460938
-2.7148438
0.18566895
-0.19995117
0.95361328
0.77832031
0.35009766
2.3203125
-0.058807373
-2.5527344
-0.33007812
-0.18652344
1.1513672
0.40258789
-0.36523438
0.18408203
-0.05380249
-0.26123047
0.031921387
-0.12683105
-1.8330078
0.24450684
-0.0077934265
-2.3242188
-0.13928223
-0.21691895
1.3974609
-1.0498047
-3.4765625
1.6542969
-1.2949219
0.33300781
1.5595703
0.61816406
0.079040527
0.38867188
-0.18359375
0.96386719
-0.60302734
-1.8212891
2.0195312
-0.23352051
-1.6220703
-0.45166016
1.0146484
0.41308594
-0.82861328
-2.2617188
0.38549805
-1.2080078
0.35253906
-1.3789062
1.0263672
0.49560547
-2.4628906
0.99462891
-0.67724609
-4.3203125
-1.5078125
1.2050781
-0.38549805
-0.46606445
0.64111328
0.3190918
0.91357422
2.421875
-0.39941406
0.021957397
-0.73339844
0.17578125
0.52587891
-0.32373047
-3.4550781
0.26098633
0.33032227
-2.6816406
-0.030075073
0.15893555
-1.8242188
-2.140625
0.45410156
0.47241211
-2.3769531
1.3623047
3.4375
-1.1484375
-3.2011719
2.3867188
-8.1875
1.1220703
1.6083984
-5.6992188
-0.6953125
-0.21350098
0.21362305
4.03125
-0.31689453
0.61474609
1.5341797
3.9472656
-1.7226562
2.4667969
-0.3527832
-0.25463867
2.0820312
0.95556641
-1.0498047
-4.1875
1.4375
-9.28125
0.30883789
-3.90625
-0.85595703
1.9648438
-0.69824219
-0.59277344
1.0058594
1.6972656
3.5507812
-4.203125
3.6347656
-3.9570312
0.57080078
-2.3496094
-0.65039062
1.5419922
0.096008301
1.4013672
-3.1953125
-5.2460938
0.0035266876
-1.6875
1.7675781
1.0996094
0.14355469
4.4804688
-0.20751953
-5.6523438
-0.4362793
-0.0075149536
2.2519531
0.51318359
-0.84570312
0.63476562
-0.40356445
-0.88769531
-0.50976562
0.17944336
-3.5625
0.44555664
0.48999023
-5.4101562
0.20019531
-0.77539062
1.6572266
-3.0859375
-7.7265625
3.0566406
-3.3710938
0.77539062
1.9023438
0.54394531
0.34936523
0.43066406
-0.48071289
1.3867188
-1.6611328
-4.1835938
3.7128906
-1.3476562
-3.9609375
-0.54541016
2.1191406
0.78125
-1.7158203
-4.3007812
0.012657166
-2.8378906
1.0283203
-3.2324219
2.3808594
0.90917969
-4.6210938
3.1699219
-0.63916016
-9.46875
-3.7382812
1.796875
-0.69873047
-1.3544922
0.99511719
-0.013496399
2.9707031
5.0664062
-0.68457031
-0.18334961
-0.85498047
0.984375
0.2310791
-0.86865234
-8.1640625
0.062866211
0.97705078
-5.7695312
0.028900146
0.17932129
-3.09375
-5.2734375
0.86279297
1.625
-4.5117188
3.0234375
-1.0087891
-1.4492188
4.8632812
3.5429688
0.84326172
-0.68115234
-2.4355469
-6.7773438
3.7148438
1.6611328
3.3183594
-0.10089111
1.5966797
-0.64941406
0.068237305
-1.2246094
-5.1289062
-0.88671875
-1.4609375
-0.88769531
1.4228516
1.2324219
-0.048400879
-1.5625
-0.75048828
-13.296875
-1.1416016
-8.140625
-0.4543457
-5.28125
0.53808594
5.0625
1.1162109
1.109375
-0.49487305
-1.1728516
-0.40820312
-6.0351562
0.37597656
0.90234375
1.1816406
-0.1373291
0.76367188
0.090209961
-3.3886719
-5.7265625
4.0898438
-2.1484375
-0.70019531
-0.56835938
-1.6679688
-5.1210938
1.1044922
1.9355469
-0.46972656
-5.71875
2.640625
1.1201172
-0.83935547
-2.2265625
-8.453125
1.0839844
-0.41308594
0.85742188
-0.41088867
-0.703125
0.56933594
0.062225342
0.359375
-2.4082031
1.0449219
-1.1904297
-6.3984375
1.4941406
1.7109375
2.2226562
0.72998047
-2.7148438
-1.84375
0.053527832
-6.0742188
0.70898438
3.8046875
-0.99414062
2.6738281
-1.8310547
-1.4375
2.4277344
-0.92724609
1.4960938
-1.1728516
-0.42163086
0.59423828
-2.1640625
-0.18310547
1.3125
0.76220703
0.13525391
-0.35473633
3.0605469
0.026748657
-2.4882812
-4.3984375
0.52441406
-1.8945312
0.58398438
0.40869141
1.6240234
0.45483398
-0.32177734
0.95849609
2.5449219
-0.83203125
-1.6660156
1.0146484
1.5009766
-6.0976562
-2.1484375
1.5585938
-7.6132812
2.3730469
1.1162109
1.5927734
-6.6015625
3.71875
-7.0625
0.98779297
3.9882812
5.0195312
-0.77001953
-8.0078125
2.9257812
-16.234375
1.4208984
1.125
-0.34008789
-1.5029297
1.9472656
-0.61523438
7.9335938
-1.6552734
3.2460938
4.859375
2.1484375
-0.28393555
2.4609375
0.70117188
-1.2060547
2.75
-4.0585938
-1.0537109
-5.7773438
3.5527344
-4.0078125
1.8525391
0.38598633
-0.53955078
6.375
-2.4082031
-2.0351562
1.7910156
4.2734375
2.8183594
-3.6269531
4.2773438
1.9453125
0.87939453
-1.9326172
-0.87255859
0.62207031
-2.3574219
2.5097656
-5.0351562
-3.890625
-1.9814453
0.71386719
3.8339844
2.2363281
-0.019500732
12
0.453125
-9.1796875
-0.46875
3.0332031
-4.578125
-1.1455078
0.56640625
3.2578125
2.1425781
-2.6855469
0.50488281
1.1933594
-5.6484375
1.5478516
1.4667969
-8.3984375
-4.625
2.3085938
1.4814453
-2.2773438
-7.4648438
2.875
-5.265625
-3.6347656
4.2773438
2.4101562
0.50927734
-0.0058479309
1.8798828
5.1171875
-2.9375
-2.5097656
5.5351562
1.3066406
-0.11303711
-0.15588379
3.4003906
2.0039062
0.49511719
-8.2578125
-0.78808594
-2.2382812
3.7128906
-4.8828125
4.7539062
1.6337891
-8.90625
0.70898438
0.043426514
-15.140625
-1.4863281
2.75
-1.5058594
-3.4921875
1.3837891
3.4648438
-1.4912109
3.7011719
-3.0859375
-3.8359375
-1.0078125
0.99804688
1.2832031
-7.4101562
-4.3398438
2.1894531
0.44140625
-4.2734375
0.70751953
-5.6757812
-3.2285156
-1.4736328
-0.34521484
4.1367188
-13.085938
-1.4326172
-1.3007812
-0.36767578
3.6816406
2.3886719
0.67578125
-1.0810547
-1.9707031
-2.9511719
2.6894531
1.046875
1.765625
-0.077575684
0.55126953
-1.1025391
0.40527344
-2.2324219
-3.3398438
-1.53125
-1.3886719
-2.1464844
1.0683594
0.55517578
0.58056641
0.1496582
-0.32836914
-6.8476562
-0.81298828
-4.9492188
-0.77490234
-4.3398438
0.18017578
2.9804688
1.7460938
0.60986328
-0.97070312
0.010513306
0.054992676
-1.6523438
0.15405273
1.4511719
0.39672852
-0.67236328
0.83837891
-1.2666016
-0.95458984
-3.1484375
2.1699219
-0.53173828
-0.086914062
-0.18273926
-2.1425781
-2.3261719
0.18041992
1.5214844
-1.5595703
-3.78125
0.25146484
0.19775391
-1.6679688
-1.6210938
-6.28125
1.4619141
-0.20080566
0.90332031
-1.9130859
0.19482422
0.31958008
0.56347656
-0.18164062
-2.7734375
0.31445312
-0.095336914
-2.8554688
-0.27539062
1.2832031
0.42333984
-0.44433594
-1.2070312
-0.70263672
-0.35766602
-2.7519531
1.7529297
2.4707031
0.03793335
0.90820312
-0.49609375
0.55810547
0.57275391
-1.3017578
0.53662109
-0.02355957
-0.018722534
0.4519043
-1.2460938
-0.41845703
0.96972656
-0.20861816
0.24560547
-0.20373535
0.80908203
0.4050293
-1.2216797
-1.7177734
-1.4375
-1.6347656
0.140625
0.26123047
1.2900391
-1.0966797
-0.82128906
0.64794922
1.3320312
0.012069702
-1.4003906
1.2519531
1.3173828
-1.4501953
-0.94921875
-0.30810547
-4.0898438
0.40844727
-0.10131836
0.94824219
-2.3105469
0.89648438
-6.0390625
0.85595703
1.7871094
-5.625
-2.0214844
-5.828125
-10.742188
-7.1367188
-0.39892578
-5.8125
3.8066406
3.2226562
4.1601562
-2.6015625
7.5898438
0.79443359
-0.98779297
-1.1982422
-8.6328125
4.1289062
-6.7148438
5.7304688
2.8398438
1.7626953
-11.476562
-0.43212891
-1.7382812
4.0390625
5.875
-0.68701172
10.554688
1.3417969
1.3027344
2.1796875
0.34521484
-7.09375
3.3945312
2.4804688
1.4521484
0.99609375
2.4023438
-4.2421875
-7.9375
-2.4414062
-6.8515625
-4.6523438
0.96191406
-2.1367188
5.4804688
1.9394531
1.3007812
-3.4375
-0.20837402
3.3554688
-0.54443359
3.9472656
-2.9902344
5.046875
2.9492188
-10.5
-7.6367188
5.6171875
2.3925781
1.140625
-0.36816406
-0.29956055
0.95898438
7.4140625
3.0117188
-5.03125
2.3066406
-7.9804688
1.1826172
-7.6523438
1.7509766
1.5566406
-0.46386719
-3.5957031
-8.328125
-2.7382812
-0.65136719
3.2148438
-0.93847656
1.3310547
5.9140625
-4.1992188
2.046875
-2.4355469
3.40625
3.1601562
-2.0722656
-0.025054932
1.7949219
-3.4589844
-1.3886719
-1.8623047
6.296875
0.95507812
-2.25
-3.5859375
-6.9179688
-2.7773438
-4.4179688
0.2310791
0.14086914
2.6113281
-6.6132812
-5.0039062
3.796875
0.059783936
-0.1920166
-7.46875
-2.6308594
-3.8925781
-6.0273438
3.6738281
1.4433594
2.1386719
-10.960938
1.7763672
-0.12792969
3.0117188
3.0273438
-3.6953125
-7.6992188
2.3496094
7.1875
-1.6162109
0.53222656
-10.289062
-4.0742188
3.3613281
-1.2480469
-4.1914062
2.0292969
-9.6875
0.67333984
1.6113281
-0.35253906
-1.2451172
1.2255859
-0.40356445
4.3984375
-1.4697266
1.0576172
2.7753906
1.9023438
-0.45117188
0.85449219
0.42431641
-1.3935547
2.5234375
-2.3515625
-0.69433594
-3.0761719
2.6132812
-3.2128906
0.55810547
-0.59082031
-0.43188477
3.2402344
-1.8398438
-0.71386719
0.57226562
2.9472656
1.3505859
-1.8632812
2.8203125
0.61328125
0.34790039
-2.2753906
-0.25170898
0.96630859
-1.0234375
1.5029297
-2.8476562
-2.5644531
-0.94189453
0.43774414
2.3828125
1.6455078
-0.25854492
6.5546875
0.3972168
-6.5351562
0.1652832
2.2226562
-2.7050781
-0.94189453
0.01133728
2.7402344
0.59472656
-1.3447266
-0.018310547
1.2890625
-3.5898438
0.019424438
0.61914062
-5.6601562
-3.0683594
0.89892578
0.3840332
-1.9345703
-4.9296875
1.0478516
-3.5996094
-1.6972656
2.0820312
1.7675781
-0.13781738
-0.14001465
0.61621094
2.3183594
-2.375
-1.7539062
2.484375
1.4140625
-0.46875
0.44311523
1.8271484
0.69775391
-0.3046875
-5.2890625
-0.60839844
-1.7373047
2.4746094
-3.359375
2.9394531
1.2617188
-5.1328125
0.65478516
0.63867188
-9.484375
-1.2529297
1.2695312
-0.87890625
-2.1386719
0.1315918
1.0322266
-0.13769531
2.0390625
-2.1328125
-2.359375
-0.70751953
1.2919922
0.45507812
-3.8691406
-3.6523438
1.3105469
0.63720703
-3.3046875
0.089538574
-3.0859375
-1.7089844
-1.6630859
-0.69433594
2.5664062
-7.5585938
-0.89794922
0.49511719
-3.6699219
2.3027344
6.3984375
-2.5976562
1.5957031
-0.29833984
-15.9375
3.8828125
1.5087891
3.9667969
2.4121094
2.8378906
-0.60009766
0.090576172
3.2675781
-7.1132812
2.6230469
-2.3886719
2.2558594
2.59375
1.9541016
-0.58056641
-5.2929688
-2.296875
-25
-0.52929688
-14.101562
-0.22705078
-4.7890625
1.8984375
4.4492188
-0.60449219
1.5361328
1.5498047
-5.6132812
1.7451172
-14.710938
2.7070312
-1.7626953
1.9599609
0.72412109
1.125
1.8730469
-8.3125
-12.585938
6.8359375
-5.75
-0.58935547
0.043243408
0.6953125
-6.1914062
0.91748047
0.040344238
2.0371094
-6.3125
6.0742188
2.9511719
0.5390625
-2.4238281
-7.7734375
-0.094238281
-0.48144531
0.81103516
-0.65039062
-1.4033203
0.33422852
-3.7773438
3.7675781
-2.9550781
1.3818359
-4.46875
-13.25
3.1445312
0.88867188
6.9335938
2.5253906
-1.6054688
-3.2558594
1.0498047
-7.9375
-0.8984375
4.15625
-5.0664062
6.1757812
-5.71875
-7.7929688
2.6699219
-0.69824219
3.3046875
-4.1953125
-0.77636719
0.96728516
-5.9921875
1.1796875
-1.3447266
1.9404297
-0.47070312
-1.9072266
9.7265625
-0.77246094
-6.5507812
-9.1796875
2.2675781
-1.6777344
-0.97119141
1.2763672
1.1484375
7.1679688
5.7265625
0.86474609
3.1855469
-2.8378906
-1.2402344
-0.36230469
0.90087891
-16.546875
-3.375
4.1210938
-12.890625
5.9296875
4.3554688
-0.091674805
-14.4375
6.1835938
-5.7539062
-0.015060425
9.640625
5.9960938
-0.96728516
-6.75
3.984375
-14.648438
1.875
1.6445312
-5.6210938
-1.3564453
0.18103027
-0.021438599
6.6757812
-0.57568359
2.0859375
3.2382812
4.8398438
-1.5078125
3.1777344
-0.34863281
-0.91748047
2.6777344
0.079528809
-2.0253906
-6.71875
3.1738281
-10.59375
1.2402344
-3.5917969
-0.49047852
4.484375
-2.125
-1.4609375
1.9648438
3.2539062
5.1601562
-5.6875
5.1953125
-2.3828125
1.2685547
-2.9746094
-0.95849609
2.0585938
-1.1835938
2.0800781
-5.1445312
-6.8476562
-1.3691406
-1.7197266
3.7167969
2.0507812
0.28662109
9.5703125
-0.15197754
-8.625
-0.97851562
0.78613281
0.79345703
-0.22131348
-0.9375
1.2861328
1.1240234
-1.6650391
-0.70117188
-0.31054688
-6.234375
1.4179688
0.98876953
-8.859375
-1.3583984
0.062866211
2.796875
-4.15625
-10.828125
4.5820312
-5.203125
-1.0761719
2.8417969
1.2216797
0.9375
0.84033203
0.40551758
2.9609375
-3.4355469
-5.8867188
6.1171875
-1.1064453
-3.8164062
-1.0683594
3.3710938
1.3652344
-1.3886719
-7.5976562
-0.093505859
-3.6835938
2.2148438
-5.0585938
4.6171875
1.3681641
-7.8828125
2.9882812
-0.44360352
-15.421875
-3.9375
3.1035156
-0.81347656
-2.5390625
1.7402344
0.70361328
2.5996094
6.5820312
-1.2861328
-1.4755859
-1.6650391
2.171875
0.79638672
-3.3515625
-9.8046875
0.69042969
0.72851562
-7.8320312
0.12133789
-1.7998047
-5.0742188
-5.1679688
0.51318359
3.9414062
-9.6796875
2.2792969
0.07800293
-0.32006836
0.55908203
0.72265625
0.109375
-0.082519531
-0.051696777
-1.0683594
0.50146484
0.41943359
0.55566406
-0.063598633
0.12353516
-0.026077271
0.16796875
0.18334961
-0.50634766
-0.28149414
-0.25585938
-0.10137939
0.25927734
0.029403687
0.047485352
-0.20776367
-0.086608887
-2.4003906
-0.36108398
-1.3095703
-0.11328125
-0.89257812
0.070007324
0.61425781
-0.14746094
0.13012695
-0.1239624
-0.038024902
-0.079406738
-1.1992188
-0.016723633
-0.2154541
0.3581543
0.12756348
0.10491943
-0.0081634521
-0.85253906
-0.95605469
0.71435547
-0.56738281
0.10076904
-0.25170898
-0.022537231
-0.69824219
-0.093383789
0.29248047
0.16931152
-0.79589844
0.39086914
0.13720703
-0.14990234
-0.016159058
-1.1542969
0.055236816
-0.17724609
0.38574219
-0.03036499
-0.39916992
0.20092773
-0.34204102
0.054748535
-0.34887695
-0.085144043
-0.56542969
-1.25
0.14770508
0.075195312
0.66845703
-0.051635742
-0.62255859
-0.27734375
-0.11651611
-0.86523438
0.13354492
0.55615234
-0.37353516
0.45117188
-0.46850586
-0.62060547
0.74707031
-0.17236328
0.36279297
-0.33666992
-0.052185059
-0.16638184
-0.50732422
-0.019119263
0.15722656
0.18566895
0.080322266
-0.0066184998
0.6484375
0.19763184
-0.64990234
-0.66308594
0.098632812
-0.25805664
-0.050231934
0.061065674
0.27075195
0.4753418
0.17224121
0.016677856
0.086975098
-0.14733887
-0.14465332
-0.1706543
0.27856445
-1.4267578
-0.63134766
0.40209961
-0.95361328
0.47094727
0.4453125
0.56933594
-1.6328125
0.30566406
-0.75048828
0.17028809
0.7265625
-0.32739258
-0.90820312
-3.2402344
-2.5097656
-7.4257812
0.55371094
-1.0664062
2.4960938
1.5566406
1.8378906
-1.4599609
4.7929688
-0.32080078
2.1269531
1.1523438
-2.8359375
1.5986328
-1.4951172
2.140625
0.60693359
1.6708984
-4.5078125
-0.18676758
-1.6171875
2.5097656
1.6445312
0.54833984
3.9492188
0.51708984
1.9755859
-0.41577148
0.024200439
-1.3251953
2.9414062
1.7402344
-0.86572266
1.0908203
2.3964844
-1.390625
-2.3789062
-1.0449219
-1.5439453
-1.5683594
1.0507812
-1.0400391
0.80712891
-0.10992432
1.1015625
0.1270752
0.39428711
0.42163086
3.4394531
1.2089844
-3.4238281
1.2011719
1.9326172
-5.484375
-2.015625
2.6738281
1.5029297
1.4462891
-0.72167969
0.72265625
0.8984375
1.015625
1.1621094
-1.2529297
-1.2626953
-4.65625
2.1347656
-1.0751953
0.4777832
-0.75439453
0.51757812
-2.53125
-4.0859375
1.2480469
0.1517334
0.50244141
-0.66113281
0.4699707
4.2578125
-1.7041016
1.4238281
0.9375
2.2734375
1.0576172
-0.35791016
1.5244141
0.77685547
-0.89746094
-3.6640625
0.10870361
2.328125
1.8300781
-0.72412109
0.26049805
-1.4257812
-4.671875
-1.6484375
-0.008605957
-4.2539062
0.73681641
-0.50195312
-3.0371094
-0.57226562
0.70410156
1.3691406
-4.1796875
-0.56103516
-2.1738281
-3.3007812
1.0625
-0.41210938
1.6386719
-6.3476562
0.62353516
0.50976562
0.85449219
0.70507812
-1.0390625
-4.7265625
-0.59082031
1.8955078
-0.37695312
0.8046875
-7.5742188
-1.6533203
-2.5429688
-1.8535156
9.1640625
5.765625
1.6796875
-1.8583984
-4.8476562
-9.828125
6.6484375
2.546875
5.3515625
0.088317871
2.1738281
-1.6445312
0.58349609
-4.0820312
-8.90625
-2.4609375
-2.7480469
-3.2578125
2.4238281
2.4121094
0.62597656
-1.34375
-1.4501953
-20.296875
-1.7441406
-13.367188
-0.9296875
-9.9453125
0.93945312
8.8828125
3.0449219
2.0136719
-1.2294922
-1.6552734
-0.65283203
-7.7734375
0.84423828
2.5332031
1.0869141
-0.80078125
1.8193359
-0.99560547
-3.9414062
-9.2109375
6.28125
-2.2363281
-0.83154297
-0.3894043
-4.171875
-7.9882812
1.6318359
3.3105469
-2.3320312
-9.921875
3.0488281
1.7148438
-2.4746094
-4.453125
-15.4375
2.7363281
-0.16394043
1.4824219
-2.2265625
-0.10919189
0.76123047
1.3027344
0.43383789
-5.4804688
1.7910156
-0.81982422
-9.078125
1.6171875
2.9902344
2.1640625
0.75146484
-3.8476562
-2.5839844
-0.13293457
-9.3671875
2.328125
6.296875
-0.4909668
3.7324219
-2
-0.052978516
2.4121094
-2.21875
1.7080078
-0.90380859
-0.65966797
1.5244141
-3.34375
-0.76464844
2.1972656
0.50195312
0.61914062
-0.6875
3.3242188
0.35620117
-3.2011719
-6.3359375
-1.1464844
-3.8476562
0.70751953
1.0458984
2.9296875
-1.1123047
-1.5732422
1.7919922
4.2773438
-1.0214844
-3.4667969
2.9765625
3.0019531
-7.0625
-2.9257812
1.3173828
-12.234375
2.8457031
0.97802734
2.2382812
-8.1484375
5.3007812
-13.757812
1.7167969
5.7265625
-2.5195312
-0.11956787
6.4101562
4.4570312
1.3271484
-2.7363281
-4.3515625
-4.9414062
4.59375
1.3857422
3.234375
-0.32104492
1.3242188
-2.5742188
0.90527344
-4.5664062
-6.4765625
-3.390625
-3.0234375
-4.78125
1.6416016
0.63769531
1.234375
0.63574219
-0.38427734
-11.828125
-1.3212891
-8.796875
-1.8603516
-8.3359375
-0.0059890747
4.6171875
4.2851562
0.77294922
-2.5546875
0.72705078
1.0058594
-1.4521484
0.78857422
3.4492188
0.8046875
-2.2089844
0.88623047
-3.1230469
-1.3876953
-5.2851562
3.921875
-0.40625
-0.040344238
0.11047363
-4.6953125
-3.3828125
0.41674805
3.140625
-4.0234375
-6.7226562
0.036773682
-0.578125
-4.015625
-2.796875
-12.1875
3.0664062
-0.34692383
1.2519531
-4.9296875
0.85058594
0.97802734
0.96728516
0.19567871
-6.0507812
-0.1081543
-0.16992188
-4.6679688
-1.5048828
2.2304688
0.070251465
-1.6416016
-1.4287109
-0.82958984
-0.16540527
-3.8847656
3.2324219
4.2265625
0.04473877
0.88134766
-0.97363281
1.9130859
0.16992188
-3.0722656
0.69580078
0.60595703
0.54003906
0.91308594
-2.5957031
-0.57568359
1.2636719
-0.32763672
0.73974609
0.16052246
1.2939453
0.69189453
-2.1191406
-2.6054688
-3.8261719
-2.8183594
0.0084381104
-0.26074219
2.7285156
-2.3925781
-1.6025391
0.77929688
2.171875
0.52294922
-2.2324219
2.7519531
2.1582031
-1.2744141
-1.1230469
-1.5478516
-7.7148438
0.23498535
-0.81494141
1.5126953
-2.3144531
0.6796875
-11.648438
1.8183594
2.9179688
-2.9160156
-0.44189453
8.046875
5.53125
1.4580078
-2.8105469
-5.1757812
-6.7226562
5.8554688
1.7617188
4.1289062
-0.44824219
1.8671875
-2.5957031
0.82958984
-5.2304688
-7.96875
-3.6191406
-3.4160156
-5.03125
2.2578125
1.1083984
1.3017578
0.27880859
-0.58007812
-15.414062
-1.4951172
-11.507812
-2.0507812
-10.054688
0.038269043
6.2109375
4.8867188
1.2148438
-2.609375
0.26660156
0.72509766
-2.7753906
0.76464844
4.0742188
0.82763672
-2.1953125
1.3242188
-3.1835938
-1.9199219
-7.1367188
5.0859375
-0.9140625
-0.17907715
-0.11022949
-5.3984375
-5.0039062
0.74267578
3.6914062
-4.2421875
-8.3515625
0.51708984
0.048217773
-4.0820312
-3.8417969
-14.695312
3.5585938
-0.18078613
1.4580078
-4.9101562
0.76757812
1.078125
1.1220703
0.12902832
-6.484375
0.50244141
-0.25195312
-6.1953125
-1.0957031
2.8222656
0.43115234
-1.3710938
-2.2363281
-1.4541016
-0.22961426
-5.6992188
3.5
5.2421875
0.036529541
1.625
-1.2958984
1.7197266
0.72216797
-3.2246094
0.77783203
0.12164307
0.28027344
1.3759766
-2.9824219
-0.61230469
1.8457031
-0.34106445
0.67675781
-0.088439941
1.9179688
0.71679688
-2.7734375
-3.8320312
-3.6738281
-3.7988281
0.13500977
0.062164307
2.953125
-2.7402344
-2.0566406
1.2734375
3.1640625
0.31323242
-2.9941406
3.2167969
2.5664062
-2.6308594
-1.6513672
-1.1826172
-9.8359375
0.81884766
-0.66113281
1.6132812
-3.9609375
1.7617188
-13.929688
1.9667969
3.96875
4.6757812
-0.88964844
-7.1445312
2.8105469
-14.976562
1.3828125
1.3105469
-0.56298828
-1.5283203
1.734375
-0.52001953
7.0351562
-1.640625
2.4863281
4.3242188
2.3027344
-0.48364258
2.1933594
0.60644531
-1.2529297
2.8105469
-3.5410156
-1.0820312
-5.2695312
3.3671875
-4.1679688
1.5556641
-0.001909256
-0.51074219
5.7109375
-2.3574219
-1.7197266
1.421875
4.1015625
2.4667969
-3.4257812
4.0742188
1.4619141
0.7734375
-2.1484375
-0.73583984
0.94726562
-1.9697266
2.2832031
-4.6132812
-3.9316406
-1.7089844
0.73242188
3.6308594
2.2070312
0.0057106018
10.75
0.49975586
-8.828125
-0.22875977
2.8984375
-3.9472656
-0.98095703
0.36987305
3.21875
1.6347656
-2.3085938
0.35571289
1.2402344
-5.3945312
1.1132812
1.2744141
-8.0234375
-4.3242188
1.921875
1.2783203
-2.3007812
-7.0742188
2.4726562
-4.9726562
-3.0410156
3.8925781
2.4355469
0.34057617
0.0051307678
1.4833984
4.3164062
-2.90625
-2.5761719
4.8046875
1.4492188
-0.2088623
-0.06060791
3.1582031
1.7128906
0.17907715
-7.7109375
-0.74707031
-2.2714844
3.4492188
-4.7148438
4.3359375
1.5517578
-8.0546875
0.71972656
0.1595459
-14.046875
-1.5439453
2.484375
-1.2451172
-3.1699219
1.0673828
2.7070312
-0.96289062
3.4257812
-2.8964844
-3.3535156
-1.0742188
1.2011719
1.1113281
-6.5507812
-4.4726562
2.0546875
0.65966797
-4.4648438
0.48291016
-4.9960938
-3.0996094
-1.5771484
-0.46728516
3.7832031
-11.90625
-1.265625
-0.42651367
-0.35693359
1.4355469
1.1025391
0.27148438
-0.1920166
-0.63623047
-1.7255859
1.1601562
0.56396484
0.87207031
-0.022720337
0.24865723
-0.22119141
0.10137939
-0.49951172
-1.3349609
-0.42260742
-0.4597168
-0.34057617
0.45410156
0.37719727
0.069946289
-0.27807617
-0.36621094
-3.6914062
-0.44946289
-2.2402344
-0.12939453
-1.7158203
0.10516357
1.4541016
0.29492188
0.32104492
-0.16455078
-0.26123047
-0.11853027
-1.6113281
0.0076980591
0.24182129
0.32836914
0.013290405
0.25439453
-0.011688232
-0.88330078
-1.5771484
1.1240234
-0.56542969
-0.08807373
-0.24414062
-0.49389648
-1.4033203
0.12683105
0.70703125
-0.14672852
-1.6552734
0.60546875
0.25268555
-0.32641602
-0.63525391
-2.59375
0.38330078
-0.10778809
0.38305664
-0.30957031
-0.24975586
0.10980225
0.069641113
-0.029006958
-0.80566406
0.24560547
-0.25878906
-1.7421875
0.25878906
0.48706055
0.66503906
0.20275879
-0.81591797
-0.52441406
-0.078613281
-1.6328125
0.44213867
1.1884766
-0.14990234
0.74804688
-0.40258789
-0.28857422
0.74658203
-0.34082031
0.47900391
-0.25219727
-0.18188477
0.06451416
-0.62255859
-0.13647461
0.546875
0.065856934
0.085205078
-0.14416504
0.6953125
0.043212891
-0.70410156
-1.0087891
-0.01360321
-0.54638672
0.15454102
0.21826172
0.57519531
0.010261536
-0.17480469
0.26538086
0.56054688
-0.23596191
-0.55908203
0.33178711
0.50292969
-1.5302734
-0.72216797
0.2878418
-1.9580078
0.50683594
0.32104492
0.59472656
-1.9179688
0.87304688
-2.2324219
0.34741211
1.0214844
-2.0878906
-1.9394531
7.8632812
5.21875
1.5429688
-1.3808594
-4.171875
-9.546875
5.8710938
2.2617188
4.9414062
0.066040039
2.0898438
-1.2773438
0.28320312
-3.15625
-8.0703125
-1.6367188
-2.2753906
-2.1054688
2.1015625
2.2011719
0.23388672
-1.7822266
-1.3818359
-18.96875
-1.59375
-12.164062
-0.58056641
-8.5078125
0.91552734
7.9960938
2.2597656
1.8398438
-0.77783203
-1.7138672
-0.62011719
-8.015625
0.84033203
1.9423828
1.1962891
-0.47314453
1.5117188
-0.24768066
-4.1054688
-8.515625
5.9960938
-2.4511719
-0.94873047
-0.42578125
-3.2324219
-7.6757812
1.7099609
2.9980469
-1.4130859
-8.90625
3.3496094
1.7949219
-1.7890625
-3.9101562
-13.539062
2.1796875
-0.25219727
1.0693359
-1.3369141
-0.42358398
0.61962891
0.90771484
0.4909668
-4.4140625
1.8154297
-0.93408203
-8.671875
1.8642578
2.7851562
2.4628906
1.0976562
-3.5253906
-2.6015625
0.093383789
-8.9140625
1.6318359
5.7539062
-0.78564453
3.7382812
-2.1386719
-0.66455078
2.6289062
-1.7392578
1.8740234
-1.1699219
-0.77636719
1.296875
-3.0898438
-0.61376953
2.0214844
0.78222656
0.37060547
-0.60595703
3.5136719
0.087158203
-3.0195312
-6.0976562
-0.22900391
-3.3125
0.89941406
0.86572266
2.4941406
-0.48339844
-1.1191406
1.5927734
3.9921875
-1.1416016
-2.9472656
2.3886719
2.6054688
-7.4648438
-2.7558594
1.6357422
-11.367188
2.9980469
1.2060547
2.0039062
-8.28125
5.3710938
-11.875
1.53125
5.46875
-3.1386719
-1.2314453
9.53125
6.0390625
1.5976562
-2.6230469
-5.3671875
-8.453125
6.890625
2.4882812
4.9375
-0.1619873
1.9658203
-2.4550781
0.8203125
-5.4023438
-8.9921875
-3.7851562
-3.3222656
-5.1171875
2.7949219
1.7480469
1.3222656
-0.16589355
-0.80566406
-18.640625
-1.6542969
-13.4375
-1.8378906
-11.03125
0.43945312
8.1015625
4.4804688
1.671875
-2.3105469
-0.47045898
0.033172607
-4.921875
0.51318359
3.7792969
0.89746094
-1.8613281
2.0625
-2.9628906
-2.6914062
-8.7421875
5.8359375
-1.5800781
-0.41503906
-0.33349609
-5.5742188
-6.7226562
1.1464844
3.7695312
-3.9589844
-9.890625
1.1914062
0.91943359
-3.9863281
-4.515625
-16.296875
3.6289062
-0.17675781
1.9130859
-4.3046875
0.52294922
0.92822266
1.5410156
-0.15991211
-6.7070312
1.2412109
-0.31176758
-7.8125
-0.057830811
3.2597656
1.0517578
-0.78857422
-3.2441406
-2.1445312
-0.61962891
-7.8945312
3.7382812
6.2421875
0.0071601868
2.6054688
-1.4111328
1.1884766
1.4931641
-3.1542969
0.97705078
-0.36010742
-0.12457275
1.6171875
-3.2148438
-1.0019531
2.2753906
-0.24072266
0.67382812
-0.58886719
2.4179688
0.81738281
-3.1835938
-5.15625
-3.1640625
-4.484375
0.36499023
0.60302734
3.0078125
-2.640625
-2.2265625
1.7783203
3.9726562
-0.13989258
-3.6367188
3.4765625
3.2089844
-4.4375
-2.3710938
-0.35522461
-11.453125
1.5839844
-0.13330078
2.0722656
-6.1015625
3.1796875
-15.34375
1.9169922
5.0664062
1.6171875
-3.2050781
0.45288086
4.7851562
-3.5683594
1.2441406
1.3066406
-14.476562
1.78125
1.0048828
2.7421875
3.6953125
2.2636719
-0.42333984
0.82763672
4.6210938
-5.5625
3.1132812
-2.5097656
0.87207031
3.25
2.2675781
-0.59423828
-5.1835938
-1.9267578
-21.609375
-1.2851562
-11.789062
-0.66503906
-3.1660156
1.6699219
2.3417969
-0.87207031
1.2871094
1.9072266
-4.7695312
2.6113281
-12.679688
1.9941406
-3.6308594
0.78613281
1.0664062
0.90429688
1.1845703
-6.7382812
-11.125
4.9882812
-5.5117188
-0.21887207
-0.10345459
0.49291992
-3.1933594
0.35546875
-2.2363281
1.7958984
-3.1816406
5.5703125
2.8535156
-0.11047363
-1.0429688
-5.1640625
-0.67041016
-0.50390625
1.7744141
-1.484375
-1.2451172
0.83740234
-4.2304688
4.0195312
-2.8300781
0.28173828
-4.7734375
-12.039062
2.6699219
-0.63330078
6.234375
1.8046875
-1.2109375
-1.7705078
0.88964844
-5.1992188
0.079589844
2.3085938
-4.71875
4.5742188
-5.2109375
-8.265625
2.0820312
0.51611328
3.0566406
-3.9707031
-1.7841797
0.055053711
-5.6328125
1.5673828
-2.5703125
1.8242188
0.48632812
-2.2148438
9.0859375
0.2166748
-7.6367188
-8.4140625
1.2802734
-1.3349609
-0.71289062
1.4277344
-0.035522461
7.9960938
6.6757812
-0.12744141
1.5019531
-1.4169922
-0.35742188
-0.74072266
0.94335938
-14.890625
-2.8945312
3.3789062
-10.570312
4.21875
3.8652344
-0.50146484
-13.398438
4.4101562
-2.5429688
0.16174316
7.9296875
0.12915039
-1.2529297
0.6875
2.0175781
-0.95556641
0.65625
0.28564453
-5.3125
1.2060547
0.55712891
1.1933594
1.0830078
0.67675781
-0.15686035
0.26904297
1.3007812
-2.2597656
0.89648438
-0.83935547
0.67236328
1.0449219
0.80761719
-0.12121582
-1.7236328
-0.86376953
-8.4609375
-0.40039062
-4.5898438
-0.090698242
-1.5458984
0.67578125
1.3984375
-0.34765625
0.53466797
0.59716797
-1.8554688
0.68945312
-5.0546875
0.85302734
-0.9296875
0.53173828
0.42553711
0.52392578
0.65966797
-2.734375
-4.3515625
2.2753906
-1.9648438
-0.1151123
0.0050544739
0.27709961
-1.8408203
0.21716309
-0.14758301
0.79589844
-1.8652344
2.1308594
1.0595703
0.15600586
-0.61767578
-2.5097656
-0.089904785
-0.19238281
0.53417969
-0.36694336
-0.53613281
0.11578369
-1.3701172
1.2832031
-1.0136719
0.39428711
-1.5234375
-4.5039062
1.0205078
0.25537109
2.5078125
0.89160156
-0.51855469
-1.0400391
0.20800781
-2.46875
-0.076293945
1.3388672
-1.7265625
2.0761719
-1.8349609
-2.8027344
0.88378906
-0.24060059
1.3212891
-1.4707031
-0.47875977
0.17297363
-2.0546875
0.40771484
-0.51220703
0.57568359
0.022079468
-0.75341797
3.1640625
-0.18688965
-2.3671875
-2.9941406
0.70166016
-0.58154297
-0.31958008
0.65283203
0.31591797
2.5703125
2.1875
0.19067383
0.7578125
-1.0224609
-0.32226562
-0.15759277
0.4453125
-5.5664062
-1.2753906
1.3134766
-4.1835938
1.8701172
1.6044922
0.010246277
-5.0898438
1.8574219
-1.6582031
0.064208984
3.1503906
-9.03125
1.1240234
-0.55712891
-9.875
1.2060547
-3.2578125
-7.2148438
-2.1035156
2.59375
1.5898438
-1.9580078
4.5664062
0.46313477
-8.703125
-1.4160156
-9.34375
0.24902344
-7.8242188
1.6669922
-3.46875
1.5830078
-5.7265625
1.0439453
2.2871094
0.56640625
0.77734375
-2.8828125
4.734375
-2.2890625
-6.0351562
4.28125
-1.3125
-3.7539062
-1.8789062
0.33398438
3.1289062
2.4316406
0.31347656
-2.5644531
-6.421875
-3.6640625
-7.921875
-1.8837891
-5.1484375
1.6796875
2.1855469
2.2773438
1.3251953
-3.9179688
-0.24597168
0.40014648
-3.0234375
1.4414062
0.734375
-0.061950684
-0.79199219
-4.6289062
-7.4570312
-2.765625
-0.83056641
-6.1679688
2.8984375
-1.1367188
2.2480469
-0.63818359
5.1054688
-5.1210938
5.1132812
-0.66064453
-9.046875
-10.03125
1.5068359
1.9423828
-3.9765625
-1.3994141
-5.515625
-8.6015625
1.3759766
6.4335938
-0.58544922
5.3164062
5.8398438
-3.1640625
-1.2285156
-6.3125
0.21459961
3.2539062
-7.4882812
-4.359375
1.5273438
-1.6865234
4.0429688
-1.4677734
2.1015625
-2.7949219
-4.7617188
-8.109375
-5.5117188
3.7597656
-4
0.59277344
3.9433594
1.1513672
-14.921875
-4.296875
4.9726562
-0.097473145
-1.8798828
-2.2988281
0.86279297
-1.9404297
-2.5371094
5.1171875
1.1425781
2.6835938
-0.38842773
3.2578125
-0.46679688
-1.4863281
0.35620117
-7.46875
-1.9423828
2.3242188
8.015625
-5.8164062
-6.4882812
1.5673828
-1.25
1.4189453
-0.35375977
-1.5634766
0.99365234
-3.7480469
0.6953125
0.64111328
-1.90625
-0.23083496
-0.06463623
0.0086898804
1.7998047
-0.26171875
0.546875
0.81738281
1.5126953
-0.58007812
0.89013672
-0.17675781
0.024475098
0.71044922
0.28442383
-0.42504883
-1.7695312
0.55957031
-3.3261719
0.26879883
-1.1367188
-0.20800781
0.99365234
-0.46826172
-0.30761719
0.53125
0.75195312
1.5761719
-1.7763672
1.5429688
-1.21875
0.21936035
-0.82617188
-0.30957031
0.67333984
-0.10327148
0.70507812
-1.2607422
-2.0800781
-0.086791992
-0.52490234
0.98828125
0.48681641
0.21972656
2.3671875
-0.14245605
-2.21875
-0.28588867
0.037353516
0.68164062
0.034179688
-0.31982422
0.24780273
0.13269043
-0.35571289
-0.08404541
-0.073730469
-1.5761719
0.26806641
0.22241211
-2.2871094
-0.069335938
-0.12005615
0.91992188
-1.1191406
-3.0371094
1.3505859
-1.3173828
0.047363281
0.97021484
0.18469238
0.18566895
0.18261719
0.036437988
0.7265625
-0.77001953
-1.6689453
1.7392578
-0.33105469
-1.4140625
-0.23864746
0.80810547
0.36450195
-0.59912109
-1.9521484
0.019226074
-1.0751953
0.46069336
-1.2001953
1.0585938
0.48022461
-2.0859375
0.94628906
-0.29516602
-4.0195312
-1.1796875
0.90087891
-0.3347168
-0.61816406
0.55224609
0.24694824
0.83349609
1.9257812
-0.35473633
-0.30493164
-0.52539062
0.43066406
0.27001953
-0.53564453
-3.0039062
0.01449585
0.13684082
-2.1816406
-0.0044136047
-0.048583984
-1.3339844
-1.7802734
0.19592285
0.78515625
-2.3222656
0.97363281
0.081848145
-1.0078125
-2.3652344
-1.6357422
-5.9492188
0.34960938
-0.3527832
2.046875
1.0615234
1.4912109
-1.1064453
3.7480469
-0.55810547
1.5146484
0.96289062
-1.8935547
1.078125
-1.3222656
1.5244141
0.14746094
1.5205078
-3.6269531
-0.072937012
-1.0664062
2.0839844
1.2011719
0.29785156
2.6796875
0.35888672
1.4902344
-0.53320312
0.13964844
-0.96240234
2.5175781
1.2392578
-0.42504883
0.99804688
1.9580078
-1.0800781
-2.1328125
-0.62841797
-1.1201172
-1.1171875
0.73242188
-0.89599609
0.59570312
-0.20007324
0.71289062
0.24279785
0.37084961
0.16162109
2.7675781
0.84521484
-3.1835938
1.0751953
1.6523438
-4.3242188
-1.5478516
2.0097656
1.4433594
1.0302734
-0.4309082
0.53271484
0.88085938
0.67382812
0.60351562
-0.87695312
-1.4677734
-3.703125
1.5947266
-0.90576172
0.234375
-0.76806641
0.16369629
-2.1152344
-3.0644531
0.82080078
0.15759277
0.30371094
-0.66552734
0.27856445
3.1308594
-1.5410156
1.0849609
0.71728516
1.8945312
0.73583984
0.053985596
1.0585938
0.35595703
-0.84423828
-3.1367188
-0.1307373
1.5791016
1.7080078
-0.66943359
0.41650391
-0.90332031
-3.7519531
-0.97753906
0.25878906
-3.6523438
0.57763672
-0.4597168
-2.2578125
-0.52392578
0.41943359
0.99511719
-3.1132812
-0.43798828
-1.765625
-2.7402344
0.79882812
0.02432251
1.1142578
-4.9179688
0.23120117
0.54003906
0.64794922
0.43017578
-0.77148438
-3.6035156
-0.35449219
1.2041016
-0.53808594
0.86425781
-5.71875
-1.4511719
-2.515625
0.73828125
0.63183594
-1.3583984
0.72460938
-1.40625
-2.828125
-1.0458984
0.92041016
0.1595459
-0.0068817139
0.62109375
0.21838379
-2.9609375
-0.36181641
-3.0253906
-0.89794922
-2.546875
-0.28515625
-1.8603516
0.33935547
-0.90722656
0.31103516
0.76953125
0.19543457
-1.296875
-0.90771484
-0.2590332
-0.92626953
-2.8867188
0.68505859
0.051147461
0.35009766
-0.73388672
-0.28515625
0.85888672
1.0859375
0.47851562
-0.37939453
-0.52148438
-0.84082031
-2.1582031
-0.30126953
-1.9248047
0.42993164
-0.081970215
1.0498047
0.51171875
-0.57080078
0.049377441
-0.57714844
-0.70898438
0.12878418
1.0791016
-1.4042969
-1.4853516
-0.79345703
-2.4570312
-2.2285156
-0.97216797
-3.6464844
1.3886719
-0.52832031
-0.079711914
-1.8925781
1.5791016
-1.0957031
1.4189453
-0.089233398
-3.7207031
-2.125
0.17541504
-0.14099121
-1.0800781
-0.16748047
-1.5771484
-2.8320312
0.38720703
1.5576172
0.24829102
1.2041016
1.6708984
-0.50537109
-0.88720703
-1.6484375
-0.095153809
1.6113281
-2.3613281
-1.7539062
0.22875977
0.020629883
1.2900391
-0.1998291
-0.10882568
-1.4765625
-0.97607422
-1.8193359
-1.171875
1.2353516
-1.4345703
0.01448822
0.484375
0.23095703
-4.2929688
-1.0048828
1.3613281
-0.25244141
-0.41455078
-0.82714844
-0.12011719
0.13134766
0.096923828
1.1289062
0.41210938
1.078125
1.0205078
0.72314453
-0.27880859
-1.2207031
-1.2958984
-2.3515625
-0.58007812
0.51806641
2.3671875
-1.890625
-3.5996094
0.93945312
0.030944824
2.65625
-0.65478516
-4.2109375
1.4589844
-8.65625
0.66162109
0.83349609
0.21728516
-0.72119141
1.1523438
-0.421875
4.3789062
-1.0566406
1.9306641
2.6757812
1.0390625
-0.070373535
0.95898438
0.43847656
-0.73291016
1.6328125
-2.453125
-0.40087891
-2.9042969
1.9443359
-1.7509766
0.87841797
0.37084961
-0.27075195
3.2519531
-1.3515625
-0.98974609
0.87841797
2.3378906
1.4560547
-1.6171875
2.3613281
1.1669922
0.37719727
-1.2119141
-0.39550781
0.20239258
-1.2675781
1.40625
-2.5976562
-1.7617188
-1.015625
0.43505859
1.9599609
1.1972656
-0.15002441
6.4257812
0.20959473
-5.0507812
-0.21142578
1.7636719
-2.8886719
-0.8515625
0.39257812
1.9716797
1.1816406
-1.4677734
0.4050293
0.81738281
-2.9023438
0.640625
0.69921875
-4.453125
-2.6328125
1.2607422
0.63525391
-1.0898438
-3.7714844
1.2685547
-2.8867188
-2.1269531
2.1992188
1.1972656
0.17590332
-0.11993408
1.0654297
2.8417969
-1.7041016
-0.95654297
2.8164062
0.98828125
-0.018783569
0.15759277
1.6201172
0.95898438
0.29223633
-4.4609375
-0.48779297
-1.0761719
2.1542969
-2.4882812
2.6210938
1.0078125
-4.8007812
0.30664062
0.16650391
-7.9960938
-0.56982422
1.3457031
-0.97851562
-1.9609375
0.66699219
2
-1.0839844
1.7158203
-1.8105469
-2.4160156
-0.43457031
0.47729492
0.69628906
-4.0742188
-2.0605469
1.1318359
0.10778809
-1.9433594
0.34814453
-3.1425781
-1.4257812
-0.79199219
-0.32958984
2.1542969
-7.0664062
-1.0039062
-1.8046875
-0.094482422
4.578125
3.0175781
0.984375
-2.1269531
-2.9414062
-3.2070312
3.1640625
1.1210938
2.234375
-0.098571777
0.59375
-2.1621094
0.95068359
-3.3535156
-4.4570312
-2.6464844
-2.2109375
-3.8515625
1.1044922
0.28955078
0.97705078
0.70410156
-0.16906738
-7.875
-1.1328125
-5.828125
-1.3876953
-5.8046875
0.1784668
3.2480469
2.9121094
0.38891602
-1.9296875
0.82421875
0.69970703
-0.87109375
0.54199219
2.1875
0.6171875
-1.6289062
0.72705078
-2.4589844
-0.97460938
-3.3652344
2.5195312
-0.13903809
0.0061187744
0.12976074
-3.3632812
-2.0175781
0.057220459
2.0390625
-2.9238281
-4.7890625
-0.15637207
-0.60791016
-3.1542969
-1.8212891
-8.453125
2.0917969
-0.43139648
1.1933594
-3.9140625
0.67138672
0.66064453
0.70996094
-0.032012939
-4.6054688
-0.34838867
-0.14611816
-3.2128906
-1.1953125
1.5136719
-0.077636719
-1.4189453
-0.84960938
-0.28759766
-0.26049805
-2.3535156
2.59375
2.9335938
-0.07800293
0.46044922
-0.63769531
1.5878906
-0.019134521
-2.3535156
0.66015625
0.68994141
0.47192383
0.35986328
-1.9414062
-0.50976562
0.65820312
-0.21020508
0.54003906
0.16418457
0.6484375
0.625
-1.5244141
-1.6865234
-3.0800781
-1.8554688
0.026992798
-0.19885254
2.0390625
-1.609375
-1.0214844
0.51513672
1.2685547
0.36889648
-1.4199219
1.8222656
1.8320312
-0.53710938
-0.72753906
-1.296875
-5.125
-0.076782227
-0.6015625
1.3935547
-1.5029297
0.066589355
-8.1015625
1.4570312
1.7255859
-0.21984863
-1.4863281
2.1992188
2.4882812
-0.23681641
0.48364258
-0.37109375
-6.0390625
2.2636719
0.93847656
2.140625
0.67089844
0.77148438
-0.54736328
0.057800293
0.45800781
-3.3613281
0.43652344
-0.60253906
0.65380859
0.82519531
0.86914062
-0.13818359
-1.8476562
-0.68115234
-10.523438
-0.51513672
-5.8789062
0.1071167
-2.6601562
0.79394531
2.9785156
-0.26220703
0.67089844
0.43212891
-1.9599609
0.26611328
-6.1953125
1.0039062
-0.328125
1.1523438
0.18481445
1.0302734
0.66748047
-3.6835938
-5.1484375
3.4082031
-2.1074219
-0.12194824
-0.13244629
0.16723633
-3.6796875
0.51318359
0.48095703
0.96044922
-3.6425781
2.8398438
1.5527344
0.13928223
-1.1962891
-4.3359375
0.28491211
-0.18786621
0.31298828
0.010055542
-0.69433594
0.22070312
-1.2158203
0.91308594
-1.4160156
0.92773438
-1.3427734
-5.265625
1.5322266
0.77783203
2.8046875
1.1298828
-0.94824219
-1.671875
0.31982422
-4.0976562
-0.31152344
2.4238281
-1.7373047
2.7597656
-2.0410156
-2.5957031
1.5185547
-0.43847656
1.4394531
-1.7050781
-0.39111328
0.4855957
-2.265625
0.17102051
0.080322266
0.60595703
-0.15527344
-0.62158203
3.171875
-0.37646484
-2.1015625
-3.8164062
1.2841797
-0.94824219
-0.068847656
0.56201172
0.97070312
2.0722656
1.4609375
0.37670898
1.3847656
-1.4306641
-0.74023438
-0.028671265
0.78564453
-6.4257812
-1.5859375
1.6162109
-5.6210938
2.5546875
1.8779297
0.41137695
-5.8007812
3.0332031
-3.3144531
0.34472656
3.5253906
-3.8105469
0.77539062
6.3320312
3.234375
1.84375
-4.0625
-5.1757812
-4.3554688
3.5976562
1.5361328
2.8691406
0.56396484
-0.03237915
-5.3359375
2.1660156
-6.3945312
-7.3007812
-4.8984375
-2.9570312
-7.6054688
1.3710938
0.10754395
1.3994141
1.6748047
-0.15515137
-10.09375
-1.7119141
-7.7265625
-2.6367188
-8.78125
0.39941406
4.0742188
4.6445312
-0.66162109
-3.6152344
2.3476562
1.6005859
-0.49121094
1.3339844
3.0507812
0.27661133
-3.3476562
0.97216797
-4.8242188
-1.125
-4.7460938
3.4902344
1.3925781
-0.14538574
0.91503906
-5.2734375
-2.2714844
0.51318359
2.5976562
-4.9726562
-7.171875
-0.89697266
-2.2949219
-6.6484375
-2.4316406
-13.445312
3.1757812
-0.39331055
1.9853516
-7.9648438
2.4101562
0.17797852
1.4365234
0.092224121
-9.0390625
-1.7626953
0.58691406
-3.84375
-2.5273438
2.1425781
-1.7060547
-3.5390625
0.58984375
0.73242188
-0.12078857
-1.1103516
4.0585938
3.1152344
-0.87646484
-0.54052734
-0.35424805
4.421875
-2.1425781
-4.7109375
1.3789062
2.328125
1.4658203
0.27954102
-3.4335938
-1.3916016
-0.90039062
-0.96240234
0.91601562
1.7148438
-1.1845703
0.82275391
-1.8095703
-1.8027344
-6.8046875
-2.4179688
0.67773438
-0.23742676
2.9648438
-2.6445312
-1.5556641
0.80419922
1.53125
0.59179688
-1.4150391
3.0136719
3.8457031
0.99023438
-0.50830078
-3.0957031
-7.6289062
-1.1933594
-1.1240234
2.3300781
0.67919922
-1.6777344
-12.710938
2.5859375
0.90234375
1.9287109
-0.74316406
-3.4550781
0.77685547
-7.2773438
0.38452148
0.77539062
0.78808594
-0.10180664
0.95996094
-0.6328125
4.0507812
-0.98291016
2.0214844
2.3769531
0.2434082
0.029052734
0.37207031
0.65917969
-0.47900391
1.3984375
-2.3574219
-0.25585938
-2.1210938
1.7763672
-0.76318359
0.765625
0.94189453
0.095336914
2.6894531
-0.99023438
-0.62890625
0.59619141
1.9970703
1.2822266
-1.0380859
2.0449219
1.1855469
0.21044922
-1.09375
-0.20043945
-0.19213867
-1.1035156
1.1386719
-2.0839844
-0.92871094
-0.81445312
0.65722656
1.3876953
1.0664062
-0.32128906
5.2109375
0.24365234
-4.1953125
-0.11199951
1.4746094
-2.9941406
-0.890625
0.67871094
1.7080078
1.265625
-1.2109375
0.53369141
0.75585938
-2.0957031
0.57470703
0.3371582
-3.4335938
-2.5820312
1.1855469
0.37939453
-0.52587891
-2.6816406
0.83398438
-2.3671875
-2.171875
1.9550781
0.98583984
0.038452148
-0.15844727
0.89697266
2.7871094
-1.3916016
-0.12304688
2.2265625
1.2617188
0.19287109
0.11413574
1.2480469
0.70410156
0.22717285
-3.7617188
-0.26049805
-0.48193359
2.0117188
-1.5849609
2.2636719
0.6875
-4.234375
-0.030502319
0.056121826
-6.2734375
-0.17419434
0.94238281
-1.1005859
-1.6240234
0.53417969
2.0234375
-1.6396484
1.1601562
-1.7304688
-2.4921875
-0.18347168
0.16625977
0.83984375
-3.8339844
-0.95605469
0.9765625
-0.015563965
-0.97021484
0.17834473
-3.0136719
-1.0244141
-0.29541016
-0.30541992
1.6796875
-6.15625
-1.1289062
-11.234375
-0.94677734
-5.3710938
-13.75
-2.9238281
-1.7617188
-8.296875
0.5703125
3.7988281
3.8554688
-3.890625
7.765625
1.0029297
-6.9296875
-2.3730469
-12.632812
3.9921875
-9.6171875
4.5
0.89746094
1.3779297
-12.132812
0.83691406
0.8828125
1.8632812
5.3867188
-2.0097656
10.828125
0.18969727
-3.3554688
5.2695312
-2.0058594
-8.78125
0.013809204
0.99121094
3.0585938
2.0566406
0.67724609
-3.5859375
-10.171875
-4.0078125
-10.382812
-4.6953125
-3.1269531
-0.82714844
5.40625
3.5488281
1.4902344
-5.3789062
-0.54736328
4.0585938
-3.4980469
3.109375
0.084594727
4.9375
2.0078125
-10.554688
-10.421875
2.7871094
0.76513672
-1.2412109
1.6855469
-1.1035156
1.4912109
5.0976562
5.2460938
-8.0234375
5.9453125
-4.7539062
-5.3554688
-13.273438
1.8398438
3.9375
-4.0078125
-2.8183594
-8.328125
-8.3046875
1.9882812
6.0429688
-0.43725586
5.5625
6.6054688
-4.9101562
-0.20007324
-6.6796875
1.2617188
3.9023438
-6.9414062
-4.2148438
3.1640625
-3.59375
3.8652344
-2.2363281
5.0546875
-1.5214844
-5.0195312
-8.3046875
-9.28125
1.5625
-4.4882812
0.25830078
5.5351562
3.0625
-15
-5.3632812
5.3007812
-0.40820312
-2.1699219
-4.515625
-0.80273438
-3.3808594
-6.2929688
5.3007812
2.0839844
2.390625
-8.015625
3.0175781
-0.69042969
1.2617188
3.6972656
-6.0820312
-5.8085938
3.6171875
10.65625
-5.4765625
-3.3925781
-5.1171875
-3.0039062
-9.6796875
-0.10571289
-2.5527344
-11.257812
-0.17321777
-2.1523438
-6.7695312
-1.3720703
2.6289062
2.3125
-2.7792969
5.9765625
0.81933594
-7.5507812
-1.8183594
-10
1.5458984
-7.90625
2.5507812
-1.4550781
1.6269531
-7.7851562
0.92529297
1.5185547
0.6328125
2.7832031
-2.5292969
7.1835938
-0.84082031
-4.4296875
4.5742188
-1.4755859
-6.1992188
-1.0019531
0.23449707
2.9863281
2.1933594
0.061676025
-2.8691406
-8.3671875
-3.875
-8.6328125
-2.875
-4.09375
0.765625
2.9746094
2.9160156
1.3046875
-4.5429688
-0.34350586
2.0332031
-3.2695312
1.9433594
0.25805664
2.2714844
1.0839844
-6.9257812
-7.765625
-0.36132812
0.013046265
-3.1679688
2.2265625
-0.59130859
2.2324219
1.8486328
4.5898438
-6.1171875
5.7929688
-1.7705078
-6.9921875
-11.078125
1.7001953
2.9316406
-4.0234375
-1.6025391
-6.0742188
-8
1.8466797
5.8125
-0.25415039
5.3710938
5.8671875
-3.7773438
-0.34008789
-6.5976562
0.86767578
3.0976562
-6.6289062
-4.1054688
2.1855469
-2.6367188
3.7617188
-1.7021484
3.0859375
-2.0019531
-4.5625
-7.75
-6.6328125
2.8671875
-3.65625
0.78662109
4.984375
1.9990234
-14.234375
-4.3398438
5.3125
-0.055877686
-2.2402344
-2.5605469
0.13061523
-2.4980469
-4.2851562
5.1367188
1.6376953
2.5
-3.3691406
3.0820312
-0.59667969
-0.25463867
1.9824219
-6.34375
-3.3027344
2.8261719
8.3359375
-5.34375
-4.5195312
-0.67382812
-2.2402344
-0.38354492
-1.1005859
2.9765625
2.4179688
0.47167969
-0.25439453
-1.2773438
-5.0039062
2.375
1.1396484
2.4492188
-0.03817749
1.1318359
-0.31420898
0.12744141
-0.18066406
-3.3457031
-0.41503906
-0.890625
-0.1640625
0.91796875
0.72558594
-0.057312012
-1.3876953
-0.37548828
-9.625
-0.81787109
-5.640625
-0.25976562
-3.2949219
0.41381836
3.2988281
0.40307617
0.73730469
-0.20715332
-0.96240234
-0.20605469
-4.734375
0.29418945
0.33276367
1.0683594
0.028167725
0.63330078
0.20275879
-2.9472656
-4.1835938
3.0234375
-1.7392578
-0.43798828
-0.35693359
-0.65673828
-3.5585938
0.6484375
1.1689453
0.050170898
-3.7988281
2.109375
0.87548828
-0.41772461
-1.1875
-5.3515625
0.48901367
-0.34570312
0.64404297
-0.0073013306
-0.69970703
0.50878906
-0.37695312
0.45336914
-1.4375
0.72363281
-1.2412109
-4.6757812
1.2324219
1.1367188
2.0585938
0.59521484
-1.8769531
-1.3710938
0.040252686
-4.1914062
0.23046875
2.5683594
-1.0859375
2.0761719
-1.5673828
-1.6660156
1.9150391
-0.57177734
1.1308594
-1.1611328
-0.17468262
0.35131836
-1.6953125
-0.041534424
0.64648438
0.703125
0.067138672
-0.16955566
2.3945312
0.073425293
-1.8632812
-3.2832031
0.77832031
-1.1640625
0.34741211
0.33691406
1.1240234
0.86572266
0.32080078
0.45996094
1.5957031
-0.83984375
-0.95361328
0.31225586
0.92333984
-4.9570312
-1.6689453
1.3574219
-5.2148438
1.9482422
1.1513672
1.0341797
-5.1992188
2.5839844
-4.140625
0.57128906
3.0058594
-11.164062
1.1699219
-1.3173828
-12.445312
1.1669922
-3.5898438
-8.5625
-2.3300781
3.0722656
2.0761719
-2.6953125
5.9101562
0.78759766
-10.054688
-1.8125
-11.421875
0.80126953
-9.4453125
2.3359375
-3.3828125
2.0195312
-7.4179688
1.3037109
2.4492188
0.58203125
1.4667969
-3.3339844
6.46875
-2.2167969
-6.7304688
5.3046875
-1.8144531
-5.3632812
-2.0859375
0.46411133
3.7539062
2.9296875
0.23852539
-3.3007812
-8.3828125
-4.5429688
-9.8671875
-2.7324219
-5.8203125
1.7509766
2.9121094
2.8652344
1.5478516
-5.0390625
-0.43823242
1.0449219
-3.7851562
1.9169922
0.76513672
0.49902344
-0.21472168
-6.2539062
-9.0390625
-2.5019531
-0.75830078
-6.5078125
3.1972656
-1.2636719
2.9199219
0.098388672
6.1523438
-6.2695312
6.3945312
-0.94921875
-10.375
-12.546875
1.9101562
2.7109375
-4.8984375
-1.6542969
-6.640625
-10.351562
1.8867188
7.6679688
-0.63037109
6.5351562
7.1640625
-3.953125
-1.0039062
-7.8007812
0.32128906
3.796875
-8.875
-5.078125
2.0566406
-2.4121094
4.875
-1.8867188
2.8105469
-3.1191406
-5.8085938
-9.8671875
-7.1796875
4.4023438
-4.8125
0.75048828
5.1523438
1.5556641
-17.9375
-5.1835938
6.1054688
-0.049255371
-2.3164062
-2.7773438
0.96972656
-2.6367188
-3.7304688
6.1914062
1.4707031
3.1953125
-1.4130859
4.0078125
-0.65869141
-1.3945312
1.0859375
-8.6328125
-2.7246094
2.8886719
9.6953125
-6.875
-6.984375
1.2792969
-1.7744141
3.4824219
-0.56005859
-4.21875
2.3554688
-9.453125
1.3476562
1.1640625
-3.0429688
-0.77978516
0.21899414
-0.11914062
4.2734375
-0.62353516
1.3818359
2.2285156
2.75
-1.0634766
2.0234375
-0.041687012
-0.47290039
1.671875
-0.16088867
-1.2392578
-4.0117188
1.9208984
-6.0703125
0.91845703
-1.7919922
-0.2019043
3.0097656
-1.3886719
-0.83105469
1.1894531
2.1835938
3.1054688
-3.5761719
3.3007812
-1.2021484
0.7265625
-1.7744141
-0.60107422
1.3203125
-0.68505859
1.4462891
-3.09375
-4.2226562
-0.76464844
-0.58251953
2.4628906
1.4638672
0.25634766
6.1914062
-0.023101807
-5.421875
-0.54150391
0.59570312
0.11706543
-0.14318848
-0.47021484
0.97314453
0.81884766
-1.0605469
-0.2890625
-0.14050293
-3.9824219
0.83007812
0.56738281
-5.4492188
-1.2294922
0.33569336
1.8974609
-2.3144531
-6.46875
2.8085938
-3.1601562
-0.78271484
2.2578125
1.0439453
0.40869141
0.49731445
0.28393555
2.0390625
-2.0058594
-3.4179688
3.84375
-0.3046875
-2.0234375
-0.62353516
2.1191406
0.92138672
-0.73095703
-4.9882812
0.10577393
-2.1855469
1.4785156
-3.0742188
2.9003906
1.0097656
-5.125
1.4013672
-0.34008789
-9.6328125
-2.1796875
2.0664062
-0.55175781
-1.6503906
1.0712891
0.72216797
1.1572266
3.9511719
-1.0097656
-1.0185547
-1.2089844
1.15625
0.69042969
-2.3125
-5.5820312
0.6640625
0.43798828
-4.7070312
0.17199707
-1.3212891
-3.21875
-2.7929688
0.23120117
2.3476562
-6.4257812
1.1210938
-0.81542969
-2.0332031
5.2460938
4.1367188
0.69140625
-0.065246582
-2.1445312
-9.6015625
4.375
1.7607422
4.4375
0.34863281
1.9980469
-0.71533203
0.10351562
-0.29345703
-6.4726562
-0.20532227
-1.2568359
0.19055176
1.5058594
1.5390625
-0.10687256
-2.7773438
-0.72119141
-17.640625
-1.2197266
-10.273438
-0.14160156
-5.5585938
0.97753906
6.1171875
0.671875
1.28125
-0.0049247742
-2.328125
-0.17529297
-9.1171875
0.97216797
0.64306641
1.8886719
0.014350891
1.5292969
0.66894531
-5.4570312
-8.1015625
5.78125
-3.0566406
-0.80126953
-0.31225586
-0.87304688
-6.8046875
1.4882812
1.7617188
0.32836914
-6.9414062
4.3398438
2.078125
-0.44262695
-2.3769531
-9.40625
0.90478516
-0.39526367
0.64404297
0.16430664
-1.0244141
0.78564453
-0.71240234
1.0566406
-2.5292969
1.8183594
-1.9277344
-8.5390625
2.4882812
2.2304688
3.8144531
1.5488281
-2.7734375
-2.7539062
0.37426758
-7.734375
0.10638428
4.6953125
-1.9765625
4.1875
-2.921875
-3.0410156
2.9902344
-1.1123047
1.9970703
-2.2246094
-0.53808594
1.0537109
-3.1660156
0.01852417
0.92089844
1.2597656
0.036010742
-0.41772461
4.34375
-0.14331055
-3.0859375
-6.3085938
1.7041016
-2.1269531
0.75439453
0.78710938
1.9707031
1.6396484
0.88134766
0.78320312
3.1757812
-1.8173828
-1.7138672
0.73242188
1.6542969
-9.1796875
-2.6425781
2.4453125
-9.9609375
3.8554688
2.3222656
1.2480469
-9.15625
5.2109375
-7.3632812
0.97607422
5.6640625
-7.546875
-1.7646484
-5.9375
-12.71875
-5.8671875
-0.49755859
-6.6445312
3.3457031
3.8125
3.9316406
-2.8574219
7.546875
0.96533203
-2.8554688
-1.7841797
-10.203125
4.28125
-7.609375
6.2851562
2.90625
1.3710938
-12.375
-0.57568359
-1.0449219
4.0703125
5.9492188
-0.62939453
11.507812
1.1474609
0.15332031
2.921875
0.17126465
-8.015625
2.6347656
2.0859375
1.6132812
1.2646484
1.7998047
-3.9199219
-8.8046875
-2.2929688
-8.125
-4.5429688
-0.10137939
-1.8837891
5.5625
3.2558594
2.1953125
-4.125
-0.041687012
4.2421875
-1.8740234
4.2734375
-2.1191406
5.6445312
2.6054688
-10.578125
-8.4765625
4.9804688
2.4003906
0.84912109
-0.10290527
-0.13806152
1.1425781
7.3398438
3.7480469
-5.9140625
3.4746094
-7.5507812
-0.24658203
-9.2578125
2.0976562
2.6542969
-1.3896484
-3.2460938
-8.6328125
-4.2304688
0.20629883
3.9824219
-0.72998047
2.1425781
5.9921875
-4.46875
1.6171875
-3.6757812
3.1777344
3.3300781
-3.4882812
-1.0644531
2.1621094
-3.7207031
0.34521484
-1.4785156
6.6289062
0.43994141
-2.9667969
-5.0820312
-8.03125
-1.3701172
-5.234375
-0.074035645
2.4980469
2.71875
-8.5546875
-5.1171875
4.328125
-0.4050293
-0.72412109
-7.1210938
-2.5625
-4.2226562
-6.3320312
3.7402344
1.5087891
1.9335938
-10.523438
1.9892578
-0.609375
2.8378906
3.2617188
-4.3671875
-7.015625
2.6523438
8.9453125
-2.3945312
-0.85644531
-9.578125
-3.9472656
3.8183594
-0.72412109
-5.6992188
2.3476562
-11.867188
1.1171875
1.0371094
-0.51953125
-1.2714844
1.3837891
-0.36035156
5.5664062
-1.2451172
1.9882812
3.4648438
1.9375
-0.31860352
1.6796875
0.37524414
-0.98339844
2.2050781
-2.8027344
-0.86230469
-4.203125
2.6445312
-3.4511719
1.1875
-0.081665039
-0.43652344
4.4492188
-1.9140625
-1.3964844
1.1416016
3.2324219
1.9658203
-2.7050781
3.234375
1.1376953
0.61962891
-1.71875
-0.58691406
0.77441406
-1.6025391
1.8417969
-3.7265625
-3.15625
-1.3671875
0.41210938
2.9492188
1.6884766
0.022903442
8.5625
0.32739258
-6.953125
-0.1829834
2.3007812
-3.0527344
-0.82617188
0.24719238
2.5234375
1.3066406
-1.8183594
0.25048828
0.95361328
-4.2695312
0.8671875
1.0546875
-6.4765625
-3.3085938
1.4853516
0.96142578
-1.9316406
-5.7304688
2
-4.0234375
-2.3808594
3.0175781
1.7734375
0.2878418
-0.024200439
1.2041016
3.3378906
-2.3730469
-2.1464844
3.8632812
1.0673828
-0.27905273
-0.025665283
2.4355469
1.3417969
0.094543457
-6.125
-0.66748047
-1.8691406
2.7109375
-3.7246094
3.4667969
1.2675781
-6.3203125
0.63427734
0.18200684
-11.242188
-1.2412109
1.9443359
-1.0136719
-2.5429688
0.87548828
2.1132812
-0.63085938
2.7539062
-2.28125
-2.6621094
-0.85058594
1.0615234
0.82666016
-5.1171875
-3.7148438
1.5332031
0.46166992
-3.5742188
0.37011719
-3.8535156
-2.3808594
-1.3447266
-0.42871094
3.0859375
-9.3984375
-0.93994141
-8.09375
-0.37988281
-3.4492188
-9.6328125
-1.6591797
-1.2558594
-5.6484375
-0.0035266876
2.5
2.3339844
-2.7890625
5.2070312
0.75146484
-4.8671875
-1.5097656
-8.78125
2.2128906
-6.3125
3.0546875
0.47314453
1.0048828
-7.6171875
0.39526367
0.70849609
1.1572266
3.2597656
-1.4296875
7.2929688
-0.044799805
-2.7109375
3.6035156
-1.2734375
-5.8710938
-0.034332275
0.43139648
1.8955078
1.5644531
0.06829834
-2.2363281
-6.8867188
-2.8613281
-6.7695312
-2.9570312
-2.3085938
-0.042297363
3.1621094
2.7382812
1.4150391
-3.8046875
-0.1730957
2.5898438
-2.5976562
2.2929688
0.31518555
3.3730469
1.21875
-6.78125
-7.0039062
1.4384766
0.52929688
-1.2314453
1.1289062
-0.55126953
1.1171875
2.9121094
3.828125
-5.5390625
4.3789062
-2.984375
-4.0078125
-8.8984375
1.5478516
2.7421875
-2.8046875
-1.6962891
-5.4921875
-5.5
1.7509766
3.9921875
-0.17028809
3.7871094
4.6132812
-3.2441406
-0.10479736
-4.7929688
0.97802734
2.625
-5.1171875
-2.8144531
2.3242188
-2.2773438
2.8066406
-1.1210938
3.4160156
-1.2021484
-3.5078125
-5.8007812
-6.1523438
1.2539062
-3.3984375
-0.0032520294
4.1445312
1.9248047
-10.3125
-3.6933594
3.8125
-0.29663086
-1.6347656
-3.0253906
-0.57373047
-2.2402344
-4.0703125
3.4941406
1.2470703
1.7919922
-4.8632812
2.0234375
-0.64941406
0.71826172
2.2363281
-4.421875
-3.7480469
2.296875
7.3320312
-3.7109375
-3.1171875
-3.0507812
-1.8359375
4.546875
-1.2109375
-4.3710938
2.9609375
-11.109375
1.3544922
2.0410156
-4.90625
-0.99902344
-0.057189941
-0.16296387
5.03125
-0.93603516
1.0078125
2.2460938
4.140625
-1.7529297
2.4121094
-0.10406494
-0.88574219
2.5507812
0.50878906
-1.5458984
-4.8476562
2.6210938
-9.234375
0.703125
-3.4199219
-0.48071289
3.0390625
-1.5761719
-0.58837891
1.1992188
2.6425781
4.1015625
-4.59375
4.3398438
-2.9199219
0.73535156
-3.0449219
-0.71386719
2.0859375
-0.29614258
1.6269531
-3.6074219
-5.6523438
-0.56787109
-1.1220703
2.6835938
1.8085938
0.054931641
6.65625
-0.00756073
-7.3671875
-0.55566406
0.54003906
1.1914062
-0.039916992
-1.0029297
1.2998047
0.22021484
-1.0566406
-0.77636719
0.09588623
-4.9179688
0.59521484
0.34326172
-6.875
-1.1503906
-0.45556641
2.1230469
-3.4082031
-8.7109375
3.3515625
-4.1367188
-0.11132812
2.2070312
1.2763672
0.1842041
0.64208984
-0.1607666
1.9033203
-2.7285156
-4.7304688
4.3554688
-0.47802734
-3.4472656
-0.61328125
2.5703125
0.79003906
-1.6337891
-5.9296875
0.072631836
-3.078125
1.6435547
-4.0742188
3.3886719
1.2294922
-6.1523438
2.5175781
-0.36010742
-11.90625
-3.5683594
2.3945312
-0.63769531
-1.8535156
0.92382812
-0.043914795
2.5058594
5.265625
-1.1445312
-0.78613281
-1.3896484
1.7441406
0.5234375
-1.8330078
-8.5078125
0.57421875
0.85498047
-6.6484375
-0.15625
-0.96191406
-4.0234375
-4.78125
0.40942383
2.6523438
-7.046875
2.2167969
-0.19116211
-1.0078125
0.83496094
1.4404297
-1.2919922
1.0253906
0.74072266
-5.2578125
0.99951172
0.33227539
0.98046875
1.640625
0.020523071
-0.30786133
0.31201172
1.2890625
-2.6464844
1.3876953
-0.36547852
0.73632812
1.2578125
1.4003906
-0.003276825
-1.7685547
-0.97998047
-8.140625
-0.51318359
-3.9042969
0.37719727
-0.76269531
0.97802734
1.484375
-0.52148438
0.51806641
1.1152344
-2.3222656
1.0976562
-5.546875
0.85302734
-1.3466797
0.15356445
0.68457031
1.1044922
0.80126953
-2.2382812
-4.7539062
2.1992188
-1.2822266
-0.18774414
0.31811523
0.43237305
-1.3955078
0.27514648
-0.92773438
0.65478516
-1.4550781
2.5039062
1.6357422
0.15686035
-0.6171875
-2.2636719
0.043823242
0.13171387
0.54833984
-0.49560547
-0.50097656
-0.18383789
-1.3427734
1.2470703
-1.0273438
0.83984375
-1.078125
-4.4179688
1.2216797
0.43359375
2.6601562
1.3066406
0.32006836
-0.96923828
0.35864258
-2.2324219
0.3527832
1.2832031
-1.6738281
2.2480469
-1.484375
-2.7070312
0.41308594
-0.16601562
1.3544922
-1.4960938
-1.2089844
0.55322266
-2.0195312
0.54785156
-0.92138672
0.38720703
0.17785645
-1.2529297
2.7070312
-0.38818359
-2.2910156
-3.09375
0.80517578
-0.6171875
0.08972168
1.0273438
0.37158203
2.5253906
2.6796875
-0.11071777
0.74121094
-1.0234375
-0.34350586
0.36035156
0.63720703
-5.1523438
-0.87597656
1.1601562
-4.1914062
1.6337891
1.7050781
-0.72363281
-4.8710938
2.0214844
-1.3095703
0.055999756
2.9414062
-2.4882812
-0.087036133
6.328125
3.8066406
1.4482422
-2.5605469
-3.796875
-4.3828125
4.15625
1.4111328
2.8105469
-0.0015048981
0.80175781
-2.5722656
1.3251953
-4.578125
-6.234375
-3.1816406
-2.59375
-4.8476562
1.3642578
0.82714844
1.1787109
0.94824219
-0.22387695
-10.734375
-1.3798828
-7.7226562
-1.6201172
-7.6523438
0.34399414
4.578125
3.7910156
0.65966797
-2.4355469
0.88330078
0.76464844
-1.5878906
0.89941406
2.9453125
0.6875
-1.8330078
1.2617188
-3.0566406
-1.1210938
-4.9375
3.5175781
-0.023361206
-0.15380859
0.25048828
-4.46875
-3.0703125
0.45092773
2.6132812
-3.4765625
-6.4609375
0.061035156
-0.3359375
-4.015625
-2.4707031
-11.21875
2.7832031
-0.35498047
1.4746094
-4.8945312
1.0302734
0.71386719
1.0205078
0.036407471
-5.9960938
-0.17529297
0.094604492
-4.3085938
-1.3789062
2.1738281
-0.1083374
-1.453125
-0.94335938
-0.78955078
-0.37451172
-3.4375
3.3515625
3.9785156
-0.0010824203
0.92236328
-0.71728516
2.0839844
-0.096313477
-3.171875
0.96240234
0.93115234
0.42089844
0.83447266
-2.4492188
-0.59326172
0.91845703
-0.35180664
0.83496094
0.21069336
0.58691406
0.65429688
-1.6914062
-2.4375
-3.6894531
-2.6503906
0.17456055
-0.011253357
2.703125
-2.2890625
-1.34375
0.70996094
1.8681641
0.38378906
-1.9433594
2.6289062
2.5546875
-0.82470703
-0.90625
-1.5800781
-7
0.12573242
-0.64013672
1.5478516
-2.0390625
0.52832031
-10.898438
1.8681641
2.4707031
2.0761719
-0.5
-2.2011719
1.3818359
-5.4492188
0.88476562
0.91992188
-2.4550781
-0.35449219
-0.069091797
-0.077331543
2.5351562
-0.46508789
0.69384766
1.1337891
2.0195312
-0.85546875
1.2314453
-0.1104126
-0.15551758
1.0771484
0.32763672
-0.68115234
-2.4433594
1.0332031
-4.4609375
0.43139648
-1.4931641
-0.1965332
1.5361328
-0.73046875
-0.34887695
0.69335938
1.1855469
2.1679688
-2.4179688
2.1582031
-1.4941406
0.35180664
-1.2978516
-0.41503906
0.99316406
-0.14453125
0.92724609
-1.7480469
-2.8535156
-0.20861816
-0.54345703
1.3896484
0.83056641
0.20410156
3.4042969
-0.091308594
-3.3457031
-0.36938477
0.14208984
0.73535156
0.019302368
-0.46508789
0.45483398
0.20324707
-0.50585938
-0.20288086
-0.094787598
-2.3574219
0.3815918
0.21313477
-3.2617188
-0.39477539
-0.14868164
1.2753906
-1.5449219
-4.21875
1.8037109
-1.8925781
-0.057678223
1.3095703
0.49560547
0.16809082
0.33007812
0.034545898
1.0419922
-1.2021484
-2.3007812
2.3671875
-0.27270508
-1.7441406
-0.35449219
1.21875
0.46411133
-0.78613281
-2.8808594
0.083740234
-1.4824219
0.71240234
-1.8261719
1.5917969
0.66113281
-3.0449219
1.1533203
-0.34838867
-5.734375
-1.6396484
1.2998047
-0.37890625
-0.87744141
0.64648438
0.24328613
1.078125
2.6308594
-0.54003906
-0.39624023
-0.7578125
0.68994141
0.39648438
-0.86328125
-4.078125
0.1854248
0.25610352
-3.1289062
-0.051452637
-0.30224609
-2.0136719
-2.2851562
0.24584961
1.1953125
-3.4648438
1.1582031
-8.234375
-1.5878906
-6.03125
-13
-5.2578125
-0.63134766
-7.0859375
3.0273438
3.9003906
3.8867188
-3.0664062
7.609375
1.0576172
-3.5234375
-1.9160156
-10.835938
4.4765625
-7.9960938
6.1015625
2.9121094
1.1113281
-12.484375
-0.45874023
-0.82275391
3.7480469
5.9882812
-0.71191406
11.703125
1.0800781
-0.44921875
3.3398438
-0.2578125
-8.3046875
2.1445312
1.9228516
1.6445312
1.3857422
1.6337891
-3.7304688
-8.921875
-2.484375
-8.59375
-4.6835938
-0.49194336
-1.8457031
5.6015625
3.5058594
2.0507812
-4.21875
-0.19067383
4.421875
-2.3300781
4.1367188
-1.4404297
5.6796875
2.34375
-10.546875
-8.8125
4.765625
2.015625
0.78710938
0.077880859
-0.16796875
0.97607422
7.1484375
4.1484375
-6.2304688
3.8769531
-7.1953125
-0.95214844
-9.96875
2.1054688
2.9785156
-1.7285156
-3.3046875
-8.765625
-4.8320312
0.49804688
4.2929688
-0.52539062
2.7480469
5.9765625
-4.453125
1.3740234
-4.1328125
2.8164062
3.4472656
-4.1523438
-1.5488281
2.3085938
-3.7363281
1.0117188
-1.5126953
6.4492188
0.081298828
-3.1640625
-5.703125
-8.3359375
-0.76416016
-5.2929688
-0.20361328
3.1484375
2.7929688
-9.5234375
-5.25
4.3476562
-0.54052734
-0.85839844
-6.7382812
-2.4863281
-4.0820312
-6.3984375
3.9355469
1.5
1.9169922
-10.203125
2.0488281
-0.72509766
2.5058594
3.4335938
-4.4921875
-6.7734375
2.9472656
9.4921875
-2.6796875
-1.3554688
-9.09375
-3.7539062
-6.9023438
-1.2255859
-5.4726562
-11
-4.5703125
-0.50146484
-6.3632812
2.6113281
3.4238281
3.375
-2.4824219
6.703125
1.0888672
-2.5800781
-1.5527344
-9.296875
4.1367188
-6.7578125
5.0976562
2.6933594
0.83544922
-10.789062
-0.34716797
-0.99267578
3.1386719
5.21875
-0.65185547
10.125
0.98242188
-0.20703125
2.9023438
-0.44287109
-6.890625
1.6455078
1.8212891
1.4599609
1.1259766
1.546875
-3.234375
-7.3046875
-2.1914062
-7.4726562
-4.1835938
-0.19873047
-1.8095703
4.9921875
2.9667969
1.4804688
-3.5175781
-0.44482422
3.9179688
-1.75
3.3320312
-0.94482422
4.609375
2.0644531
-9.0234375
-7.5859375
4.2578125
1.4765625
0.86425781
-0.033966064
-0.22851562
0.54589844
6.2382812
3.671875
-5.1445312
3.3261719
-6.078125
-0.59765625
-8.4765625
1.7109375
2.5078125
-1.2382812
-2.8789062
-7.609375
-4.0195312
0.098999023
3.7753906
-0.34106445
2.5195312
5.28125
-3.7441406
1.1298828
-3.3007812
2.0722656
2.8515625
-3.5585938
-1.25
2.09375
-3.1855469
0.76855469
-1.3935547
5.5898438
-0.013206482
-2.53125
-4.6445312
-7.0898438
-0.76806641
-4.46875
-0.21069336
2.4316406
2.3828125
-7.9570312
-4.5976562
3.7167969
-0.28320312
-0.49072266
-5.8398438
-2.0917969
-3.5332031
-5.5664062
3.4902344
1.2197266
1.6738281
-8.9765625
1.9033203
-0.68261719
1.9541016
3.09375
-3.7636719
-5.921875
2.5527344
8.0703125
-2.2207031
-0.83349609
-7.9726562
-3.1640625
0.61669922
-1.6396484
-4.0078125
-2.0195312
-9.2578125
0.36791992
-0.68066406
3.1074219
1.5058594
2.3828125
-1.6289062
5.828125
-0.62158203
2.5839844
1.6884766
-2.7753906
1.8847656
-1.9189453
2.1171875
0.09564209
2.2460938
-5.7617188
-0.079467773
-1.7851562
3.25
1.7919922
0.43530273
3.8085938
0.52685547
2.4863281
-0.70800781
-0.090209961
-1.1894531
3.8203125
1.9472656
-0.29370117
1.4931641
3.3066406
-1.5771484
-3.1679688
-1.0166016
-1.8808594
-2.0253906
1.0673828
-1.6660156
1.1474609
-0.63964844
0.62304688
0.44287109
0.34399414
0.056610107
4.5820312
1.1132812
-5.0585938
1.5566406
2.6132812
-6.8710938
-2.3574219
3.1757812
2.0761719
1.8515625
-0.67431641
0.50048828
1.2880859
1.0693359
1.0107422
-1.0029297
-2.5566406
-5.6015625
2.3964844
-1.6914062
0.079223633
-1.4648438
0.29003906
-3.5097656
-4.875
1.1435547
-0.055755615
0.60449219
-1.1142578
0.63232422
4.9101562
-2.3632812
1.5888672
1.3808594
2.5097656
1.0927734
0.24108887
1.5791016
0.45141602
-1.2402344
-4.7851562
-0.59326172
2.2128906
2.6835938
-1.1035156
0.92089844
-1.3681641
-5.7929688
-1.1337891
0.59228516
-5.9648438
0.87304688
-0.796875
-3.4082031
-0.83642578
0.70947266
1.6347656
-4.640625
-0.47436523
-2.7128906
-4.3085938
1.5400391
0.23657227
1.5947266
-7.6914062
0.38891602
1.0712891
0.95849609
0.76416016
-0.98046875
-5.7539062
-0.4699707
1.6123047
-0.84277344
1.8203125
-8.953125
-2.2753906
-0.19055176
-0.50341797
1.0302734
0.9453125
0.048858643
0.16052246
-0.13476562
-2.0644531
0.97900391
0.46704102
0.90380859
0.17016602
0.14245605
-0.15356445
0.13354492
0.055175781
-1.2353516
-0.048522949
-0.20385742
0.17333984
0.33837891
0.35644531
0.040588379
-0.5703125
-0.28613281
-3.984375
-0.3515625
-2.1425781
0.028869629
-1.1767578
0.24597168
1.2539062
-0.11212158
0.27441406
0.11700439
-0.56835938
-0.011795044
-2.3007812
0.22314453
-0.10693359
0.47631836
0.11761475
0.45654297
0.22094727
-1.3935547
-1.8857422
1.3007812
-0.72265625
-0.046356201
-0.11126709
0.045593262
-1.4511719
0.13195801
0.32983398
0.31591797
-1.5
1.0068359
0.52880859
-0.041015625
-0.390625
-1.9033203
0.17797852
-0.087768555
0.27905273
-0.016876221
-0.34814453
0.091674805
-0.32739258
0.21643066
-0.57324219
0.37963867
-0.47094727
-1.9257812
0.55761719
0.44335938
1.1181641
0.4387207
-0.54003906
-0.65625
-0.017852783
-1.609375
0.083129883
1.0673828
-0.55810547
1.0742188
-0.63232422
-0.86767578
0.74316406
-0.25854492
0.62695312
-0.57666016
-0.16943359
0.11639404
-0.83154297
-0.043609619
0.2130127
0.19689941
0.0206604
-0.20153809
0.94091797
-0.080322266
-0.71337891
-1.2900391
0.49291992
-0.42285156
0.1026001
0.33569336
0.53125
0.578125
0.4387207
0.086425781
0.40869141
-0.59277344
-0.33056641
0.056427002
0.39013672
-2.2011719
-0.74316406
0.57373047
-1.9882812
0.87011719
0.72314453
0.32788086
-2.34375
1.0146484
-1.4199219
0.21618652
1.2041016
-5.9257812
-1.5224609
-4.8945312
-9.90625
-4.4375
-0.48901367
-5.4765625
2.5917969
3.1542969
3.3476562
-2.0820312
6.2539062
0.74267578
-2.5273438
-1.5058594
-8.2421875
3.9414062
-6.453125
4.5898438
2.1875
0.921875
-10.296875
-0.16809082
-0.80419922
2.984375
5
-0.72949219
9.046875
0.84863281
-0.067810059
2.5820312
-0.17041016
-6.3320312
1.6962891
1.7402344
1.6601562
0.94775391
1.7705078
-3.2480469
-7.0195312
-1.7832031
-7.0351562
-3.8164062
-0.22705078
-1.8779297
4.9257812
2.40625
1.0332031
-3.0820312
-0.51074219
3.625
-1.5068359
2.9589844
-1.4677734
4.2421875
2.0976562
-8.5390625
-7.015625
4.1054688
1.5068359
0.86230469
0.082946777
-0.38110352
0.70019531
6.0273438
3.0273438
-4.5703125
2.7128906
-5.7734375
-0.42944336
-7.8242188
1.3984375
2.2421875
-1.1611328
-2.7929688
-6.9726562
-3.9101562
-0.2590332
3.5371094
-0.54394531
2.1933594
4.8203125
-3.6191406
1.1923828
-2.9453125
1.9853516
2.5722656
-2.7675781
-1.2353516
1.6337891
-3.0585938
0.48388672
-1.7597656
5.0742188
0.11578369
-2.2539062
-4.140625
-6.4960938
-0.86865234
-3.7675781
0.21020508
1.9072266
2.2929688
-7.40625
-4.109375
3.4453125
-0.27416992
-0.49902344
-5.3828125
-1.9130859
-3.3652344
-5.3242188
3.3125
1.453125
1.3388672
-8.3828125
1.6542969
-0.46582031
1.8417969
2.8847656
-3.4746094
-5.4921875
2.5546875
7.125
-2.1855469
-0.20861816
-7.2695312
-3.1855469
