0.056945801
0.26953125
0.20007324
0.18005371
0.40063477
0.006477356
-0.2722168
-0.10998535
0.22216797
-0.16796875
-0.046386719
-0.26000977
-0.032196045
0.06463623
0.021514893
-0.21325684
-0.3137207
-0.32666016
0.23364258
-0.044067383
0.31469727
0.33081055
0.16491699
-0.033203125
0.26586914
0.072509766
-0.13037109
0.19519043
0.39648438
-0.010169983
0.11071777
-0.093078613
-0.37817383
0.13769531
-0.15856934
-0.084228516
0.012451172
-0.062561035
-0.090942383
0.10253906
0.039215088
0.008605957
0.22692871
0.13269043
-0.24694824
0.013832092
0.089294434
0.19689941
0.41015625
0.18811035
-0.031646729
0.17285156
0.078735352
0.15100098
0.045471191
0.12438965
0.36767578
0.33959961
0.19665527
-0.08605957
0.12854004
0.22399902
-0.031677246
0.4519043
0.028335571
0.2565918
-0.016357422
-0.040649414
0.38769531
-0.07409668
0.23962402
0.050628662
0.19262695
0.19482422
0.23815918
0.066040039
0.068786621
-0.10870361
0.18798828
0.17102051
0.1328125
-0.059753418
-0.20898438
-0.29956055
0.15930176
0.23193359
-0.13464355
-0.034576416
0.069702148
-0.049468994
-0.10766602
-0.030639648
0.18725586
0.22155762
0.076049805
-0.12597656
0.054473877
0.17700195
-0.080749512
-0.0058403015
0.083740234
-0.32885742
-0.007183075
0.043823242
-0.0099563599
0.26831055
-0.016983032
0.039154053
0.055908203
0.083129883
-0.019363403
0.029403687
-0.14575195
0.41162109
-0.12658691
0.21398926
-0.054412842
-0.092041016
0.16552734
0.16149902
-0.018051147
0.027816772
-0.050323486
0.17602539
-0.26220703
0.078735352
0.078369141
-0.10491943
0.19665527
0.40551758
0.17053223
-0.10461426
0.37988281
0.20507812
-0.14733887
-0.12548828
0.044616699
-0.11676025
-0.19470215
-0.37719727
-0.077392578
-0.04574585
0.10577393
-0.34277344
-0.53027344
-0.31225586
0.36572266
-0.15026855
0.30932617
0.52929688
0.096496582
-0.060241699
0.22766113
0.057373047
-0.22302246
0.14196777
0.39575195
0.080505371
0.066589355
-0.19055176
-0.49902344
0.08026123
-0.00059556961
-0.16357422
0.07409668
0.022109985
-0.078613281
0.33007812
0.002243042
0.37768555
0.28686523
0.14208984
-0.38476562
0.055755615
0.24768066
0.27319336
0.36645508
0.042327881
0.056610107
0.20385742
-0.045959473
0.076782227
-0.062683105
0.087219238
0.56689453
0.30053711
0.46264648
-0.23974609
0.057861328
0.12268066
-0.03729248
0.64208984
-0.078369141
0.32592773
0.0027656555
0.065734863
0.40478516
-0.044189453
0.18054199
-0.093383789
0.16455078
0.29248047
0.43505859
0.015098572
0.15490723
-0.095031738
0.21618652
0.079345703
0.18823242
-0.35766602
-0.18688965
-0.30126953
0.18554688
0.30541992
-0.2467041
-0.12219238
0.10321045
-0.19384766
-0.075866699
0.010269165
0.17114258
0.24755859
0.093017578
-0.42114258
0.016799927
0.25585938
-0.084350586
0.010131836
0.086853027
-0.33398438
-0.03805542
0.045715332
0.22790527
0.23132324
0.078063965
0.033050537
-0.18322754
-0.022506714
-0.10675049
0.047973633
-0.011573792
0.45898438
-0.067138672
0.34790039
-0.046783447
-0.099060059
0.14208984
0.52148438
0.14160156
-0.20263672
-0.13134766
0.25878906
-0.088745117
0.0038719177
-0.028045654
-0.13635254
0.092285156
0.3894043
0.23962402
0.10632324
0.39990234
0.071289062
-0.28198242
-0.17944336
0.17248535
-0.13000488
-0.0073051453
-0.29443359
-0.10009766
0.10491943
0.0033626556
-0.23876953
-0.30371094
-0.27563477
0.29541016
-0.14440918
0.28930664
0.26708984
0.011566162
-0.022125244
0.15673828
-0.010017395
-0.12963867
0.13952637
0.45288086
0.18920898
0.071411133
-0.042877197
-0.36401367
-0.015365601
-0.13110352
-0.1673584
0.1204834
0.15161133
-0.12976074
0.16601562
-0.022598267
0.10290527
0.16784668
0.14233398
-0.26708984
0.11712646
0.20251465
0.14794922
0.29321289
0.18103027
0.027984619
0.078796387
0.1282959
0.17333984
-0.059326172
0.081970215
0.3684082
0.34204102
0.265625
-0.056549072
0.10180664
0.20288086
0.012054443
0.47094727
0.068847656
0.14282227
0.012512207
0.016860962
0.34326172
0.029907227
0.15356445
-0.062744141
0.096740723
0.28051758
0.27709961
0.082275391
0.089477539
-0.066894531
0.11920166
0.035522461
0.19152832
-0.19482422
-0.22900391
-0.26611328
0.27758789
0.21484375
-0.10540771
-0.065002441
0.097229004
-0.083312988
-0.12854004
0.028060913
0.1005249
0.14453125
0.18859863
-0.22216797
-0.0093154907
0.25927734
-0.21398926
0.045593262
0.082580566
-0.21203613
0.099487305
0.075073242
0.12164307
0.32470703
-0.14038086
-0.0184021
-0.10772705
0.12646484
-0.11834717
0.041107178
-0.060302734
0.4140625
-0.15942383
0.27148438
-0.0084991455
-0.031707764
0.18444824
0.25708008
0.061096191
-0.10235596
-0.078369141
0.17224121
-0.25927734
0.012969971
0.012031555
-0.068725586
0.047271729
0.46166992
0.20056152
0.17504883
0.55957031
-0.020233154
-0.41308594
-0.1862793
0.23913574
-0.12133789
-0.0098953247
-0.36547852
-0.089904785
0.054016113
-0.021118164
-0.36645508
-0.43554688
-0.48925781
0.34179688
-0.15270996
0.36425781
0.30249023
0.026489258
0.067871094
0.35498047
-0.018463135
-0.29052734
0.18457031
0.48071289
0.094177246
0.2644043
-0.1394043
-0.47998047
0.16967773
-0.20031738
-0.013565063
0.1151123
0.07598877
-0.10424805
0.26342773
0.10754395
-0.068359375
0.46166992
0.088256836
-0.38208008
0.064819336
0.12121582
0.14538574
0.41772461
0.28295898
0.16906738
0.16809082
0.10015869
0.1817627
-0.18188477
0.21826172
0.46386719
0.48950195
0.17248535
-0.04385376
0.14428711
0.32519531
-0.015899658
0.44970703
0.0081176758
0.20007324
0.00031852722
0.17358398
0.39331055
0.01399231
0.37036133
0.19714355
0.40283203
0.14172363
0.23974609
-0.076477051
0.088928223
-0.039001465
0.14038086
0.390625
-0.014595032
-0.074523926
-0.27905273
-0.38549805
0.17858887
0.15942383
-0.16357422
-0.082885742
-0.13623047
-0.0095291138
-0.1697998
-0.065490723
0.10455322
0.35961914
0.090637207
-0.15917969
-0.0017518997
0.27856445
-0.1137085
0.13720703
0.06237793
-0.4206543
-0.0075263977
0.18261719
-0.1151123
0.375
-0.042266846
-0.026138306
0.015808105
0.1373291
0.024642944
0.11895752
-0.075073242
0.48876953
-0.024642944
0.40722656
-0.017974854
-0.15124512
0.11419678
0.24121094
-0.0021915436
-0.081115723
-0.09954834
0.23474121
-0.35375977
0.1472168
0.032348633
-0.069396973
0.062469482
0.22253418
0.11016846
0.026992798
0.23339844
0.055511475
-0.16333008
-0.13293457
0.14245605
-0.14465332
-0.06161499
-0.22937012
-0.056396484
0.0084915161
0.070983887
-0.19641113
-0.27148438
-0.21862793
0.21276855
-0.10571289
0.26391602
0.23925781
0.13098145
-0.055236816
0.16564941
0.048431396
-0.11529541
0.06842041
0.29370117
0.0062713623
0.044677734
-0.12561035
-0.26879883
0.07623291
-0.078674316
-0.067260742
0.0340271
0.066101074
0.0036468506
0.13134766
0.06048584
0.067932129
0.22180176
0.082702637
-0.20703125
0.048797607
0.13171387
0.2199707
0.32641602
0.1048584
0.015350342
0.12023926
0.02494812
0.099975586
-0.0040779114
0.094421387
0.2890625
0.27978516
0.25
-0.029800415
0.025192261
0.13439941
0.004901886
0.32006836
-0.058166504
0.13110352
0.0027484894
-0.036468506
0.30297852
0.014846802
0.19006348
0.023635864
0.098144531
0.18078613
0.23730469
0.024032593
0.054351807
-0.012176514
0.14477539
0.1550293
0.12481689
-0.16650391
-0.12646484
-0.16760254
0.1295166
0.10894775
-0.09185791
-0.061462402
0.071899414
-0.030456543
-0.032928467
-0.0068054199
0.068237305
0.18078613
0.075134277
-0.17504883
0.025772095
0.11206055
-0.09588623
-0.0069465637
0.087524414
-0.19921875
-0.025466919
0.033630371
0.10021973
0.15820312
-0.039367676
0.031402588
-0.026809692
0.027496338
-0.031524658
0.034057617
-0.0418396
0.31420898
-0.090148926
0.23266602
0.0049629211
-0.10601807
0.15808105
0.2376709
0.054962158
-0.067565918
-0.048492432
0.13085938
-0.099487305
0.052154541
-0.025588989
-0.055175781
0.10949707
0.45385742
0.10296631
0.46582031
0.79052734
0.052154541
-0.36181641
-0.21435547
0.034393311
-0.05480957
0.038909912
-0.35400391
0.040405273
-0.055511475
-0.37036133
-0.34545898
-0.34228516
-0.36914062
0.22766113
0.14953613
0.34179688
0.28930664
0.13879395
0.2668457
0.55273438
0.15515137
-0.21826172
0.47192383
0.54980469
-0.16809082
0.17333984
0.048858643
-0.44091797
0.19763184
-0.0011358261
-0.12109375
0.11541748
-0.17211914
-0.27514648
-0.12756348
0.07421875
0.06161499
0.076538086
0.20349121
-0.52246094
0.070068359
0.048187256
0.17797852
0.55908203
0.2388916
-0.071716309
0.43334961
0.17858887
0.23059082
0.23974609
0.21850586
0.41821289
0.36938477
0.29248047
-0.29248047
0.2824707
0.53515625
-0.054992676
0.44311523
-0.012336731
0.45922852
-0.097717285
-0.027328491
0.50683594
-0.55419922
0.46630859
0.0011701584
0.091247559
0.25976562
0.58105469
0.020004272
0.20300293
-0.35717773
0.096313477
0.027984619
0.105896
0.15625
-0.088256836
-0.35253906
-0.051330566
0.62353516
-0.024597168
0.13916016
-0.13781738
-0.095336914
-0.21594238
0.30859375
0.11456299
0.43017578
0.19372559
0.21240234
0.0023269653
0.17919922
-0.079711914
0.042236328
0.40820312
-0.51611328
-0.085083008
-0.19189453
0.32470703
0.28808594
0.16467285
-0.10333252
0.16210938
-0.15820312
-0.022018433
0.047088623
-0.3215332
0.37744141
-0.1817627
0.15649414
-0.05859375
0.055938721
-0.068786621
0.40478516
-0.10974121
0.38330078
-0.1348877
0.33081055
-0.47290039
0.038024902
0.30566406
-0.28759766
0.068847656
0.30273438
0.2668457
0.046966553
0.43164062
0.12744141
-0.051391602
-0.13195801
0.11773682
-0.22216797
-0.11444092
-0.29956055
-0.061462402
-0.095336914
0.093688965
-0.21142578
-0.48632812
-0.14538574
0.30151367
-0.035247803
0.42333984
0.44360352
0.088989258
0.093383789
0.28515625
-0.033966064
-0.22363281
0.1776123
0.50976562
0.24450684
0.12347412
-0.20861816
-0.44824219
0.041137695
-0.085449219
-0.075744629
-0.047210693
-0.084960938
-0.16699219
0.30981445
-0.059356689
0.25048828
0.34448242
0.15686035
-0.41430664
0.16235352
0.20605469
0.25561523
0.40039062
0.10791016
0.049438477
0.18469238
-0.081665039
0.10522461
-0.013244629
0.17858887
0.56835938
0.34155273
0.28833008
-0.13378906
0.069580078
0.34228516
0.040496826
0.65722656
-0.05255127
0.24914551
-0.085754395
-0.071411133
0.51025391
-0.025131226
0.36694336
-0.056762695
0.11853027
0.28393555
0.33325195
0.00076913834
0.14672852
-0.12890625
0.17333984
0.094909668
0.35400391
-0.3605957
-0.19128418
-0.390625
0.10449219
0.37866211
-0.062805176
-0.20751953
0.19604492
-0.0066871643
-0.021636963
0.085632324
-0.049621582
0.26171875
0.066162109
-0.34887695
0.16345215
0.21264648
-0.095214844
0.047180176
0.24816895
-0.3269043
-0.20837402
0.088684082
0.17199707
0.19311523
0.035125732
0.024612427
-0.097412109
0.058959961
-0.13098145
-0.056335449
-0.050323486
0.4609375
-0.18896484
0.27685547
0.10235596
-0.18444824
0.22717285
0.50244141
-0.0077514648
-0.012794495
-0.14379883
0.32299805
-0.13098145
0.049560547
-0.042694092
-0.17358398
0.079223633
0.31762695
0.36962891
0.31298828
0.76708984
-0.049346924
-0.24572754
-0.19287109
0.13037109
-0.26318359
0.052490234
-0.20861816
0.026290894
0.038116455
-0.072753906
-0.088684082
-0.32104492
-0.25561523
0.23400879
0.1862793
0.44580078
0.35595703
0.25488281
0.23120117
0.23071289
0.21398926
-0.11218262
0.29418945
0.62402344
0.15686035
0.14855957
-0.083312988
-0.31298828
0.04699707
-0.052246094
0.01499176
-0.11126709
-0.23193359
-0.17675781
0.10296631
0.018707275
0.03074646
0.18188477
0.23937988
-0.33886719
0.089416504
0.19384766
0.077331543
0.62988281
0.33618164
-0.031173706
0.26342773
0.10241699
0.31762695
0.16931152
0.05078125
0.45703125
0.2512207
0.15979004
-0.33398438
0.12915039
0.54589844
-0.13330078
0.62207031
0.039978027
0.30444336
-0.19104004
-0.16064453
0.60986328
-0.30908203
0.37475586
-0.07623291
-0.0089874268
0.096496582
0.31176758
0.11437988
0.11712646
-0.27758789
0.21008301
-0.0075492859
0.34594727
-0.15075684
-0.19116211
-0.45092773
0.10412598
0.41845703
0.062103271
-0.12042236
0.28295898
0.08190918
-0.20983887
0.21862793
0.046813965
0.29125977
-0.016342163
0.037750244
0.21313477
0.30249023
-0.075378418
-0.04788208
0.36987305
-0.4609375
-0.29736328
0.034729004
0.076965332
0.44018555
-0.018737793
0.0039482117
0.13903809
0.049865723
-0.095092773
0.017990112
-0.27856445
0.5546875
-0.075744629
0.21948242
0.0039710999
-0.10107422
0.064819336
0.22497559
-0.14611816
0.16137695
-0.22363281
0.2878418
-0.32348633
-0.00046157837
0.11633301
-0.2401123
0.022659302
0.15942383
-0.093383789
0.05947876
0.17724609
-2.592802e-05
-0.099060059
-0.11126709
-0.056488037
-0.01360321
0.029464722
-0.14916992
0.02230835
0.060394287
0.015304565
-0.10675049
-0.037780762
-0.1427002
0.098327637
-0.0059432983
0.1328125
0.084533691
0.20910645
-0.045806885
0.073791504
0.15234375
0.012290955
0.035430908
0.13806152
-0.11114502
0.034698486
0.040496826
-0.078430176
-0.0026130676
0.048522949
-0.063049316
0.014900208
0.088928223
0.0027828217
-0.059875488
0.096374512
0.025482178
0.043609619
0.082763672
-0.18786621
0.021835327
0.026092529
0.15991211
0.24633789
-0.010665894
-0.064025879
0.059692383
0.09173584
0.08972168
0.13989258
-0.082763672
0.048614502
0.12200928
0.11242676
-0.105896
-0.019073486
0.017974854
0.0028533936
0.065246582
0.0063858032
0.025863647
0.0049362183
-0.032806396
0.1340332
-0.16088867
-0.020843506
0.0034542084
0.030395508
0.044647217
0.22241211
0.095581055
0.020904541
-0.10327148
0.19714355
0.087097168
-0.037628174
-0.014190674
0.044067383
-0.02532959
0.15148926
0.054870605
-0.064208984
0.013244629
0.012054443
-0.10015869
0.073181152
0.083862305
0.093322754
0.03717041
0.020339966
0.010429382
0.014038086
-0.024993896
0.073181152
-0.015350342
0.041564941
-0.1595459
0.094726562
-0.028274536
0.088989258
0.11737061
0.039855957
0.0055656433
0.008026123
-0.13366699
0.02545166
0.061737061
-0.082275391
0.12298584
-0.11627197
0.15869141
-0.10748291
0.025222778
0.017242432
0.14538574
0.010749817
-0.044219971
-0.0042648315
0.089904785
-0.039733887
-0.016921997
0.072937012
-0.022003174
0.016998291
0.047668457
-0.059265137
0.051116943
0.03616333
-0.026916504
-0.058898926
-0.098205566
-0.00099658966
-0.0028190613
0.011901855
-0.097106934
-0.0057029724
0.035858154
0.065307617
-0.050964355
0.052612305
-0.019607544
0.085693359
-0.044464111
0.054992676
0.031768799
0.095458984
-0.040130615
0.036102295
0.063537598
0.040924072
0.006778717
0.080932617
-0.049987793
-0.026748657
0.078552246
-0.0015420914
-0.057891846
0.010505676
-0.074584961
0.018493652
0.093261719
0.014175415
-0.058288574
0.038635254
-0.053649902
0.057861328
-0.021270752
-0.08972168
0.066162109
0.0093231201
0.13085938
0.19104004
-0.010070801
-0.041351318
0.074523926
-0.010025024
0.015777588
0.11242676
-0.055786133
-0.023666382
0.16333008
0.05355835
0.0051879883
0.0076751709
-0.017181396
0.054870605
-0.0086212158
-0.011779785
-0.069580078
0.0010452271
-0.069152832
0.081176758
0.018920898
0.036346436
0.058685303
-0.0047035217
0.0092849731
0.074645996
0.12042236
-0.022079468
-0.030227661
0.1505127
0.1541748
0.03137207
-0.0069389343
0.078063965
0.033660889
0.10290527
-0.036132812
0.028640747
0.029556274
0.073852539
-0.019577026
0.11187744
0.028579712
0.0059623718
0.02961731
0.0080108643
0.034515381
0.030136108
-0.02482605
0.0076332092
-0.018112183
0.049987793
0.021148682
0.026977539
0.03817749
0.051239014
0.042572021
-0.030288696
0.044036865
0.026229858
-0.044128418
0.046813965
0.072692871
-0.025314331
0.054962158
-0.094970703
0.11151123
-0.027114868
0.0032234192
0.11889648
0.050811768
0.055908203
-0.073669434
0.01096344
-0.031463623
-0.014823914
0.050933838
-0.018051147
0.051879883
0.016998291
0.047668457
-0.059265137
0.051116943
0.03616333
-0.026916504
-0.058898926
-0.098205566
-0.00099658966
-0.0028190613
0.011901855
-0.097106934
-0.0057029724
0.035858154
0.065307617
-0.050964355
0.052612305
-0.019607544
0.085693359
-0.044464111
0.054992676
0.031768799
0.095458984
-0.040130615
0.036102295
0.063537598
0.040924072
0.006778717
0.080932617
-0.049987793
-0.026748657
0.078552246
-0.0015420914
-0.057891846
0.010505676
-0.074584961
0.018493652
0.093261719
0.014175415
-0.058288574
0.038635254
-0.053649902
0.057861328
-0.021270752
-0.08972168
0.066162109
0.0093231201
0.13085938
0.19104004
-0.010070801
-0.041351318
0.074523926
-0.010025024
0.015777588
0.11242676
-0.055786133
-0.023666382
0.16333008
0.05355835
0.0051879883
0.0076751709
-0.017181396
0.054870605
-0.0086212158
-0.011779785
-0.069580078
0.0010452271
-0.069152832
0.081176758
0.018920898
0.036346436
0.058685303
-0.0047035217
0.0092849731
0.074645996
0.12042236
-0.022079468
-0.030227661
0.1505127
0.1541748
0.03137207
-0.0069389343
0.078063965
0.033660889
0.10290527
-0.036132812
0.028640747
0.029556274
0.073852539
-0.019577026
0.11187744
0.028579712
0.0059623718
0.02961731
0.0080108643
0.034515381
0.030136108
-0.02482605
0.0076332092
-0.018112183
0.049987793
0.021148682
0.026977539
0.03817749
0.051239014
0.042572021
-0.030288696
0.044036865
0.026229858
-0.044128418
0.046813965
0.072692871
-0.025314331
0.054962158
-0.094970703
0.11151123
-0.027114868
0.0032234192
0.11889648
0.050811768
0.055908203
-0.073669434
0.01096344
-0.031463623
-0.014823914
0.050933838
-0.018051147
0.051879883
0.016998291
0.047668457
-0.059265137
0.051116943
0.03616333
-0.026916504
-0.058898926
-0.098205566
-0.00099658966
-0.0028190613
0.011901855
-0.097106934
-0.0057029724
0.035858154
0.065307617
-0.050964355
0.052612305
-0.019607544
0.085693359
-0.044464111
0.054992676
0.031768799
0.095458984
-0.040130615
0.036102295
0.063537598
0.040924072
0.006778717
0.080932617
-0.049987793
-0.026748657
0.078552246
-0.0015420914
-0.057891846
0.010505676
-0.074584961
0.018493652
0.093261719
0.014175415
-0.058288574
0.038635254
-0.053649902
0.057861328
-0.021270752
-0.08972168
0.066162109
0.0093231201
0.13085938
0.19104004
-0.010070801
-0.041351318
0.074523926
-0.010025024
0.015777588
0.11242676
-0.055786133
-0.023666382
0.16333008
0.05355835
0.0051879883
0.0076751709
-0.017181396
0.054870605
-0.0086212158
-0.011779785
-0.069580078
0.0010452271
-0.069152832
0.081176758
0.018920898
0.036346436
0.058685303
-0.0047035217
0.0092849731
0.074645996
0.12042236
-0.022079468
-0.030227661
0.1505127
0.1541748
0.03137207
-0.0069389343
0.078063965
0.033660889
0.10290527
-0.036132812
0.028640747
0.029556274
0.073852539
-0.019577026
0.11187744
0.028579712
0.0059623718
0.02961731
0.0080108643
0.034515381
0.030136108
-0.02482605
0.0076332092
-0.018112183
0.049987793
0.021148682
0.026977539
0.03817749
0.051239014
0.042572021
-0.030288696
0.044036865
0.026229858
-0.044128418
0.046813965
0.072692871
-0.025314331
0.054962158
-0.094970703
0.11151123
-0.027114868
0.0032234192
0.11889648
0.050811768
0.055908203
-0.073669434
0.01096344
-0.031463623
-0.014823914
0.050933838
-0.018051147
0.051879883
0.016998291
0.047668457
-0.059265137
0.051116943
0.03616333
-0.026916504
-0.058898926
-0.098205566
-0.00099658966
-0.0028190613
0.011901855
-0.097106934
-0.0057029724
0.035858154
0.065307617
-0.050964355
0.052612305
-0.019607544
0.085693359
-0.044464111
0.054992676
0.031768799
0.095458984
-0.040130615
0.036102295
0.063537598
0.040924072
0.006778717
0.080932617
-0.049987793
-0.026748657
0.078552246
-0.0015420914
-0.057891846
0.010505676
-0.074584961
0.018493652
0.093261719
0.014175415
-0.058288574
0.038635254
-0.053649902
0.057861328
-0.021270752
-0.08972168
0.066162109
0.0093231201
0.13085938
0.19104004
-0.010070801
-0.041351318
0.074523926
-0.010025024
0.015777588
0.11242676
-0.055786133
-0.023666382
0.16333008
0.05355835
0.0051879883
0.0076751709
-0.017181396
0.054870605
-0.0086212158
-0.011779785
-0.069580078
0.0010452271
-0.069152832
0.081176758
0.018920898
0.036346436
0.058685303
-0.0047035217
0.0092849731
0.074645996
0.12042236
-0.022079468
-0.030227661
0.1505127
0.1541748
0.03137207
-0.0069389343
0.078063965
0.033660889
0.10290527
-0.036132812
0.028640747
0.029556274
0.073852539
-0.019577026
0.11187744
0.028579712
0.0059623718
0.02961731
0.0080108643
0.034515381
0.030136108
-0.02482605
0.0076332092
-0.018112183
0.049987793
0.021148682
0.026977539
0.03817749
0.051239014
0.042572021
-0.030288696
0.044036865
0.026229858
-0.044128418
0.046813965
0.072692871
-0.025314331
0.054962158
-0.094970703
0.11151123
-0.027114868
0.0032234192
0.11889648
0.050811768
0.055908203
-0.073669434
0.01096344
-0.031463623
-0.014823914
0.050933838
-0.018051147
0.051879883
0.016998291
0.047668457
-0.059265137
0.051116943
0.03616333
-0.026916504
-0.058898926
-0.098205566
-0.00099658966
-0.0028190613
0.011901855
-0.097106934
-0.0057029724
0.035858154
0.065307617
-0.050964355
0.052612305
-0.019607544
0.085693359
-0.044464111
0.054992676
0.031768799
0.095458984
-0.040130615
0.036102295
0.063537598
0.040924072
0.006778717
0.080932617
-0.049987793
-0.026748657
0.078552246
-0.0015420914
-0.057891846
0.010505676
-0.074584961
0.018493652
0.093261719
0.014175415
-0.058288574
0.038635254
-0.053649902
0.057861328
-0.021270752
-0.08972168
0.066162109
0.0093231201
0.13085938
0.19104004
-0.010070801
-0.041351318
0.074523926
-0.010025024
0.015777588
0.11242676
-0.055786133
-0.023666382
0.16333008
0.05355835
0.0051879883
0.0076751709
-0.017181396
0.054870605
-0.0086212158
-0.011779785
-0.069580078
0.0010452271
-0.069152832
0.081176758
0.018920898
0.036346436
0.058685303
-0.0047035217
0.0092849731
0.074645996
0.12042236
-0.022079468
-0.030227661
0.1505127
0.1541748
0.03137207
-0.0069389343
0.078063965
0.033660889
0.10290527
-0.036132812
0.028640747
0.029556274
0.073852539
-0.019577026
0.11187744
0.028579712
0.0059623718
0.02961731
0.0080108643
0.034515381
0.030136108
-0.02482605
0.0076332092
-0.018112183
0.049987793
0.021148682
0.026977539
0.03817749
0.051239014
0.042572021
-0.030288696
0.044036865
0.026229858
-0.044128418
0.046813965
0.072692871
-0.025314331
0.054962158
-0.094970703
0.11151123
-0.027114868
0.0032234192
0.11889648
0.050811768
0.055908203
-0.073669434
0.01096344
-0.031463623
-0.014823914
0.050933838
-0.018051147
0.051879883
0.016998291
0.047668457
-0.059265137
0.051116943
0.03616333
-0.026916504
-0.058898926
-0.098205566
-0.00099658966
-0.0028190613
0.011901855
-0.097106934
-0.0057029724
0.035858154
0.065307617
-0.050964355
0.052612305
-0.019607544
0.085693359
-0.044464111
0.054992676
0.031768799
0.095458984
-0.040130615
0.036102295
0.063537598
0.040924072
0.006778717
0.080932617
-0.049987793
-0.026748657
0.078552246
-0.0015420914
-0.057891846
0.010505676
-0.074584961
0.018493652
0.093261719
0.014175415
-0.058288574
0.038635254
-0.053649902
0.057861328
-0.021270752
-0.08972168
0.066162109
0.0093231201
0.13085938
0.19104004
-0.010070801
-0.041351318
0.074523926
-0.010025024
0.015777588
0.11242676
-0.055786133
-0.023666382
0.16333008
0.05355835
0.0051879883
0.0076751709
-0.017181396
0.054870605
-0.0086212158
-0.011779785
-0.069580078
0.0010452271
-0.069152832
0.081176758
0.018920898
0.036346436
0.058685303
-0.0047035217
0.0092849731
0.074645996
0.12042236
-0.022079468
-0.030227661
0.1505127
0.1541748
0.03137207
-0.0069389343
0.078063965
0.033660889
0.10290527
-0.036132812
0.028640747
0.029556274
0.073852539
-0.019577026
0.11187744
0.028579712
0.0059623718
0.02961731
0.0080108643
0.034515381
0.030136108
-0.02482605
0.0076332092
-0.018112183
0.049987793
0.021148682
0.026977539
0.03817749
0.051239014
0.042572021
-0.030288696
0.044036865
0.026229858
-0.044128418
0.046813965
0.072692871
-0.025314331
0.054962158
-0.094970703
0.11151123
-0.027114868
0.0032234192
0.11889648
0.050811768
0.055908203
-0.073669434
0.01096344
-0.031463623
-0.014823914
0.050933838
-0.018051147
0.051879883
0.016998291
0.047668457
-0.059265137
0.051116943
0.03616333
-0.026916504
-0.058898926
-0.098205566
-0.00099658966
-0.0028190613
0.011901855
-0.097106934
-0.0057029724
0.035858154
0.065307617
-0.050964355
0.052612305
-0.019607544
0.085693359
-0.044464111
0.054992676
0.031768799
0.095458984
-0.040130615
0.036102295
0.063537598
0.040924072
0.006778717
0.080932617
-0.049987793
-0.026748657
0.078552246
-0.0015420914
-0.057891846
0.010505676
-0.074584961
0.018493652
0.093261719
0.014175415
-0.058288574
0.038635254
-0.053649902
0.057861328
-0.021270752
-0.08972168
0.066162109
0.0093231201
0.13085938
0.19104004
-0.010070801
-0.041351318
0.074523926
-0.010025024
0.015777588
0.11242676
-0.055786133
-0.023666382
0.16333008
0.05355835
0.0051879883
0.0076751709
-0.017181396
0.054870605
-0.0086212158
-0.011779785
-0.069580078
0.0010452271
-0.069152832
0.081176758
0.018920898
0.036346436
0.058685303
-0.0047035217
0.0092849731
0.074645996
0.12042236
-0.022079468
-0.030227661
0.1505127
0.1541748
0.03137207
-0.0069389343
0.078063965
0.033660889
0.10290527
-0.036132812
0.028640747
0.029556274
0.073852539
-0.019577026
0.11187744
0.028579712
0.0059623718
0.02961731
0.0080108643
0.034515381
0.030136108
-0.02482605
0.0076332092
-0.018112183
0.049987793
0.021148682
0.026977539
0.03817749
0.051239014
0.042572021
-0.030288696
0.044036865
0.026229858
-0.044128418
0.046813965
0.072692871
-0.025314331
0.054962158
-0.094970703
0.11151123
-0.027114868
0.0032234192
0.11889648
0.050811768
0.055908203
-0.073669434
0.01096344
-0.031463623
-0.014823914
0.050933838
-0.018051147
0.051879883
0.016998291
0.047668457
-0.059265137
0.051116943
0.03616333
-0.026916504
-0.058898926
-0.098205566
-0.00099658966
-0.0028190613
0.011901855
-0.097106934
-0.0057029724
0.035858154
0.065307617
-0.050964355
0.052612305
-0.019607544
0.085693359
-0.044464111
0.054992676
0.031768799
0.095458984
-0.040130615
0.036102295
0.063537598
0.040924072
0.006778717
0.080932617
-0.049987793
-0.026748657
0.078552246
-0.0015420914
-0.057891846
0.010505676
-0.074584961
0.018493652
0.093261719
0.014175415
-0.058288574
0.038635254
-0.053649902
0.057861328
-0.021270752
-0.08972168
0.066162109
0.0093231201
0.13085938
0.19104004
-0.010070801
-0.041351318
0.074523926
-0.010025024
0.015777588
0.11242676
-0.055786133
-0.023666382
0.16333008
0.05355835
0.0051879883
0.0076751709
-0.017181396
0.054870605
-0.0086212158
-0.011779785
-0.069580078
0.0010452271
-0.069152832
0.081176758
0.018920898
0.036346436
0.058685303
-0.0047035217
0.0092849731
0.074645996
0.12042236
-0.022079468
-0.030227661
0.1505127
0.1541748
0.03137207
-0.0069389343
0.078063965
0.033660889
0.10290527
-0.036132812
0.028640747
0.029556274
0.073852539
-0.019577026
0.11187744
0.028579712
0.0059623718
0.02961731
0.0080108643
0.034515381
0.030136108
-0.02482605
0.0076332092
-0.018112183
0.049987793
0.021148682
0.026977539
0.03817749
0.051239014
0.042572021
-0.030288696
0.044036865
0.026229858
-0.044128418
0.046813965
0.072692871
-0.025314331
0.054962158
-0.094970703
0.11151123
-0.027114868
0.0032234192
0.11889648
0.050811768
0.055908203
-0.073669434
0.01096344
-0.031463623
-0.014823914
0.050933838
-0.018051147
0.051879883
0.016998291
0.047668457
-0.059265137
0.051116943
0.03616333
-0.026916504
-0.058898926
-0.098205566
-0.00099658966
-0.0028190613
0.011901855
-0.097106934
-0.0057029724
0.035858154
0.065307617
-0.050964355
0.052612305
-0.019607544
0.085693359
-0.044464111
0.054992676
0.031768799
0.095458984
-0.040130615
0.036102295
0.063537598
0.040924072
0.006778717
0.080932617
-0.049987793
-0.026748657
0.078552246
-0.0015420914
-0.057891846
0.010505676
-0.074584961
0.018493652
0.093261719
0.014175415
-0.058288574
0.038635254
-0.053649902
0.057861328
-0.021270752
-0.08972168
0.066162109
0.0093231201
0.13085938
0.19104004
-0.010070801
-0.041351318
0.074523926
-0.010025024
0.015777588
0.11242676
-0.055786133
-0.023666382
0.16333008
0.05355835
0.0051879883
0.0076751709
-0.017181396
0.054870605
-0.0086212158
-0.011779785
-0.069580078
0.0010452271
-0.069152832
0.081176758
0.018920898
0.036346436
0.058685303
-0.0047035217
0.0092849731
0.074645996
0.12042236
-0.022079468
-0.030227661
0.1505127
0.1541748
0.03137207
-0.0069389343
0.078063965
0.033660889
0.10290527
-0.036132812
0.028640747
0.029556274
0.073852539
-0.019577026
0.11187744
0.028579712
0.0059623718
0.02961731
0.0080108643
0.034515381
0.030136108
-0.02482605
0.0076332092
-0.018112183
0.049987793
0.021148682
0.026977539
0.03817749
0.051239014
0.042572021
-0.030288696
0.044036865
0.026229858
-0.044128418
0.046813965
0.072692871
-0.025314331
0.054962158
-0.094970703
0.11151123
-0.027114868
0.0032234192
0.11889648
0.050811768
0.055908203
-0.073669434
0.01096344
-0.031463623
-0.014823914
0.050933838
-0.018051147
0.051879883
0.016998291
0.047668457
-0.059265137
0.051116943
0.03616333
-0.026916504
-0.058898926
-0.098205566
-0.00099658966
-0.0028190613
0.011901855
-0.097106934
-0.0057029724
0.035858154
0.065307617
-0.050964355
0.052612305
-0.019607544
0.085693359
-0.044464111
0.054992676
0.031768799
0.095458984
-0.040130615
0.036102295
0.063537598
0.040924072
0.006778717
0.080932617
-0.049987793
-0.026748657
0.078552246
-0.0015420914
-0.057891846
0.010505676
-0.074584961
0.018493652
0.093261719
0.014175415
-0.058288574
0.038635254
-0.053649902
0.057861328
-0.021270752
-0.08972168
0.066162109
0.0093231201
0.13085938
0.19104004
-0.010070801
-0.041351318
0.074523926
-0.010025024
0.015777588
0.11242676
-0.055786133
-0.023666382
0.16333008
0.05355835
0.0051879883
0.0076751709
-0.017181396
0.054870605
-0.0086212158
-0.011779785
-0.069580078
0.0010452271
-0.069152832
0.081176758
0.018920898
0.036346436
0.058685303
-0.0047035217
0.0092849731
0.074645996
0.12042236
-0.022079468
-0.030227661
0.1505127
0.1541748
0.03137207
-0.0069389343
0.078063965
0.033660889
0.10290527
-0.036132812
0.028640747
0.029556274
0.073852539
-0.019577026
0.11187744
0.028579712
0.0059623718
0.02961731
0.0080108643
0.034515381
0.030136108
-0.02482605
0.0076332092
-0.018112183
0.049987793
0.021148682
0.026977539
0.03817749
0.051239014
0.042572021
-0.030288696
0.044036865
0.026229858
-0.044128418
0.046813965
0.072692871
-0.025314331
0.054962158
-0.094970703
0.11151123
-0.027114868
0.0032234192
0.11889648
0.050811768
0.055908203
-0.073669434
0.01096344
-0.031463623
-0.014823914
0.050933838
-0.018051147
0.051879883
0.016998291
0.047668457
-0.059265137
0.051116943
0.03616333
-0.026916504
-0.058898926
-0.098205566
-0.00099658966
-0.0028190613
0.011901855
-0.097106934
-0.0057029724
0.035858154
0.065307617
-0.050964355
0.052612305
-0.019607544
0.085693359
-0.044464111
0.054992676
0.031768799
0.095458984
-0.040130615
0.036102295
0.063537598
0.040924072
0.006778717
0.080932617
-0.049987793
-0.026748657
0.078552246
-0.0015420914
-0.057891846
0.010505676
-0.074584961
0.018493652
0.093261719
0.014175415
-0.058288574
0.038635254
-0.053649902
0.057861328
-0.021270752
-0.08972168
0.066162109
0.0093231201
0.13085938
0.19104004
-0.010070801
-0.041351318
0.074523926
-0.010025024
0.015777588
0.11242676
-0.055786133
-0.023666382
0.16333008
0.05355835
0.0051879883
0.0076751709
-0.017181396
0.054870605
-0.0086212158
-0.011779785
-0.069580078
0.0010452271
-0.069152832
0.081176758
0.018920898
0.036346436
0.058685303
-0.0047035217
0.0092849731
0.074645996
0.12042236
-0.022079468
-0.030227661
0.1505127
0.1541748
0.03137207
-0.0069389343
0.078063965
0.033660889
0.10290527
-0.036132812
0.028640747
0.029556274
0.073852539
-0.019577026
0.11187744
0.028579712
0.0059623718
0.02961731
0.0080108643
0.034515381
0.030136108
-0.02482605
0.0076332092
-0.018112183
0.049987793
0.021148682
0.026977539
0.03817749
0.051239014
0.042572021
-0.030288696
0.044036865
0.026229858
-0.044128418
0.046813965
0.072692871
-0.025314331
0.054962158
-0.094970703
0.11151123
-0.027114868
0.0032234192
0.11889648
0.050811768
0.055908203
-0.073669434
0.01096344
-0.031463623
-0.014823914
0.050933838
-0.018051147
0.051879883
0.016998291
0.047668457
-0.059265137
0.051116943
0.03616333
-0.026916504
-0.058898926
-0.098205566
-0.00099658966
-0.0028190613
0.011901855
-0.097106934
-0.0057029724
0.035858154
0.065307617
-0.050964355
0.052612305
-0.019607544
0.085693359
-0.044464111
0.054992676
0.031768799
0.095458984
-0.040130615
0.036102295
0.063537598
0.040924072
0.006778717
0.080932617
-0.049987793
-0.026748657
0.078552246
-0.0015420914
-0.057891846
0.010505676
-0.074584961
0.018493652
0.093261719
0.014175415
-0.058288574
0.038635254
-0.053649902
0.057861328
-0.021270752
-0.08972168
0.066162109
0.0093231201
0.13085938
0.19104004
-0.010070801
-0.041351318
0.074523926
-0.010025024
0.015777588
0.11242676
-0.055786133
-0.023666382
0.16333008
0.05355835
0.0051879883
0.0076751709
-0.017181396
0.054870605
-0.0086212158
-0.011779785
-0.069580078
0.0010452271
-0.069152832
0.081176758
0.018920898
0.036346436
0.058685303
-0.0047035217
0.0092849731
0.074645996
0.12042236
-0.022079468
-0.030227661
0.1505127
0.1541748
0.03137207
-0.0069389343
0.078063965
0.033660889
0.10290527
-0.036132812
0.028640747
0.029556274
0.073852539
-0.019577026
0.11187744
0.028579712
0.0059623718
0.02961731
0.0080108643
0.034515381
0.030136108
-0.02482605
0.0076332092
-0.018112183
0.049987793
0.021148682
0.026977539
0.03817749
0.051239014
0.042572021
-0.030288696
0.044036865
0.026229858
-0.044128418
0.046813965
0.072692871
-0.025314331
0.054962158
-0.094970703
0.11151123
-0.027114868
0.0032234192
0.11889648
0.050811768
0.055908203
-0.073669434
0.01096344
-0.031463623
-0.014823914
0.050933838
-0.018051147
0.051879883
0.016998291
0.047668457
-0.059265137
0.051116943
0.03616333
-0.026916504
-0.058898926
-0.098205566
-0.00099658966
-0.0028190613
0.011901855
-0.097106934
-0.0057029724
0.035858154
0.065307617
-0.050964355
0.052612305
-0.019607544
0.085693359
-0.044464111
0.054992676
0.031768799
0.095458984
-0.040130615
0.036102295
0.063537598
0.040924072
0.006778717
0.080932617
-0.049987793
-0.026748657
0.078552246
-0.0015420914
-0.057891846
0.010505676
-0.074584961
0.018493652
0.093261719
0.014175415
-0.058288574
0.038635254
-0.053649902
0.057861328
-0.021270752
-0.08972168
0.066162109
0.0093231201
0.13085938
0.19104004
-0.010070801
-0.041351318
0.074523926
-0.010025024
0.015777588
0.11242676
-0.055786133
-0.023666382
0.16333008
0.05355835
0.0051879883
0.0076751709
-0.017181396
0.054870605
-0.0086212158
-0.011779785
-0.069580078
0.0010452271
-0.069152832
0.081176758
0.018920898
0.036346436
0.058685303
-0.0047035217
0.0092849731
0.074645996
0.12042236
-0.022079468
-0.030227661
0.1505127
0.1541748
0.03137207
-0.0069389343
0.078063965
0.033660889
0.10290527
-0.036132812
0.028640747
0.029556274
0.073852539
-0.019577026
0.11187744
0.028579712
0.0059623718
0.02961731
0.0080108643
0.034515381
0.030136108
-0.02482605
0.0076332092
-0.018112183
0.049987793
0.021148682
0.026977539
0.03817749
0.051239014
0.042572021
-0.030288696
0.044036865
0.026229858
-0.044128418
0.046813965
0.072692871
-0.025314331
0.054962158
-0.094970703
0.11151123
-0.027114868
0.0032234192
0.11889648
0.050811768
0.055908203
-0.073669434
0.01096344
-0.031463623
-0.014823914
0.050933838
-0.018051147
0.051879883
0.016998291
0.047668457
-0.059265137
0.051116943
0.03616333
-0.026916504
-0.058898926
-0.098205566
-0.00099658966
-0.0028190613
0.011901855
-0.097106934
-0.0057029724
0.035858154
0.065307617
-0.050964355
0.052612305
-0.019607544
0.085693359
-0.044464111
0.054992676
0.031768799
0.095458984
-0.040130615
0.036102295
0.063537598
0.040924072
0.006778717
0.080932617
-0.049987793
-0.026748657
0.078552246
-0.0015420914
-0.057891846
0.010505676
-0.074584961
0.018493652
0.093261719
0.014175415
-0.058288574
0.038635254
-0.053649902
0.057861328
-0.021270752
-0.08972168
0.066162109
0.0093231201
0.13085938
0.19104004
-0.010070801
-0.041351318
0.074523926
-0.010025024
0.015777588
0.11242676
-0.055786133
-0.023666382
0.16333008
0.05355835
0.0051879883
0.0076751709
-0.017181396
0.054870605
-0.0086212158
-0.011779785
-0.069580078
0.0010452271
-0.069152832
0.081176758
0.018920898
0.036346436
0.058685303
-0.0047035217
0.0092849731
0.074645996
0.12042236
-0.022079468
-0.030227661
0.1505127
0.1541748
0.03137207
-0.0069389343
0.078063965
0.033660889
0.10290527
-0.036132812
0.028640747
0.029556274
0.073852539
-0.019577026
0.11187744
0.028579712
0.0059623718
0.02961731
0.0080108643
0.034515381
0.030136108
-0.02482605
0.0076332092
-0.018112183
0.049987793
0.021148682
0.026977539
0.03817749
0.051239014
0.042572021
-0.030288696
0.044036865
0.026229858
-0.044128418
0.046813965
0.072692871
-0.025314331
0.054962158
-0.094970703
0.11151123
-0.027114868
0.0032234192
0.11889648
0.050811768
0.055908203
-0.073669434
0.01096344
-0.031463623
-0.014823914
0.050933838
-0.018051147
0.051879883
0.016998291
0.047668457
-0.059265137
0.051116943
0.03616333
-0.026916504
-0.058898926
-0.098205566
-0.00099658966
-0.0028190613
0.011901855
-0.097106934
-0.0057029724
0.035858154
0.065307617
-0.050964355
0.052612305
-0.019607544
0.085693359
-0.044464111
0.054992676
0.031768799
0.095458984
-0.040130615
0.036102295
0.063537598
0.040924072
0.006778717
0.080932617
-0.049987793
-0.026748657
0.078552246
-0.0015420914
-0.057891846
0.010505676
-0.074584961
0.018493652
0.093261719
0.014175415
-0.058288574
0.038635254
-0.053649902
0.057861328
-0.021270752
-0.08972168
0.066162109
0.0093231201
0.13085938
0.19104004
-0.010070801
-0.041351318
0.074523926
-0.010025024
0.015777588
0.11242676
-0.055786133
-0.023666382
0.16333008
0.05355835
0.0051879883
0.0076751709
-0.017181396
0.054870605
-0.0086212158
-0.011779785
-0.069580078
0.0010452271
-0.069152832
0.081176758
0.018920898
0.036346436
0.058685303
-0.0047035217
0.0092849731
0.074645996
0.12042236
-0.022079468
-0.030227661
0.1505127
0.1541748
0.03137207
-0.0069389343
0.078063965
0.033660889
0.10290527
-0.036132812
0.028640747
0.029556274
0.073852539
-0.019577026
0.11187744
0.028579712
0.0059623718
0.02961731
0.0080108643
0.034515381
0.030136108
-0.02482605
0.0076332092
-0.018112183
0.049987793
0.021148682
0.026977539
0.03817749
0.051239014
0.042572021
-0.030288696
0.044036865
0.026229858
-0.044128418
0.046813965
0.072692871
-0.025314331
0.054962158
-0.094970703
0.11151123
-0.027114868
0.0032234192
0.11889648
0.050811768
0.055908203
-0.073669434
0.01096344
-0.031463623
-0.014823914
0.050933838
-0.018051147
0.051879883
0.016998291
0.047668457
-0.059265137
0.051116943
0.03616333
-0.026916504
-0.058898926
-0.098205566
-0.00099658966
-0.0028190613
0.011901855
-0.097106934
-0.0057029724
0.035858154
0.065307617
-0.050964355
0.052612305
-0.019607544
0.085693359
-0.044464111
0.054992676
0.031768799
0.095458984
-0.040130615
0.036102295
0.063537598
0.040924072
0.006778717
0.080932617
-0.049987793
-0.026748657
0.078552246
-0.0015420914
-0.057891846
0.010505676
-0.074584961
0.018493652
0.093261719
0.014175415
-0.058288574
0.038635254
-0.053649902
0.057861328
-0.021270752
-0.08972168
0.066162109
0.0093231201
0.13085938
0.19104004
-0.010070801
-0.041351318
0.074523926
-0.010025024
0.015777588
0.11242676
-0.055786133
-0.023666382
0.16333008
0.05355835
0.0051879883
0.0076751709
-0.017181396
0.054870605
-0.0086212158
-0.011779785
-0.069580078
0.0010452271
-0.069152832
0.081176758
0.018920898
0.036346436
0.058685303
-0.0047035217
0.0092849731
0.074645996
0.12042236
-0.022079468
-0.030227661
0.1505127
0.1541748
0.03137207
-0.0069389343
0.078063965
0.033660889
0.10290527
-0.036132812
0.028640747
0.029556274
0.073852539
-0.019577026
0.11187744
0.028579712
0.0059623718
0.02961731
0.0080108643
0.034515381
0.030136108
-0.02482605
0.0076332092
-0.018112183
0.049987793
0.021148682
0.026977539
0.03817749
0.051239014
0.042572021
-0.030288696
0.044036865
0.026229858
-0.044128418
0.046813965
0.072692871
-0.025314331
0.054962158
-0.094970703
0.11151123
-0.027114868
0.0032234192
0.11889648
0.050811768
0.055908203
-0.073669434
0.01096344
-0.031463623
-0.014823914
0.050933838
-0.018051147
0.051879883
0.016998291
0.047668457
-0.059265137
0.051116943
0.03616333
-0.026916504
-0.058898926
-0.098205566
-0.00099658966
-0.0028190613
0.011901855
-0.097106934
-0.0057029724
0.035858154
0.065307617
-0.050964355
0.052612305
-0.019607544
0.085693359
-0.044464111
0.054992676
0.031768799
0.095458984
-0.040130615
0.036102295
0.063537598
0.040924072
0.006778717
0.080932617
-0.049987793
-0.026748657
0.078552246
-0.0015420914
-0.057891846
0.010505676
-0.074584961
0.018493652
0.093261719
0.014175415
-0.058288574
0.038635254
-0.053649902
0.057861328
-0.021270752
-0.08972168
0.066162109
0.0093231201
0.13085938
0.19104004
-0.010070801
-0.041351318
0.074523926
-0.010025024
0.015777588
0.11242676
-0.055786133
-0.023666382
0.16333008
0.05355835
0.0051879883
0.0076751709
-0.017181396
0.054870605
-0.0086212158
-0.011779785
-0.069580078
0.0010452271
-0.069152832
0.081176758
0.018920898
0.036346436
0.058685303
-0.0047035217
0.0092849731
0.074645996
0.12042236
-0.022079468
-0.030227661
0.1505127
0.1541748
0.03137207
-0.0069389343
0.078063965
0.033660889
0.10290527
-0.036132812
0.028640747
0.029556274
0.073852539
-0.019577026
0.11187744
0.028579712
0.0059623718
0.02961731
0.0080108643
0.034515381
0.030136108
-0.02482605
0.0076332092
-0.018112183
0.049987793
0.021148682
0.026977539
0.03817749
0.051239014
0.042572021
-0.030288696
0.044036865
0.026229858
-0.044128418
0.046813965
0.072692871
-0.025314331
0.054962158
-0.094970703
0.11151123
-0.027114868
0.0032234192
0.11889648
0.050811768
0.055908203
-0.073669434
0.01096344
-0.031463623
-0.014823914
0.050933838
-0.018051147
0.051879883
0.016998291
0.047668457
-0.059265137
0.051116943
0.03616333
-0.026916504
-0.058898926
-0.098205566
-0.00099658966
-0.0028190613
0.011901855
-0.097106934
-0.0057029724
0.035858154
0.065307617
-0.050964355
0.052612305
-0.019607544
0.085693359
-0.044464111
0.054992676
0.031768799
0.095458984
-0.040130615
0.036102295
0.063537598
0.040924072
0.006778717
0.080932617
-0.049987793
-0.026748657
0.078552246
-0.0015420914
-0.057891846
0.010505676
-0.074584961
0.018493652
0.093261719
0.014175415
-0.058288574
0.038635254
-0.053649902
0.057861328
-0.021270752
-0.08972168
0.066162109
0.0093231201
0.13085938
0.19104004
-0.010070801
-0.041351318
0.074523926
-0.010025024
0.015777588
0.11242676
-0.055786133
-0.023666382
0.16333008
0.05355835
0.0051879883
0.0076751709
-0.017181396
0.054870605
-0.0086212158
-0.011779785
-0.069580078
0.0010452271
-0.069152832
0.081176758
0.018920898
0.036346436
0.058685303
-0.0047035217
0.0092849731
0.074645996
0.12042236
-0.022079468
-0.030227661
0.1505127
0.1541748
0.03137207
-0.0069389343
0.078063965
0.033660889
0.10290527
-0.036132812
0.028640747
0.029556274
0.073852539
-0.019577026
0.11187744
0.028579712
0.0059623718
0.02961731
0.0080108643
0.034515381
0.030136108
-0.02482605
0.0076332092
-0.018112183
0.049987793
0.021148682
0.026977539
0.03817749
0.051239014
0.042572021
-0.030288696
0.044036865
0.026229858
-0.044128418
0.046813965
0.072692871
-0.025314331
0.054962158
-0.094970703
0.11151123
-0.027114868
0.0032234192
0.11889648
0.050811768
0.055908203
-0.073669434
0.01096344
-0.031463623
-0.014823914
0.050933838
-0.018051147
0.051879883
0.016998291
0.047668457
-0.059265137
0.051116943
0.03616333
-0.026916504
-0.058898926
-0.098205566
-0.00099658966
-0.0028190613
0.011901855
-0.097106934
-0.0057029724
0.035858154
0.065307617
-0.050964355
0.052612305
-0.019607544
0.085693359
-0.044464111
0.054992676
0.031768799
0.095458984
-0.040130615
0.036102295
0.063537598
0.040924072
0.006778717
0.080932617
-0.049987793
-0.026748657
0.078552246
-0.0015420914
-0.057891846
0.010505676
-0.074584961
0.018493652
0.093261719
0.014175415
-0.058288574
0.038635254
-0.053649902
0.057861328
-0.021270752
-0.08972168
0.066162109
0.0093231201
0.13085938
0.19104004
-0.010070801
-0.041351318
0.074523926
-0.010025024
0.015777588
0.11242676
-0.055786133
-0.023666382
0.16333008
0.05355835
0.0051879883
0.0076751709
-0.017181396
0.054870605
-0.0086212158
-0.011779785
-0.069580078
0.0010452271
-0.069152832
0.081176758
0.018920898
0.036346436
0.058685303
-0.0047035217
0.0092849731
0.074645996
0.12042236
-0.022079468
-0.030227661
0.1505127
0.1541748
0.03137207
-0.0069389343
0.078063965
0.033660889
0.10290527
-0.036132812
0.028640747
0.029556274
0.073852539
-0.019577026
0.11187744
0.028579712
0.0059623718
0.02961731
0.0080108643
0.034515381
0.030136108
-0.02482605
0.0076332092
-0.018112183
0.049987793
0.021148682
0.026977539
0.03817749
0.051239014
0.042572021
-0.030288696
0.044036865
0.026229858
-0.044128418
0.046813965
0.072692871
-0.025314331
0.054962158
-0.094970703
0.11151123
-0.027114868
0.0032234192
0.11889648
0.050811768
0.055908203
-0.073669434
0.01096344
-0.031463623
-0.014823914
0.050933838
-0.018051147
0.051879883
0.016998291
0.047668457
-0.059265137
0.051116943
0.03616333
-0.026916504
-0.058898926
-0.098205566
-0.00099658966
-0.0028190613
0.011901855
-0.097106934
-0.0057029724
0.035858154
0.065307617
-0.050964355
0.052612305
-0.019607544
0.085693359
-0.044464111
0.054992676
0.031768799
0.095458984
-0.040130615
0.036102295
0.063537598
0.040924072
0.006778717
0.080932617
-0.049987793
-0.026748657
0.078552246
-0.0015420914
-0.057891846
0.010505676
-0.074584961
0.018493652
0.093261719
0.014175415
-0.058288574
0.038635254
-0.053649902
0.057861328
-0.021270752
-0.08972168
0.066162109
0.0093231201
0.13085938
0.19104004
-0.010070801
-0.041351318
0.074523926
-0.010025024
0.015777588
0.11242676
-0.055786133
-0.023666382
0.16333008
0.05355835
0.0051879883
0.0076751709
-0.017181396
0.054870605
-0.0086212158
-0.011779785
-0.069580078
0.0010452271
-0.069152832
0.081176758
0.018920898
0.036346436
0.058685303
-0.0047035217
0.0092849731
0.074645996
0.12042236
-0.022079468
-0.030227661
0.1505127
0.1541748
0.03137207
-0.0069389343
0.078063965
0.033660889
0.10290527
-0.036132812
0.028640747
0.029556274
0.073852539
-0.019577026
0.11187744
0.028579712
0.0059623718
0.02961731
0.0080108643
0.034515381
0.030136108
-0.02482605
0.0076332092
-0.018112183
0.049987793
0.021148682
0.026977539
0.03817749
0.051239014
0.042572021
-0.030288696
0.044036865
0.026229858
-0.044128418
0.046813965
0.072692871
-0.025314331
0.054962158
-0.094970703
0.11151123
-0.027114868
0.0032234192
0.11889648
0.050811768
0.055908203
-0.073669434
0.01096344
-0.031463623
-0.014823914
0.050933838
-0.018051147
0.051879883
0.016998291
0.047668457
-0.059265137
0.051116943
0.03616333
-0.026916504
-0.058898926
-0.098205566
-0.00099658966
-0.0028190613
0.011901855
-0.097106934
-0.0057029724
0.035858154
0.065307617
-0.050964355
0.052612305
-0.019607544
0.085693359
-0.044464111
0.054992676
0.031768799
0.095458984
-0.040130615
0.036102295
0.063537598
0.040924072
0.006778717
0.080932617
-0.049987793
-0.026748657
0.078552246
-0.0015420914
-0.057891846
0.010505676
-0.074584961
0.018493652
0.093261719
0.014175415
-0.058288574
0.038635254
-0.053649902
0.057861328
-0.021270752
-0.08972168
0.066162109
0.0093231201
0.13085938
0.19104004
-0.010070801
-0.041351318
0.074523926
-0.010025024
0.015777588
0.11242676
-0.055786133
-0.023666382
0.16333008
0.05355835
0.0051879883
0.0076751709
-0.017181396
0.054870605
-0.0086212158
-0.011779785
-0.069580078
0.0010452271
-0.069152832
0.081176758
0.018920898
0.036346436
0.058685303
-0.0047035217
0.0092849731
0.074645996
0.12042236
-0.022079468
-0.030227661
0.1505127
0.1541748
0.03137207
-0.0069389343
0.078063965
0.033660889
0.10290527
-0.036132812
0.028640747
0.029556274
0.073852539
-0.019577026
0.11187744
0.028579712
0.0059623718
0.02961731
0.0080108643
0.034515381
0.030136108
-0.02482605
0.0076332092
-0.018112183
0.049987793
0.021148682
0.026977539
0.03817749
0.051239014
0.042572021
-0.030288696
0.044036865
0.026229858
-0.044128418
0.046813965
0.072692871
-0.025314331
0.054962158
-0.094970703
0.11151123
-0.027114868
0.0032234192
0.11889648
0.050811768
0.055908203
-0.073669434
0.01096344
-0.031463623
-0.014823914
0.050933838
-0.018051147
0.051879883
0.016998291
0.047668457
-0.059265137
0.051116943
0.03616333
-0.026916504
-0.058898926
-0.098205566
-0.00099658966
-0.0028190613
0.011901855
-0.097106934
-0.0057029724
0.035858154
0.065307617
-0.050964355
0.052612305
-0.019607544
0.085693359
-0.044464111
0.054992676
0.031768799
0.095458984
-0.040130615
0.036102295
0.063537598
0.040924072
0.006778717
0.080932617
-0.049987793
-0.026748657
0.078552246
-0.0015420914
-0.057891846
0.010505676
-0.074584961
0.018493652
0.093261719
0.014175415
-0.058288574
0.038635254
-0.053649902
0.057861328
-0.021270752
-0.08972168
0.066162109
0.0093231201
0.13085938
0.19104004
-0.010070801
-0.041351318
0.074523926
-0.010025024
0.015777588
0.11242676
-0.055786133
-0.023666382
0.16333008
0.05355835
0.0051879883
0.0076751709
-0.017181396
0.054870605
-0.0086212158
-0.011779785
-0.069580078
0.0010452271
-0.069152832
0.081176758
0.018920898
0.036346436
0.058685303
-0.0047035217
0.0092849731
0.074645996
0.12042236
-0.022079468
-0.030227661
0.1505127
0.1541748
0.03137207
-0.0069389343
0.078063965
0.033660889
0.10290527
-0.036132812
0.028640747
0.029556274
0.073852539
-0.019577026
0.11187744
0.028579712
0.0059623718
0.02961731
0.0080108643
0.034515381
0.030136108
-0.02482605
0.0076332092
-0.018112183
0.049987793
0.021148682
0.026977539
0.03817749
0.051239014
0.042572021
-0.030288696
0.044036865
0.026229858
-0.044128418
0.046813965
0.072692871
-0.025314331
0.054962158
-0.094970703
0.11151123
-0.027114868
0.0032234192
0.11889648
0.050811768
0.055908203
-0.073669434
0.01096344
-0.031463623
-0.014823914
0.050933838
-0.018051147
0.051879883
0.016998291
0.047668457
-0.059265137
0.051116943
0.03616333
-0.026916504
-0.058898926
-0.098205566
-0.00099658966
-0.0028190613
0.011901855
-0.097106934
-0.0057029724
0.035858154
0.065307617
-0.050964355
0.052612305
-0.019607544
0.085693359
-0.044464111
0.054992676
0.031768799
0.095458984
-0.040130615
0.036102295
0.063537598
0.040924072
0.006778717
0.080932617
-0.049987793
-0.026748657
0.078552246
-0.0015420914
-0.057891846
0.010505676
-0.074584961
0.018493652
0.093261719
0.014175415
-0.058288574
0.038635254
-0.053649902
0.057861328
-0.021270752
-0.08972168
0.066162109
0.0093231201
0.13085938
0.19104004
-0.010070801
-0.041351318
0.074523926
-0.010025024
0.015777588
0.11242676
-0.055786133
-0.023666382
0.16333008
0.05355835
0.0051879883
0.0076751709
-0.017181396
0.054870605
-0.0086212158
-0.011779785
-0.069580078
0.0010452271
-0.069152832
0.081176758
0.018920898
0.036346436
0.058685303
-0.0047035217
0.0092849731
0.074645996
0.12042236
-0.022079468
-0.030227661
0.1505127
0.1541748
0.03137207
-0.0069389343
0.078063965
0.033660889
0.10290527
-0.036132812
0.028640747
0.029556274
0.073852539
-0.019577026
0.11187744
0.028579712
0.0059623718
0.02961731
0.0080108643
0.034515381
0.030136108
-0.02482605
0.0076332092
-0.018112183
0.049987793
0.021148682
0.026977539
0.03817749
0.051239014
0.042572021
-0.030288696
0.044036865
0.026229858
-0.044128418
0.046813965
0.072692871
-0.025314331
0.054962158
-0.094970703
0.11151123
-0.027114868
0.0032234192
0.11889648
0.050811768
0.055908203
-0.073669434
0.01096344
-0.031463623
-0.014823914
0.050933838
-0.018051147
0.051879883
0.016998291
0.047668457
-0.059265137
0.051116943
0.03616333
-0.026916504
-0.058898926
-0.098205566
-0.00099658966
-0.0028190613
0.011901855
-0.097106934
-0.0057029724
0.035858154
0.065307617
-0.050964355
0.052612305
-0.019607544
0.085693359
-0.044464111
0.054992676
0.031768799
0.095458984
-0.040130615
0.036102295
0.063537598
0.040924072
0.006778717
0.080932617
-0.049987793
-0.026748657
0.078552246
-0.0015420914
-0.057891846
0.010505676
-0.074584961
0.018493652
0.093261719
0.014175415
-0.058288574
0.038635254
-0.053649902
0.057861328
-0.021270752
-0.08972168
0.066162109
0.0093231201
0.13085938
0.19104004
-0.010070801
-0.041351318
0.074523926
-0.010025024
0.015777588
0.11242676
-0.055786133
-0.023666382
0.16333008
0.05355835
0.0051879883
0.0076751709
-0.017181396
0.054870605
-0.0086212158
-0.011779785
-0.069580078
0.0010452271
-0.069152832
0.081176758
0.018920898
0.036346436
0.058685303
-0.0047035217
0.0092849731
0.074645996
0.12042236
-0.022079468
-0.030227661
0.1505127
0.1541748
0.03137207
-0.0069389343
0.078063965
0.033660889
0.10290527
-0.036132812
0.028640747
0.029556274
0.073852539
-0.019577026
0.11187744
0.028579712
0.0059623718
0.02961731
0.0080108643
0.034515381
0.030136108
-0.02482605
0.0076332092
-0.018112183
0.049987793
0.021148682
0.026977539
0.03817749
0.051239014
0.042572021
-0.030288696
0.044036865
0.026229858
-0.044128418
0.046813965
0.072692871
-0.025314331
0.054962158
-0.094970703
0.11151123
-0.027114868
0.0032234192
0.11889648
0.050811768
0.055908203
-0.073669434
0.01096344
-0.031463623
-0.014823914
0.050933838
-0.018051147
0.051879883
0.016998291
0.047668457
-0.059265137
0.051116943
0.03616333
-0.026916504
-0.058898926
-0.098205566
-0.00099658966
-0.0028190613
0.011901855
-0.097106934
-0.0057029724
0.035858154
0.065307617
-0.050964355
0.052612305
-0.019607544
0.085693359
-0.044464111
0.054992676
0.031768799
0.095458984
-0.040130615
0.036102295
0.063537598
0.040924072
0.006778717
0.080932617
-0.049987793
-0.026748657
0.078552246
-0.0015420914
-0.057891846
0.010505676
-0.074584961
0.018493652
0.093261719
0.014175415
-0.058288574
0.038635254
-0.053649902
0.057861328
-0.021270752
-0.08972168
0.066162109
0.0093231201
0.13085938
0.19104004
-0.010070801
-0.041351318
0.074523926
-0.010025024
0.015777588
0.11242676
-0.055786133
-0.023666382
0.16333008
0.05355835
0.0051879883
0.0076751709
-0.017181396
0.054870605
-0.0086212158
-0.011779785
-0.069580078
0.0010452271
-0.069152832
0.081176758
0.018920898
0.036346436
0.058685303
-0.0047035217
0.0092849731
0.074645996
0.12042236
-0.022079468
-0.030227661
0.1505127
0.1541748
0.03137207
-0.0069389343
0.078063965
0.033660889
0.10290527
-0.036132812
0.028640747
0.029556274
0.073852539
-0.019577026
0.11187744
0.028579712
0.0059623718
0.02961731
0.0080108643
0.034515381
0.030136108
-0.02482605
0.0076332092
-0.018112183
0.049987793
0.021148682
0.026977539
0.03817749
0.051239014
0.042572021
-0.030288696
0.044036865
0.026229858
-0.044128418
0.046813965
0.072692871
-0.025314331
0.054962158
-0.094970703
0.11151123
-0.027114868
0.0032234192
0.11889648
0.050811768
0.055908203
-0.073669434
0.01096344
-0.031463623
-0.014823914
0.050933838
-0.018051147
0.051879883
0.016998291
0.047668457
-0.059265137
0.051116943
0.03616333
-0.026916504
-0.058898926
-0.098205566
-0.00099658966
-0.0028190613
0.011901855
-0.097106934
-0.0057029724
0.035858154
0.065307617
-0.050964355
0.052612305
-0.019607544
0.085693359
-0.044464111
0.054992676
0.031768799
0.095458984
-0.040130615
0.036102295
0.063537598
0.040924072
0.006778717
0.080932617
-0.049987793
-0.026748657
0.078552246
-0.0015420914
-0.057891846
0.010505676
-0.074584961
0.018493652
0.093261719
0.014175415
-0.058288574
0.038635254
-0.053649902
0.057861328
-0.021270752
-0.08972168
0.066162109
0.0093231201
0.13085938
0.19104004
-0.010070801
-0.041351318
0.074523926
-0.010025024
0.015777588
0.11242676
-0.055786133
-0.023666382
0.16333008
0.05355835
0.0051879883
0.0076751709
-0.017181396
0.054870605
-0.0086212158
-0.011779785
-0.069580078
0.0010452271
-0.069152832
0.081176758
0.018920898
0.036346436
0.058685303
-0.0047035217
0.0092849731
0.074645996
0.12042236
-0.022079468
-0.030227661
0.1505127
0.1541748
0.03137207
-0.0069389343
0.078063965
0.033660889
0.10290527
-0.036132812
0.028640747
0.029556274
0.073852539
-0.019577026
0.11187744
0.028579712
0.0059623718
0.02961731
0.0080108643
0.034515381
0.030136108
-0.02482605
0.0076332092
-0.018112183
0.049987793
0.021148682
0.026977539
0.03817749
0.051239014
0.042572021
-0.030288696
0.044036865
0.026229858
-0.044128418
0.046813965
0.072692871
-0.025314331
0.054962158
-0.094970703
0.11151123
-0.027114868
0.0032234192
0.11889648
0.050811768
0.055908203
-0.073669434
0.01096344
-0.031463623
-0.014823914
0.050933838
-0.018051147
0.051879883
0.016998291
0.047668457
-0.059265137
0.051116943
0.03616333
-0.026916504
-0.058898926
-0.098205566
-0.00099658966
-0.0028190613
0.011901855
-0.097106934
-0.0057029724
0.035858154
0.065307617
-0.050964355
0.052612305
-0.019607544
0.085693359
-0.044464111
0.054992676
0.031768799
0.095458984
-0.040130615
0.036102295
0.063537598
0.040924072
0.006778717
0.080932617
-0.049987793
-0.026748657
0.078552246
-0.0015420914
-0.057891846
0.010505676
-0.074584961
0.018493652
0.093261719
0.014175415
-0.058288574
0.038635254
-0.053649902
0.057861328
-0.021270752
-0.08972168
0.066162109
0.0093231201
0.13085938
0.19104004
-0.010070801
-0.041351318
0.074523926
-0.010025024
0.015777588
0.11242676
-0.055786133
-0.023666382
0.16333008
0.05355835
0.0051879883
0.0076751709
-0.017181396
0.054870605
-0.0086212158
-0.011779785
-0.069580078
0.0010452271
-0.069152832
0.081176758
0.018920898
0.036346436
0.058685303
-0.0047035217
0.0092849731
0.074645996
0.12042236
-0.022079468
-0.030227661
0.1505127
0.1541748
0.03137207
-0.0069389343
0.078063965
0.033660889
0.10290527
-0.036132812
0.028640747
0.029556274
0.073852539
-0.019577026
0.11187744
0.028579712
0.0059623718
0.02961731
0.0080108643
0.034515381
0.030136108
-0.02482605
0.0076332092
-0.018112183
0.049987793
0.021148682
0.026977539
0.03817749
0.051239014
0.042572021
-0.030288696
0.044036865
0.026229858
-0.044128418
0.046813965
0.072692871
-0.025314331
0.054962158
-0.094970703
0.11151123
-0.027114868
0.0032234192
0.11889648
0.050811768
0.055908203
-0.073669434
0.01096344
-0.031463623
-0.014823914
0.050933838
-0.018051147
0.051879883
0.016998291
0.047668457
-0.059265137
0.051116943
0.03616333
-0.026916504
-0.058898926
-0.098205566
-0.00099658966
-0.0028190613
0.011901855
-0.097106934
-0.0057029724
0.035858154
0.065307617
-0.050964355
0.052612305
-0.019607544
0.085693359
-0.044464111
0.054992676
0.031768799
0.095458984
-0.040130615
0.036102295
0.063537598
0.040924072
0.006778717
0.080932617
-0.049987793
-0.026748657
0.078552246
-0.0015420914
-0.057891846
0.010505676
-0.074584961
0.018493652
0.093261719
0.014175415
-0.058288574
0.038635254
-0.053649902
0.057861328
-0.021270752
-0.08972168
0.066162109
0.0093231201
0.13085938
0.19104004
-0.010070801
-0.041351318
0.074523926
-0.010025024
0.015777588
0.11242676
-0.055786133
-0.023666382
0.16333008
0.05355835
0.0051879883
0.0076751709
-0.017181396
0.054870605
-0.0086212158
-0.011779785
-0.069580078
0.0010452271
-0.069152832
0.081176758
0.018920898
0.036346436
0.058685303
-0.0047035217
0.0092849731
0.074645996
0.12042236
-0.022079468
-0.030227661
0.1505127
0.1541748
0.03137207
-0.0069389343
0.078063965
0.033660889
0.10290527
-0.036132812
0.028640747
0.029556274
0.073852539
-0.019577026
0.11187744
0.028579712
0.0059623718
0.02961731
0.0080108643
0.034515381
0.030136108
-0.02482605
0.0076332092
-0.018112183
0.049987793
0.021148682
0.026977539
0.03817749
0.051239014
0.042572021
-0.030288696
0.044036865
0.026229858
-0.044128418
0.046813965
0.072692871
-0.025314331
0.054962158
-0.094970703
0.11151123
-0.027114868
0.0032234192
0.11889648
0.050811768
0.055908203
-0.073669434
0.01096344
-0.031463623
-0.014823914
0.050933838
-0.018051147
0.051879883
0.016998291
0.047668457
-0.059265137
0.051116943
0.03616333
-0.026916504
-0.058898926
-0.098205566
-0.00099658966
-0.0028190613
0.011901855
-0.097106934
-0.0057029724
0.035858154
0.065307617
-0.050964355
0.052612305
-0.019607544
0.085693359
-0.044464111
0.054992676
0.031768799
0.095458984
-0.040130615
0.036102295
0.063537598
0.040924072
0.006778717
0.080932617
-0.049987793
-0.026748657
0.078552246
-0.0015420914
-0.057891846
0.010505676
-0.074584961
0.018493652
0.093261719
0.014175415
-0.058288574
0.038635254
-0.053649902
0.057861328
-0.021270752
-0.08972168
0.066162109
0.0093231201
0.13085938
0.19104004
-0.010070801
-0.041351318
0.074523926
-0.010025024
0.015777588
0.11242676
-0.055786133
-0.023666382
0.16333008
0.05355835
0.0051879883
0.0076751709
-0.017181396
0.054870605
-0.0086212158
-0.011779785
-0.069580078
0.0010452271
-0.069152832
0.081176758
0.018920898
0.036346436
0.058685303
-0.0047035217
0.0092849731
0.074645996
0.12042236
-0.022079468
-0.030227661
0.1505127
0.1541748
0.03137207
-0.0069389343
0.078063965
0.033660889
0.10290527
-0.036132812
0.028640747
0.029556274
0.073852539
-0.019577026
0.11187744
0.028579712
0.0059623718
0.02961731
0.0080108643
0.034515381
0.030136108
-0.02482605
0.0076332092
-0.018112183
0.049987793
0.021148682
0.026977539
0.03817749
0.051239014
0.042572021
-0.030288696
0.044036865
0.026229858
-0.044128418
0.046813965
0.072692871
-0.025314331
0.054962158
-0.094970703
0.11151123
-0.027114868
0.0032234192
0.11889648
0.050811768
0.055908203
-0.073669434
0.01096344
-0.031463623
-0.014823914
0.050933838
-0.018051147
0.051879883
0.016998291
0.047668457
-0.059265137
0.051116943
0.03616333
-0.026916504
-0.058898926
-0.098205566
-0.00099658966
-0.0028190613
0.011901855
-0.097106934
-0.0057029724
0.035858154
0.065307617
-0.050964355
0.052612305
-0.019607544
0.085693359
-0.044464111
0.054992676
0.031768799
0.095458984
-0.040130615
0.036102295
0.063537598
0.040924072
0.006778717
0.080932617
-0.049987793
-0.026748657
0.078552246
-0.0015420914
-0.057891846
0.010505676
-0.074584961
0.018493652
0.093261719
0.014175415
-0.058288574
0.038635254
-0.053649902
0.057861328
-0.021270752
-0.08972168
0.066162109
0.0093231201
0.13085938
0.19104004
-0.010070801
-0.041351318
0.074523926
-0.010025024
0.015777588
0.11242676
-0.055786133
-0.023666382
0.16333008
0.05355835
0.0051879883
0.0076751709
-0.017181396
0.054870605
-0.0086212158
-0.011779785
-0.069580078
0.0010452271
-0.069152832
0.081176758
0.018920898
0.036346436
0.058685303
-0.0047035217
0.0092849731
0.074645996
0.12042236
-0.022079468
-0.030227661
0.1505127
0.1541748
0.03137207
-0.0069389343
0.078063965
0.033660889
0.10290527
-0.036132812
0.028640747
0.029556274
0.073852539
-0.019577026
0.11187744
0.028579712
0.0059623718
0.02961731
0.0080108643
0.034515381
0.030136108
-0.02482605
0.0076332092
-0.018112183
0.049987793
0.021148682
0.026977539
0.03817749
0.051239014
0.042572021
-0.030288696
0.044036865
0.026229858
-0.044128418
0.046813965
0.072692871
-0.025314331
0.054962158
-0.094970703
0.11151123
-0.027114868
0.0032234192
0.11889648
0.050811768
0.055908203
-0.073669434
0.01096344
-0.031463623
-0.014823914
0.050933838
-0.018051147
0.051879883
0.016998291
0.047668457
-0.059265137
0.051116943
0.03616333
-0.026916504
-0.058898926
-0.098205566
-0.00099658966
-0.0028190613
0.011901855
-0.097106934
-0.0057029724
0.035858154
0.065307617
-0.050964355
0.052612305
-0.019607544
0.085693359
-0.044464111
0.054992676
0.031768799
0.095458984
-0.040130615
0.036102295
0.063537598
0.040924072
0.006778717
0.080932617
-0.049987793
-0.026748657
0.078552246
-0.0015420914
-0.057891846
0.010505676
-0.074584961
0.018493652
0.093261719
0.014175415
-0.058288574
0.038635254
-0.053649902
0.057861328
-0.021270752
-0.08972168
0.066162109
0.0093231201
0.13085938
0.19104004
-0.010070801
-0.041351318
0.074523926
-0.010025024
0.015777588
0.11242676
-0.055786133
-0.023666382
0.16333008
0.05355835
0.0051879883
0.0076751709
-0.017181396
0.054870605
-0.0086212158
-0.011779785
-0.069580078
0.0010452271
-0.069152832
0.081176758
0.018920898
0.036346436
0.058685303
-0.0047035217
0.0092849731
0.074645996
0.12042236
-0.022079468
-0.030227661
0.1505127
0.1541748
0.03137207
-0.0069389343
0.078063965
0.033660889
0.10290527
-0.036132812
0.028640747
0.029556274
0.073852539
-0.019577026
0.11187744
0.028579712
0.0059623718
0.02961731
0.0080108643
0.034515381
0.030136108
-0.02482605
0.0076332092
-0.018112183
0.049987793
0.021148682
0.026977539
0.03817749
0.051239014
0.042572021
-0.030288696
0.044036865
0.026229858
-0.044128418
0.046813965
0.072692871
-0.025314331
0.054962158
-0.094970703
0.11151123
-0.027114868
0.0032234192
0.11889648
0.050811768
0.055908203
-0.073669434
0.01096344
-0.031463623
-0.014823914
0.050933838
-0.018051147
0.051879883
0.016998291
0.047668457
-0.059265137
0.051116943
0.03616333
-0.026916504
-0.058898926
-0.098205566
-0.00099658966
-0.0028190613
0.011901855
-0.097106934
-0.0057029724
0.035858154
0.065307617
-0.050964355
0.052612305
-0.019607544
0.085693359
-0.044464111
0.054992676
0.031768799
0.095458984
-0.040130615
0.036102295
0.063537598
0.040924072
0.006778717
0.080932617
-0.049987793
-0.026748657
0.078552246
-0.0015420914
-0.057891846
0.010505676
-0.074584961
0.018493652
0.093261719
0.014175415
-0.058288574
0.038635254
-0.053649902
0.057861328
-0.021270752
-0.08972168
0.066162109
0.0093231201
0.13085938
0.19104004
-0.010070801
-0.041351318
0.074523926
-0.010025024
0.015777588
0.11242676
-0.055786133
-0.023666382
0.16333008
0.05355835
0.0051879883
0.0076751709
-0.017181396
0.054870605
-0.0086212158
-0.011779785
-0.069580078
0.0010452271
-0.069152832
0.081176758
0.018920898
0.036346436
0.058685303
-0.0047035217
0.0092849731
0.074645996
0.12042236
-0.022079468
-0.030227661
0.1505127
0.1541748
0.03137207
-0.0069389343
0.078063965
0.033660889
0.10290527
-0.036132812
0.028640747
0.029556274
0.073852539
-0.019577026
0.11187744
0.028579712
0.0059623718
0.02961731
0.0080108643
0.034515381
0.030136108
-0.02482605
0.0076332092
-0.018112183
0.049987793
0.021148682
0.026977539
0.03817749
0.051239014
0.042572021
-0.030288696
0.044036865
0.026229858
-0.044128418
0.046813965
0.072692871
-0.025314331
0.054962158
-0.094970703
0.11151123
-0.027114868
0.0032234192
0.11889648
0.050811768
0.055908203
-0.073669434
0.01096344
-0.031463623
-0.014823914
0.050933838
-0.018051147
0.051879883
0.016998291
0.047668457
-0.059265137
0.051116943
0.03616333
-0.026916504
-0.058898926
-0.098205566
-0.00099658966
-0.0028190613
0.011901855
-0.097106934
-0.0057029724
0.035858154
0.065307617
-0.050964355
0.052612305
-0.019607544
0.085693359
-0.044464111
0.054992676
0.031768799
0.095458984
-0.040130615
0.036102295
0.063537598
0.040924072
0.006778717
0.080932617
-0.049987793
-0.026748657
0.078552246
-0.0015420914
-0.057891846
0.010505676
-0.074584961
0.018493652
0.093261719
0.014175415
-0.058288574
0.038635254
-0.053649902
0.057861328
-0.021270752
-0.08972168
0.066162109
0.0093231201
0.13085938
0.19104004
-0.010070801
-0.041351318
0.074523926
-0.010025024
0.015777588
0.11242676
-0.055786133
-0.023666382
0.16333008
0.05355835
0.0051879883
0.0076751709
-0.017181396
0.054870605
-0.0086212158
-0.011779785
-0.069580078
0.0010452271
-0.069152832
0.081176758
0.018920898
0.036346436
0.058685303
-0.0047035217
0.0092849731
0.074645996
0.12042236
-0.022079468
-0.030227661
0.1505127
0.1541748
0.03137207
-0.0069389343
0.078063965
0.033660889
0.10290527
-0.036132812
0.028640747
0.029556274
0.073852539
-0.019577026
0.11187744
0.028579712
0.0059623718
0.02961731
0.0080108643
0.034515381
0.030136108
-0.02482605
0.0076332092
-0.018112183
0.049987793
0.021148682
0.026977539
0.03817749
0.051239014
0.042572021
-0.030288696
0.044036865
0.026229858
-0.044128418
0.046813965
0.072692871
-0.025314331
0.054962158
-0.094970703
0.11151123
-0.027114868
0.0032234192
0.11889648
0.050811768
0.055908203
-0.073669434
0.01096344
-0.031463623
-0.014823914
0.050933838
-0.018051147
0.051879883
0.016998291
0.047668457
-0.059265137
0.051116943
0.03616333
-0.026916504
-0.058898926
-0.098205566
-0.00099658966
-0.0028190613
0.011901855
-0.097106934
-0.0057029724
0.035858154
0.065307617
-0.050964355
0.052612305
-0.019607544
0.085693359
-0.044464111
0.054992676
0.031768799
0.095458984
-0.040130615
0.036102295
0.063537598
0.040924072
0.006778717
0.080932617
-0.049987793
-0.026748657
0.078552246
-0.0015420914
-0.057891846
0.010505676
-0.074584961
0.018493652
0.093261719
0.014175415
-0.058288574
0.038635254
-0.053649902
0.057861328
-0.021270752
-0.08972168
0.066162109
0.0093231201
0.13085938
0.19104004
-0.010070801
-0.041351318
0.074523926
-0.010025024
0.015777588
0.11242676
-0.055786133
-0.023666382
0.16333008
0.05355835
0.0051879883
0.0076751709
-0.017181396
0.054870605
-0.0086212158
-0.011779785
-0.069580078
0.0010452271
-0.069152832
0.081176758
0.018920898
0.036346436
0.058685303
-0.0047035217
0.0092849731
0.074645996
0.12042236
-0.022079468
-0.030227661
0.1505127
0.1541748
0.03137207
-0.0069389343
0.078063965
0.033660889
0.10290527
-0.036132812
0.028640747
0.029556274
0.073852539
-0.019577026
0.11187744
0.028579712
0.0059623718
0.02961731
0.0080108643
0.034515381
0.030136108
-0.02482605
0.0076332092
-0.018112183
0.049987793
0.021148682
0.026977539
0.03817749
0.051239014
0.042572021
-0.030288696
0.044036865
0.026229858
-0.044128418
0.046813965
0.072692871
-0.025314331
0.054962158
-0.094970703
0.11151123
-0.027114868
0.0032234192
0.11889648
0.050811768
0.055908203
-0.073669434
0.01096344
-0.031463623
-0.014823914
0.050933838
-0.018051147
0.051879883
0.016998291
0.047668457
-0.059265137
0.051116943
0.03616333
-0.026916504
-0.058898926
-0.098205566
-0.00099658966
-0.0028190613
0.011901855
-0.097106934
-0.0057029724
0.035858154
0.065307617
-0.050964355
0.052612305
-0.019607544
0.085693359
-0.044464111
0.054992676
0.031768799
0.095458984
-0.040130615
0.036102295
0.063537598
0.040924072
0.006778717
0.080932617
-0.049987793
-0.026748657
0.078552246
-0.0015420914
-0.057891846
0.010505676
-0.074584961
0.018493652
0.093261719
0.014175415
-0.058288574
0.038635254
-0.053649902
0.057861328
-0.021270752
-0.08972168
0.066162109
0.0093231201
0.13085938
0.19104004
-0.010070801
-0.041351318
0.074523926
-0.010025024
0.015777588
0.11242676
-0.055786133
-0.023666382
0.16333008
0.05355835
0.0051879883
0.0076751709
-0.017181396
0.054870605
-0.0086212158
-0.011779785
-0.069580078
0.0010452271
-0.069152832
0.081176758
0.018920898
0.036346436
0.058685303
-0.0047035217
0.0092849731
0.074645996
0.12042236
-0.022079468
-0.030227661
0.1505127
0.1541748
0.03137207
-0.0069389343
0.078063965
0.033660889
0.10290527
-0.036132812
0.028640747
0.029556274
0.073852539
-0.019577026
0.11187744
0.028579712
0.0059623718
0.02961731
0.0080108643
0.034515381
0.030136108
-0.02482605
0.0076332092
-0.018112183
0.049987793
0.021148682
0.026977539
0.03817749
0.051239014
0.042572021
-0.030288696
0.044036865
0.026229858
-0.044128418
0.046813965
0.072692871
-0.025314331
0.054962158
-0.094970703
0.11151123
-0.027114868
0.0032234192
0.11889648
0.050811768
0.055908203
-0.073669434
0.01096344
-0.031463623
-0.014823914
0.050933838
-0.018051147
0.051879883
0.016998291
0.047668457
-0.059265137
0.051116943
0.03616333
-0.026916504
-0.058898926
-0.098205566
-0.00099658966
-0.0028190613
0.011901855
-0.097106934
-0.0057029724
0.035858154
0.065307617
-0.050964355
0.052612305
-0.019607544
0.085693359
-0.044464111
0.054992676
0.031768799
0.095458984
-0.040130615
0.036102295
0.063537598
0.040924072
0.006778717
0.080932617
-0.049987793
-0.026748657
0.078552246
-0.0015420914
-0.057891846
0.010505676
-0.074584961
0.018493652
0.093261719
0.014175415
-0.058288574
0.038635254
-0.053649902
0.057861328
-0.021270752
-0.08972168
0.066162109
0.0093231201
0.13085938
0.19104004
-0.010070801
-0.041351318
0.074523926
-0.010025024
0.015777588
0.11242676
-0.055786133
-0.023666382
0.16333008
0.05355835
0.0051879883
0.0076751709
-0.017181396
0.054870605
-0.0086212158
-0.011779785
-0.069580078
0.0010452271
-0.069152832
0.081176758
0.018920898
0.036346436
0.058685303
-0.0047035217
0.0092849731
0.074645996
0.12042236
-0.022079468
-0.030227661
0.1505127
0.1541748
0.03137207
-0.0069389343
0.078063965
0.033660889
0.10290527
-0.036132812
0.028640747
0.029556274
0.073852539
-0.019577026
0.11187744
0.028579712
0.0059623718
0.02961731
0.0080108643
0.034515381
0.030136108
-0.02482605
0.0076332092
-0.018112183
0.049987793
0.021148682
0.026977539
0.03817749
0.051239014
0.042572021
-0.030288696
0.044036865
0.026229858
-0.044128418
0.046813965
0.072692871
-0.025314331
0.054962158
-0.094970703
0.11151123
-0.027114868
0.0032234192
0.11889648
0.050811768
0.055908203
-0.073669434
0.01096344
-0.031463623
-0.014823914
0.050933838
-0.018051147
0.051879883
0.016998291
0.047668457
-0.059265137
0.051116943
0.03616333
-0.026916504
-0.058898926
-0.098205566
-0.00099658966
-0.0028190613
0.011901855
-0.097106934
-0.0057029724
0.035858154
0.065307617
-0.050964355
0.052612305
-0.019607544
0.085693359
-0.044464111
0.054992676
0.031768799
0.095458984
-0.040130615
0.036102295
0.063537598
0.040924072
0.006778717
0.080932617
-0.049987793
-0.026748657
0.078552246
-0.0015420914
-0.057891846
0.010505676
-0.074584961
0.018493652
0.093261719
0.014175415
-0.058288574
0.038635254
-0.053649902
0.057861328
-0.021270752
-0.08972168
0.066162109
0.0093231201
0.13085938
0.19104004
-0.010070801
-0.041351318
0.074523926
-0.010025024
0.015777588
0.11242676
-0.055786133
-0.023666382
0.16333008
0.05355835
0.0051879883
0.0076751709
-0.017181396
0.054870605
-0.0086212158
-0.011779785
-0.069580078
0.0010452271
-0.069152832
0.081176758
0.018920898
0.036346436
0.058685303
-0.0047035217
0.0092849731
0.074645996
0.12042236
-0.022079468
-0.030227661
0.1505127
0.1541748
0.03137207
-0.0069389343
0.078063965
0.033660889
0.10290527
-0.036132812
0.028640747
0.029556274
0.073852539
-0.019577026
0.11187744
0.028579712
0.0059623718
0.02961731
0.0080108643
0.034515381
0.030136108
-0.02482605
0.0076332092
-0.018112183
0.049987793
0.021148682
0.026977539
0.03817749
0.051239014
0.042572021
-0.030288696
0.044036865
0.026229858
-0.044128418
0.046813965
0.072692871
-0.025314331
0.054962158
-0.094970703
0.11151123
-0.027114868
0.0032234192
0.11889648
0.050811768
0.055908203
-0.073669434
0.01096344
-0.031463623
-0.014823914
0.050933838
-0.018051147
0.051879883
0.016998291
0.047668457
-0.059265137
0.051116943
0.03616333
-0.026916504
-0.058898926
-0.098205566
-0.00099658966
-0.0028190613
0.011901855
-0.097106934
-0.0057029724
0.035858154
0.065307617
-0.050964355
0.052612305
-0.019607544
0.085693359
-0.044464111
0.054992676
0.031768799
0.095458984
-0.040130615
0.036102295
0.063537598
0.040924072
0.006778717
0.080932617
-0.049987793
-0.026748657
0.078552246
-0.0015420914
-0.057891846
0.010505676
-0.074584961
0.018493652
0.093261719
0.014175415
-0.058288574
0.038635254
-0.053649902
0.057861328
-0.021270752
-0.08972168
0.066162109
0.0093231201
0.13085938
0.19104004
-0.010070801
-0.041351318
0.074523926
-0.010025024
0.015777588
0.11242676
-0.055786133
-0.023666382
0.16333008
0.05355835
0.0051879883
0.0076751709
-0.017181396
0.054870605
-0.0086212158
-0.011779785
-0.069580078
0.0010452271
-0.069152832
0.081176758
0.018920898
0.036346436
0.058685303
-0.0047035217
0.0092849731
0.074645996
0.12042236
-0.022079468
-0.030227661
0.1505127
0.1541748
0.03137207
-0.0069389343
0.078063965
0.033660889
0.10290527
-0.036132812
0.028640747
0.029556274
0.073852539
-0.019577026
0.11187744
0.028579712
0.0059623718
0.02961731
0.0080108643
0.034515381
0.030136108
-0.02482605
0.0076332092
-0.018112183
0.049987793
0.021148682
0.026977539
0.03817749
0.051239014
0.042572021
-0.030288696
0.044036865
0.026229858
-0.044128418
0.046813965
0.072692871
-0.025314331
0.054962158
-0.094970703
0.11151123
-0.027114868
0.0032234192
0.11889648
0.050811768
0.055908203
-0.073669434
0.01096344
-0.031463623
-0.014823914
0.050933838
-0.018051147
0.051879883
0.016998291
0.047668457
-0.059265137
0.051116943
0.03616333
-0.026916504
-0.058898926
-0.098205566
-0.00099658966
-0.0028190613
0.011901855
-0.097106934
-0.0057029724
0.035858154
0.065307617
-0.050964355
0.052612305
-0.019607544
0.085693359
-0.044464111
0.054992676
0.031768799
0.095458984
-0.040130615
0.036102295
0.063537598
0.040924072
0.006778717
0.080932617
-0.049987793
-0.026748657
0.078552246
-0.0015420914
-0.057891846
0.010505676
-0.074584961
0.018493652
0.093261719
0.014175415
-0.058288574
0.038635254
-0.053649902
0.057861328
-0.021270752
-0.08972168
0.066162109
0.0093231201
0.13085938
0.19104004
-0.010070801
-0.041351318
0.074523926
-0.010025024
0.015777588
0.11242676
-0.055786133
-0.023666382
0.16333008
0.05355835
0.0051879883
0.0076751709
-0.017181396
0.054870605
-0.0086212158
-0.011779785
-0.069580078
0.0010452271
-0.069152832
0.081176758
0.018920898
0.036346436
0.058685303
-0.0047035217
0.0092849731
0.074645996
0.12042236
-0.022079468
-0.030227661
0.1505127
0.1541748
0.03137207
-0.0069389343
0.078063965
0.033660889
0.10290527
-0.036132812
0.028640747
0.029556274
0.073852539
-0.019577026
0.11187744
0.028579712
0.0059623718
0.02961731
0.0080108643
0.034515381
0.030136108
-0.02482605
0.0076332092
-0.018112183
0.049987793
0.021148682
0.026977539
0.03817749
0.051239014
0.042572021
-0.030288696
0.044036865
0.026229858
-0.044128418
0.046813965
0.072692871
-0.025314331
0.054962158
-0.094970703
0.11151123
-0.027114868
0.0032234192
0.11889648
0.050811768
0.055908203
-0.073669434
0.01096344
-0.031463623
-0.014823914
0.050933838
-0.018051147
0.051879883
0.016998291
0.047668457
-0.059265137
0.051116943
0.03616333
-0.026916504
-0.058898926
-0.098205566
-0.00099658966
-0.0028190613
0.011901855
-0.097106934
-0.0057029724
0.035858154
0.065307617
-0.050964355
0.052612305
-0.019607544
0.085693359
-0.044464111
0.054992676
0.031768799
0.095458984
-0.040130615
0.036102295
0.063537598
0.040924072
0.006778717
0.080932617
-0.049987793
-0.026748657
0.078552246
-0.0015420914
-0.057891846
0.010505676
-0.074584961
0.018493652
0.093261719
0.014175415
-0.058288574
0.038635254
-0.053649902
0.057861328
-0.021270752
-0.08972168
0.066162109
0.0093231201
0.13085938
0.19104004
-0.010070801
-0.041351318
0.074523926
-0.010025024
0.015777588
0.11242676
-0.055786133
-0.023666382
0.16333008
0.05355835
0.0051879883
0.0076751709
-0.017181396
0.054870605
-0.0086212158
-0.011779785
-0.069580078
0.0010452271
-0.069152832
0.081176758
0.018920898
0.036346436
0.058685303
-0.0047035217
0.0092849731
0.074645996
0.12042236
-0.022079468
-0.030227661
0.1505127
0.1541748
0.03137207
-0.0069389343
0.078063965
0.033660889
0.10290527
-0.036132812
0.028640747
0.029556274
0.073852539
-0.019577026
0.11187744
0.028579712
0.0059623718
0.02961731
0.0080108643
0.034515381
0.030136108
-0.02482605
0.0076332092
-0.018112183
0.049987793
0.021148682
0.026977539
0.03817749
0.051239014
0.042572021
-0.030288696
0.044036865
0.026229858
-0.044128418
0.046813965
0.072692871
-0.025314331
0.054962158
-0.094970703
0.11151123
-0.027114868
0.0032234192
0.11889648
0.050811768
0.055908203
-0.073669434
0.01096344
-0.031463623
-0.014823914
0.050933838
-0.018051147
0.051879883
0.016998291
0.047668457
-0.059265137
0.051116943
0.03616333
-0.026916504
-0.058898926
-0.098205566
-0.00099658966
-0.0028190613
0.011901855
-0.097106934
-0.0057029724
0.035858154
0.065307617
-0.050964355
0.052612305
-0.019607544
0.085693359
-0.044464111
0.054992676
0.031768799
0.095458984
-0.040130615
0.036102295
0.063537598
0.040924072
0.006778717
0.080932617
-0.049987793
-0.026748657
0.078552246
-0.0015420914
-0.057891846
0.010505676
-0.074584961
0.018493652
0.093261719
0.014175415
-0.058288574
0.038635254
-0.053649902
0.057861328
-0.021270752
-0.08972168
0.066162109
0.0093231201
0.13085938
0.19104004
-0.010070801
-0.041351318
0.074523926
-0.010025024
0.015777588
0.11242676
-0.055786133
-0.023666382
0.16333008
0.05355835
0.0051879883
0.0076751709
-0.017181396
0.054870605
-0.0086212158
-0.011779785
-0.069580078
0.0010452271
-0.069152832
0.081176758
0.018920898
0.036346436
0.058685303
-0.0047035217
0.0092849731
0.074645996
0.12042236
-0.022079468
-0.030227661
0.1505127
0.1541748
0.03137207
-0.0069389343
0.078063965
0.033660889
0.10290527
-0.036132812
0.028640747
0.029556274
0.073852539
-0.019577026
0.11187744
0.028579712
0.0059623718
0.02961731
0.0080108643
0.034515381
0.030136108
-0.02482605
0.0076332092
-0.018112183
0.049987793
0.021148682
0.026977539
0.03817749
0.051239014
0.042572021
-0.030288696
0.044036865
0.026229858
-0.044128418
0.046813965
0.072692871
-0.025314331
0.054962158
-0.094970703
0.11151123
-0.027114868
0.0032234192
0.11889648
0.050811768
0.055908203
-0.073669434
0.01096344
-0.031463623
-0.014823914
0.050933838
-0.018051147
0.051879883
