-1.110556349e-01 
-7.354098558e-02 
8.504298329e-02 
4.150410742e-02 
7.040601969e-02 
-3.053002805e-02 
2.556389011e-02 
6.440874189e-02 
6.307147443e-02 
2.889816463e-02 
-5.455197021e-02 
1.724769548e-02 
4.783092812e-02 
6.632076949e-02 
-1.961423643e-02 
-2.183115296e-02 
4.932192340e-02 
-2.514899522e-02 
6.121629383e-03 
5.088292062e-02 
-5.074870586e-02 
1.226884499e-02 
1.888895221e-02 
7.185229659e-02 
-1.495133061e-02 
-4.179275036e-02 
-2.459738590e-02 
0.000000000e+00 
0.000000000e+00 
0.000000000e+00 
0.000000000e+00 
0.000000000e+00 
