0.97194672
-1.0888625
0.059394926
0.87105238
-0.11668961
-1.2503638
1.1244131
-0.31835908
2.0778699
-0.11902767
0.96945858
1.9885081
2.0699968
1.6912107
-0.29929179
0.15159819
-0.80477571
-1.8936602
-1.8258878
-0.72092015
0.16563836
-0.3108246
0.81307727
-0.32219964
-0.57640684
1.5788769
-0.52437562
0.55328685
0.64399815
2.070442
0.44253302
-0.54834336
-0.64158285
0.42868203
-1.5966971
-1.5657463
0.39222896
2.3750954
-0.24889955
-0.51975989
-0.81595874
-1.0937426
0.24278128
-0.70081413
1.2974089
1.0628364
1.9804429
-0.90723109
0.73657793
-0.18270899
0.71199226
-0.90024471
-0.7114473
0.43522725
1.660333
1.2313051
-0.28823295
-0.88929677
0.8891719
-0.32170692
0.10309681
-0.99413788
-1.2666111
-0.44821548
0.69965965
-0.74557662
0.53900725
0.3438175
-0.74065572
-0.54163611
0.63409877
-1.0764744
-0.22288325
-0.27062526
-0.44840968
-0.99192393
0.33164948
-1.6055022
-0.26909912
0.76618481
-1.1823448
1.5320449
0.44049299
1.4210303
-1.2971624
1.0989721
-1.3452485
-0.2588039
-0.1868412
0.78389877
0.79206061
0.96070164
1.3759981
-0.71527696
0.36823681
2.0510638
-0.60781497
1.0129023
-0.61683995
-0.15190846
-0.79622799
-0.98808038
-0.21526943
0.39808467
0.0544599
0.44894034
-0.68892926
-0.24027449
-0.040125862
-0.20611823
0.17223907
-1.0260544
0.98478317
0.35504028
1.0869687
0.21160075
1.8243351
-0.13858923
-0.99599123
-1.3590001
1.5986984
0.8557651
0.6569798
0.14220107
0.021059811
1.3153656
-0.26125336
0.27934211
7.4255967
-0.94057107
-1.6712345
-0.55964863
-2.2842915
10.502234
2.8530719
3.4324999
-14.870296
-9.6221476
-6.0020509
-2.7980001
6.5662079
-3.6775489
2.6142809
7.4749699
4.2643685
7.9930525
0.021833971
13.947076
5.0259171
-10.230531
-2.2277176
-6.3678484
9.1870966
-12.654914
4.1634641
7.2316461
5.9304242
3.2760451
-8.4329863
-1.9967067
5.9609208
8.3236437
-2.8421841
4.0294557
9.8139267
-4.5402145
-6.7618484
0.98498958
0.48817357
0.63861001
5.8180647
7.4046493
4.5716567
-10.76395
-0.47831988
-10.434785
-9.3311796
-2.8240614
-11.206291
-11.21517
-0.19114098
0.69170237
-1.1329734
9.4366455
6.8315129
-1.9628395
-4.7836494
-3.0716717
-3.5866218
3.6980679
4.0692782
-5.6213417
0.87445956
2.5075233
0.40006536
-10.045994
-4.0629873
-1.3096368
0.2120219
9.2608128
3.1105881
0.12989557
9.893115
-2.8639309
-0.66218734
-4.6710458
10.518156
-1.0294616
-5.1008773
-5.2541466
-1.8960282
-6.0168948
1.76413
-5.8934126
5.471776
0.09097442
-0.70918536
-9.9187288
-2.0996234
5.1738853
-3.077687
6.1835909
-4.824842
-10.239261
10.453091
4.1894326
-3.3834798
-1.3539383
-1.8527882
2.0131052
5.8699818
-0.65836996
9.9224224
-3.0075235
-5.3919902
4.3407826
2.7344351
-0.25200504
-10.556038
9.0035782
-14.377675
10.951153
4.9849668
-3.4271781
-5.9451141
-2.7665348
8.7367592
9.26929
0.83371228
1.4017605
5.606586
-11.22055
14.118118
-9.0730362
-0.82845038
-6.4728532
-0.23415251
-3.2523773
0.15242389
2.7961979
-0.24028815
-6.6589451
2.130518
-1.6100411
8.2832813
2.3980486
2.3613241
4.7037954
1.6840826
4.3748856
-0.16098392
-0.45895669
-3.6091712
-7.0026975
-4.7378197
-6.7523899
-0.67095172
2.6950097
0.51351643
1.0800285
-4.3001747
7.0046511
-1.4296492
0.82347918
-0.84965956
4.2076221
2.4635806
-0.9408927
-2.4965754
-3.1343966
-2.2468338
-3.4795396
-3.588449
6.7318668
1.7923348
-2.8683805
-3.8405442
-0.66487658
-1.6764501
-4.0839944
1.3624748
4.8317418
4.0971847
3.251652
4.4260082
-1.7056209
6.1900091
2.3859622
-2.883471
1.4899498
3.4355702
-1.267616
-3.4562731
-0.28429267
2.9089
-1.6972312
1.0177852
-1.4725051
-5.3887682
-0.74135339
2.8972447
-1.0081047
2.0417008
2.7590284
-1.4398334
-1.3819366
2.5777078
-4.7689848
-2.3139966
-2.3903418
-4.7807074
-1.072156
-1.2968825
-0.8202945
-4.1363511
3.6000621
-2.4927394
5.7517867
2.420682
4.2334647
-4.4713898
5.1371164
-2.805944
-0.51934719
-0.56912285
3.7988346
4.0116959
-1.9367175
3.4725635
-1.4484518
1.566978
8.2916451
-5.171412
2.3581569
-0.76432151
1.7689098
-1.6300702
-4.6800456
-0.16617642
-1.1570268
-3.2335272
2.7056441
-1.0566969
-1.7454089
-2.755156
0.29029691
3.5770421
-4.2183447
7.1414042
-2.5093994
0.083955824
1.4851538
3.9134712
0.65884757
-5.7513347
-6.52353
3.3305454
1.1536237
0.45590195
5.5045886
-5.6987033
6.7543979
-0.97101104
0.47256535
-16.538397
8.640419
-0.57005125
-4.0682764
4.2703176
-4.4389386
-12.079784
-3.4158564
9.222702
13.558546
9.232317
-4.4735308
-18.644655
-2.206075
-6.3587384
-13.589587
-0.16686428
-0.12950327
10.853305
-11.463025
-10.091428
16.279444
3.4019802
12.949582
-10.25939
9.7461672
-4.491672
-14.959573
-13.601495
-18.63323
13.606862
4.5731831
-4.0377784
-8.4180698
8.9370127
3.0710285
-11.524099
-7.3349957
11.766563
2.627466
9.8292618
1.7924395
-7.8311167
-5.5406389
-13.813108
8.8063889
-9.981246
13.189424
9.6100178
7.235621
7.6348805
17.90587
4.2729197
-7.9840875
-7.3854346
-16.313057
-6.2011075
6.5533586
4.0766182
11.174151
5.3342218
-4.4470181
1.287612
12.062762
-9.8918409
0.18141824
-6.280477
9.900053
11.700635
7.8026767
-5.2391386
-10.741253
-0.68369651
6.4290199
-8.4091778
9.2648077
2.0578334
13.158523
-11.134434
-8.5963793
18.423523
-4.8534503
-1.9463452
1.5313445
8.6044798
2.3806784
-2.5557473
0.76185536
2.4657364
8.7799244
-7.565134
-9.1625299
-4.6714678
-9.6498957
6.7339158
2.3085647
-10.577634
-13.754136
9.2772999
-2.3466365
9.8997431
8.414567
-7.5605102
2.5198565
-13.811278
-1.4814659
10.193932
-3.5676146
2.3946998
-0.84244817
14.178364
-8.0408363
13.663804
-15.269999
-12.731036
2.6061227
3.9032354
7.9372931
-5.1412206
-2.7428885
-9.1546049
-6.2114339
-12.22506
12.180029
-16.302065
3.082185
3.1308396
12.503268
6.5549026
-5.7530036
-0.38086396
4.0816245
-3.0820041
-1.8601935
6.4134374
0.0015280247
0.88513219
-4.4649668
-2.4243255
5.526134
8.9206724
4.3703756
2.713237
6.2110486
-1.6163858
-5.1418686
-7.6688685
0.85701346
4.364233
-5.1314545
-1.1010349
-4.5815682
1.5184295
0.35755932
1.6280599
7.7931256
4.5714302
10.717807
-4.1671782
-2.9801195
1.2430105
1.3224084
-5.6295109
-2.9685502
2.5658746
7.4163628
-3.3510334
-3.6331739
-7.0058808
-0.99708039
2.0134995
-0.08401373
6.4811063
-1.5883272
6.7283349
-3.3659885
-1.4991106
-4.8830895
0.22572738
-6.2382469
-4.4236212
3.6520698
5.1819401
6.0420647
0.48907948
-2.4160759
0.13420556
-6.5842519
-1.8064351
1.0379574
-4.6332474
-6.3692689
6.0050812
0.24733964
3.5357833
-3.5785358
-5.6910667
-4.7569709
4.7874403
1.0325642
-1.7094028
-4.6429915
-0.078500018
-4.6243725
-2.5452271
-5.7828088
2.3326082
6.0396748
-9.6995955
5.0970435
1.92884
2.0420508
-7.0945835
2.9685788
0.066322953
-1.1248819
-1.9530206
-1.8775691
5.3323121
1.9344459
3.6311986
3.5295558
-1.9122531
4.5842838
0.8247093
7.957674
-4.5202031
1.6181899
-4.8022757
-6.389051
4.0697522
-2.3302438
3.7664957
2.1664467
-5.6204782
1.3811545
-2.6720572
0.65456092
-3.7679579
0.59857464
-1.2219152
5.4429803
5.1314874
0.33849913
0.65400624
-1.8438692
-1.3126979
-2.5643623
6.6732349
4.0578637
6.023911
-1.0885056
3.1368721
3.5046482
-2.9562483
-5.7810445
-4.605536
-2.489754
1.0341502
3.6893783
0.042405322
-12.906881
0.65864635
-4.4120522
17.961109
8.1659288
6.3871274
7.771842
-1.441933
7.962225
-1.8745337
-4.6320534
-5.5475221
-13.2418
-5.0515165
-15.137906
-2.9561672
8.7043152
2.7136133
4.8492241
-9.9692268
15.354296
-3.7498364
-3.1336439
-4.4991913
3.0327733
7.8204279
-0.075597852
-5.499135
-8.2694502
-1.2227529
-6.5296669
-9.2503681
10.289414
6.1222887
-3.7379286
-4.5965376
-1.916127
-5.3941765
-8.539094
-1.2075026
11.10966
5.1484256
9.1751585
9.9792929
0.076352946
12.465311
8.5284166
-3.0979621
0.63065779
4.8729796
-6.5994835
-7.4527464
0.76745033
6.122539
-0.44243029
2.9983144
-4.3850474
-8.1784668
2.2481728
2.2416573
-2.406987
1.2066135
8.6088657
1.3810377
-1.5641975
3.2199402
-11.071473
-4.7525749
-2.743757
-11.655838
0.20370235
-0.86415082
1.4449058
-10.427107
4.4714751
0.024149746
8.7385902
2.917779
8.6751766
-6.6343398
9.3195581
-6.4089389
-1.2195657
-0.7257148
10.125394
4.9228778
-4.588696
5.6022668
-5.5033474
4.7384291
15.219722
-11.855145
0.34343511
1.0361444
1.5715266
-0.36422637
-5.6856737
-3.8535793
-0.4138436
-9.0952873
4.4824038
2.2150147
-3.4362202
-4.0551362
0.4261305
9.974349
-10.499428
15.994792
-8.7132301
-2.5068734
4.4389133
8.2149086
3.0771573
-10.80578
-12.056822
4.0404778
1.6347569
-2.3648052
12.379999
-14.099205
12.992324
-1.5064201
4.0853596
-5.7741261
9.1903629
-1.5707568
-7.1326404
3.2167244
12.157529
-9.1510134
2.5442438
-13.446025
-0.083976902
0.61092901
-11.021719
-9.9705429
-9.8656301
-3.3538542
-4.8662581
6.4237299
14.966405
13.217158
10.248964
-3.8921781
0.99536741
0.84127861
3.4873996
4.3233843
-10.353892
0.45793962
-7.5460286
-3.9404986
-16.312948
1.3830233
3.1028759
3.1570411
5.1483407
6.5178232
8.6676874
3.9518142
-16.39727
0.90006596
6.801291
13.34595
1.9312999
1.3359455
6.0995975
-7.7214975
-6.165771
-12.024446
-3.3757637
-4.6177444
6.0586767
-9.9323292
1.5022798
6.968605
-6.8408322
-9.9501991
-2.4117413
4.7545242
2.7701929
-3.5097952
9.5281601
0.42384917
0.40091208
10.652935
6.4344277
-10.429537
2.0104582
-6.2772503
-2.7626271
6.8864341
7.6300282
-7.8918762
4.5131359
5.646862
8.8327074
8.2351656
5.7233105
3.8368962
6.1320491
4.6887197
-12.210514
13.448801
-13.714684
-5.1942458
-8.1583261
14.142538
-9.2800751
4.2136798
1.7714454
2.6828737
-5.0668793
-11.996342
0.73948091
-9.2050467
-1.8962324
-0.19138679
-15.832741
6.6350284
-10.478559
5.2937694
-4.770288
7.5028095
13.540781
-1.8153963
3.7620237
1.2541279
-6.7151437
4.7379045
1.5330888
7.7649364
-1.6867549
-1.6744065
5.8640971
-9.1997137
-0.16954997
-5.1433668
-3.3999553
-4.8812513
2.1012392
9.2489433
12.248461
-10.473662
-5.7062159
-5.874598
-6.9873204
6.0989938
-13.296432
4.1889086
5.4389782
17.35825
-20.405853
1.1429193
13.878656
-6.2466722
-17.123878
20.514658
-1.6307184
16.398958
-7.1674547
-3.7972097
20.011679
25.490805
16.608032
7.4881573
14.390781
-11.429215
-23.18042
-27.555752
-9.9953127
9.6324511
-9.2032032
-3.1353109
-11.031595
-2.5949459
11.822964
1.0402
20.126251
12.143928
34.749557
-7.8533225
-8.134572
-3.1753252
-2.2095332
-16.553364
-14.259236
0.1011689
30.042797
-6.9866714
-12.967592
-24.78528
-3.2902923
2.6177049
-7.2575116
19.51062
5.5015397
24.12553
-2.5087602
3.5284896
-14.484289
12.282648
-11.453781
-14.615285
14.089437
19.129381
13.046311
-4.7234006
-7.5721745
4.4280505
-19.342384
-2.8367443
1.204816
-19.408234
-16.528172
21.282455
-2.7715464
13.84798
-2.2269011
-17.849571
-14.036367
15.014597
-3.1607928
-7.6336164
-16.146816
-7.2211971
-13.610284
-7.6616826
-16.441051
-1.4821002
22.443808
-29.509863
24.369009
10.192836
11.840279
-25.158796
14.543352
-5.315949
-2.6619887
-4.9378376
2.4202259
22.318764
2.6061819
16.276772
7.2014346
-2.7769024
24.758419
-5.5181031
23.668213
-12.958714
9.1204548
-16.49819
-25.582468
8.5565405
-7.735611
4.5515099
10.931616
-14.898374
-1.4100435
-12.776723
2.417248
-4.0794754
-4.6469035
8.4031754
8.5823441
13.960365
2.4540267
7.1232109
-6.547946
-13.254054
-18.483072
21.122448
10.833203
15.400433
5.446106
-1.4152979
19.368855
-7.3289428
-13.772917
15.767528
-2.17062
-2.80883
-2.0541306
-3.081439
21.363918
5.9152803
7.9786654
-31.101372
-19.902914
-12.745033
-7.2976098
13.304226
-9.1290369
5.4370184
14.739182
7.9134264
18.222218
0.17073636
28.825739
9.5794582
-21.327513
-5.2237825
-13.46294
19.324333
-26.932657
7.9796948
14.105148
13.037633
6.2233434
-17.822321
-3.6868358
10.999626
17.739969
-5.2128048
8.3867035
20.344408
-9.9643288
-14.733253
2.7504752
1.6533953
1.7172039
12.498781
15.334201
9.6973372
-21.498575
-1.271232
-21.732979
-19.154549
-5.416141
-22.655064
-22.89147
0.38781565
2.3565865
-2.6168027
19.57939
14.086748
-4.5743341
-10.189898
-5.3420625
-7.2423072
8.1041126
9.1864204
-10.794165
1.9903735
4.2737083
1.6197386
-19.883978
-9.0254345
-1.5841963
-0.87977874
20.210699
7.3049107
0.7513814
21.86569
-5.7075138
-0.68594676
-9.6764421
21.695953
-2.3547144
-10.072961
-10.267852
-3.1225786
-13.06517
4.9126945
-13.235187
10.933789
1.081609
-0.57336628
-20.456514
-3.7430487
11.155039
-6.172111
12.851263
-10.131948
-21.989456
22.446875
7.8864484
-6.8895555
-1.7037846
-4.3408298
3.8664017
11.609218
-1.2011684
20.701271
-6.0324697
-10.822374
7.6029878
5.3905883
-0.68283802
-22.035807
19.553062
-30.147324
22.104437
10.432087
-8.241045
-12.692876
-7.2360535
17.949091
18.820753
0.45779252
1.4813451
10.915638
-23.955765
29.534542
-19.855625
-0.16991116
-12.694225
-3.7054036
-6.9756532
1.951076
7.7908239
-1.3432689
-21.842464
4.590404
-6.89115
29.032894
10.731096
8.1988268
14.742889
2.1828649
14.516204
-1.1456518
-4.0732889
-9.8477945
-23.510288
-11.990541
-23.987082
-2.2426071
11.0583
3.2945983
4.9665899
-14.879998
24.394238
-5.0951147
-1.0079855
-4.3672395
10.593446
9.7542362
-1.4211141
-8.4056063
-12.936279
-4.3331103
-12.06332
-13.749702
20.167931
7.7125454
-7.6849113
-11.426678
-3.3166769
-7.603282
-13.656425
1.5309595
17.019512
11.671441
13.385848
14.984895
-2.3991377
20.322647
10.558752
-6.9552126
3.5620866
10.466172
-7.6938829
-11.724602
-0.094486117
9.5209093
-4.4571023
3.7229943
-5.9597011
-15.085241
0.30789027
7.1378241
-3.9183407
4.0754189
12.345611
-0.97909576
-5.1614418
7.4752207
-16.458458
-8.5402126
-7.1943579
-18.667332
-2.0679736
-2.724071
-0.57257181
-15.565666
10.785232
-5.4284759
16.98522
5.8884974
14.715608
-14.464143
16.038021
-10.085719
-2.3612437
-2.0918899
15.32869
11.281145
-6.3462582
11.043375
-6.4652448
6.3387089
26.426048
-18.272739
4.7138233
-0.81851888
3.9032452
-3.4642189
-12.901649
-4.2518573
-2.0578098
-12.421621
8.6178522
0.97176194
-5.0287833
-8.4245625
1.2167624
13.786398
-16.175825
24.726431
-11.33392
-1.2039409
7.2279291
12.782776
3.2740784
-17.907598
-20.777937
9.6306629
4.5623875
-0.66064602
19.117174
-20.98525
22.471376
-3.7536235
3.1321843
21.178831
-10.250156
-1.4502699
4.4407587
-6.0777512
10.707889
14.164355
5.4952993
-18.481195
-19.90122
-12.475685
3.4974375
23.156485
0.53244483
7.9340048
18.84099
2.4193833
4.3045411
-11.878262
20.041117
13.076758
-22.524332
-5.0274048
-16.582966
15.484711
-17.237186
7.2937102
20.638968
16.77964
21.206226
-18.595123
-6.5901065
8.0995722
13.864866
-11.748539
-0.070875749
17.616596
5.2674232
-15.621722
-3.1350863
-9.8931646
-1.0281713
11.479221
9.9019432
16.960676
-15.760467
10.103765
-19.832947
-15.003247
-10.246583
-14.297253
-25.020641
-5.7114539
8.0411091
6.8666391
22.612459
10.171698
-7.5640411
-6.7021875
-13.473472
-7.5202713
6.8062491
-0.32733923
-16.391739
10.858811
2.0397837
6.8598213
-17.345425
-14.896537
-8.5449419
6.1643424
15.685143
2.381218
-6.6287627
14.565635
-11.214564
-3.4042091
-16.083931
17.736944
8.1788988
-21.977982
1.843323
1.1336578
-5.1411152
-7.8543096
-4.8199859
6.3454738
-0.75731474
-3.0408864
-15.612054
6.3694777
11.575973
2.4462075
13.709912
-9.6751823
-7.5371337
16.57099
17.231079
-11.636808
1.6964234
-10.988429
-7.6976662
12.655959
-3.7501287
19.768238
-0.36510405
-15.047119
6.440938
-0.78108251
0.56774342
-20.603716
13.727286
-22.005007
22.628574
15.572591
-4.9735069
-7.1558914
-8.8649349
9.8878059
8.0328093
10.432658
7.1237135
16.249552
-18.31233
24.760801
-7.950644
-4.0535388
-16.935589
-22.921467
7.5536585
1.1759518
-1.6216607
5.651504
-18.033056
-12.965562
-7.9543538
28.38942
23.56772
16.475929
1.9651482
-22.437891
4.7940311
-8.9854717
-20.538197
-5.8837843
-12.567986
7.5071406
-28.058298
-14.496255
26.734884
6.5325646
19.056887
-21.110985
25.910444
-9.225316
-20.833534
-19.061506
-18.183081
22.833212
5.523685
-10.927825
-17.555548
9.4778118
-3.4810088
-22.076368
1.7047111
18.819351
-0.034262188
6.7970109
-0.18023857
-14.081587
-14.652308
-16.623121
21.589081
-6.1000051
23.845436
20.692284
9.0407724
21.109997
28.691004
2.6274002
-7.7905545
-3.3408771
-24.916073
-14.284286
7.5983453
10.426314
12.686918
9.0401802
-9.3562851
-5.7554026
16.573805
-8.959815
-3.0912297
-5.722549
20.781645
14.550668
7.4740734
-3.5650086
-22.343468
-5.1473508
4.776341
-20.558689
10.654721
2.3112409
16.017662
-23.042883
-5.2547712
20.975864
3.4891396
0.83508193
10.295149
3.5222182
11.129002
-9.8605804
0.0271696
2.5123546
20.470407
-3.3867753
-14.027865
0.68889701
-16.508089
12.306286
17.19961
-23.127151
-15.789042
11.56346
-0.79561192
10.461949
3.8382277
-13.392701
2.9524384
-24.407249
2.9094896
14.4948
-8.0843964
-1.3867654
-0.59094042
25.738888
-19.292133
30.940695
-26.352337
-16.491865
7.0883722
12.461988
10.980548
-16.286737
-15.210436
-6.8866043
-5.7914629
-16.58692
25.307293
-32.0466
15.778161
2.7767005
18.61587
0.14133763
-2.3924685
-0.056922019
2.2827117
-0.73402101
-4.4132438
1.773905
-1.3040084
5.6576343
1.3339115
1.5614117
3.834744
1.7511027
3.5543692
-0.00099004805
0.18384352
-2.2347889
-5.3549829
-3.5983739
-4.3873634
0.012972057
1.5123397
0.50832981
0.51581174
-2.8305621
4.8598328
-0.73438811
1.1517881
-0.4605242
3.5330732
1.5167868
-0.90910053
-1.2843182
-2.0738709
-2.0022411
-2.5367827
-2.1899948
5.0381579
1.1632274
-2.2418537
-3.0509832
-0.67922729
-1.0948424
-2.6959736
1.2307644
2.9471624
3.2134018
1.9168006
2.8131068
-1.4463975
3.9329801
1.1000893
-2.3183634
0.95165181
2.6906586
-0.46172208
-2.2277389
-0.25515071
2.0280981
-1.6954023
0.5236631
-1.0948768
-3.980984
-1.0136729
2.1706181
-0.48750415
1.3205841
1.4404844
-1.1048467
-1.4622147
2.2681243
-3.3745761
-1.8252244
-1.9231985
-3.4900885
-1.0498283
-1.0931935
-0.92518771
-2.5802715
2.7467391
-2.2974195
3.9322903
1.4797879
3.112257
-3.6632872
3.8084328
-1.8300853
-0.63203257
-0.69855094
2.4338343
2.7655959
-1.1789166
2.4780183
-0.83449125
1.001189
5.9503593
-3.5488505
2.1684959
-0.7938897
0.92510653
-1.2168125
-3.3348305
0.18457773
-0.86097878
-1.9431931
1.8560153
-1.0618029
-0.72674936
-1.849767
0.23861036
2.197825
-3.0122967
4.7350616
-1.2148619
0.36262637
1.2929965
2.7961619
0.69648814
-3.8127553
-4.3716526
2.9264288
1.3841522
0.80774778
3.7051105
-3.6203947
4.9149685
-1.1844797
-0.13344845
6.3853607
8.8257198
-3.2435029
-9.1561089
0.15127838
29.819607
-4.9369364
8.3464918
-38.220318
-15.551304
-9.7498655
-16.902014
0.18682817
-16.975349
0.91416872
6.5337982
13.852494
29.45505
14.556242
33.449886
4.3549299
-15.956123
-2.6117549
-7.3017511
20.046795
-31.906208
6.9460511
2.8629093
6.4011559
-11.947475
-12.768631
0.61416167
12.344656
18.787014
3.1168559
15.032883
20.147684
-25.043179
-10.668252
9.7497711
14.923738
2.6417294
10.932992
18.710484
-0.62360746
-23.569981
-13.404968
-20.494253
-20.374622
2.8364496
-28.821228
-16.70719
8.2027521
-5.313642
-12.102334
12.621065
16.314049
-0.80690897
-11.840582
5.2731371
-5.5430145
6.5000572
19.246651
-1.625378
-9.6090612
5.274404
-6.0114512
-17.951397
0.84292561
5.7359333
-8.7756453
20.820946
11.213659
9.5477552
24.96163
1.3239291
3.9121277
-1.3639888
21.957161
-14.382906
5.7994571
-22.826694
-8.6960135
-18.409794
17.882271
-20.489985
12.803943
2.2160788
1.9131911
-20.764784
-15.732115
10.22811
-14.207573
8.0504265
-8.0985403
-34.16523
24.68376
-4.8763475
0.059642255
-7.1532168
4.5211816
17.625986
6.2819557
3.5933881
17.874838
-11.722749
-2.4567015
8.345665
12.489377
-2.1323187
-19.221525
20.932348
-33.702881
17.118572
3.2279224
-9.0831614
-15.257019
-3.444047
24.547209
28.047045
-10.196295
-3.7188549
2.5966489
-26.515186
29.804829
-29.42618
3.554805
-4.6126275
-14.915656
14.559904
-1.8420666
-9.6071167
5.0229788
10.712563
-16.043158
0.64621186
-9.6130571
7.0553999
4.8905725
-13.991743
-20.579321
-11.456938
-6.486455
-11.905192
7.2073121
15.466085
19.954781
4.7622128
-8.8598566
9.5017548
2.5086958
10.3232
-0.60998565
-5.9925804
-1.4551362
-15.586863
-11.346128
-26.906061
8.2314568
5.7791066
1.6961979
0.41071874
11.974228
10.853125
-2.1241508
-21.359758
7.2279396
8.4755745
18.727144
3.0721464
-3.0116267
3.6807706
-15.629455
-2.3247283
-18.133781
3.8811288
-0.20822407
10.131407
-6.6674809
11.056135
9.6457205
-11.43257
-14.489734
-11.494431
1.8362682
6.6356721
-1.8756416
15.241612
3.0577114
-1.6100917
12.129972
12.858416
-16.088017
2.5398765
-10.187587
2.2115653
13.702492
11.4914
-10.704762
-0.59438998
5.161365
12.226569
3.6817465
10.944575
4.8258567
13.664742
-0.90257895
-17.012829
23.49238
-17.298149
-6.8341641
-7.8635244
18.881741
-8.5669737
3.5219531
2.0137405
3.811806
-0.75366324
-16.591932
-4.2776937
-12.285378
-6.6306338
3.1557698
-15.682632
1.3949188
-18.067936
10.423559
-6.381278
13.168368
18.657915
-5.8804321
5.0737033
-5.876853
-7.8093338
10.633203
0.23986378
9.1894655
-1.9579514
5.5532184
1.8859656
-2.7085435
-8.1696072
-12.188129
-1.6898482
-3.6987531
6.5652065
7.3809204
11.773775
-15.728094
-8.8429976
-12.431992
-0.8192634
-2.2655845
-12.22024
5.5168042
11.643064
4.3874741
-14.122744
2.2839065
12.329512
-4.0871482
-25.118063
12.535152
-6.5707865
30.942232
5.7983265
4.984622
20.82288
12.758196
19.230816
2.3088465
2.8486993
-12.629579
-29.419415
-21.414366
-23.918169
2.6095119
5.0595198
1.5948343
-0.76449645
-13.208157
25.12369
-3.6509068
7.6849012
1.6857343
23.64852
4.5843
-4.5562601
-8.0722742
-11.754947
-10.518823
-16.220127
-11.222102
29.387161
3.3451452
-11.694255
-20.10239
-4.389441
-5.2198901
-14.213447
9.5371914
16.214754
19.95458
9.9462385
13.623874
-7.9054179
21.691181
3.6501486
-11.759768
8.9219408
16.892538
-0.81438881
-11.539978
-3.3351619
9.6614504
-12.123773
1.7367485
-4.491231
-20.382799
-6.796772
14.857879
-4.4373641
8.9992542
9.3465796
-8.1621923
-10.60852
12.647787
-14.809589
-10.434935
-12.910345
-18.729092
-7.585618
-5.3743019
-7.5680003
-13.394079
18.52672
-17.206373
24.200022
8.8903875
17.285725
-22.921036
19.261175
-10.605966
-3.2728963
-4.0099573
13.819777
18.700148
-3.86464
16.119207
-2.2553115
4.0330548
32.165329
-17.339159
13.971742
-6.2365475
6.7855716
-9.8587217
-21.365419
-0.14579819
-4.7827835
-8.1441002
11.750394
-5.2013345
-4.428257
-12.319413
2.0979748
9.515707
-15.484857
23.751566
-5.6323009
5.1266284
7.337635
13.485661
-0.06204623
-20.092932
-24.777353
17.10001
8.7877846
6.1184421
17.890989
-17.749182
26.770245
-6.4907846
-3.4429009
-22.504389
6.5179157
1.2653248
-0.91005826
5.5455012
-19.479872
-12.123062
-8.1545849
29.906431
23.725904
16.583372
2.9699557
-21.657158
5.6727247
-8.7394629
-20.21777
-6.7790937
-14.027129
6.1364884
-29.334011
-14.375725
26.90498
6.3643403
18.901381
-21.778481
27.126152
-9.3924389
-20.190891
-18.850721
-16.735512
22.89242
5.2138362
-11.416783
-18.132835
8.8432245
-4.2597175
-22.688026
3.3584683
18.862036
-0.77795774
5.5682182
-0.20496491
-14.248738
-15.428811
-15.945049
22.426641
-4.9734454
24.382952
21.41687
8.3538685
22.411976
28.84292
1.848593
-7.0995536
-2.4370456
-24.862087
-14.947346
7.4025936
10.897019
11.924417
9.104331
-9.3852253
-7.0021982
16.043798
-7.9097981
-3.2911525
-4.973455
21.146214
13.802467
6.9756479
-2.8580906
-22.988634
-5.6532741
3.9600298
-21.372746
10.201501
1.8587309
15.584364
-23.701876
-4.1044979
19.839783
5.0064621
1.5421126
11.09691
2.2924924
12.178246
-10.30758
-0.042423874
2.3495691
21.033911
-2.1089859
-14.358523
1.5762615
-16.406298
12.406278
18.956118
-23.978083
-14.854334
11.116313
-0.13183093
9.7558994
2.4034624
-13.135818
2.480756
-24.761065
3.638823
13.961314
-8.4637814
-2.2358065
-0.4564229
26.135889
-19.893789
32.169678
-26.553143
-16.173122
7.2794247
13.03052
10.792606
-17.49213
-16.666016
-5.9938765
-5.4792705
-16.153915
26.277969
-32.967789
17.199001
2.5356927
18.265356
-7.4654651
8.5175667
-1.4195932
-5.8055525
2.6036286
8.3464117
-9.0197878
0.9948141
-8.3390942
2.4171009
2.0205045
-8.6939936
-10.874454
-7.3793364
-3.5269828
-5.7979679
5.0770082
10.637342
11.849064
5.491086
-4.3934674
3.7554705
1.2856084
4.9955187
1.301703
-5.8017344
-0.19303568
-8.0292406
-5.6423054
-15.390072
3.4834549
3.0439892
2.073138
1.9588962
6.4435654
7.0813894
0.69666964
-13.465253
3.0429692
5.2974195
11.389174
1.7681665
-0.64514601
3.554538
-8.4010658
-3.3002117
-10.774007
0.14759198
-1.8007791
5.6312804
-6.1270328
4.3841133
5.7376337
-6.7535439
-8.7374125
-4.9428029
2.3982155
3.4902427
-1.8882287
8.6635046
1.185439
-0.47909659
7.9830756
6.6859226
-9.5337591
1.879649
-6.0470691
-0.51549411
7.4448676
6.6609917
-6.3854961
1.2216351
3.7280827
7.4528193
4.0849643
5.9276118
2.9091988
7.1091795
1.4476959
-10.457731
13.130321
-11.286588
-4.4658556
-5.6880732
11.628874
-6.189908
2.9358428
1.1893175
2.1469896
-2.2177646
-10.391249
-1.3928235
-7.8156714
-3.0066648
1.0665005
-11.187558
2.7717364
-10.037281
5.5854144
-4.2117252
7.5256505
11.613213
-2.520932
3.0824552
-1.6361815
-5.2648664
5.3423595
0.94866204
6.1508904
-1.2885499
1.37146
2.6892834
-4.2688808
-2.7917356
-6.2431512
-1.6534292
-3.0484447
3.4321902
6.02349
8.7373724
-9.1331797
-4.9450474
-6.3747911
-2.6787798
1.3799213
-8.9859924
3.1620257
5.927
-17.768812
14.292425
-1.1684058
-9.0086746
6.1607971
5.4397669
-16.799309
-0.8616612
-2.2814667
11.207824
7.9121671
-12.081331
-22.674822
-9.2986574
-7.718832
-15.119907
4.7730813
11.280093
19.0371
-1.7612879
-11.169452
13.910745
3.6070457
13.031249
-4.9477873
0.17785248
-3.5326426
-18.442657
-13.704134
-27.509247
12.092954
6.3792143
-1.327544
-3.0322394
12.547357
8.5789165
-6.3560386
-18.359402
10.083241
7.6962214
18.157005
2.5440612
-5.4426785
0.065303087
-17.056818
2.921036
-17.132153
8.1679068
4.3084569
11.0935
-1.2360098
15.728047
9.2999315
-11.475162
-13.368795
-15.135947
-1.3789885
7.1477423
0.58385056
16.499697
4.7257195
-3.500457
9.6200924
15.108796
-16.043499
1.1516354
-9.9378443
6.6983128
14.973972
12.020869
-10.570455
-5.0830555
3.7540658
12.034964
-0.69412023
11.83678
5.1217928
15.131998
-5.6844044
-16.193069
25.250963
-14.201536
-5.6019931
-4.7292285
17.683495
-5.4323602
0.62643272
2.0034294
4.1596761
3.8151186
-15.187885
-6.3419609
-10.413211
-9.5457697
5.3961835
-10.2349
-3.4666102
-19.44356
11.648485
-5.5751758
13.589211
17.170288
-8.3387184
5.3275995
-10.286432
-6.2509775
12.495257
-1.9693372
7.8434277
-1.9449867
10.293314
-2.3337812
4.1209507
-12.871007
-14.026049
-0.30153239
-0.38134515
7.6477671
2.9402907
6.971323
-15.533463
-9.3622665
-14.65652
4.3007631
-8.5675554
-7.6713161
5.9303761
14.5949
4.5714693
-3.6023376
-0.10737623
2.5831909
-1.8931307
-1.0462406
4.2587767
-0.037343055
0.87062824
-3.003345
-1.1362969
3.9814856
6.4543219
3.1607695
1.437528
3.7974322
-0.94752324
-3.4004836
-5.0639496
0.90874761
2.8434598
-3.6307898
-0.11355229
-3.114603
1.1250708
0.34611058
0.79029906
4.7857852
3.3099089
7.1804585
-2.5183468
-1.9521103
0.6149202
1.4414804
-4.0321259
-2.4356024
2.2628911
5.075974
-2.4124367
-2.0352426
-4.1958079
-1.323525
1.5497323
0.041738719
4.5137544
-0.84041667
4.782455
-3.0244446
-1.0198532
-2.6635196
-0.2500132
-4.6283264
-2.604589
2.2795291
3.7639084
4.5461268
0.58272696
-2.0276542
0.26549548
-3.8961391
-1.1501437
0.10789439
-2.7501626
-3.9120414
3.6076381
-0.29120138
2.1247654
-2.1321869
-3.5973303
-3.0714049
2.8843305
0.57276261
-0.87639725
-2.6170011
0.2280625
-3.2727511
-1.0196331
-4.4214358
1.7322598
3.6290398
-6.2142687
3.261981
1.0499254
1.6416105
-4.523066
1.7390895
-0.55371571
-0.79536766
-1.2192649
-0.99451518
3.1422348
2.1557989
2.6639881
1.7725152
-1.0828031
2.9404795
0.79487336
5.0265336
-2.9808593
0.56055784
-3.1688509
-3.7821772
2.1306887
-0.86965674
2.7188985
1.2311189
-3.5005174
0.91434085
-1.2317388
0.22348443
-2.6004212
0.17005205
-1.0491313
3.7502539
3.8066514
0.2228041
1.0850279
-1.3184811
-0.60871184
-1.5358666
4.5818028
2.8936293
3.9248874
-1.3464215
2.654495
2.043386
-1.8154001
-3.2864721
19.667057
-12.185286
-1.1255585
6.9084415
-7.0701246
4.5184474
15.324325
3.3420782
-10.532274
-16.725491
-10.689464
7.6118097
23.085749
4.6908197
8.0356817
18.154463
-0.1124806
-2.7244325
-15.098462
12.891895
12.735595
-19.098104
-4.5960212
-15.010306
11.14265
-10.323351
6.3686447
20.825914
15.033343
24.127077
-16.035715
-6.9900675
6.3215156
9.3373117
-12.594166
-3.0073609
13.077884
10.777238
-13.015855
-5.7754083
-13.753378
-1.3816667
8.8834867
5.9627118
16.964241
-11.396383
12.969007
-15.036863
-10.872956
-11.4716
-8.3144169
-21.505014
-8.0465326
8.9140339
9.4336357
19.703415
6.6460781
-6.9451299
-4.2256236
-15.507522
-6.5492573
5.6435404
-4.9245324
-16.758093
13.136752
1.6466671
7.926322
-14.211543
-14.995792
-10.461533
8.8816509
10.990132
-0.57636356
-9.2638569
8.5085602
-11.560631
-4.9963737
-15.527293
13.122272
11.666228
-23.777323
6.4819384
2.7226124
-1.1590296
-12.460106
0.098135144
4.2471342
-1.638327
-3.9610713
-11.484943
9.7380934
8.7501841
5.2295966
12.465301
-8.0727444
0.074295513
10.934793
18.916336
-11.820279
3.0097258
-11.802784
-11.640027
11.99997
-5.0297875
15.933768
2.1884999
-14.875093
5.4123893
-3.6687906
1.2411592
-16.537346
9.0955133
-14.709991
19.324318
14.716602
-2.503144
-4.2479477
-7.4468932
4.6935425
2.213531
13.191009
8.5678148
16.208969
-12.091428
18.108076
-1.0788577
-5.6924706
-16.804882
-1.0936972
-0.84773636
-0.42216611
1.3045337
-0.63090211
-2.5255959
0.21738908
-1.1045192
3.4794931
1.463997
1.4275875
2.114099
-0.24297088
2.094945
-0.33527476
-0.37929317
-1.0282296
-3.2934246
-1.3709728
-3.0313177
-0.41136405
1.9111366
0.44920623
1.206027
-2.2824914
3.3213899
-0.39235425
0.16721728
-1.430629
0.86206305
1.7036064
-0.43280572
-0.44056967
-1.8044302
-0.75570679
-0.92425084
-1.9877251
2.3479719
1.6133475
-1.4242035
-1.272886
-0.10570556
-1.1855364
-1.7843401
-0.28874478
1.7512742
1.0914843
1.9966425
2.0724587
-0.7522046
2.4883325
1.6859717
-1.4197205
-0.2534917
0.93931448
-1.3296659
-1.6275179
0.55086082
1.3989388
-0.60356474
0.53608978
-0.80258095
-2.4764607
-0.19988741
0.60925066
0.22256026
0.19701041
0.85872269
0.15257008
-0.54323745
1.3679787
-2.7785785
-1.281152
-0.86511123
-2.719604
0.0017769039
-0.92452329
0.48915863
-2.0179524
1.0423093
-0.27341461
1.6337667
0.55277628
1.7865307
-1.749056
2.6005054
-0.77587497
-0.50326753
-0.4821454
1.5987679
0.9158622
-1.6376057
0.81557983
-0.86537176
0.93531907
3.5865307
-2.8197315
0.65579259
0.082926363
0.19794497
0.12840824
-1.2998154
0.15125853
-0.6148324
-1.9667417
0.87528324
-0.28944445
-0.20404986
-0.87207752
0.13766462
2.0997984
-2.197031
3.5184712
-1.366109
-0.76607811
1.0643017
1.6770246
1.3793502
-2.4116578
-2.4307954
1.336748
0.65181255
-0.052585915
3.1243155
-3.1349678
3.1628296
-0.90386599
0.33170804
12.548641
-6.7499008
-0.57193381
3.6823831
-4.1397686
4.1967368
9.1626759
2.3027987
-7.5688906
-10.86303
-6.3502789
4.3699822
14.774924
2.5218027
4.4915805
10.925364
0.68047965
-0.47684801
-8.5543795
9.6331406
7.9280314
-12.587295
-2.0976799
-9.5785379
7.7718043
-7.4310069
3.7997139
12.293876
9.8090963
14.34713
-10.00263
-4.171515
4.0990338
7.1209149
-7.8963675
-1.8774123
9.4887562
5.7612023
-8.6236477
-2.6038067
-7.2414308
-1.6092777
6.1240783
4.5205164
10.589046
-7.626317
7.7827458
-10.978502
-7.5123076
-6.095005
-6.7550831
-14.418468
-4.103013
5.073607
5.6976037
13.181086
5.047338
-4.8126988
-2.8368373
-8.676239
-4.173121
2.9568989
-1.7453687
-9.8755713
7.1452971
0.6165303
4.289629
-9.0214272
-8.8485842
-6.095324
4.6924934
7.424221
0.41293916
-4.6983013
6.4981728
-7.2686667
-2.0070815
-10.281121
9.116437
6.0785003
-14.018684
2.8872764
0.98836756
-1.0654112
-6.6895161
-1.1058384
2.3300586
-0.99782127
-2.2680616
-7.4709158
4.8213587
6.8957276
2.9831071
7.2029586
-5.0195136
-1.4915003
7.9821706
11.010224
-7.1901803
0.8694613
-7.0105095
-5.8022661
6.7740893
-2.0209949
10.73707
0.61761332
-8.7944651
3.6590254
-1.0593559
0.42232829
-10.996777
6.0661955
-10.652401
12.635737
9.6516018
-1.8445454
-2.4024451
-4.8328853
4.2163343
2.7061999
7.8348899
5.3844681
9.9038
-9.2646885
12.977465
-2.201757
-3.165637
-9.7510042
-9.4215212
8.7827415
-1.0807943
-5.875824
3.5916765
5.8323083
-9.9373388
0.33259869
-4.7631464
4.8520861
3.8062348
-8.2771349
-12.67182
-6.7664194
-4.4226189
-7.9853554
3.8660576
9.1030846
11.986998
2.171946
-6.0498343
6.4123464
1.8892492
6.7649307
-1.0226637
-2.7650242
-1.4379686
-10.146054
-7.2001472
-16.642902
5.8035879
3.5888631
0.35916016
0.23837493
7.1619916
6.2294626
-1.6050175
-12.598646
4.7208099
5.2264123
11.796493
1.6417038
-1.9586707
1.7274041
-9.6260347
-0.47576311
-10.853185
2.5065317
0.646321
6.5014782
-3.3691828
7.2620072
5.9266081
-7.0542159
-8.6474314
-7.2190266
0.73058563
3.9231596
-0.63773751
9.9799519
2.2128806
-1.5101266
7.080411
8.3897696
-10.015569
1.125576
-6.1284666
2.0208271
8.4746161
7.4939008
-6.8117642
-1.1163552
3.2747209
7.8350067
2.0614126
6.7801008
3.2960999
8.314374
-1.1299329
-10.630721
14.907578
-10.107476
-3.909452
-4.340941
11.781131
-4.8947043
1.4509995
1.3571526
2.565876
0.18238725
-10.117001
-2.5952342
-7.1872749
-4.8000259
2.3507061
-8.8600626
0.2995213
-11.4372
6.5923491
-3.8555732
8.1183271
11.390896
-4.0507703
3.4018784
-4.1703715
-4.6773515
6.6672096
-0.40518922
5.7196631
-1.3762844
4.0693941
0.60291588
-0.73557955
-5.6076274
-7.6087203
-1.1358236
-1.3950256
4.0629416
3.8389788
6.5050917
-9.6851482
-5.70189
-8.0443087
-0.053473733
-2.0148246
-7.0797176
3.7635031
8.0005426
-20.549627
20.835484
-2.3161726
-14.219831
7.7028222
15.9805
-22.732893
1.4836601
-14.770464
9.4414692
6.4951687
-20.690977
-28.881517
-17.129545
-9.1419601
-16.911055
10.364552
23.318218
28.659363
7.8632393
-12.584002
12.658953
3.4177921
14.100521
0.018123463
-9.7266884
-2.1249692
-22.330061
-15.30829
-38.377224
11.038329
8.4053507
2.2174451
1.4878269
17.20322
15.535777
-2.1307898
-31.031664
9.4523039
12.685252
27.144339
4.2836003
-3.6883693
5.827734
-21.854521
-3.6687288
-25.962503
4.5261569
-0.98016906
14.794864
-10.262278
14.952964
14.340351
-15.931218
-20.768635
-15.584177
3.2221332
8.9666519
-3.1416266
22.07394
4.2040973
-2.0684144
18.188278
18.466356
-22.992414
3.2118185
-14.337118
3.045428
19.215406
16.684223
-15.924943
0.28857851
7.9850245
17.806988
6.510983
15.443185
7.4436584
18.949848
-0.53314805
-24.54253
33.437653
-24.896729
-9.7246666
-11.769211
27.584776
-13.246489
4.9970865
3.1878901
5.7584496
-1.5575197
-23.741978
-5.1591325
-17.519062
-9.2203703
4.1433625
-23.558369
3.1627064
-25.949335
14.729627
-8.9828596
18.448595
26.853359
-8.5981312
7.5808053
-7.5418921
-11.370237
15.196525
0.10852029
13.378507
-2.9009831
7.0508127
3.5432944
-5.1706204
-11.117977
-16.823
-3.0014677
-5.6742811
8.4788189
11.27396
17.440805
-22.889219
-12.976633
-17.702139
-2.5514259
-1.8890741
-18.638384
8.4664564
16.635492
-7.0154777
1.040918
-0.23316234
0.55601275
1.2875811
-6.7428818
-3.3193319
-2.6408644
9.6733379
7.265933
5.20403
1.5943296
-6.5852346
2.3060303
-2.4794927
-5.5750651
-2.6771514
-5.3489637
0.91624337
-9.7723875
-4.4291115
8.7022362
1.4729153
6.0781116
-7.3884993
9.0804834
-2.6353619
-5.1583982
-6.342041
-4.4370389
7.1897755
1.1115162
-3.2022171
-6.0968127
2.0909035
-1.0615108
-7.6260986
1.9205595
6.2431784
-1.295885
0.83172524
0.5679872
-4.5599432
-5.2767773
-4.7387719
6.8966594
-1.1841806
8.1959743
7.1155968
1.3253652
7.7835155
9.2373867
-0.62574065
-2.1219966
-0.61819363
-7.8606639
-5.1830487
2.7317066
3.7060494
2.894649
2.8389707
-2.5870149
-3.6445954
4.0829511
-1.6817558
-0.32432655
-1.00805
5.8253565
3.6440799
1.9644752
0.058823809
-7.86059
-2.2076173
0.52170348
-7.2150178
3.0534892
-0.55422789
5.0612345
-7.6328125
-0.59296137
5.435832
2.2583654
1.0233594
3.6178496
-0.037910447
4.9301219
-2.7078171
-0.13966046
0.43714935
6.2043152
0.05793792
-5.651237
0.49835533
-4.6347146
3.7818117
7.1204214
-8.2754583
-3.6253755
3.1605372
0.51860297
2.8468716
-0.25076586
-2.8272643
-0.21264717
-8.0776157
1.4994245
3.2324386
-2.5663817
-1.3394216
0.011783622
8.4247456
-6.3047009
10.913623
-8.050396
-5.3123016
2.2717884
4.0848312
3.8755412
-6.404871
-5.9415798
-1.2257571
-1.6127017
-4.494318
9.3736801
-11.124498
6.4523296
0.30986786
5.0062332
22.041079
-14.855974
-0.23950145
8.5147905
-6.9931865
1.0556328
18.147234
3.0071898
-6.2699819
-16.887949
-10.193965
10.814202
26.967377
7.4007998
8.4405394
18.848478
-2.3377621
-6.3970394
-19.115616
10.479504
13.385512
-19.920649
-4.1594906
-16.321476
10.199249
-7.421648
5.4789252
22.217539
17.040163
28.99082
-16.230543
-7.7444019
4.4560471
9.126277
-14.905391
-6.310451
12.964946
15.767699
-13.988143
-6.9511199
-16.708067
-2.8235795
9.150197
4.2958889
19.855162
-8.9008646
17.012892
-15.561139
-9.4725838
-12.274298
-5.7680731
-22.748655
-9.355794
11.138099
12.821476
21.527077
5.659389
-8.7212505
-2.9916594
-17.123877
-6.4958348
4.7784505
-7.3816423
-17.911547
15.781935
-0.068098634
9.9092913
-12.766513
-17.177896
-12.022393
10.214358
9.9102554
-1.3787147
-10.891133
7.2829366
-13.566037
-4.7965508
-18.442827
12.098967
14.577047
-27.279516
10.719492
4.3527093
1.4412583
-15.780851
2.079052
1.853171
-1.8264903
-4.2224236
-9.6757755
12.973115
10.156576
8.5037766
12.138779
-7.8303103
4.317266
9.7543392
21.411587
-13.36627
4.1487131
-14.309156
-15.13907
11.538442
-5.0276027
16.047878
3.9039826
-16.006632
4.2826376
-5.1996245
1.3082027
-16.363365
7.4582162
-12.56577
19.5191
17.014999
-2.1258707
-1.8209708
-8.914012
2.2302423
-1.3351053
16.049936
9.8956652
17.611347
-11.413395
17.487419
1.9247092
-5.967299
-17.215878
21.014139
-3.0540698
-3.0728228
-2.2273233
-4.4148016
26.702595
8.411418
9.7967148
-38.560516
-25.576635
-16.302519
-8.1062193
18.485929
-10.519714
7.1111798
19.134581
10.108173
21.985636
-0.67143387
36.499283
13.000766
-27.874401
-6.1017499
-17.88273
24.784327
-33.715164
10.075942
18.361048
17.531658
9.5765505
-23.01899
-4.8809171
13.798578
22.619661
-7.2874579
9.4202871
26.30464
-11.317341
-19.249725
3.4381332
1.1643705
1.2052124
15.997567
19.421646
13.275759
-27.032881
-0.2549758
-28.257832
-24.494291
-6.7162042
-28.863222
-30.105967
0.43824756
3.5456583
-2.0714087
25.754904
18.048332
-6.5663214
-12.801705
-7.539042
-9.4461679
9.8626032
11.549379
-14.120809
3.0932152
4.826139
2.1742382
-24.880798
-11.801497
-3.0662212
-0.65146214
25.723988
8.92346
0.42923972
27.353474
-8.081605
-0.47595465
-13.531012
27.653791
-2.1181622
-14.127892
-12.278563
-4.0737858
-15.730041
4.9168835
-16.58765
13.130548
1.0438609
-1.0437877
-25.432472
-4.1622591
15.325998
-6.8362007
16.27033
-12.858912
-27.148834
28.620388
10.799592
-9.3449602
-2.474854
-6.2207947
4.2978058
14.224709
-1.1085571
26.850565
-7.3153682
-13.699424
9.9267645
6.7161264
-0.83289635
-28.394691
24.298962
-38.391773
28.51988
14.375828
-9.9388866
-15.508438
-9.6223631
22.855698
23.449568
1.7681409
2.9756894
14.553107
-30.913971
38.057968
-24.614038
-0.71925724
-16.54203
9.8107538
-13.353884
0.80012238
9.3993855
-3.6970904
-13.348824
12.86939
-1.7995416
13.807673
-2.8008704
-0.96003699
13.915519
15.456861
11.803206
4.2146068
7.9689403
-8.4423084
-16.967247
-18.238642
-9.3307819
5.1827931
-3.8303471
-1.5147302
-5.76436
-3.7547982
10.484642
-0.1721278
11.900535
6.5256
22.110027
-3.2059858
-5.1159496
-3.1605124
-2.9782515
-10.605058
-10.043494
-1.8781692
20.744204
-3.060334
-8.8925276
-16.235271
-2.248394
0.59671164
-6.3177862
11.87258
5.734848
15.973438
0.33420929
4.3567638
-9.1404924
10.321693
-5.2640643
-9.8335619
8.8957138
12.775655
6.7443957
-4.5418139
-4.4902391
4.0651145
-11.975999
-1.0942248
-0.085093707
-13.892181
-9.8160477
13.716167
-2.1540625
8.9975681
0.26973513
-10.951942
-8.7903404
9.9337034
-4.3033581
-5.6024909
-10.524599
-6.7018504
-8.3521166
-5.0385671
-9.8315802
-3.066092
14.772671
-18.21744
17.009182
7.1045332
9.0265713
-16.784134
10.996362
-4.5472445
-1.8012104
-3.1312325
3.4542701
14.927303
0.48808485
11.185427
3.3560934
-0.75766826
18.533283
-5.8929977
14.762061
-7.8192101
6.1592517
-10.318782
-17.12307
4.7340946
-5.0100217
0.89466238
7.7157812
-8.9952497
-1.73722
-8.7964811
1.5508777
-0.4327352
-4.9128666
8.5887775
3.5341959
8.0486202
2.2194009
6.1155338
-3.4447334
-10.615003
-14.0414
13.829018
6.828033
9.0374107
6.0215688
-3.8494387
14.657122
-4.7027416
-7.6319208
10.208621
-15.698633
1.3791639
11.358669
-3.9713168
-18.191433
14.812371
-2.946538
19.802162
-1.2928261
0.2097144
17.356236
17.224226
15.012974
4.4233589
7.8899627
-10.948076
-22.075693
-21.814861
-14.098086
5.1882081
-2.4436464
-1.1743758
-5.5778294
-6.4339032
15.305539
-1.1423776
12.620387
6.6083317
25.810686
-1.9936421
-5.6922874
-5.0695333
-5.2817097
-12.139077
-13.01664
-4.2552967
25.851891
-2.2496636
-10.767045
-19.488272
-2.9984226
-0.50494003
-9.1160192
13.271525
9.197197
19.318529
2.4970658
7.1912575
-10.200664
14.648147
-4.0111833
-11.651073
10.484279
15.640787
6.1353278
-6.848321
-5.043684
5.9301925
-13.63145
-0.56114089
-1.023476
-17.403328
-10.490523
16.156668
-3.2092497
10.603181
2.5499802
-12.178623
-10.294453
11.814244
-7.1617794
-7.3574243
-12.572769
-10.149424
-9.4431133
-5.7480402
-10.88987
-5.8930717
17.859686
-20.714867
21.454437
8.8217936
12.182908
-20.499918
14.374999
-6.7380877
-2.2188902
-3.6178184
6.3488946
18.245216
-0.32425871
14.116859
2.5871072
0.17451137
24.364803
-9.2486267
16.731796
-8.6516027
7.5128789
-11.949103
-20.830357
4.2617464
-5.6975732
-0.98973781
9.8618984
-9.5094624
-2.9514108
-11.012662
1.876619
1.7199916
-7.8897643
13.304079
1.9072652
8.6748695
3.4499595
8.7093363
-3.5423093
-14.490603
-18.756281
16.45306
7.9993343
9.6322975
9.4871283
-7.5229445
19.459997
-5.4800043
-7.6788549
15.240925
-14.666361
0.58651698
10.099531
-6.0685201
-8.8778458
16.018778
-0.64010984
7.7165141
-8.297267
-4.6122265
14.611455
21.405676
11.897234
6.2647667
12.998745
-6.2243152
-15.238506
-20.017248
-2.6526642
9.3681173
-10.376959
-2.1959777
-10.376172
1.2768483
4.9090824
2.2002785
16.953573
11.055712
27.006807
-8.4239912
-6.5656219
-0.079796106
0.97596925
-13.192161
-9.8840942
3.6138124
20.912802
-7.3005981
-8.95436
-18.225882
-3.1689751
3.604445
-2.7629454
15.858425
0.44959298
18.000931
-5.6005716
-0.74882925
-10.887966
4.7473226
-12.605347
-10.461345
10.272779
14.223392
12.884149
-0.93215758
-6.456708
1.745648
-15.504671
-3.393317
1.4651196
-12.507704
-13.921748
15.573048
-1.4495261
9.6120291
-4.5932107
-13.783559
-11.600503
11.370672
0.51840782
-4.9629931
-11.860813
-2.7774608
-11.240872
-5.3454027
-14.117477
2.4036703
16.230927
-23.593769
15.828712
6.1144614
7.3618913
-18.64924
8.7520123
-2.5880079
-2.4325495
-4.2484713
-0.91409326
15.249764
4.4551845
11.287519
6.9064097
-3.4314308
14.946437
-0.67437482
18.784897
-10.672536
5.2795954
-12.608328
-17.659904
7.3960366
-5.2209783
6.784812
6.9149451
-12.068892
1.0778426
-8.0867605
1.7187674
-6.5258017
-1.2162557
1.3028666
10.022268
12.348248
1.5406355
3.7569966
-5.4036965
-6.3336606
-10.219575
16.471815
9.4800568
13.341605
-0.031093294
3.9166236
11.519805
-6.335207
-12.26469
19.091808
-13.344919
-0.36402002
8.1094608
-6.8278069
0.17645052
16.175051
2.1289134
-4.5212045
-14.488959
-8.8689766
10.371215
23.698305
7.3931608
7.591795
16.863588
-2.1557844
-7.0174694
-17.310671
8.22824
12.058249
-17.035618
-3.6452034
-14.128586
8.3355751
-5.5076017
4.9943752
19.994726
14.535795
26.101234
-14.00285
-7.0165005
4.1479321
7.1190481
-13.328919
-5.8159933
10.650698
14.720558
-11.757538
-6.7788162
-15.591094
-2.4380491
7.5409756
3.2692831
17.388107
-7.5918489
15.36896
-12.801841
-7.8815031
-11.289286
-4.3553457
-19.556856
-8.8652592
9.7619925
11.633695
18.414831
4.4709449
-7.3460126
-2.3119063
-15.835786
-5.6987047
4.1485496
-7.3861051
-16.187164
14.304868
0.28189853
8.7245407
-11.171686
-15.062926
-11.2284
9.8220358
7.9201469
-1.9353869
-10.265692
5.1592197
-12.017347
-4.8408327
-16.003443
10.042924
13.524314
-24.543756
9.9269066
3.8830767
1.8589708
-14.954555
2.8074832
1.6774169
-1.9600004
-4.1265774
-8.0953798
11.863855
8.2077408
7.7264338
10.750919
-6.7242513
5.0255585
7.5993423
19.409727
-11.874159
3.6875396
-12.604717
-13.940141
10.417751
-4.8631411
13.576859
3.8111124
-14.232631
4.0531583
-5.0787554
1.3585316
-13.84726
5.8167691
-9.9908867
16.901167
14.760245
-1.2229508
-1.3780698
-7.2584867
1.2825928
-1.8801737
14.828957
9.2806587
15.766553
-8.8765659
14.307271
2.9679606
-5.9693336
-15.586101
3.8562787
-1.7238865
-0.36165443
1.2897806
-1.7827842
1.8054386
2.7266853
0.38522407
-2.2826049
-3.4569793
-1.4982158
1.9966576
4.9808102
1.4023445
1.0672927
3.3946698
0.76900101
-0.53780496
-2.4987888
3.4720082
2.71381
-4.0354519
0.055121467
-2.8922758
2.4713242
-2.1466222
1.2309865
3.7960632
2.9131041
4.4830127
-2.7871318
-1.4384129
1.7081875
2.5498669
-2.8650839
-0.78235346
3.4397388
1.8616318
-2.5407343
-0.71338189
-1.9531041
-1.1109555
1.9310424
1.603935
3.2589972
-2.6550391
2.5974221
-4.0408988
-2.5058153
-1.5747973
-2.8049986
-4.9868455
-1.2520102
1.0114242
1.9803272
4.4716725
1.8663396
-1.5840892
-0.69783866
-2.6017056
-1.3520812
0.3349615
-0.43614572
-3.0861816
1.7170304
0.25235334
0.76405966
-3.0710099
-2.310797
-2.1492543
1.6333815
1.9079583
0.079635575
-1.1766126
1.8642519
-2.4218802
-0.34704289
-3.5376902
3.1082828
1.5042094
-4.1975913
0.34186885
-0.26081836
-0.027592491
-2.2060699
-0.25961646
0.52525663
-0.65926945
-0.95452625
-2.2848272
0.78040761
2.6420395
0.86672014
1.7981859
-1.3693609
-0.49163434
2.4964442
3.3920949
-2.2112639
-0.6208958
-1.8502986
-1.1342019
1.9151874
-0.14380148
3.501024
-0.13523497
-2.6547909
1.7244854
0.30886626
-0.0044898838
-3.4803782
1.5013149
-3.5289116
4.2842588
3.1907492
-0.20644927
-0.21136695
-0.9561311
1.734359
1.3092333
2.9025109
2.3051324
3.237484
-3.1924095
4.4769492
-0.70833468
-1.4206533
-2.8480179
-8.9266815
-4.1065168
1.7187943
6.0696692
0.39645648
-22.621243
0.51669598
-7.5155721
30.7139
14.713119
10.649228
12.28375
-4.2207584
12.804881
-3.024941
-8.3233957
-9.8255053
-22.2929
-8.0451822
-26.932116
-5.6135097
15.999745
3.8626378
8.9671764
-17.65633
26.430687
-6.3762202
-5.7954369
-8.5954428
4.0031228
13.63411
0.16290179
-9.5800657
-15.266903
-1.062342
-10.361205
-17.193329
16.852327
11.164997
-6.5837865
-7.8422518
-2.2015891
-9.813612
-14.983189
-3.0308161
19.292576
7.8038926
17.439428
17.605822
-0.18183132
22.327946
16.238575
-5.3400774
1.0941858
7.4687605
-12.88837
-13.4304
2.1189206
10.37599
-0.6310302
5.3314047
-6.825314
-14.135441
4.2232313
3.8724229
-3.6799774
2.1833029
15.112244
2.5904562
-2.1767225
5.3462362
-19.087032
-8.3357401
-4.9213996
-20.46244
1.1480719
-2.1334779
3.9690902
-18.664131
7.6800895
0.76585335
14.96705
5.3428097
14.381531
-10.89883
16.110596
-10.334145
-1.7992696
-1.0488716
17.453682
8.7079487
-9.4009752
9.0214787
-9.0891829
8.1736546
26.070448
-20.951662
0.039001435
2.2237687
3.471684
-0.23510736
-9.9595757
-6.3277035
-1.4502224
-16.487829
7.9429226
4.136436
-6.3022008
-7.6129732
0.93652052
17.86904
-17.844286
28.254416
-16.006468
-5.4477201
7.5002227
13.217999
5.4594264
-19.076088
-21.047905
5.9657917
1.9558285
-4.6967435
22.477219
-25.658117
22.509583
-2.311229
6.9896355
-15.453362
12.730869
-1.0968
-7.1081419
3.7233853
4.8392706
-14.308248
-1.6755472
-1.4253204
9.7314186
6.728898
-9.0907507
-19.125465
-6.599206
-6.4505439
-12.394114
5.0776529
8.0590382
16.363138
-1.6860927
-8.5093813
11.925941
3.7186739
11.139141
-4.3509226
0.81588221
-2.4899297
-15.283394
-12.082726
-22.916353
10.450694
5.2527351
-0.13055411
-3.3856902
10.511108
6.9506783
-5.6206665
-15.190667
9.1428242
6.2072496
14.716376
1.5780346
-5.2167492
0.099001139
-14.803406
1.9731447
-14.270916
7.3394465
3.4300601
9.4706488
-1.5266367
13.206332
7.6362529
-10.348207
-10.96588
-13.200772
-1.12507
6.3944736
0.61179435
13.034658
3.7679977
-3.3696613
8.005331
12.379612
-13.816648
1.4849795
-9.3212519
5.4940677
13.509397
8.9101257
-7.9787197
-4.9680748
2.2724569
9.6530094
-2.1079545
9.8703938
4.0417809
12.908852
-4.9625607
-13.361053
20.945662
-12.590152
-5.6610799
-3.3489633
13.693154
-3.977401
0.68509543
0.88284504
2.7318175
3.615212
-13.332592
-5.4809947
-8.8478699
-8.1484919
4.7677655
-8.134366
-3.5730429
-16.066135
9.8107729
-5.7920856
11.938683
14.880852
-7.2120738
4.6178408
-8.846899
-5.3281264
10.984028
-0.41138965
6.7797513
-1.4368926
8.9301205
-2.9484046
3.7768095
-10.779152
-11.892244
1.0516295
-0.17676586
7.5605087
2.8532286
6.2069893
-12.139822
-6.4755406
-11.961145
4.1867905
-7.6378121
-5.5734744
3.6278031
11.725945
-17.871729
1.5170356
1.9311392
2.6562672
3.8164437
-24.041748
-6.7078314
-8.8073549
34.698906
22.021643
15.697008
8.4699478
-14.743525
10.309596
-6.8865275
-16.672379
-9.5850029
-20.359917
-0.94259584
-32.050587
-11.642112
24.45554
5.9922457
15.881066
-22.435087
30.500372
-9.2765503
-15.296551
-15.459268
-7.4867558
20.938755
3.2259953
-12.37466
-18.799635
4.5586748
-8.5221577
-22.601055
11.405291
16.970865
-3.8483837
-0.91718709
-1.5681143
-13.61068
-17.335196
-10.795621
24.113132
1.6103071
23.614029
22.330769
5.077775
25.510698
25.711197
-1.6216832
-3.3344717
2.8993096
-21.439209
-16.127508
5.1899419
12.15873
6.9166312
8.3217793
-9.4215107
-11.704912
11.969762
-2.4967232
-4.3723254
-1.5805588
21.084003
9.4053555
3.0338957
0.9754166
-23.875719
-7.7081165
-0.22084197
-23.540701
6.5025344
0.30003831
11.006738
-24.191593
1.7882247
12.070154
11.426992
3.9643626
14.538977
-4.5254993
15.810308
-12.129211
-0.88562393
0.97236669
22.163494
3.6751869
-13.139467
6.1704645
-14.831403
11.83077
25.465191
-25.420109
-8.8343601
7.709362
1.8945605
5.3991661
-4.1152573
-11.552984
0.93936306
-23.493811
6.5567493
10.6162
-8.7272625
-5.4404697
0.15697621
25.115141
-21.496376
34.366436
-24.463846
-12.222144
8.2361584
15.164458
8.9520092
-20.786905
-21.526915
-0.290764
-2.2471623
-12.161633
27.468136
-33.251541
22.322386
0.52551889
14.859422
-8.3601313
4.8283243
0.037536591
-2.4148321
2.7659428
-2.2738471
-6.353766
-1.786626
5.5740356
7.2042398
5.7319899
-1.9151067
-8.9872332
-0.81883752
-3.9979753
-7.8854599
-0.11529433
-0.0040824953
5.6906853
-5.7034521
-5.60074
8.3165846
2.7809281
6.7468014
-5.3263206
5.460515
-3.0096116
-8.7056112
-6.6718526
-9.7348232
7.669106
2.5233355
-2.7593017
-3.5227249
4.2729816
0.73782146
-5.2540727
-3.5201569
5.8730764
2.0608292
5.9776082
-0.13317391
-3.773118
-2.9015162
-6.9000998
5.2922878
-4.6968279
5.7269983
5.2053914
4.8455358
3.6334414
8.7891636
2.8691282
-4.3162403
-3.326098
-7.7713227
-2.9532514
2.6857162
2.5074184
6.840054
2.9827724
-3.333472
1.1908301
7.0363712
-5.7901788
-0.83349788
-3.5339947
5.8766074
6.4001555
4.4170642
-3.3927221
-5.8851938
0.14201784
4.2176166
-3.9294519
4.5754633
2.2949772
5.9597673
-5.7227826
-5.148232
10.168298
-2.5283532
-1.2358021
1.3320837
4.9433231
0.86349905
-2.513746
0.4295463
1.5494121
5.2063313
-4.4943113
-3.376894
-1.9080648
-6.139214
3.9057531
1.1668133
-5.2371731
-7.7772899
4.963109
-1.9080465
5.1632094
5.0734057
-5.0741582
2.485533
-7.0376706
-1.046391
5.8170519
-2.15678
2.0789566
-0.81340802
7.4346695
-4.6576834
7.0024176
-8.0176678
-6.059617
1.2594525
3.2470152
3.8572795
-2.4780946
-1.400504
-4.6987362
-3.141299
-6.7093568
5.451642
-7.7962127
1.19201
2.1126759
7.7049098
2.1319456
-8.3492584
1.3695745
7.5466762
-2.4453444
-15.68474
7.3133578
-4.3192964
19.803114
4.1249514
3.774262
13.107478
7.5006213
12.176378
0.98617125
1.136735
-7.7335157
-18.488258
-12.92602
-15.171506
1.2403994
3.7041178
1.4928787
0.056696802
-8.6170368
16.165047
-2.5388284
4.0953588
0.55179369
14.064301
3.5788248
-2.7011242
-5.1695189
-7.3898916
-6.4349389
-10.19618
-7.1517091
18.150959
2.5423064
-7.0871677
-11.942807
-3.0276859
-3.5006738
-9.0338907
5.4760513
10.483838
12.211513
6.3122311
8.8547573
-4.4072371
13.566389
2.707844
-7.0914812
5.0418715
10.405063
-0.86561209
-7.2972054
-1.9769806
6.3018799
-6.9456887
1.3195941
-3.3191111
-12.599424
-3.6825762
8.64431
-2.8849351
5.1721811
6.2136612
-4.4737616
-6.3364625
7.6543884
-9.832983
-6.4741187
-7.5753713
-11.972251
-4.474659
-3.0065765
-4.4863586
-8.6813269
11.008184
-9.8924961
14.7507
5.2767582
11.029226
-13.940724
12.108536
-6.9714804
-2.1117592
-2.4347522
9.0511007
11.063183
-2.3905718
9.9447041
-2.0959203
2.8909435
20.174742
-11.185506
8.1092396
-3.5046558
3.771935
-5.6763163
-12.707162
-0.59509957
-2.5689378
-5.5466127
7.1144247
-2.802695
-2.780647
-7.2613597
1.1735412
6.4668384
-10.164437
15.272312
-3.9773626
2.8572919
4.765223
8.9536734
0.40580791
-12.594584
-15.423639
10.487486
5.4359398
3.3463557
11.397997
-11.444161
16.763695
-3.9851508
-1.4179627
7.7158842
-0.94331151
-1.4967656
-0.71988583
-1.9814404
10.557625
2.9482217
3.5789776
-14.833725
-9.7350092
-5.8866653
-2.8348298
6.9212246
-3.7624621
2.4888985
7.3055267
4.1732025
8.2495937
-0.036246248
14.17874
4.9393315
-10.479063
-2.0508347
-6.5398917
9.3600512
-12.773389
3.9551973
7.0217948
6.2809396
3.3720634
-8.4653158
-1.9438274
5.6788054
8.7339935
-2.952493
3.7776523
10.172896
-4.4849858
-7.0525236
1.2555097
0.72790241
0.36793756
6.0503058
7.4814596
4.8174253
-10.593999
-0.29225573
-10.931868
-9.3835106
-2.5319159
-11.357088
-11.531081
0.056638777
0.8269093
-0.96412379
9.8259153
6.9902673
-2.2925317
-4.7673492
-2.7700214
-3.5670764
3.5152507
4.3247762
-5.432056
0.79866296
2.1438398
0.47108519
-9.8563929
-4.1578631
-1.150687
-0.089282364
9.438261
3.3749449
0.38234648
10.296612
-2.9988356
-0.24920991
-5.0589671
10.67299
-1.1801974
-5.0572476
-5.1678085
-1.8598439
-5.977859
1.9797879
-6.1775761
5.1341424
0.19739124
-0.55375361
-9.8450527
-2.1332431
5.7271314
-2.8756063
5.9805226
-4.8101687
-10.417701
10.762968
4.0540099
-3.4230783
-1.407475
-2.0032778
2.1160567
5.563168
-0.32453233
10.147235
-3.0664444
-5.3085942
4.1422925
2.9316409
-0.36831567
-10.732174
9.0827112
-14.63942
11.043224
5.2920027
-3.6233277
-5.708025
-3.1058397
8.8639402
9.3056612
0.77941591
1.3196017
5.5527825
-11.719341
14.555639
-9.3882275
-0.53854662
-6.1828952
-27.517399
17.193691
-0.55766523
-9.6487083
8.6851931
-2.7441721
-22.158869
-4.1802449
10.068222
21.370699
14.641367
-11.333838
-32.348869
-7.3201885
-11.267049
-23.789442
1.9390838
5.7274332
21.94669
-14.253218
-17.390675
25.379498
5.9891462
21.096394
-14.067484
11.36981
-7.4485283
-27.171322
-21.745014
-34.99213
21.640022
8.7738724
-6.2504973
-10.903948
16.766354
7.0460391
-16.159296
-17.364965
18.09626
7.4429545
20.576649
2.7348738
-11.612091
-6.4255757
-24.05518
12.390933
-19.64747
18.844999
13.29958
14.682167
8.3484297
28.268267
10.274553
-14.457552
-14.740217
-25.987503
-7.7172599
10.428781
4.9493189
21.603001
8.6264086
-7.1826615
6.8768702
22.059727
-19.416233
-0.20004657
-12.032037
15.77299
20.924021
15.092047
-11.96537
-14.499248
1.3674773
13.710506
-9.6858139
16.38957
5.8508086
22.085535
-15.807446
-17.944262
33.867702
-12.222875
-4.9124026
-0.30317181
18.886358
-0.47509536
-3.5392475
2.1260371
5.2862601
12.658474
-16.076832
-12.653519
-9.9410648
-16.310881
10.549459
-2.5261991
-13.539583
-25.951572
16.516155
-5.3831224
17.779114
18.204458
-13.954204
6.2183661
-20.889685
-4.7390695
18.57435
-5.7063551
6.7455101
-2.0536375
21.378967
-10.551565
17.673006
-24.339474
-21.132292
2.7133527
4.7355261
12.103076
-4.3986764
0.020188987
-18.49258
-12.019426
-21.732874
15.48416
-22.671129
-0.58060724
7.1731992
22.286264
-1.0192524
4.0233049
-1.2939869
-3.1742334
0.55563241
8.0936794
-3.5316849
1.7518041
-9.5394287
-2.2845078
-0.9965589
-5.3320746
-2.9683483
-5.0092869
-0.95970988
-0.32338434
4.1331377
8.3128204
6.0111055
7.9515486
-0.43805414
-1.8653681
0.023202177
0.20634829
4.0167389
-7.4958153
1.3181626
-1.5579813
-0.63392997
-6.5956459
-1.2091967
0.82199478
3.1504188
4.1976471
2.1284316
4.9204917
4.0835958
-8.4253025
-0.96865952
3.1551464
6.1011052
0.94674456
1.8664706
4.5112562
-2.5308516
-5.5118804
-5.542798
-3.957262
-4.2945871
1.9888786
-7.2818761
-1.9911153
2.9270835
-3.2103145
-4.7519894
1.084886
3.7650232
0.93547249
-2.625911
3.4354167
-0.68164086
0.9248358
5.607151
1.4399737
-4.6264977
1.7328769
-2.968756
-3.8474445
2.3363512
2.9565401
-3.2529619
3.9327099
3.1152117
3.9757442
5.7652116
1.9064127
1.4281195
1.7341635
4.6110692
-5.8034606
4.8810234
-7.6514721
-3.0013242
-4.9907517
6.6140633
-5.3462324
3.2991033
0.62815839
0.85846472
-4.6607261
-6.1410694
1.4174671
-5.002584
0.54425067
-1.1555257
-9.4178638
5.2685065
-3.6431432
1.6080166
-2.7672369
3.1454372
6.7507796
0.70218724
1.5226458
2.8355374
-3.8212414
0.80097973
2.0403059
4.274117
-0.81262594
-3.1612895
4.5719004
-7.4462681
2.6056824
-1.2390143
-2.10707
-3.5009863
0.70388854
6.2837133
7.836318
-4.2918324
-1.9581866
-1.2192235
-5.6137066
5.9924836
-7.9398584
1.3641796
0.83543885
7.8626828
-11.852734
0.85212219
9.216176
-4.2398839
-13.609021
11.539832
-2.8237824
15.177942
-1.182689
-0.024190426
14.195546
13.618113
12.435151
3.6046495
6.7287841
-7.6533585
-17.947283
-16.816851
-10.621366
4.8452129
-2.1188245
-0.58864594
-4.4360256
-4.8280072
11.920562
-0.35080573
10.378097
4.9314928
20.424555
-1.6861254
-4.6338387
-2.985595
-4.4069848
-9.6372929
-10.107696
-3.1671643
20.180267
-1.5111794
-8.6391497
-15.616412
-2.6295755
-0.63486344
-6.8143611
10.198344
6.3775649
15.123473
1.9236907
5.1293492
-8.0790539
10.692236
-3.5462034
-9.322052
7.6866794
12.314173
4.8055468
-5.0795059
-3.6849246
4.5240679
-11.395867
-0.71347034
-0.90518737
-13.590876
-8.7029896
12.451295
-1.959584
7.6414633
1.4029063
-9.0510635
-8.9184561
9.9315643
-5.7499266
-6.269423
-10.169799
-8.6228437
-7.5215616
-4.8034678
-8.4987535
-4.3211594
14.100197
-16.581394
16.084806
6.1760197
9.6869841
-16.770847
11.484241
-4.8571815
-2.2914834
-3.4003866
4.7842956
13.776958
-0.27774414
10.783522
2.2247143
0.091547161
18.998573
-7.3216119
13.480871
-6.8724084
5.0823007
-9.0248871
-15.913696
3.5397844
-4.4740252
-0.56233752
7.5259829
-7.4026456
-1.2517567
-8.3942499
1.6075858
1.1393539
-6.4760237
10.087702
1.9710923
6.8346481
3.4617012
6.6394396
-2.0135393
-10.755188
-14.049331
13.532084
7.247786
8.0132685
7.4584785
-5.6824722
15.501449
-5.2931919
-6.683248
-18.543886
1.5897454
1.4951326
3.0980606
2.8962171
-24.06675
-6.9094229
-9.2439251
34.529499
22.232836
15.359182
8.6374731
-15.545568
10.599631
-6.5526466
-16.146978
-9.2227468
-21.056131
-0.76610613
-32.511017
-11.266938
25.000214
5.6161504
16.243221
-22.799751
30.745897
-8.6845484
-14.688832
-16.310833
-7.6592464
20.961828
3.0566885
-11.521589
-19.824203
4.789463
-7.900692
-23.435284
11.257164
17.67857
-4.5171509
-1.5637753
-0.95164317
-14.174486
-17.44261
-11.395425
23.5434
1.1843699
24.790682
22.357573
4.3408847
25.724281
26.378151
-2.2521288
-3.6968997
2.5229897
-22.36898
-16.463545
6.0142093
12.101551
6.0561152
8.197957
-8.976922
-12.28768
11.418742
-2.3243635
-3.4083323
-1.8433414
20.521145
9.6716194
2.5090086
1.8051736
-24.296993
-8.4122601
-0.90427244
-24.591097
6.7902265
-0.74734867
11.938435
-24.491941
2.1823037
11.864224
11.118015
3.7653873
14.450003
-5.1635599
16.498438
-11.22771
-1.2273061
0.49830091
21.94095
3.7077818
-14.462242
5.6423163
-14.274823
11.780821
25.852247
-26.140814
-8.4355087
7.7546015
1.9001456
5.7967706
-4.3136506
-10.75944
0.13346018
-23.95145
6.6945372
10.429015
-8.0621986
-5.8907137
0.45483512
25.474556
-21.695799
34.898487
-24.589109
-12.922444
8.8115501
14.522636
9.8530073
-20.973537
-21.510588
-0.046514176
-1.867062
-11.921467
28.644785
-34.241638
23.097282
-0.33417773
14.017734
-6.6786351
9.6224232
-1.5481268
-6.7461677
2.4518423
11.44042
-9.4514799
1.6890885
-11.98486
0.85018694
1.0610236
-10.130197
-10.544936
-8.8105621
-3.466074
-5.1726451
6.7105489
13.392035
13.365067
8.9594316
-3.7199347
1.9502996
1.3422253
4.0978055
3.4604814
-8.9371214
0.47964951
-7.8631778
-4.7768531
-16.371353
2.1727445
3.1636713
3.3291495
3.8984125
6.7153673
8.2339315
2.9383154
-15.840792
1.8633783
6.4611082
12.846988
1.6216674
0.45015919
5.5130901
-8.3557425
-5.6445527
-11.901146
-2.1622205
-3.993469
6.2450476
-9.2719336
2.4134536
6.7771945
-7.2982855
-9.7017536
-3.484189
4.1966748
3.2117956
-3.0780585
9.1365108
0.57232594
-0.069998533
10.171896
6.5843949
-10.602929
2.2037888
-6.8481016
-2.118927
7.7145395
6.9462481
-7.2587757
3.3569386
4.794919
8.43571
6.4558597
5.8980365
3.6023605
6.6601095
3.7225759
-11.870771
13.580743
-13.643896
-5.5816431
-7.3105345
13.191464
-8.3679457
3.9599535
1.2660942
2.2422118
-4.0786266
-12.088432
0.11399901
-9.0300674
-2.3625288
0.29571134
-14.656672
5.3512616
-10.534659
5.5444927
-5.2576079
7.9334865
13.538493
-2.2866943
3.7755136
0.32190824
-6.483005
5.3690896
1.9637125
7.565413
-1.5079546
-0.66857934
4.5649753
-7.8188834
-0.99338436
-5.6324654
-2.313566
-4.391571
3.0385485
8.7279005
11.676066
-9.9374857
-4.9604301
-6.0463133
-5.6434169
4.6370888
-11.949385
3.3675582
5.4991331
9.4731598
-11.870478
0.87198937
8.7799454
-4.1880956
-11.615592
12.05876
-2.0062871
12.532991
-2.9592309
-1.0063331
13.492627
15.082877
11.5513
3.9180708
7.7276769
-6.9418135
-16.057064
-16.703148
-7.8473706
5.5924716
-4.2372832
-0.76429117
-5.7752485
-2.9157295
9.4403019
0.10570127
11.214637
6.4457145
20.961473
-3.2414544
-4.8071241
-2.3422773
-2.4514666
-10.088594
-9.707015
-0.98733521
19.275105
-3.0884094
-7.9914813
-15.13633
-2.8722785
0.64882314
-5.3694615
11.223861
4.711925
15.141994
-0.49918365
3.3586471
-8.0445833
8.4793663
-5.859345
-8.8631725
7.9723897
12.237238
6.8776412
-3.6278675
-4.4475608
3.6183183
-11.472559
-1.3048995
-0.46539146
-12.344296
-9.3211403
12.4204
-2.0401795
7.7380042
0.0038436949
-9.7674952
-8.9227171
9.461606
-3.764715
-5.3556452
-9.7616987
-6.34518
-8.1297569
-4.2907624
-9.751771
-2.2836397
13.664171
-17.301626
15.169785
5.8300529
8.6169157
-16.083124
9.9285355
-4.3373137
-2.1126156
-3.2828636
3.1796563
13.294267
1.3976848
10.471365
3.0365286
-0.75279045
16.78326
-5.0143557
13.895553
-7.4428024
4.7641425
-9.5084982
-15.322029
4.0145302
-4.0916643
1.4634253
6.8792129
-8.0667562
-0.7736342
-7.6379695
1.4314775
-0.95196861
-4.7693963
7.1391215
3.9280565
8.0694761
2.6257627
5.8065109
-2.9994221
-8.9501228
-12.271245
13.453749
7.3219399
8.8175297
4.7565875
-2.6107266
13.372478
-5.000773
-7.3919435
8.0291243
7.598227
-3.2844388
-8.6543465
-0.053290486
29.879745
-3.6280751
8.7895222
-38.927624
-16.849718
-10.577765
-16.472942
2.0088508
-16.812559
1.5562917
7.8688755
13.462685
29.392658
13.156956
34.266724
5.1249514
-17.401909
-3.1668258
-8.4909611
20.827158
-32.676487
7.2935133
4.4670959
7.6796489
-10.003948
-14.040817
0.07030692
12.518331
19.573263
2.1160595
14.785235
21.071669
-24.079401
-11.787335
9.2659807
13.837008
2.6968272
11.71629
19.03977
0.83647037
-24.198643
-12.320021
-21.614326
-21.037191
1.8252178
-29.130444
-18.262394
7.5258236
-4.368566
-11.343488
14.179653
16.693947
-1.4313577
-12.127524
4.1886015
-5.9852462
7.0492315
18.721567
-2.8800304
-8.3862238
5.2601905
-5.078764
-18.930685
-0.61347383
5.1654696
-8.2251616
21.728254
11.29839
8.8261337
25.837833
0.42631802
3.5127745
-2.5948045
22.877413
-13.391867
3.9207873
-21.971622
-8.1603136
-18.548334
17.052887
-20.473036
13.048794
2.2812676
1.7757623
-21.646597
-14.670393
10.836925
-13.687683
9.0565538
-8.7445183
-34.025997
25.536762
-3.3979421
-0.89611036
-6.551363
3.4204504
16.431005
7.2844872
3.0904589
19.060101
-11.421056
-3.7531054
8.4049044
12.026121
-2.0629566
-20.462894
21.781446
-34.699673
18.50831
4.3795161
-9.556139
-15.569458
-4.2996545
24.636559
27.913834
-9.3123827
-3.3698864
3.7867858
-27.391733
31.105
-29.509468
3.4133844
-5.8172565
-1.5268247
-9.0577049
1.825042
9.0120716
-2.0707898
-22.486794
6.7054644
-6.6015429
28.880035
9.169673
7.0281973
15.994139
4.7887392
15.390235
-0.042757884
-1.9257535
-10.627001
-24.683933
-14.479417
-23.707518
-0.95496798
9.3770981
2.4106786
3.4027958
-14.288696
24.129679
-4.4898014
1.6604755
-2.8303614
13.94257
8.0982265
-2.333483
-8.0760794
-12.576109
-5.9185534
-12.674434
-13.088342
22.299175
6.4911299
-8.9147644
-13.778866
-3.1290958
-6.8623447
-13.656157
3.6251616
16.402773
13.580879
12.558733
14.43894
-4.2838421
20.607168
8.7389059
-8.4360275
5.0281525
11.849188
-5.8905315
-11.639636
-0.74593949
9.363369
-6.6532106
3.118751
-5.1486816
-16.587048
-1.8468715
9.3467674
-3.7129045
5.5559702
11.065657
-3.1317966
-6.4676471
8.9129896
-15.744189
-8.9749403
-8.8266268
-18.388041
-3.4328465
-3.8139138
-2.177346
-14.773076
12.857426
-8.6350079
18.779688
6.8275366
14.978406
-16.524574
16.832016
-9.7177877
-2.4987473
-2.582726
14.423637
13.337227
-6.0943675
12.074412
-4.9172211
5.5056567
27.653547
-17.850933
7.3336134
-2.3068464
4.9606199
-5.1648388
-15.270038
-2.5987642
-3.1832263
-11.16999
9.4244184
-1.0294414
-4.8464804
-9.611454
1.5084983
12.449074
-15.524653
24.205137
-9.6005783
0.30563113
7.0027652
12.478515
2.3785543
-18.435936
-21.651901
11.417892
5.428813
1.2549875
18.820036
-20.041105
23.400768
-4.442945
1.0440999
8.867239
-16.329929
1.90995
12.952136
-4.9108496
-22.485083
15.350024
-4.9370871
26.118536
1.3728305
1.9749047
20.696821
17.213728
18.475395
4.1132627
6.8609762
-12.241767
-27.479214
-23.626041
-19.254469
5.0856676
0.17662054
-0.0017397366
-4.3090491
-9.623003
20.700853
-2.0315754
12.019331
5.2844963
27.620264
0.32511643
-5.8060193
-6.3821406
-8.5702229
-12.649636
-15.65367
-7.3905644
29.779964
-0.17861339
-12.193999
-21.854298
-4.0542121
-2.5669374
-11.892082
13.009783
12.588207
21.50057
5.7304325
10.200424
-10.201286
18.546305
-1.5398166
-12.802572
10.735123
17.760395
3.9366279
-9.2479677
-4.7939763
7.9122014
-14.718782
0.16043538
-2.5663738
-20.145149
-10.203955
17.143457
-3.8663282
10.685035
5.4106731
-11.50404
-11.901141
13.569035
-10.892729
-9.5580139
-14.117146
-14.93153
-9.7083426
-6.1993909
-10.66461
-9.3641376
19.990694
-21.560062
24.369495
9.3504391
15.524263
-23.867867
17.746336
-8.8320208
-3.1171317
-4.3885322
9.9855938
20.036032
-1.6593754
16.270266
0.98993337
1.7073094
29.789904
-13.384303
17.403799
-8.5871916
7.5861502
-12.189495
-22.919765
2.8336985
-5.8144612
-3.8150327
11.530543
-8.5396805
-3.3632946
-12.542731
2.2354496
4.8865943
-11.876932
18.595066
-0.7591176
8.2033148
5.7512364
11.361484
-2.265027
-17.827784
-22.720041
18.608587
9.5980806
9.3661594
13.711055
-12.228771
24.393864
-6.867878
-7.0459228
-7.5892839
4.2884703
-0.33112127
-2.1772738
2.33377
-1.4803576
-5.8434429
-1.3998134
3.9261258
6.120389
4.7508178
-2.2168925
-8.451375
-1.2259171
-3.3918531
-6.6610298
0.081222504
0.58187038
5.3440289
-4.5788608
-4.9692016
7.3557048
2.0175936
6.0671306
-4.5230427
4.1828384
-2.3219721
-7.3662663
-6.208477
-9.0938473
6.550766
2.1603534
-1.9497035
-3.0701807
3.9536774
1.4444592
-4.652369
-3.796407
5.2723551
1.6767704
5.4438558
0.47131035
-3.2739263
-2.2858803
-6.3846374
4.0110159
-4.7573948
5.1991162
4.3096805
3.8585217
2.8991125
7.8734736
2.3487258
-4.0296535
-3.5321431
-7.0423179
-2.5023363
2.7745969
1.9515902
5.9584637
2.5470343
-2.4777663
1.0652425
5.975678
-5.1835728
-0.16937539
-3.1538241
4.4936967
5.6096358
4.1235833
-2.9468594
-4.9313011
0.20704487
3.7178419
-3.1527052
4.3003068
1.5517884
5.7753787
-4.752368
-4.7677011
9.1738892
-2.7429519
-1.1205753
0.57538307
4.7599325
0.63714439
-1.4749261
0.44820023
1.3548496
3.9172366
-4.1943803
-3.5727098
-2.3079526
-4.9681172
3.2257402
0.46134681
-4.423986
-6.8552279
4.4550433
-1.5486091
4.8108888
4.6632504
-3.7979696
1.757139
-6.1358557
-1.1049228
4.8049083
-1.7030756
1.8294948
-0.66435933
6.3760757
-3.5602362
5.794486
-6.837779
-5.7443638
0.88089013
2.2125654
3.6431751
-1.9496047
-0.74680471
-4.4963999
-3.065002
-5.8785868
4.8680973
-6.7904134
0.67527568
1.8278553
6.4547982
5.4307332
6.2542648
-3.0213408
-6.9529743
0.010702997
23.782505
-3.5462315
6.9671955
-31.194941
-12.943856
-8.2621021
-13.601885
0.32167369
-13.764625
1.1392311
5.993125
10.707628
23.608839
11.010883
26.872961
3.5747228
-13.004785
-2.8533144
-6.0241966
16.105215
-25.88892
5.914372
3.3152926
5.1468959
-9.0387173
-10.71573
0.15290655
10.171148
15.057718
2.1687281
12.549085
16.059917
-19.834724
-8.6831827
7.157239
11.356704
2.8303967
8.9305573
14.967137
-0.16464381
-19.319103
-10.682627
-16.272322
-16.410013
1.2177944
-22.81669
-13.50359
5.8205953
-3.9758725
-9.8152208
10.32091
12.950513
-0.4266564
-9.6286154
3.5941777
-4.5520415
5.8583183
14.657307
-2.0891874
-6.9917054
4.7548866
-4.2210011
-15.22977
-0.093492612
4.578155
-6.55233
16.878693
8.8979864
7.1447072
20.244249
0.96039164
2.2863805
-0.99960691
17.813782
-11.030637
3.9637277
-17.912943
-6.4676189
-15.105523
14.084022
-16.03014
10.923788
1.8876933
1.4706925
-17.371696
-12.005465
7.4723067
-11.552336
7.2145882
-6.8516989
-27.124779
19.77902
-3.1231487
-0.26400268
-5.0399408
3.3063233
13.344821
6.1843877
2.0096676
14.458155
-9.2102509
-2.9751022
6.6387086
9.4855509
-1.5761542
-15.6862
17.331694
-27.037445
14.197768
2.511724
-7.6350522
-12.720241
-2.790926
19.306242
22.267775
-8.0023069
-3.2171714
2.5525258
-20.902782
23.827625
-23.360081
2.7495041
-4.459878
