0.040264
0.032159
-0.021618
0.078329
0.075250
-0.078808
-0.082684
-0.025989
-0.058469
-0.061344
0.063387
0.001293
-0.066170
0.030486
0.073537
-0.040931
0.077004
-0.024946
-0.007204
0.015274
0.061326
0.044345
-0.027831
-0.082648
0.010414
0.007755
-0.081271
-0.073974
0.066698
-0.033607
-0.046167
0.077929
0.023908
0.062849
-0.016840
0.046714
0.078550
-0.012063
0.048260
0.088294
0.042978
0.051389
0.062979
0.028830
-0.076019
-0.062586
0.083473
0.068499
-0.034406
0.048740
0.022433
-0.024756
-0.070028
0.009710
-0.040368
0.003211
-0.033820
0.007162
-0.082324
-0.019024
-0.098644
-0.051972
0.036057
-0.035039
-0.037118
0.087237
0.000303
0.046589
0.070452
-0.085803
0.009907
-0.035564
0.080477
-0.025588
0.054564
0.057823
-0.053546
0.072102
0.077511
0.072503
0.057838
0.035189
-0.065180
0.040338
-0.062751
-0.040219
0.037280
-0.062511
-0.065401
-0.048029
-0.055004
-0.004272
0.045784
0.076983
-0.031472
-0.066226
0.072104
0.036027
0.073771
-0.064971
0.085801
0.091680
-0.059114
-0.094172
-0.033494
-0.055094
-0.067506
0.037469
-0.032603
0.063618
-0.022043
-0.075877
-0.056814
0.013893
-0.014115
-0.040969
0.071979
-0.001459
0.001119
0.050745
-0.051186
0.076956
-0.080906
0.073931
-0.020053
-0.069661
-0.045504
-0.016787
0.080814
-0.073145
-0.027432
0.030003
0.076362
-0.071619
-0.029322
0.046743
0.032110
-0.087821
0.046787
0.038341
-0.021510
-0.077428
-0.007288
0.048652
-0.066380
0.012704
0.085772
0.057570
-0.002680
-0.085605
-0.023471
0.040612
0.062868
0.000832
0.035994
0.020173
-0.021207
0.076471
-0.096932
-0.008114
-0.017095
0.006713
0.053493
-0.055248
0.013190
0.053146
0.016899
-0.065427
0.065552
-0.024090
-0.033703
0.028060
-0.016206
0.047136
0.086455
0.013367
0.039755
-0.019552
-0.085102
-0.051170
0.047659
-0.091710
-0.046726
-0.039838
-0.086463
0.043739
-0.046586
0.066644
0.047896
-0.054107
0.063172
0.003913
-0.074365
-0.057692
-0.053657
0.004711
0.034386
0.012344
-0.056164
0.083781
-0.059236
-0.017606
-0.031684
-0.034573
0.025730
0.081968
-0.014918
0.073524
-0.031602
0.047918
-0.086015
0.077340
-0.029315
0.079446
0.049050
0.000696
0.072391
-0.086074
0.030365
0.054746
0.067340
0.040989
0.032616
-0.013345
-0.072904
-0.087752
0.037458
-0.032445
0.041375
-0.044669
0.002648
-0.003467
-0.032906
-0.050519
-0.068537
-0.005770
-0.020465
-0.047701
-0.068326
-0.074886
-0.039996
-0.028119
-0.027644
0.011224
0.070304
0.012473
0.052313
0.073679
0.014344
0.052636
0.053105
0.000891
0.067431
-0.060187
-0.020181
-0.068414
-0.072126
0.015887
-0.058732
-0.058176
0.015569
0.027640
-0.044154
0.020865
-0.002566
-0.093255
0.027635
0.029665
0.007819
-0.007240
0.065973
-0.046396
-0.084311
0.040709
0.117180
0.093613
-0.079422
0.051202
-0.036298
0.077752
-0.010175
-0.020697
0.002686
0.085294
0.058272
-0.033972
0.016181
0.011805
-0.006529
-0.115176
0.053848
0.075616
-0.019932
-0.026137
0.114463
-0.072562
0.037274
0.051680
0.080828
0.007353
0.087849
-0.137664
0.074156
0.104598
0.082023
-0.042434
0.132252
0.062714
0.106357
-0.101029
0.032136
0.008633
0.039382
0.099225
0.074188
0.049146
0.083438
0.036042
0.102485
-0.103611
0.117273
-0.033702
0.032455
-0.051801
0.039315
0.075365
0.113107
0.049374
-0.013159
0.066511
-0.016073
-0.110787
-0.020138
0.136761
-0.077554
0.052698
-0.012760
-0.035064
-0.020639
0.070297
-0.048559
-0.038376
0.069041
0.011120
-0.101379
-0.053364
0.065612
-0.031812
0.102070
0.066378
0.055357
-0.029136
0.020050
-0.029626
0.034714
-0.089378
0.079874
0.090041
-0.077423
-0.059437
-0.091937
0.068412
0.021763
-0.001659
-0.058925
0.050857
-0.086262
0.035524
0.099643
0.058997
0.075559
0.040099
0.018901
0.121008
0.031880
-0.067656
0.075799
0.049558
0.000274
0.146489
0.049575
0.006513
0.025904
0.018041
-0.016519
-0.018135
-0.010875
-0.077259
0.073674
-0.005804
-0.083183
0.060371
0.035589
-0.012555
0.043411
-0.021030
-0.017311
-0.004260
0.013513
-0.042646
-0.025810
0.010527
0.049390
-0.014444
-0.025528
-0.049859
-0.072883
0.083610
-0.047885
-0.065008
-0.032108
-0.055026
0.017556
-0.005769
0.085757
-0.028588
0.009680
0.006757
-0.021599
0.088736
-0.076603
0.069407
0.080258
0.027029
-0.049834
0.018649
0.002933
-0.030161
-0.033213
-0.036139
0.072333
0.005664
0.032578
-0.024347
0.030360
0.062000
-0.036596
0.045504
-0.079270
0.035536
-0.050719
-0.032213
-0.023184
0.049484
-0.064511
0.029063
-0.004803
-0.005245
0.038760
-0.021719
-0.038973
0.030268
-0.061982
0.051047
0.067932
0.058453
-0.081426
-0.055053
0.067583
0.047002
-0.069447
-0.050287
-0.061893
-0.066830
-0.064697
0.038034
-0.064695
-0.075873
-0.049166
0.022571
0.025137
0.044793
0.059837
0.077834
0.050478
-0.059222
0.081917
0.067239
0.041280
-0.031585
0.041171
-0.071815
-0.038550
-0.003601
0.078858
0.012432
0.051154
-0.000473
0.023950
0.006193
0.023342
-0.046682
0.055724
-0.010547
-0.080466
0.017435
-0.037207
0.006440
0.013151
0.044061
-0.007357
0.053571
-0.089702
0.053356
-0.052921
-0.014415
0.017611
-0.028959
-0.028711
-0.047843
0.046894
0.075789
0.064710
0.086182
-0.062137
0.055276
-0.039276
-0.006450
0.008749
-0.093628
0.091675
-0.042447
0.057163
0.067491
-0.086576
0.057596
0.080175
-0.067115
0.061336
0.088718
0.066351
-0.026656
0.063060
-0.005537
-0.046148
0.022541
-0.002722
0.057234
0.082279
0.086741
0.067607
0.107325
0.092199
0.046096
-0.046277
-0.066918
0.079362
-0.040475
-0.053591
0.043944
0.053482
0.061551
-0.102196
-0.005042
-0.026545
0.058122
0.006536
0.020250
0.071279
-0.015452
-0.017497
-0.066253
0.052998
0.019410
-0.049961
-0.040092
-0.098003
-0.106176
-0.030368
0.020473
0.024873
-0.058509
0.080084
-0.082705
-0.032873
0.024500
0.074156
0.083012
-0.081503
0.049857
-0.045282
0.077322
0.014742
-0.027167
-0.075356
0.059842
-0.002124
-0.027958
-0.011513
-0.003807
0.100620
0.029921
-0.036945
0.087649
0.028720
-0.063456
0.076281
-0.045398
0.007555
0.017577
-0.010757
0.020360
0.063906
0.003745
0.083512
-0.028001
-0.055544
0.013992
0.005770
-0.067738
0.006574
0.029865
0.030406
-0.054501
0.041955
-0.038656
-0.085016
-0.040839
0.042275
0.103652
-0.076025
0.038992
-0.016256
0.038041
0.067518
-0.011813
0.057744
-0.023801
0.095662
-0.049585
0.052834
0.094280
-0.062647
-0.041772
0.022547
-0.023806
-0.049333
0.075998
0.064640
0.075936
-0.038740
-0.051476
0.024943
-0.054994
0.032896
-0.027450
-0.037094
0.006186
0.068655
-0.000526
-0.085501
0.037625
-0.051366
0.007220
0.016322
-0.047903
0.082250
-0.087761
0.027599
0.055977
0.054094
-0.050797
0.051502
-0.038456
0.043077
0.041480
-0.075812
0.068017
-0.058136
0.069851
0.028043
-0.061617
-0.027848
-0.002599
-0.000142
-0.025292
-0.032887
-0.056547
-0.013101
-0.103889
0.002473
-0.074355
-0.035617
0.042894
-0.035235
-0.031695
0.059500
-0.030904
-0.046860
-0.051961
0.025525
-0.030654
0.032702
-0.040071
0.035494
0.029872
0.053896
0.013100
0.033882
0.069128
-0.064561
-0.051971
0.054685
0.076697
0.037216
0.014564
-0.024261
-0.035358
-0.009056
-0.077250
-0.072548
0.064847
-0.001329
0.003302
-0.045598
-0.058671
-0.067528
0.038261
0.054339
-0.021353
0.078283
0.026376
-0.045785
-0.004449
0.008750
0.074318
-0.004462
0.025056
-0.013989
0.007682
0.010020
0.073630
-0.093982
0.043839
-0.009965
-0.047868
-0.077732
-0.062917
0.048777
0.064392
-0.069523
-0.014602
-0.026679
-0.022692
-0.042435
-0.019582
0.006383
0.029568
-0.033473
-0.073441
-0.062677
-0.043259
0.057747
-0.051396
0.000349
-0.019546
-0.086136
-0.071230
-0.051092
0.063832
-0.090673
-0.087599
0.065813
0.003870
-0.007570
-0.013007
-0.047393
0.011909
-0.080509
0.006916
0.082272
0.004392
0.052364
0.015707
0.059080
0.086126
0.074181
-0.050132
0.057873
0.072825
-0.005080
0.011743
0.039362
0.055371
-0.004964
0.028286
-0.037826
0.024162
0.016793
0.077169
0.034445
0.049206
-0.039233
0.030729
0.013169
-0.087402
-0.065814
-0.012849
0.070562
0.052060
0.080424
0.014648
-0.007986
0.004261
0.018400
-0.040116
-0.019349
-0.004346
-0.079445
0.047094
0.031878
0.020157
0.027958
-0.078166
0.037661
-0.012673
-0.030458
0.058316
-0.043770
0.039551
0.081945
-0.057449
-0.059365
-0.012933
-0.028738
0.007854
-0.067639
-0.013327
-0.070266
0.023070
-0.009492
0.010599
-0.013555
0.082790
-0.027422
0.084508
0.035165
0.044129
0.023606
-0.068787
0.045897
-0.062581
0.069076
-0.091531
0.029534
-0.026300
0.058928
-0.038220
0.052593
0.075365
0.032644
0.084133
-0.018853
-0.042003
-0.016164
0.033595
0.035002
0.025281
0.028341
-0.029313
-0.064944
-0.059796
0.081125
-0.031704
0.063773
-0.036115
0.059577
0.039356
0.072596
0.035765
0.023880
-0.100807
0.030265
-0.008346
-0.029436
-0.015632
-0.072587
-0.002932
-0.082160
0.005375
-0.050205
-0.007020
-0.029058
0.036823
0.045940
-0.055939
0.071753
0.015482
-0.083352
0.098460
0.061551
-0.070784
-0.041642
-0.060716
0.006036
-0.071254
0.058056
0.074319
-0.023017
-0.006792
-0.033138
-0.057644
-0.104991
-0.033660
0.086783
0.029542
0.000595
0.058337
0.050442
0.047858
-0.007544
-0.018473
-0.037996
0.050344
0.035162
0.063441
-0.038634
-0.050358
0.067665
-0.021668
-0.017367
-0.038392
-0.012512
-0.093091
0.013832
0.001600
0.080980
-0.065833
0.037460
-0.023383
-0.013647
0.005534
0.000563
-0.069279
-0.009588
-0.030913
-0.041724
0.071144
0.035261
0.043587
0.083397
-0.004504
-0.051916
0.036793
0.063072
-0.057803
0.051216
-0.041630
0.038809
0.039406
-0.027431
0.035554
-0.048949
0.014244
0.063832
-0.030823
-0.028320
0.057407
-0.044023
-0.023995
0.066365
-0.056950
0.029708
-0.030389
0.048006
-0.050816
0.005390
-0.078896
-0.045965
-0.055496
-0.025832
0.030963
0.034781
0.016730
-0.020109
0.046909
0.002246
0.069830
0.002090
-0.054265
0.088346
0.013327
-0.010004
0.032992
-0.025768
0.035978
-0.083593
0.016066
-0.037840
0.045428
-0.055305
0.042019
0.012693
0.052313
0.033832
-0.059887
-0.086498
-0.082038
-0.025173
-0.010658
0.041312
-0.026876
0.048639
-0.059721
0.020041
0.024432
0.021897
-0.044912
0.003056
-0.072840
0.066811
0.003806
-0.062421
0.029840
0.009331
-0.061034
0.035737
-0.104399
-0.045590
0.017754
0.014476
0.059123
-0.095521
-0.004737
-0.007373
0.011190
0.081317
-0.007077
-0.019767
-0.061620
0.053515
-0.076965
0.050022
-0.077353
0.031634
0.072931
0.036376
0.058755
-0.086560
0.001950
-0.087274
0.014954
0.084028
0.017507
-0.015080
0.053304
0.006758
-0.029057
-0.028911
-0.068729
0.016260
-0.064516
-0.016582
-0.058383
0.062048
0.049295
-0.014143
-0.023591
0.078071
-0.039844
0.088538
-0.033904
-0.069466
0.040344
-0.071899
0.036983
0.033832
-0.075812
0.027949
-0.011488
0.002274
-0.028882
-0.045323
-0.055193
-0.073257
0.035323
0.033857
-0.056591
-0.020686
0.073386
-0.040021
0.025005
-0.054078
-0.006469
-0.031261
0.036913
0.061849
-0.046830
-0.019374
0.050565
-0.052712
0.038711
0.060089
-0.042974
-0.009527
0.100124
0.025858
0.075325
-0.048213
-0.011236
-0.026171
-0.038465
-0.049990
-0.043391
-0.014486
0.041523
-0.094057
0.076657
0.085877
0.073126
0.006467
-0.018544
-0.059353
0.044140
0.031952
0.069605
-0.051998
0.000618
0.055717
0.072486
0.030460
-0.012615
-0.077986
-0.014533
-0.047550
0.049579
0.085397
0.083047
-0.023156
0.047219
0.071217
-0.001506
0.021441
-0.013581
-0.013590
0.044779
0.056701
-0.041299
-0.022615
0.054337
-0.015776
-0.008420
-0.012770
-0.074900
-0.008349
0.028095
-0.041200
-0.058140
0.078549
-0.075236
0.004054
0.013461
0.059091
-0.069578
-0.014654
0.023934
-0.018045
-0.089214
-0.059363
-0.052788
-0.083623
-0.010245
0.072878
0.032875
-0.055922
0.035687
0.027631
0.039861
0.036363
-0.078862
0.029969
-0.050395
-0.076389
0.080164
0.002382
-0.074756
-0.001289
0.042121
0.046057
-0.010070
0.022061
0.043636
0.014652
0.079781
-0.020425
0.020278
-0.077892
-0.040683
0.050060
-0.094851
-0.043207
-0.070620
-0.014399
-0.071934
-0.059931
0.000777
0.036558
0.008146
0.006608
-0.001246
0.027781
0.027508
-0.085420
-0.036347
0.022851
0.041004
0.056532
0.066042
0.066780
0.019214
-0.069702
-0.062605
-0.031032
0.023062
-0.053063
-0.082345
-0.062332
0.079764
0.082075
0.007046
-0.018345
-0.093246
0.077137
0.040303
-0.080909
0.078785
-0.004491
0.086079
0.008129
0.041838
-0.035565
-0.063636
-0.071832
-0.036676
0.050762
-0.003061
0.071675
-0.063622
0.020877
-0.052309
-0.072612
-0.081163
-0.060694
0.066267
-0.073999
0.013244
-0.091690
-0.060783
0.046958
0.034998
-0.080150
0.079748
-0.033062
0.011269
0.016660
-0.011933
0.081353
0.039521
-0.072787
-0.073579
0.050655
0.042025
-0.040192
-0.038090
-0.017392
0.056549
0.080220
-0.038474
-0.093315
0.072060
-0.067633
-0.016627
-0.035136
-0.058656
-0.050282
0.023341
0.076446
0.049024
0.020000
0.077988
-0.082294
-0.009980
-0.072479
-0.043100
0.023438
0.045467
0.073971
0.045360
0.076038
0.079200
-0.060074
0.056471
-0.081817
0.023168
-0.030498
0.015576
0.069266
0.000902
-0.052693
0.032534
0.059909
0.031134
0.034980
0.018230
-0.058036
-0.062637
0.080677
0.061671
0.085901
-0.062107
-0.071580
-0.040636
-0.049540
-0.081447
0.014801
-0.015359
0.041190
-0.057055
0.053939
-0.033333
-0.012309
-0.014654
0.006929
-0.002734
-0.100771
0.008894
-0.050399
-0.046309
-0.070111
0.071641
0.084677
0.003517
-0.019585
0.017145
-0.068366
0.027078
0.050815
-0.044479
-0.039598
-0.005608
-0.056541
0.057210
0.049188
-0.043884
0.049051
-0.044742
-0.064113
0.073812
0.066122
-0.080681
0.008761
-0.007667
0.072341
0.007078
0.034147
-0.052312
0.035812
-0.038798
-0.025080
0.004563
-0.065976
-0.064526
-0.014394
0.027752
0.085183
0.100217
-0.027030
-0.014141
0.010121
-0.070757
-0.075841
0.039116
0.091117
-0.021267
-0.048448
0.027600
0.044466
0.005865
0.013789
-0.061538
0.035874
0.096840
0.014173
-0.079281
0.053730
0.050873
-0.037128
0.021206
0.049772
0.074845
-0.020900
-0.007009
-0.072018
-0.064978
0.071292
-0.073781
-0.017245
0.009175
0.044269
0.075300
0.071383
0.069195
-0.012151
0.085049
-0.059064
-0.079476
-0.014257
-0.004252
-0.030049
-0.034705
0.001347
0.059029
0.053532
0.080616
0.072403
0.085464
-0.010100
0.021604
0.003887
-0.038985
-0.066271
-0.050408
0.076703
-0.038156
-0.002745
0.063135
-0.019208
-0.001441
0.022050
0.078725
0.004557
-0.067840
-0.019645
-0.041699
0.008692
0.059865
0.084609
-0.039936
-0.008285
0.001205
-0.014390
-0.002654
0.029402
0.021884
-0.008828
-0.021880
-0.017626
-0.016743
-0.003850
-0.022779
0.077738
-0.035059
-0.081713
0.008537
0.080998
0.049450
0.001690
0.006686
-0.019258
-0.007253
-0.064347
-0.081074
-0.070688
0.008743
-0.005822
0.008600
0.058849
-0.060683
0.021615
0.014191
-0.043110
-0.063199
0.025259
0.026263
0.002015
0.061683
-0.045189
0.041712
0.084034
-0.034856
0.026494
0.025625
-0.012254
0.068874
-0.060709
0.073383
0.032443
0.077129
-0.071909
0.075906
0.042401
0.071590
0.012670
0.003129
0.041368
0.077020
-0.080399
0.069327
0.054603
-0.014557
-0.036646
-0.017291
-0.007139
0.027927
0.072515
-0.069503
-0.035428
-0.025771
-0.071278
0.070299
-0.064788
0.035914
0.018353
0.027581
0.031051
-0.013667
0.002590
-0.020169
0.068723
-0.089139
0.005853
0.091952
0.000189
0.076818
-0.044317
-0.047831
0.053465
0.001436
0.068944
-0.058939
-0.070036
-0.058211
0.045720
0.019658
0.038034
-0.055873
-0.090192
0.073858
0.012171
0.042054
-0.015849
-0.066130
-0.038461
-0.057485
-0.072252
-0.015100
-0.079102
0.040709
0.012998
-0.004272
0.074262
-0.082080
-0.014451
-0.024706
-0.062515
0.052607
0.005509
0.102971
0.045145
-0.026003
-0.039361
-0.012817
-0.057019
0.075747
0.053410
-0.098433
0.011361
-0.062855
-0.088621
0.055913
-0.042529
-0.059045
0.049997
0.002779
0.020517
-0.009143
-0.047206
0.074865
-0.068370
-0.041682
0.025872
-0.072164
-0.082240
-0.027556
-0.013774
-0.018880
-0.074201
-0.027621
0.027788
0.084063
0.085155
0.000427
0.027278
-0.006862
0.012651
-0.017067
-0.005199
-0.029029
0.071142
0.020422
-0.062958
-0.004860
-0.036727
0.076808
0.001222
-0.022786
0.007918
0.025474
-0.036916
-0.026627
0.006367
-0.015784
0.056161
0.075513
-0.043485
0.005883
0.053008
0.075348
0.072256
0.078330
-0.069130
0.030834
0.060243
-0.023418
-0.040328
-0.003032
0.066785
-0.083577
0.049530
-0.070249
-0.024765
0.026495
-0.027491
0.082106
0.046324
-0.069529
-0.028770
-0.030931
-0.062296
-0.053538
-0.044387
0.021143
-0.008842
0.002889
0.009285
-0.032597
0.070825
0.057306
0.022538
-0.031505
0.045872
0.058724
-0.034286
0.067289
-0.069270
0.004619
0.049065
-0.057427
0.046589
-0.002961
0.073803
-0.096822
0.026783
0.067338
0.013068
0.007938
0.061187
0.007420
0.023788
0.082908
-0.006348
0.001663
0.031143
0.007523
0.075221
0.030638
-0.077981
-0.056329
-0.066529
-0.053664
-0.059308
-0.033688
-0.082238
-0.044360
0.063695
-0.002452
-0.018102
0.016003
0.006629
-0.050829
-0.082699
-0.015870
0.066881
-0.020345
0.003468
0.044784
-0.003412
0.033296
0.009253
-0.010570
0.021246
-0.015486
0.052850
-0.084222
-0.075143
0.068876
0.061298
0.043160
-0.061483
0.001965
-0.038662
0.076529
-0.085101
0.063883
0.076066
0.030956
-0.070869
0.024732
0.027304
-0.029817
0.022853
-0.037390
-0.075894
-0.040391
-0.038871
0.062274
-0.025986
0.027834
-0.010755
-0.072059
-0.017178
-0.063471
-0.074385
-0.078329
-0.023965
-0.009712
-0.039806
-0.007864
0.039219
0.057798
-0.037750
-0.007571
-0.003337
0.015059
0.041507
0.077681
0.068034
0.001901
0.008901
-0.004641
0.059169
0.030423
0.080699
0.068613
0.015078
0.051006
-0.031721
-0.010276
0.047773
0.007521
-0.039752
0.003550
-0.036757
-0.009793
0.062956
0.047940
0.003767
-0.007495
-0.056104
0.035070
-0.018895
0.084302
-0.011919
-0.044486
0.004278
-0.077104
-0.044077
-0.074022
-0.019059
0.016864
-0.014391
-0.082892
0.080204
-0.041831
-0.047393
0.059486
0.096361
-0.031358
-0.005505
0.043237
0.015452
-0.037555
0.003016
0.010063
0.060586
0.008530
-0.051749
-0.042966
0.030321
0.044273
0.076008
0.083000
0.067932
-0.088491
-0.081686
-0.020040
-0.055971
-0.021207
0.091908
-0.103455
-0.032309
-0.037373
0.000767
-0.093744
0.072438
-0.015978
-0.040201
-0.033331
0.064876
0.016208
-0.068265
-0.064087
0.007384
-0.063804
-0.083645
0.054459
-0.052030
0.054981
-0.046235
0.013863
-0.090892
0.063563
0.011109
-0.021230
-0.096644
-0.086623
-0.085171
-0.028497
-0.102360
0.009709
0.097508
0.016727
-0.035555
0.019950
0.059862
-0.081583
-0.073595
-0.038582
0.000010
-0.078441
0.059619
0.030858
0.081187
0.097295
-0.063099
-0.016395
0.001208
0.005466
0.032325
0.015751
-0.021414
0.010024
0.035935
0.016152
0.058519
0.075635
0.027045
0.029643
-0.056992
0.064861
0.107847
0.049337
0.074698
-0.041919
0.006988
-0.043114
-0.023559
0.059366
-0.017891
0.088456
0.034413
0.055444
0.010488
0.084551
-0.013892
-0.079853
-0.066287
-0.009056
0.074636
-0.016492
-0.029239
0.054991
-0.002994
0.010102
-0.026324
0.004268
-0.035175
0.014477
-0.027194
-0.039618
0.036757
0.006688
0.003861
-0.075803
0.017563
-0.032619
0.085042
-0.058762
0.066533
-0.002079
0.032857
-0.054629
0.078436
-0.092368
-0.056247
0.058543
-0.084486
0.102188
-0.001815
-0.008037
-0.030561
0.056711
0.066820
0.072270
-0.033892
0.017191
0.054364
-0.008653
0.083549
0.056450
0.061784
0.016361
0.071147
-0.082327
0.039486
0.054839
0.022428
-0.076319
0.001924
-0.080693
0.086378
-0.056808
0.025443
0.053591
0.023724
-0.036093
-0.052460
-0.006097
-0.076034
0.026793
0.084644
0.071862
0.054336
-0.056344
0.027984
-0.051853
0.019966
0.090576
-0.069476
-0.038078
0.013466
0.015278
0.050830
-0.089440
0.042244
-0.023101
0.015289
0.009166
0.045994
0.080832
-0.080936
0.072941
-0.076710
0.042552
-0.078669
0.024102
-0.012550
-0.056365
-0.024897
0.049168
-0.030553
-0.050621
-0.011090
0.022506
-0.053483
0.052075
0.062582
-0.076816
-0.064380
-0.066374
0.013531
-0.004982
-0.057081
-0.054561
-0.035185
0.056758
-0.018169
-0.043436
-0.034978
0.010175
-0.006592
-0.002577
-0.068419
0.041227
-0.027545
0.022214
-0.093148
-0.040810
-0.013536
-0.049418
-0.002753
0.082836
-0.003071
-0.090339
0.031833
-0.080950
-0.081450
-0.010063
0.010826
0.008875
0.080983
-0.052341
0.034557
-0.066753
0.076913
0.032821
0.061525
0.066174
-0.032070
0.069860
0.013439
0.044905
0.054662
-0.066735
-0.043554
0.048316
-0.021229
-0.025013
-0.042626
-0.016140
0.013085
-0.004386
-0.083596
0.048114
-0.048678
0.028183
0.058675
0.057655
-0.004928
-0.030788
0.039168
0.070242
-0.091985
0.023476
-0.014604
0.005556
0.046037
-0.032387
-0.058621
0.041377
-0.070375
-0.026435
0.052589
-0.046909
-0.042255
0.056614
0.079313
-0.051855
0.055248
-0.058639
-0.068680
-0.006407
-0.076819
0.045544
0.026649
-0.040698
-0.026221
-0.046129
0.025050
0.054446
-0.048945
0.047652
0.015086
0.052495
-0.058936
-0.080432
0.041204
-0.130115
0.072018
-0.020093
0.045873
-0.081116
0.070016
-0.037937
0.009525
-0.022679
0.060979
0.062082
-0.054415
-0.076035
0.016080
0.024535
0.074833
-0.016109
-0.067784
-0.100032
0.072863
-0.046345
0.063996
0.108415
-0.071652
-0.022835
0.018508
-0.060865
-0.093531
-0.073669
-0.109428
0.048130
-0.075572
-0.012003
-0.035955
-0.094332
0.002963
0.009280
0.030220
-0.070311
0.023377
-0.008037
-0.070669
-0.088012
-0.040680
0.031931
-0.014679
0.081049
0.026680
-0.017026
-0.060376
-0.086042
-0.070026
-0.053820
0.015806
0.031639
0.055674
-0.051961
-0.056910
0.012641
0.026811
-0.030010
0.085695
-0.036163
0.027246
-0.080659
-0.079849
0.022073
0.048434
0.058823
-0.053098
-0.003517
-0.088796
0.083732
-0.025297
0.088629
0.080955
-0.038600
-0.002261
-0.039123
0.007759
-0.064864
-0.038595
-0.060230
-0.046057
-0.087320
-0.066595
0.056846
-0.013463
-0.080640
0.022567
-0.009036
-0.015374
0.012179
-0.018642
-0.037875
-0.067316
-0.003167
0.065989
0.085135
0.052146
0.071146
-0.004951
0.074248
0.058399
-0.058790
0.038217
-0.058644
0.019745
-0.071320
-0.024597
-0.022426
-0.007468
-0.052754
0.007305
-0.031221
0.004620
0.060018
0.027727
0.016528
-0.030001
0.075740
-0.022491
0.008023
-0.022536
0.034843
-0.056642
0.073162
0.087268
-0.064162
0.049317
0.037679
-0.072798
0.027479
-0.082566
-0.073755
-0.069823
-0.059712
0.000020
-0.063609
-0.058556
0.028046
0.082067
-0.015632
0.037712
0.061814
-0.056955
0.051809
0.015713
-0.023557
0.019861
-0.070046
0.046126
0.057772
0.011274
0.050602
-0.025584
-0.084187
0.005204
0.066104
-0.052900
0.079304
-0.026010
-0.056273
0.066669
-0.011392
-0.050815
-0.072752
0.031990
-0.002197
0.063763
-0.013662
-0.025855
0.015012
0.066579
-0.082622
-0.044528
-0.014033
0.028096
0.064490
0.087430
-0.070997
0.057454
-0.057298
0.062091
-0.024146
0.022954
0.072944
-0.061885
-0.068050
0.081704
-0.059958
-0.020957
0.008475
-0.008884
-0.058681
0.022476
0.068564
0.014134
0.068823
-0.052255
-0.025773
0.049556
-0.060179
-0.022703
-0.034161
0.077329
0.001044
-0.066723
0.018298
0.073957
0.047079
0.011139
0.050742
0.061521
0.032602
-0.071154
-0.058193
-0.007599
-0.047273
0.001977
-0.025911
-0.042736
-0.021229
0.065435
0.067038
0.059566
0.071564
0.017134
-0.038622
-0.022694
0.002233
-0.061717
0.002435
0.077756
-0.035947
0.008936
0.008529
0.014747
0.009838
0.002166
-0.025789
0.080472
-0.026281
0.017458
0.038344
-0.046625
-0.015156
-0.056266
0.031452
0.034167
0.077370
0.021641
0.077850
0.083759
0.061180
0.008177
0.079563
0.030715
-0.015363
-0.021367
0.075019
-0.057654
0.040629
-0.075457
-0.025727
0.067706
0.052960
0.051987
-0.010586
0.003168
-0.079116
-0.034321
0.012021
-0.047651
-0.073996
0.018623
0.079450
-0.078775
0.042542
-0.032644
0.082588
0.059497
0.086895
0.066625
-0.030510
-0.089406
0.006300
0.083589
0.009599
0.022206
0.012000
-0.086456
0.068354
-0.086938
-0.009738
-0.080541
-0.039725
-0.020712
-0.091772
0.012581
0.021205
0.055271
0.034277
-0.035243
-0.013725
-0.069392
-0.033839
-0.007029
0.023387
0.012849
-0.011659
-0.058993
-0.033223
0.039622
-0.100291
-0.039382
-0.065663
0.017940
-0.083472
-0.004461
-0.071857
-0.008771
-0.066337
-0.024303
-0.003608
-0.053745
0.058073
0.019642
0.086291
-0.016746
0.008619
-0.047825
-0.044248
-0.014408
0.000679
0.008100
-0.085342
-0.081964
-0.002113
-0.026816
-0.051877
-0.055173
0.030737
-0.055380
0.052750
-0.029261
0.000109
-0.030108
0.015827
-0.026705
-0.082109
-0.009142
0.007940
0.043933
-0.075177
0.004707
0.058364
0.080803
0.004368
0.030771
-0.026547
0.077955
-0.077876
-0.019291
0.077085
-0.021189
0.075113
-0.083716
-0.021494
0.073460
-0.001590
-0.050585
0.050984
0.073706
-0.014425
0.071192
0.028010
-0.083172
0.060544
-0.005640
0.046424
0.081582
-0.070296
0.024636
-0.050306
0.028239
-0.068801
-0.047300
-0.080171
-0.081639
0.086108
-0.029785
-0.070586
-0.022400
0.069051
0.000175
-0.088066
-0.085172
0.001814
0.059470
-0.043026
0.066568
0.032495
0.018569
-0.014804
0.073590
0.006355
-0.041322
-0.012323
-0.006614
-0.008109
-0.092486
-0.085546
-0.012552
0.031476
-0.078332
-0.017215
-0.016795
0.026675
-0.082120
0.015517
0.040007
-0.021109
0.035651
0.024489
-0.049522
-0.052454
-0.075630
-0.047881
-0.068960
0.079383
0.010671
-0.088479
0.031990
-0.013023
-0.034967
-0.054490
0.070275
0.015403
0.058336
0.078365
0.050913
-0.063510
0.058028
0.053710
-0.022498
0.048093
0.074130
-0.012807
-0.007981
0.015493
0.028349
0.004909
0.039660
0.074414
0.034369
-0.045243
-0.001287
0.087148
0.037590
-0.015632
0.022049
-0.051892
-0.009561
0.042581
-0.091754
0.047325
-0.023833
0.062964
-0.012989
0.094877
0.062530
0.003485
-0.037712
-0.053706
0.024458
-0.087846
-0.000167
0.001173
0.058406
-0.060553
0.001739
0.077716
0.084361
-0.038285
-0.005512
0.027250
0.085794
0.005197
-0.037488
0.039795
0.033202
-0.044732
-0.064850
-0.031862
0.055598
0.038855
0.054783
0.002834
0.049321
-0.027259
0.073764
-0.001834
0.049595
0.051681
-0.012176
0.075420
0.033816
-0.028605
0.056914
-0.018649
0.052511
-0.044854
-0.057824
-0.035109
0.093290
-0.086785
-0.018799
-0.051215
0.004064
-0.053518
0.024858
0.031725
0.062762
0.067634
0.087060
-0.060188
0.069127
-0.057288
-0.072127
0.048607
-0.054635
0.075172
0.003530
0.024516
0.014150
0.037251
-0.055691
0.040468
0.058488
-0.087233
0.066533
-0.061404
0.046251
-0.070033
0.060274
0.100986
0.016609
-0.050610
0.030508
-0.069710
0.010151
-0.058833
-0.038492
-0.048426
0.040441
-0.061991
0.020240
-0.007762
0.048813
-0.024312
-0.039816
-0.004105
0.075949
0.050986
-0.001607
-0.021529
-0.002585
-0.053109
0.003628
0.027712
-0.015319
-0.079122
0.080807
0.021992
0.079587
-0.085734
0.017923
-0.082133
0.045428
-0.063606
0.019288
0.077342
-0.028340
0.068715
-0.023985
0.033258
0.002089
0.044074
0.023408
0.023709
-0.003266
-0.083497
0.031090
0.070629
-0.052147
0.009442
-0.067266
0.026606
-0.000870
0.062869
-0.063837
0.071470
-0.037581
-0.016790
0.019809
-0.078739
-0.059064
-0.033767
0.021469
-0.086561
0.019983
-0.082866
0.029289
-0.017499
0.065440
0.017195
-0.022359
0.051919
-0.030122
0.025466
-0.009034
0.045033
0.059577
0.046851
0.032263
-0.036203
-0.066904
0.042131
-0.031223
-0.065360
-0.062483
-0.010949
0.045639
-0.016494
-0.002888
0.044744
0.052409
0.000675
0.086668
-0.020071
0.072515
0.085692
-0.049754
0.054217
-0.084958
0.020582
0.042784
0.016618
-0.006494
0.013768
0.011779
0.062511
0.070820
-0.053955
0.058377
0.002530
0.073053
0.038337
-0.038804
-0.039335
0.089858
0.012636
-0.082371
-0.062775
0.059333
0.030478
0.086112
-0.051188
0.080844
0.034878
-0.068954
0.082727
-0.049793
-0.064682
-0.079771
-0.062641
0.042984
-0.045898
0.075982
0.057584
0.039596
-0.066816
0.069362
-0.023412
0.066594
-0.030575
-0.055453
0.029000
-0.003962
0.032405
0.046993
-0.009578
0.012119
-0.087405
0.089597
0.040544
0.034402
0.039070
0.086765
0.001790
0.027492
0.038701
-0.002942
0.050217
0.074441
0.066685
-0.063882
-0.051442
0.035717
0.075240
-0.058438
-0.022838
-0.071613
-0.017319
-0.014141
-0.029266
0.065589
0.064295
-0.007174
-0.083599
0.057654
-0.004250
-0.019992
0.114200
-0.004430
-0.012745
-0.037893
-0.088184
-0.012782
0.074495
0.101968
-0.073442
-0.030384
0.076660
0.058870
0.017271
0.077838
-0.090997
0.086683
0.030211
-0.045067
-0.060471
0.071095
0.030873
-0.034507
-0.081608
0.046786
-0.012434
0.023573
0.016162
0.060491
0.049972
-0.005176
0.031540
-0.063690
0.008158
0.072191
-0.018454
0.084790
0.015870
-0.007547
-0.034080
0.076407
-0.110944
0.040865
-0.030331
-0.023521
0.053632
-0.046816
0.037310
0.041910
0.094209
0.001883
-0.038638
0.077958
0.049800
0.086505
0.046823
0.055931
-0.078386
0.030462
-0.100527
-0.044383
-0.037505
0.087722
0.090677
0.049649
0.031019
-0.083844
-0.035402
0.032075
-0.089812
-0.000367
-0.018988
-0.046001
0.001457
-0.047134
0.042087
0.119158
-0.008327
0.077194
-0.047355
0.025299
0.037642
0.006297
-0.005063
0.023600
0.094320
-0.002885
-0.060835
-0.070281
0.026690
-0.038193
0.099439
0.063303
-0.071456
0.023484
0.091013
-0.032471
-0.110030
0.029415
-0.043067
-0.018454
0.028053
0.038496
0.078140
0.053420
-0.104092
0.007534
0.003111
-0.053244
0.043058
-0.083264
-0.049472
0.038602
0.002365
-0.099128
0.017357
-0.075030
0.039928
-0.077964
-0.054570
0.051693
-0.030209
0.055327
0.035436
0.016763
0.019182
0.030387
0.000575
0.000841
0.039756
-0.062587
0.008294
0.099518
-0.047803
0.094901
0.068433
-0.038573
-0.009319
-0.088786
-0.000288
-0.028721
-0.024408
0.008189
-0.034450
-0.060130
0.011395
-0.026388
-0.016590
0.055449
0.081247
-0.035762
-0.078841
0.030766
0.017550
0.001958
-0.063075
0.072693
0.045737
0.053290
-0.083897
-0.026868
-0.007603
-0.053906
0.011529
-0.050897
-0.092746
0.021481
-0.004026
-0.068191
0.075503
0.063793
0.060232
-0.057757
0.082405
0.061689
-0.055577
-0.012063
-0.034581
-0.085286
-0.050763
0.033902
-0.003029
0.038963
-0.088597
-0.039839
0.073844
0.061590
0.089781
-0.049405
-0.060675
-0.080138
0.018240
-0.034633
-0.066763
0.087304
-0.029117
-0.066333
0.044245
-0.029948
-0.004231
-0.029665
-0.062965
-0.053379
0.031735
0.089272
-0.020437
-0.067763
-0.032440
0.060592
-0.038328
-0.017822
-0.064900
0.059829
-0.076682
0.042231
0.044542
-0.005962
0.063110
0.039957
-0.026471
-0.065951
0.072950
-0.067057
0.013236
-0.095674
-0.000461
0.022949
-0.075933
0.061301
-0.000647
-0.072735
-0.035547
0.025882
-0.066362
0.003912
-0.036319
0.025380
-0.054030
-0.042207
-0.024091
-0.086881
-0.006648
0.093144
0.061519
0.004681
-0.076513
0.068949
0.098719
0.042561
-0.027930
-0.032246
0.036031
-0.065979
0.092797
0.052638
-0.064257
0.052603
-0.021729
-0.077889
-0.043931
0.060684
0.083267
-0.063465
-0.047471
0.004826
-0.098362
-0.070198
0.059087
-0.014023
0.018205
-0.051896
0.063659
0.067753
-0.092324
0.028468
-0.012197
-0.001722
0.036351
0.013782
0.050834
-0.054596
-0.035305
-0.030219
-0.020820
-0.035005
-0.028767
0.066196
0.001453
0.002166
0.061920
-0.080775
-0.082388
0.031596
-0.064031
-0.037727
0.019587
0.060764
0.058901
-0.068905
0.061750
-0.054997
-0.006679
-0.082378
-0.016848
-0.084398
-0.051419
0.027790
0.040863
-0.019471
0.069583
-0.034598
0.024271
0.073547
0.025907
0.055705
-0.080155
-0.021198
0.044317
0.043806
0.025589
0.035460
0.048903
-0.006473
0.003921
-0.070307
0.048844
0.028629
-0.055384
0.020295
0.026289
0.014310
-0.002775
-0.074056
0.032615
0.054763
-0.063438
-0.063751
0.069056
-0.075411
0.032349
0.047853
-0.084975
-0.061870
-0.042256
0.004228
-0.092416
0.012553
0.056464
0.026244
-0.024450
0.042685
0.036632
0.005610
-0.049398
-0.020145
0.000502
-0.030361
-0.028576
-0.037709
-0.042963
0.034738
-0.053934
-0.009534
0.044778
0.061262
-0.044592
0.013651
0.051608
0.011345
-0.061665
0.022265
-0.029276
0.012213
0.041424
0.011778
-0.006494
0.076268
0.052334
-0.060546
-0.045399
-0.016938
0.071482
-0.061417
-0.027795
0.070788
0.037970
-0.017284
0.036908
-0.072422
0.060017
0.067133
-0.062830
0.063021
0.011418
-0.032066
-0.071607
0.060792
0.038455
0.023392
0.006605
-0.070229
0.084053
-0.079962
0.060743
0.044395
-0.044527
-0.034799
-0.043371
0.048063
-0.052510
0.016051
0.077542
0.046460
0.050957
0.060453
-0.002041
0.002581
0.049459
0.041770
-0.012814
-0.035564
0.067537
-0.008093
-0.070137
0.071910
0.038229
-0.031408
0.011430
0.091490
-0.082501
0.029577
-0.084608
-0.050012
-0.030864
0.067898
0.049422
-0.037778
-0.032980
-0.046033
0.043202
-0.024350
-0.020761
-0.050055
-0.036553
-0.016034
-0.027469
-0.013699
-0.034549
0.020771
0.028873
0.087314
-0.004380
-0.060865
-0.001105
0.040438
-0.010232
-0.044476
0.078872
0.053313
0.009895
0.094352
0.029543
-0.057755
-0.009230
-0.044787
-0.024554
-0.047349
-0.020907
-0.003258
-0.012017
-0.003612
0.052898
0.072499
0.025825
0.012075
-0.041959
-0.080330
0.086210
-0.004411
0.066470
0.063588
-0.060799
0.076735
0.052927
-0.038315
0.050512
0.018315
0.081267
-0.043479
0.086186
0.017294
-0.022542
-0.011081
-0.038803
-0.080524
-0.046609
-0.065895
0.077425
-0.041358
0.049644
-0.058319
0.028235
-0.016635
-0.030206
0.030406
0.040971
-0.056174
-0.033270
-0.033343
0.023802
0.050163
-0.026435
-0.005374
-0.051942
-0.013817
0.012875
0.011796
0.062503
0.053390
-0.045805
-0.029044
-0.068501
-0.012783
0.009821
-0.014314
0.048085
0.073625
-0.071566
0.007227
0.067177
-0.097931
0.043717
0.059713
-0.064609
-0.030448
-0.078574
-0.082765
0.002664
0.023000
-0.030826
-0.063737
0.059718
-0.073264
-0.033380
-0.023203
-0.082544
-0.012172
0.004696
0.053100
0.035663
0.088401
-0.056449
-0.040198
-0.007064
-0.056933
0.076009
0.005281
-0.037025
-0.091877
0.081690
-0.044981
0.054808
0.074787
0.097290
-0.052621
-0.039069
0.049708
0.020476
-0.079647
0.074867
-0.047138
-0.086398
0.062882
-0.039252
0.051467
0.019310
-0.014013
-0.056353
-0.055005
-0.028665
-0.027933
0.083311
0.005645
-0.100413
0.072708
-0.045073
-0.033230
0.025102
0.059153
0.035173
0.045050
0.067252
0.035576
0.016167
0.011954
0.059403
0.099969
-0.003337
0.083582
0.009182
-0.030437
0.003340
0.008381
0.052676
0.001569
-0.055072
-0.047919
-0.016801
-0.056849
0.054641
-0.092024
0.062914
-0.052857
-0.028067
0.083228
-0.058266
-0.009988
-0.065678
0.098172
-0.028845
-0.011241
0.036889
0.006994
0.000906
0.078410
-0.050642
-0.002029
-0.083255
-0.017918
0.046395
-0.044874
0.003522
-0.003528
0.098058
0.064310
0.079980
0.004786
0.039098
0.056427
-0.064938
0.048194
0.028928
0.031790
0.012699
0.098607
-0.090949
-0.091866
-0.076091
-0.037320
0.077907
-0.074649
-0.029516
0.010702
-0.060381
-0.014246
0.067652
-0.061324
-0.024520
-0.061125
-0.083585
-0.043826
-0.061239
-0.030599
-0.099114
-0.034427
-0.099168
0.070333
-0.071528
0.085028
0.081426
-0.084144
0.063240
0.013371
0.023843
0.029873
-0.032231
0.009442
0.069056
0.070468
-0.049963
-0.076574
0.009993
0.034951
0.016086
0.064817
-0.072580
0.071546
-0.084769
-0.025412
-0.038844
0.065113
0.048696
-0.072237
-0.023707
0.085077
-0.075472
-0.068112
0.041317
-0.039571
-0.037616
0.041995
0.019417
-0.042341
-0.003852
-0.042096
-0.063812
0.070832
0.061733
0.060605
0.049556
-0.081548
-0.046064
-0.033949
-0.050220
0.076621
-0.024957
-0.049268
0.004838
-0.090204
-0.061328
-0.020324
0.034515
-0.035194
-0.054935
0.075251
-0.029364
0.042784
0.056436
0.002827
0.055523
-0.010546
-0.079207
0.026974
-0.057163
0.024258
0.031297
0.073080
-0.036089
-0.062569
0.038551
-0.036051
0.088364
-0.069444
-0.063937
-0.061588
0.104017
-0.087798
-0.087262
0.018153
-0.103734
-0.006132
-0.080047
0.000131
-0.036588
0.092697
0.043979
0.068265
-0.068634
0.021678
0.044844
-0.035391
-0.017123
0.018092
0.054965
-0.036429
0.001621
-0.015924
0.053054
0.019910
-0.025816
-0.019237
-0.066101
-0.049413
0.015594
-0.038522
0.067106
0.028127
-0.064059
-0.069593
0.066808
0.047956
0.085973
0.002659
-0.022482
-0.068036
0.032884
0.065557
0.054701
-0.007784
0.073933
-0.096108
-0.028347
0.029540
-0.005035
-0.016859
0.072063
0.079363
0.043133
0.074907
-0.076795
0.076584
0.004574
-0.046409
-0.022673
-0.070015
-0.097121
0.073415
-0.052461
-0.079615
-0.066856
0.060996
-0.033152
0.054363
0.047295
-0.033218
-0.056745
0.016455
-0.081932
0.000176
-0.055130
-0.083577
0.022109
-0.007953
-0.003583
-0.003750
0.061142
-0.051165
-0.080777
-0.062028
0.047325
0.063846
-0.065580
0.070650
0.038769
-0.026128
0.077756
0.068746
0.022067
-0.018172
0.034941
0.074575
-0.024102
0.086306
0.010690
-0.065709
-0.007272
-0.081853
-0.006755
-0.016035
0.014991
-0.031176
0.033526
-0.064253
-0.037143
0.056225
-0.050451
0.055319
-0.065863
0.071133
0.034372
-0.066320
-0.080033
-0.054829
-0.066963
-0.012030
0.066106
0.028376
0.047113
0.062816
0.011071
-0.023832
0.065934
-0.031148
0.039242
-0.076227
0.011468
-0.058030
0.069232
0.032109
-0.042923
0.077479
0.071884
-0.013736
-0.036851
-0.040989
0.029066
-0.066837
0.040728
0.027706
-0.068731
0.042882
0.007651
0.046223
-0.053769
0.045705
0.010452
0.043041
0.055699
-0.077137
0.062812
-0.087635
-0.001454
-0.000754
-0.036230
-0.033172
-0.071197
0.065470
-0.075942
0.006657
-0.072317
0.023122
0.066598
0.073425
0.070444
0.012370
-0.067478
0.054806
-0.061135
0.027884
-0.036235
-0.060739
-0.085645
0.062521
-0.012203
-0.080790
-0.035389
0.038067
-0.068978
-0.056931
-0.011483
-0.022061
-0.032561
-0.030407
0.075793
-0.010426
0.024833
0.052066
0.061879
-0.016882
0.061074
0.004946
-0.000610
0.013615
-0.048009
0.018031
-0.082630
-0.016207
-0.016223
0.034160
-0.082902
0.010329
-0.040598
-0.027923
-0.056021
-0.000796
-0.034633
-0.039946
-0.068490
0.062204
0.054154
-0.012700
-0.026929
-0.023420
-0.014893
-0.036323
0.036874
0.003836
0.067878
0.073935
-0.034146
-0.063966
0.054331
-0.056744
0.035451
-0.016688
0.076313
-0.074068
-0.077425
-0.059819
0.008254
0.042017
0.045466
-0.060222
0.050330
0.016354
0.068848
-0.011585
0.026826
-0.016772
0.039578
0.087721
-0.080366
-0.080531
0.013497
0.013611
0.069580
-0.090351
0.010046
-0.008101
-0.015251
0.002557
-0.066704
0.005494
-0.031368
-0.036740
-0.065911
-0.043595
0.081701
-0.000311
-0.049978
-0.018907
-0.021128
0.038514
-0.015903
0.083773
0.015000
0.065004
0.085219
0.023035
-0.011138
-0.082929
-0.093027
-0.086378
-0.028432
0.049240
0.026236
0.046872
-0.061677
0.064432
-0.085915
0.056485
0.016780
-0.015171
-0.034113
0.076003
0.044572
0.057325
0.034559
-0.007755
0.030508
0.077111
-0.029396
0.049835
0.024801
-0.011788
-0.071228
0.019359
0.003331
-0.030114
0.014112
-0.055704
0.082522
-0.054952
0.034659
-0.039383
-0.070438
-0.021972
0.038376
-0.067651
0.066621
0.023697
-0.055367
0.063736
0.045779
0.039360
-0.005814
-0.025085
0.003112
0.085793
-0.005612
-0.042590
-0.044741
0.001047
0.014181
-0.018839
0.034172
0.052956
0.007856
-0.002110
0.032166
0.080566
0.027994
-0.030395
0.073308
0.030448
0.045647
0.035829
-0.035858
0.068912
0.082114
-0.012552
-0.040948
0.080298
0.046455
-0.047776
0.016964
0.049319
-0.048842
0.014033
0.075655
-0.024660
-0.061003
0.024827
0.016578
-0.062006
0.024772
0.077346
0.085587
-0.084661
0.076595
-0.011909
-0.078617
0.008746
0.075323
0.032760
-0.034910
0.076777
0.041975
-0.008334
0.061163
0.060500
0.022966
-0.010911
-0.034344
0.036201
-0.075986
-0.036075
0.004827
0.031906
-0.076759
-0.044332
-0.040677
-0.086260
0.076837
-0.048254
-0.081115
-0.003300
0.084883
0.062226
-0.071339
-0.045047
-0.057220
0.015764
0.028562
0.038974
0.078544
0.065314
-0.059725
-0.047527
-0.065931
0.047795
0.089731
0.037457
-0.055700
0.061931
0.002196
0.058126
-0.076227
0.004671
-0.002946
0.003019
0.027088
-0.125773
-0.045742
-0.071620
-0.091285
-0.052293
0.015066
-0.097038
-0.084163
-0.037165
-0.001116
-0.073501
-0.040252
-0.011887
0.047683
-0.013350
0.018446
0.033580
-0.023273
0.052942
-0.015762
0.077998
-0.068058
-0.081725
-0.003701
0.030053
0.066094
-0.080387
0.017815
-0.100320
-0.009808
0.058076
-0.038411
0.034519
0.057931
-0.025546
0.022818
-0.101889
-0.011370
-0.023297
-0.065995
-0.052687
0.046793
-0.097911
-0.019728
-0.085633
0.064336
-0.056704
-0.001427
0.061068
-0.095261
0.061901
-0.031759
-0.044997
0.051318
0.039047
0.031432
-0.012235
0.018134
0.021341
0.008025
-0.007646
-0.017947
-0.094104
0.045740
-0.008425
-0.027980
-0.038427
-0.019643
-0.064329
0.004291
0.011800
0.008058
-0.007791
0.016602
-0.062087
-0.011894
0.026558
-0.014957
-0.004854
-0.022269
0.064623
-0.096097
0.092641
-0.039979
-0.035514
0.017143
0.045624
-0.000071
0.036868
0.003795
-0.060503
0.009072
-0.000994
-0.101681
-0.027370
-0.061172
0.034814
0.010009
-0.011076
0.000277
-0.004417
0.067287
-0.017981
0.069664
0.003123
0.067852
-0.043117
-0.046755
-0.091194
0.047103
0.073302
0.025595
0.036107
0.049367
0.084814
0.019893
-0.037253
0.007550
0.008513
0.010114
-0.038057
-0.022768
-0.075104
-0.059881
0.068734
0.027226
0.078486
-0.058412
-0.076778
0.033981
-0.005082
-0.057431
0.026098
0.059417
0.037523
0.082436
-0.001961
-0.021138
-0.058985
0.097038
-0.065344
-0.024385
0.026165
0.008083
-0.062913
0.072408
-0.002806
0.072266
0.033016
0.056351
0.069207
-0.090609
-0.050916
-0.029712
0.060679
0.053968
-0.001715
0.078366
0.037733
-0.041656
-0.006585
0.086433
0.003314
-0.014213
0.014187
-0.028456
-0.037456
-0.092516
-0.017715
-0.007857
0.012845
-0.075815
0.046035
-0.017201
0.003915
0.000614
0.027816
-0.074263
0.022104
-0.082282
-0.029793
-0.020270
-0.084105
-0.042891
-0.024852
0.105942
0.014824
-0.084063
0.036679
0.071757
0.032593
0.036767
-0.031009
0.063051
-0.050934
-0.065677
-0.049173
-0.060885
-0.005296
-0.032217
-0.087036
0.002413
0.032277
-0.099246
-0.030048
0.051994
-0.071487
-0.029925
0.071766
-0.084789
0.028349
0.089693
-0.025492
-0.008898
-0.046479
-0.070960
-0.095273
-0.060599
0.026113
0.043528
-0.051151
0.079548
-0.073233
-0.010229
-0.039660
0.003455
0.042044
-0.047828
0.096121
-0.039701
-0.018000
-0.016247
-0.013248
0.040537
0.088250
0.008085
-0.002305
0.097121
-0.029477
0.033961
-0.071739
0.067383
0.010341
0.001563
0.033337
0.014562
0.011620
0.066587
-0.076375
0.046350
0.093876
-0.030760
0.073933
0.014093
0.049152
-0.067273
0.045983
-0.020050
-0.078477
0.020007
-0.045177
0.049526
-0.059190
0.025062
0.072739
-0.018015
-0.035077
-0.076438
0.014250
0.019864
-0.067968
-0.011804
-0.016369
-0.032880
0.077097
-0.011711
0.045984
-0.037954
-0.028103
0.058250
0.008521
-0.076542
-0.092550
0.054990
-0.043831
-0.014845
-0.051504
-0.037014
-0.052153
0.064833
0.073936
0.019384
-0.009592
0.062537
0.063000
0.077685
0.038724
0.037388
0.057061
0.019554
0.014735
0.012773
0.009878
-0.093731
0.074270
0.075597
0.039503
-0.006325
0.006631
-0.028348
-0.031721
-0.036771
-0.080810
0.002244
-0.080462
-0.045242
-0.082098
-0.057141
0.047165
0.019388
-0.067751
-0.012877
-0.052057
0.069580
0.066783
-0.014010
0.013081
0.025375
-0.068950
-0.047294
-0.046892
0.033617
-0.066478
0.035140
0.025149
-0.018072
0.026199
-0.048645
-0.027295
-0.056935
0.072629
0.043760
-0.011902
0.029226
0.048583
0.039435
-0.008273
-0.001458
0.059893
0.050989
-0.046731
-0.091130
0.016960
0.074895
-0.054507
-0.022405
-0.055960
0.068699
0.032012
-0.086373
-0.019527
-0.049890
-0.092692
0.071580
-0.072249
0.032058
-0.047362
-0.018378
-0.057251
0.016357
-0.024705
-0.055378
-0.101874
-0.065210
-0.031190
-0.002376
-0.071798
-0.076701
0.038489
0.093676
0.019606
0.066303
-0.067252
-0.002541
-0.114664
-0.096511
0.021851
-0.049546
-0.004546
-0.073153
0.068324
0.027383
0.035343
-0.031774
-0.027017
-0.000152
-0.031091
0.030298
0.068924
-0.083031
-0.024026
0.007561
0.045923
-0.016318
0.048453
-0.035546
-0.047576
-0.018289
-0.010106
-0.088185
0.002001
-0.064855
0.037415
-0.045622
-0.071752
0.088012
0.042053
-0.025436
-0.064524
-0.094528
-0.012726
-0.075285
-0.010579
-0.098429
-0.054044
0.056414
-0.012034
0.050356
0.045444
-0.074014
0.029605
-0.094857
-0.100104
-0.126266
0.041939
0.084538
0.044544
-0.004791
-0.044447
0.054496
-0.034911
0.053099
-0.009203
-0.025189
-0.010236
-0.036683
0.069144
0.025896
0.040075
-0.099891
0.049041
-0.076152
0.039341
0.063138
-0.097065
0.085893
0.059229
-0.052729
-0.070204
0.057070
0.006417
0.069311
0.003623
0.025781
-0.034299
-0.065376
-0.018044
0.093525
0.094819
0.030878
0.001310
0.006092
-0.037462
-0.102866
-0.080623
-0.024193
0.018715
0.049017
-0.053109
0.018181
0.078796
0.034253
-0.041828
0.043418
-0.004642
0.082773
-0.002246
0.053204
-0.036406
0.042197
-0.061247
-0.028488
0.075299
-0.004068
-0.054907
-0.077978
-0.071758
0.026617
0.081810
0.028993
-0.001889
-0.091895
-0.029850
-0.097399
0.013918
0.097313
0.083003
-0.039258
-0.047839
0.041394
-0.050411
0.022612
-0.083999
0.006356
0.035278
0.074101
-0.060911
0.083405
0.075148
0.072842
0.047653
0.010956
0.086886
-0.030562
0.061173
-0.039475
-0.026692
0.006060
0.067789
-0.038579
-0.002966
-0.081700
-0.026118
-0.017001
-0.013081
0.026313
0.006770
-0.009603
0.009518
-0.059616
-0.038862
0.029330
0.072030
0.058199
-0.034354
0.068347
-0.051781
0.015051
0.019263
-0.020400
-0.046722
-0.025169
-0.047658
0.082641
-0.060299
-0.078350
0.018145
-0.046693
0.048556
0.066660
-0.077392
-0.008171
0.055610
0.055151
-0.088819
-0.042822
0.073930
0.073080
0.067672
-0.055158
-0.080338
0.059968
-0.019519
0.003115
0.027836
-0.049018
0.052310
0.045184
-0.065380
-0.022449
0.051572
0.014286
0.005760
-0.035904
-0.006487
0.050785
-0.033490
-0.066419
0.036047
0.080116
-0.051370
-0.027296
0.079323
0.002280
-0.070116
-0.006730
-0.050772
0.039081
-0.033310
-0.009573
-0.060648
0.034415
0.077425
-0.002169
-0.083929
-0.055423
0.018070
0.072912
0.034550
0.028220
-0.051632
-0.089602
-0.035589
-0.016857
0.038803
0.009919
-0.065329
-0.040185
-0.085275
-0.089675
-0.067191
0.098797
0.036702
-0.089527
0.019640
-0.083144
-0.082573
-0.002020
0.017504
-0.026455
0.033657
-0.025139
0.019464
0.082831
-0.044622
-0.010878
0.004271
0.019353
-0.041122
-0.051669
0.039417
-0.009887
0.043675
-0.058611
0.012984
-0.044887
0.019700
0.071513
0.051201
-0.010911
-0.078013
-0.097380
0.005285
0.057184
0.070828
-0.067000
0.033009
0.068728
-0.073960
-0.055672
-0.079878
0.013767
0.010736
-0.072715
-0.091749
-0.022427
-0.062013
0.019086
0.039984
-0.059059
0.063222
-0.040486
-0.076610
0.034818
-0.019937
-0.057182
-0.021151
0.083166
-0.017541
-0.055353
0.058033
-0.022324
0.078903
0.074811
0.056527
-0.043478
0.078266
0.043230
0.046212
0.053508
-0.001817
0.045565
0.033474
-0.038097
0.042567
0.053381
-0.062529
0.096815
0.064227
0.019852
0.061792
0.045406
-0.094063
-0.031987
-0.004183
-0.066660
0.046082
-0.067117
0.085903
0.060621
0.066649
-0.039082
-0.055142
-0.003533
0.028112
-0.074031
0.071152
-0.068497
-0.064921
-0.035623
-0.050079
0.068875
-0.030753
-0.060897
0.073873
0.060984
-0.017487
0.083077
-0.080745
0.040830
0.020737
-0.025618
-0.076791
-0.094399
0.034800
-0.024490
-0.043412
-0.080549
0.006456
0.081105
0.088562
-0.002853
0.004571
-0.019304
0.075895
0.036793
-0.068616
-0.046671
0.071194
-0.064727
-0.038061
-0.083793
-0.075516
-0.065466
0.024875
0.014864
0.066572
0.031578
-0.043804
0.069973
0.060563
-0.066738
0.014796
0.013804
-0.056096
0.002934
0.042640
0.054071
-0.062989
-0.021244
-0.039779
-0.045503
-0.036442
-0.027523
0.003869
0.074467
0.079970
0.082709
-0.084959
-0.081007
0.021072
-0.061132
0.042876
0.032966
-0.001860
0.020045
0.076848
-0.060546
-0.088714
-0.051563
0.048180
-0.090595
0.048999
0.088341
-0.083242
0.059176
0.029324
-0.007201
-0.063697
-0.048471
0.030066
0.020300
-0.002676
-0.057141
0.016378
-0.055450
-0.053283
-0.002884
-0.045529
-0.078753
0.028956
-0.060516
0.068795
-0.079970
0.080877
-0.005774
0.059098
0.051877
0.049609
-0.062100
-0.061411
0.083329
-0.036295
-0.022532
-0.010791
-0.032888
0.031407
-0.027524
-0.000096
-0.000974
0.068728
0.035205
-0.059427
0.016101
-0.048922
-0.016637
-0.072600
-0.032803
0.074153
-0.054678
-0.046745
0.026269
-0.030758
-0.049323
-0.071058
-0.065489
0.032300
0.060502
-0.036831
-0.018076
0.039652
0.002616
0.030013
-0.054791
0.002314
-0.028454
0.007065
-0.043610
-0.042034
0.043817
0.014027
-0.042555
-0.056915
-0.079850
-0.059167
-0.041268
0.010359
0.070503
0.078099
0.027756
-0.005434
0.078894
-0.041037
-0.032865
0.059640
-0.009466
-0.064203
0.077232
0.074307
-0.077667
-0.008906
-0.077070
0.001453
-0.043373
0.077852
-0.066839
0.046413
-0.066438
0.007435
-0.055371
-0.014418
0.019268
0.049992
0.032573
-0.059945
0.062531
-0.077816
-0.006843
0.059467
0.011796
0.010925
0.019121
-0.004102
0.034686
-0.068836
0.069756
0.069825
0.081014
-0.019853
0.059761
-0.023635
-0.028887
-0.013384
-0.053242
-0.064493
0.006504
-0.071723
0.078034
-0.030772
-0.013584
-0.045138
-0.043875
-0.050805
-0.056792
0.035864
-0.016135
-0.038652
0.008805
-0.045235
0.002912
0.049908
-0.052453
0.006834
0.078222
-0.009115
-0.060029
-0.044486
-0.049184
0.033330
0.040280
-0.024200
-0.075169
0.076022
0.026885
-0.012616
-0.066549
0.027765
-0.030204
0.059828
-0.085040
0.016168
0.012347
-0.076932
-0.070098
0.068279
0.059451
-0.068351
-0.063778
-0.085655
-0.057510
-0.019768
-0.094087
-0.007948
-0.090915
-0.062598
0.065640
-0.000461
0.036646
0.045350
-0.060426
-0.033298
0.072503
0.053238
0.012190
-0.082792
-0.028413
-0.060230
-0.066669
-0.037303
0.046970
0.093847
0.069410
0.039350
-0.069025
0.072937
-0.029422
0.067073
-0.010384
0.064839
0.058519
0.057675
-0.011885
-0.014737
-0.015170
-0.005013
-0.070588
0.075964
-0.036317
0.064455
0.079273
0.066025
-0.011474
0.069290
-0.020932
0.045793
0.011512
-0.039907
-0.065307
-0.068468
-0.078162
-0.008990
-0.071406
0.026107
0.052417
0.010943
-0.022511
0.041311
0.091050
0.011565
0.005145
-0.052006
0.043457
-0.061218
0.047292
-0.029514
0.058350
-0.014498
-0.090777
-0.079184
-0.089664
0.005683
0.053651
-0.046700
-0.018542
-0.025170
0.043654
0.049361
0.016520
0.082553
0.057177
-0.028122
0.006843
0.031940
0.054911
0.085274
-0.013667
0.088224
-0.051757
-0.093042
-0.074052
-0.056956
-0.018801
-0.039054
0.022875
-0.090626
-0.066674
0.026354
-0.017936
0.044657
0.112125
0.041155
-0.020743
0.089180
-0.069666
-0.001714
-0.106381
-0.002692
-0.012168
-0.062751
0.064759
-0.043964
0.056152
0.033986
0.039615
0.061442
-0.039096
-0.038287
0.045066
-0.048754
0.059298
0.048927
-0.057855
-0.008781
-0.058366
-0.078835
-0.037061
-0.018158
0.047563
-0.022149
-0.093504
-0.003969
0.002743
-0.025021
0.060843
0.014637
-0.098798
0.062347
0.097354
-0.028177
0.079668
0.067789
0.057231
-0.044997
0.017462
0.020357
-0.019124
0.036804
-0.050513
0.043310
0.070953
-0.006487
-0.043461
0.091956
-0.034744
-0.082608
0.038148
0.052669
0.008093
0.051612
-0.069754
0.040526
-0.002543
0.099779
-0.007106
0.074083
0.065705
0.010808
-0.009148
0.048500
-0.052769
0.094170
0.059812
0.037970
-0.023535
-0.063331
-0.062946
0.058086
-0.011307
0.092406
-0.043824
0.022359
0.009257
-0.038035
0.071590
-0.067750
-0.042599
-0.014216
0.062526
-0.078534
0.048789
-0.018990
-0.054656
-0.060224
0.009080
0.021573
-0.063829
-0.046597
-0.036572
-0.082095
-0.051223
-0.082902
0.054415
0.083907
-0.020608
0.025665
-0.001064
0.092523
-0.008667
-0.014007
-0.072306
-0.040550
-0.030776
-0.090692
0.037493
0.016851
-0.085753
-0.049101
-0.004619
0.028618
0.038666
0.085207
-0.047297
0.083375
-0.063357
-0.031557
-0.008259
-0.069767
-0.040547
-0.061846
0.092891
0.059673
-0.031198
-0.000092
0.042139
-0.067936
-0.020267
-0.033184
-0.008765
0.020506
0.009956
0.051258
-0.003504
-0.054411
-0.022126
0.011535
-0.078115
0.047637
-0.004528
0.024255
-0.000581
-0.049205
-0.069195
0.077295
0.036881
0.069290
-0.039482
-0.087252
0.071753
0.061473
0.040424
0.007963
-0.064125
-0.011892
0.004719
-0.076020
-0.006501
0.009145
-0.061748
-0.037538
0.039362
0.004017
-0.034981
0.023829
-0.071974
0.071522
0.010370
0.058909
-0.011587
-0.061730
0.011822
0.024240
0.070033
0.026210
0.054426
0.003252
-0.034408
-0.046766
-0.042788
-0.083459
-0.018926
-0.023141
0.015210
-0.022079
-0.059056
-0.053678
0.077639
-0.023532
0.012105
0.060679
-0.014511
-0.011411
-0.074385
0.014239
-0.004758
-0.038602
0.021063
-0.071005
0.073049
0.050829
-0.044842
0.008215
0.014765
-0.048350
-0.014229
0.064048
0.077565
0.079798
0.022075
-0.053851
0.052872
0.034353
-0.037318
-0.110229
0.051455
-0.056104
0.006268
0.049294
-0.008266
0.019406
0.033241
-0.052424
0.050249
0.109164
0.058114
-0.026447
0.075668
-0.071473
-0.054490
0.062227
0.052643
0.062691
-0.013397
-0.053406
-0.003660
0.067433
0.038256
0.099148
0.009838
0.015129
0.046382
-0.026131
-0.033926
-0.082810
-0.041490
-0.008588
0.112291
0.017678
-0.030778
-0.015476
-0.072322
-0.028034
-0.025357
-0.064294
-0.119590
-0.049224
-0.012213
-0.040156
0.057348
-0.052074
0.014436
-0.098281
-0.046443
0.058631
-0.010811
0.010129
-0.016735
0.046673
0.060310
-0.061256
-0.075702
0.053436
0.000837
0.044229
-0.046917
0.021745
-0.045767
-0.078425
0.044247
-0.091339
0.006415
-0.078062
-0.029029
-0.079459
-0.113279
0.078948
-0.058327
-0.029834
-0.037739
0.019033
-0.002435
0.009225
-0.112409
0.046384
-0.076693
-0.077385
-0.077098
-0.013041
-0.026187
-0.087599
-0.109774
-0.030854
-0.024802
0.080930
0.022512
-0.087926
0.092304
0.074301
-0.005314
0.075064
-0.053076
0.066089
-0.052777
0.018380
0.089408
0.067849
-0.009205
0.061288
-0.016763
0.062324
0.061931
-0.023917
-0.073120
-0.002308
0.029399
-0.046266
0.042644
0.052919
-0.086688
0.094373
0.084998
-0.081181
0.097940
-0.026520
-0.060919
-0.100747
-0.060588
-0.077278
-0.043588
-0.062809
-0.009169
-0.035531
-0.003785
-0.082816
-0.081614
0.018790
0.056428
-0.048734
0.032570
-0.003250
0.013272
-0.026725
-0.089087
0.095101
0.059914
0.012155
0.071056
-0.067903
0.014448
-0.015287
0.017670
-0.070623
0.065933
-0.054205
0.049286
-0.046237
0.006551
-0.010841
0.098631
-0.060214
-0.074677
0.023637
0.018772
0.093370
-0.064324
0.036849
-0.017077
-0.021981
-0.015494
0.020940
-0.044019
0.063387
0.061958
-0.034303
0.052515
0.043217
0.044077
0.096749
0.023854
-0.028673
-0.096369
-0.046684
-0.087635
-0.094298
0.045781
0.038751
-0.082521
-0.000544
-0.047066
-0.025280
0.028649
-0.018265
0.030786
0.000391
0.011322
0.066889
0.076632
0.004528
0.004231
-0.008679
0.025778
0.090991
-0.004972
0.028195
0.016676
-0.032114
0.067727
0.013035
0.086254
-0.017188
0.030498
0.030018
-0.073269
0.047716
0.074471
0.092611
-0.036826
0.005274
0.062987
-0.070722
0.070425
-0.044554
0.074676
0.029686
-0.046018
-0.099069
0.068075
0.018780
-0.046565
0.028532
0.064560
0.037934
-0.043427
-0.053410
-0.059677
0.010372
0.053923
-0.037470
0.026166
0.057165
-0.033894
-0.018237
-0.031194
0.057382
-0.067106
0.054671
-0.013447
0.084861
0.061402
-0.043098
-0.055727
-0.027981
0.050549
0.026119
-0.042238
0.021439
-0.058082
0.028408
-0.013306
0.096746
0.077004
-0.002596
0.065516
0.000128
-0.049355
0.007541
0.058858
-0.008016
-0.080192
-0.031959
-0.067355
-0.060681
-0.030058
0.015448
0.014090
0.077036
0.032387
-0.029573
0.000920
0.032214
-0.054546
0.036120
-0.009468
0.066117
0.015268
-0.024650
-0.045194
0.066843
-0.052933
0.092606
-0.027189
-0.040622
-0.053891
0.062717
-0.035775
0.054072
0.013741
0.025203
-0.065628
-0.033992
0.023657
-0.030956
-0.046637
-0.013863
-0.093708
0.072889
-0.073906
-0.073915
-0.065175
-0.074096
-0.023032
0.063692
0.011868
0.063981
-0.041462
0.006078
0.026216
-0.045185
-0.033504
-0.073548
0.048744
-0.019959
0.005989
0.050915
0.008175
-0.032494
-0.043190
0.065982
-0.072530
-0.081838
-0.047051
0.055398
0.018083
-0.029155
0.007480
0.016952
-0.015260
-0.042178
-0.047998
-0.030684
0.083371
-0.004822
-0.060019
0.091173
-0.053982
0.072243
0.075135
0.036091
-0.001232
0.071060
-0.061582
-0.014688
0.061120
0.051352
-0.016774
0.008690
0.001820
-0.069925
-0.017993
-0.023647
-0.065254
-0.012710
0.045440
0.054915
-0.098262
0.023864
-0.065807
0.035201
0.012934
0.013009
0.001474
-0.015402
0.075929
0.064650
0.046210
-0.009419
0.006339
-0.028972
-0.057647
-0.050282
-0.003160
0.019939
-0.039884
0.050754
0.028322
0.061996
0.010630
-0.009031
-0.056536
-0.030295
0.023307
-0.054339
-0.064552
-0.000461
0.055622
0.026925
0.086272
-0.087692
-0.026068
0.014710
-0.045061
0.035748
0.060820
0.059551
0.052302
-0.051222
0.047049
0.064475
-0.010893
-0.052615
-0.034408
-0.004990
-0.023422
0.063575
-0.058821
-0.084038
-0.037930
0.080278
-0.049431
-0.046004
0.084011
-0.076412
0.031351
0.016060
0.018417
0.049181
0.049473
0.038720
-0.060557
0.088537
0.040424
-0.077352
-0.051790
-0.045056
0.059286
0.063304
-0.073510
0.077442
-0.024125
-0.053555
-0.041335
-0.056294
0.061805
-0.003780
-0.074055
-0.088746
0.075065
-0.023170
0.017446
-0.056013
-0.049999
0.012756
0.016455
-0.067794
-0.011148
-0.016313
0.034123
0.057486
0.003885
-0.029878
0.069002
0.036128
-0.039297
-0.036604
-0.080193
0.076697
0.029336
0.030114
0.019871
0.022437
0.035072
-0.077750
0.075473
0.072852
-0.086041
0.037714
-0.058373
-0.084602
-0.083291
-0.030306
0.001058
-0.033601
-0.040763
0.084447
-0.059510
-0.026508
-0.016369
-0.021020
0.011104
0.071667
0.045745
0.017745
0.066176
0.039558
-0.039731
0.030766
-0.013468
0.086505
-0.008382
-0.049211
-0.040452
-0.060417
-0.030072
-0.083475
-0.009792
-0.075203
-0.003647
0.077261
-0.020057
-0.049353
-0.006838
-0.077369
0.005574
0.001548
0.088040
-0.001147
0.007355
-0.061761
0.065925
-0.069802
-0.044139
-0.069412
-0.022778
-0.026500
-0.015788
0.007906
0.081556
0.001966
-0.000233
0.029522
-0.039562
0.043135
0.066629
-0.072555
-0.054447
-0.074269
-0.050573
0.009228
0.013182
0.027860
0.046519
-0.005013
0.063398
0.059406
-0.097337
0.020465
0.037563
-0.077161
0.005218
0.025528
-0.064759
0.021268
0.060885
0.063386
-0.096938
0.000651
0.000529
0.042271
-0.032163
0.078420
-0.010463
0.008661
0.094378
0.007388
-0.046094
0.065799
0.086409
-0.010480
-0.070763
-0.039454
0.020937
-0.042623
-0.007073
0.043649
0.045416
0.006406
-0.089945
0.076923
0.025962
0.097026
0.062322
0.026833
0.083494
0.042515
0.063148
0.089929
-0.005754
-0.027596
0.000144
-0.077318
0.051308
0.030281
-0.022039
0.046882
0.019924
-0.055182
-0.064816
0.025043
-0.011901
-0.021303
0.017452
0.017300
-0.007009
-0.036398
0.049733
-0.084311
-0.084254
-0.015366
0.006533
-0.035598
0.043934
-0.056178
-0.079514
-0.008392
0.087689
-0.035956
0.002490
-0.071941
0.060595
-0.001546
0.064330
-0.042829
0.039536
0.030671
0.022911
-0.066789
-0.078792
0.006649
-0.028969
0.007909
0.029424
-0.085382
0.056880
0.049250
-0.047677
-0.048096
0.041681
0.037842
0.049559
0.030233
-0.014338
0.059680
-0.071937
-0.076509
0.101771
0.056509
-0.009096
0.040064
-0.011305
0.069807
0.055472
-0.028534
-0.053742
-0.066089
-0.005814
0.025383
0.077731
0.043827
0.019325
0.012866
-0.010055
0.024277
0.015346
0.057947
-0.016213
-0.014054
-0.076340
0.018972
0.026848
0.057411
-0.057125
-0.052095
0.016503
-0.019276
0.018628
0.121406
0.048732
0.035658
-0.012990
0.067266
0.026822
0.077372
0.048718
-0.063789
-0.071094
-0.037412
-0.013400
-0.082133
-0.068210
0.022353
0.058344
0.074432
-0.064452
0.009539
0.004400
0.070497
-0.046890
-0.116081
-0.084725
-0.067132
-0.043584
-0.035433
0.061724
-0.018780
-0.072376
-0.069652
-0.034885
-0.062501
-0.065782
-0.029705
0.051981
0.042478
-0.060239
0.063865
0.062644
0.011571
-0.061136
-0.014250
0.028406
-0.079435
-0.074279
0.055965
-0.002002
0.081851
0.017058
-0.023679
0.067211
0.083440
-0.070839
-0.040858
0.062567
0.054577
-0.066570
-0.052118
0.003163
0.032000
0.027489
-0.037489
-0.058081
-0.041224
-0.054259
0.072005
-0.060996
0.021617
-0.001531
-0.030578
-0.024417
0.037283
-0.066562
-0.081910
0.056738
-0.057748
-0.052128
0.037356
0.014143
-0.010354
-0.064574
0.026271
0.039487
-0.064652
0.005309
0.030122
0.045226
-0.064985
0.086377
-0.019667
0.029099
0.072485
-0.037575
0.068491
-0.052879
-0.092775
-0.072309
-0.064765
0.088091
-0.034915
0.069847
0.010096
-0.021765
0.034992
0.065634
0.028073
-0.093798
-0.034030
-0.071121
-0.018193
-0.005915
0.025186
-0.064490
-0.000500
-0.095691
-0.049090
-0.103908
-0.060045
-0.066536
-0.053056
0.043056
-0.056221
-0.040236
-0.077791
0.059026
0.033763
-0.013827
0.033744
0.050391
-0.012521
-0.020593
0.003930
0.031202
-0.077004
0.002149
-0.011083
-0.031812
-0.047888
0.007252
-0.065909
-0.023842
0.001880
0.004618
0.015902
0.043155
-0.076290
0.037706
-0.051684
-0.044871
-0.001408
-0.091174
0.076163
0.036474
-0.012039
0.054182
-0.081190
-0.074479
0.060954
0.047265
-0.079486
-0.116727
-0.085123
0.010248
-0.068526
-0.032610
-0.092223
0.067053
-0.043114
0.063412
0.005669
-0.051234
-0.088314
-0.095207
-0.098774
-0.044365
0.034978
-0.070648
0.051137
0.052611
0.029634
-0.002156
-0.065926
-0.057314
-0.009527
-0.059492
-0.033970
0.038285
0.086586
-0.052367
0.039407
-0.068683
-0.081574
-0.066783
-0.083165
-0.064124
0.006271
-0.051199
0.093189
-0.019916
0.049879
0.008001
-0.086095
-0.005574
-0.078124
-0.010283
-0.055386
-0.080917
0.081180
-0.042511
-0.050275
0.044604
0.068478
-0.073074
-0.052032
0.072033
0.005107
-0.054054
-0.026848
0.056923
-0.062242
0.023581
0.055179
0.072742
-0.057089
-0.030595
-0.052453
-0.050599
0.063195
0.036637
-0.005276
-0.014477
-0.081462
-0.051758
0.077340
0.029170
0.051726
0.037971
-0.067635
-0.038729
0.018121
-0.038664
-0.064198
-0.032919
0.082753
-0.071464
-0.074022
-0.052341
-0.035765
-0.037890
-0.073720
0.056602
0.027835
-0.103170
0.031976
-0.078434
0.054304
0.020118
-0.002381
-0.041126
-0.060688
0.039556
0.002787
0.037620
-0.060948
-0.065953
0.076280
0.068686
0.028120
-0.030270
0.039714
0.064766
0.076621
-0.038753
0.055185
-0.070299
0.029045
0.015854
-0.002093
-0.034889
-0.013174
-0.008230
0.023083
-0.068257
0.051489
0.019463
0.007707
0.065568
0.059000
-0.021349
-0.078392
0.023669
0.068897
0.081973
-0.055486
-0.074802
0.035626
0.070049
-0.073843
-0.059489
0.050695
0.063675
0.083340
0.007501
0.051676
-0.018237
-0.059466
0.055722
0.054162
-0.070707
-0.077997
0.003621
-0.012016
-0.011039
-0.087296
0.003628
-0.037418
-0.046432
0.017520
-0.022816
0.054879
-0.020472
0.072864
0.014881
-0.003818
-0.057456
-0.036999
0.029718
0.007389
-0.035738
0.036407
-0.029414
-0.068273
0.071920
0.000312
0.073727
0.027166
-0.048607
-0.030076
0.047116
-0.068845
0.024487
-0.050233
-0.070084
0.049418
0.021854
-0.062737
0.112322
0.129064
0.020432
-0.076820
0.015016
0.030792
0.053222
-0.021190
0.057373
-0.095284
-0.048247
0.002773
0.041272
0.023744
-0.007275
-0.092538
0.013263
0.095505
-0.077323
0.045063
-0.054625
0.027922
-0.020031
0.025998
0.065650
-0.065789
-0.031276
0.061094
0.071728
0.024884
0.016073
-0.051244
0.062009
0.065592
0.095955
-0.017621
-0.013280
0.014633
-0.106329
-0.038930
0.086335
0.042704
-0.085820
0.047693
-0.089440
-0.080440
0.077580
-0.066754
0.040919
-0.050012
0.070761
-0.011714
0.002099
-0.017127
0.042090
0.051647
0.021873
-0.042610
-0.010700
-0.079785
0.040811
-0.061303
0.041163
0.071924
-0.070419
-0.045790
-0.054401
-0.089269
0.049709
0.054642
-0.032746
0.017383
-0.084180
0.101579
0.074559
-0.084863
0.092928
0.071895
-0.079608
-0.030150
0.059114
-0.035287
-0.063730
0.055549
0.093708
0.026556
0.007393
-0.006935
0.071550
-0.012489
-0.043662
0.050360
0.058531
-0.006288
-0.066733
-0.087700
-0.007393
-0.031399
0.064527
-0.060936
-0.029613
0.039962
0.020502
0.040300
-0.024797
0.069739
-0.082785
-0.087388
0.037383
0.106261
0.077758
0.038649
-0.035696
0.047520
0.007242
0.003442
-0.009027
-0.012346
-0.070223
0.091298
-0.042572
-0.104902
-0.025620
0.000840
-0.054590
-0.045095
-0.071528
-0.071706
-0.038430
-0.087804
-0.051578
-0.075724
0.024774
-0.039878
-0.063739
0.052413
0.044098
-0.013719
0.014757
0.081092
0.083358
-0.049737
0.047408
-0.041745
0.016194
-0.042561
-0.040039
0.059768
-0.060400
-0.014751
-0.067731
0.061896
0.008066
-0.010382
-0.054765
-0.002814
-0.049344
-0.076026
-0.040303
0.071605
0.050025
0.064331
0.071774
-0.026869
0.006112
0.083252
-0.002785
-0.009285
-0.049603
0.011387
0.039392
-0.054505
0.041803
0.045856
-0.051426
-0.090883
0.042261
-0.010190
0.062470
-0.062643
0.009382
-0.027990
-0.081538
0.037093
-0.046699
0.014946
-0.016655
-0.072669
-0.065561
0.046061
-0.040846
-0.001474
-0.035314
0.059151
0.019192
-0.015304
0.041282
0.034752
0.003505
0.063987
-0.069570
0.061575
0.011909
-0.064554
-0.023076
0.040511
0.002730
-0.033938
0.037937
0.003793
0.059765
-0.037375
-0.009162
-0.023322
-0.048192
0.040729
-0.021552
-0.015132
0.052355
0.032125
-0.051546
-0.048591
-0.080520
0.034050
0.062160
-0.047105
0.052575
-0.011607
0.029775
-0.036221
-0.010978
0.073946
-0.074783
0.065085
0.081910
-0.052655
0.051849
0.063123
-0.022321
-0.017894
-0.049974
0.085684
-0.082683
0.019650
-0.064208
0.037156
-0.041645
0.004458
-0.078731
-0.078318
-0.048659
0.075039
-0.054757
0.046017
0.008455
0.094660
-0.028472
0.003900
0.071099
0.069510
-0.005138
0.069177
-0.006179
-0.030573
0.029827
-0.090045
-0.036312
0.084147
-0.027290
0.034724
0.007800
-0.058125
0.076073
-0.056881
0.017752
-0.058328
-0.082181
-0.083452
-0.053618
0.073936
-0.086300
0.050607
0.006583
0.070200
0.075872
0.078930
-0.040767
0.056258
-0.061022
-0.037969
-0.026188
-0.068308
-0.039345
0.055585
0.063269
0.056350
0.035787
-0.094974
0.033213
0.050243
-0.009338
-0.002338
0.000150
0.028603
0.061268
-0.029723
-0.021042
-0.063602
-0.044262
-0.004809
-0.073244
0.040739
-0.061643
0.004572
0.054027
-0.006042
0.039265
-0.067685
0.055570
-0.020893
0.054973
0.079459
-0.072775
0.057043
-0.088502
-0.072834
-0.042292
-0.002255
0.043062
0.061642
-0.045982
-0.072940
0.032981
0.071906
-0.053039
0.078945
0.013872
-0.043901
-0.043909
0.037353
-0.020814
0.030153
0.006225
-0.002099
0.080848
-0.077754
0.069432
0.008721
0.039899
0.080412
0.002971
0.055753
-0.061233
0.092121
0.084146
0.007870
-0.059996
-0.065909
0.048485
0.044191
0.021983
0.073425
0.057057
0.060167
0.038932
0.059972
0.011493
0.053045
0.028826
-0.058403
0.077672
-0.093336
0.047681
0.072631
0.070797
-0.001587
-0.009876
0.040923
-0.049849
0.031663
-0.075607
0.035438
0.076048
0.062040
0.054975
-0.047543
0.018210
-0.100283
0.017697
-0.064916
0.065575
-0.028511
0.067443
-0.013502
-0.003951
0.019269
0.039066
0.037928
-0.039337
0.078181
-0.005616
0.094373
0.046207
0.002459
0.059763
-0.032910
0.072071
0.087526
-0.063662
0.031134
-0.041056
0.040766
-0.074052
0.067764
-0.058264
-0.025677
0.019247
0.036414
0.007776
-0.046330
0.049152
-0.024887
-0.033589
0.041126
0.054846
-0.045227
-0.003802
-0.056897
0.062786
-0.073687
0.073416
-0.065321
0.000443
0.061592
0.029870
0.051704
0.020111
0.089835
-0.043810
0.075738
-0.039787
-0.004563
0.074159
0.047080
0.023583
-0.094026
-0.080375
-0.039554
-0.069822
0.021927
-0.086508
-0.063665
0.035051
0.089750
-0.059031
-0.073546
-0.005800
-0.068036
-0.070786
0.072599
0.100271
0.009058
-0.015538
0.029719
0.026950
0.074299
0.051950
-0.048690
0.077121
0.041197
-0.020321
0.096269
-0.019113
0.037353
0.094590
-0.071231
-0.083899
-0.064086
0.004078
-0.094875
0.037343
0.017824
0.081044
-0.064163
0.061026
0.011723
0.085105
0.002796
-0.035154
0.026860
-0.036164
-0.058758
0.053570
-0.061911
0.087540
-0.028583
-0.040468
-0.045878
-0.022150
-0.014290
0.059653
0.064508
-0.067524
0.000699
-0.041262
0.005601
0.065746
-0.015733
-0.013490
-0.067455
-0.081441
0.050770
0.059318
-0.013243
-0.027042
0.008351
-0.028296
0.074594
-0.058173
-0.015191
-0.071721
-0.044910
0.015774
-0.044939
-0.056610
-0.015413
0.088090
0.001259
0.006489
0.111401
-0.046069
-0.004978
-0.028997
0.070275
-0.001457
0.054995
-0.085492
-0.030530
-0.003889
0.008392
0.015570
0.026494
0.012975
0.052074
-0.068800
-0.070936
-0.009809
0.082661
0.035758
0.101159
-0.037526
-0.057057
-0.036748
-0.037205
-0.034011
0.050014
-0.018194
0.073269
0.036328
0.094197
-0.003580
-0.013019
-0.094117
0.112013
-0.015341
-0.002903
0.081584
0.061833
0.050479
0.049553
-0.032988
-0.057404
-0.086469
0.021157
0.005198
0.072699
-0.045593
0.082149
-0.070211
0.050407
-0.077422
-0.024867
0.046539
-0.087259
-0.035489
-0.025219
0.064227
-0.043920
-0.067779
-0.068074
0.023578
-0.043918
-0.078927
-0.099171
-0.007282
0.012776
-0.068832
-0.023009
-0.036009
-0.072943
0.057593
0.015823
0.001041
-0.008538
0.064688
0.019587
0.052870
-0.079010
0.050623
0.051949
0.005151
0.035430
-0.005909
-0.043859
-0.065746
-0.063437
-0.058348
-0.034871
-0.052534
-0.071496
-0.016998
-0.037516
-0.069312
-0.039930
0.024948
-0.085804
0.069215
0.050512
-0.056668
0.043387
-0.081223
0.034784
0.037652
0.025687
0.095033
0.072339
0.046449
0.054416
0.026187
-0.024042
-0.015553
0.004902
0.088396
-0.062382
-0.044851
-0.026572
0.031119
0.053122
0.087056
-0.001919
0.007867
-0.067425
-0.079860
-0.047097
0.002291
-0.006512
0.017688
-0.010565
-0.054337
-0.085212
-0.053878
0.034234
0.057206
0.121545
0.010503
-0.092234
0.035920
0.023467
0.044235
-0.053391
0.063142
-0.019669
0.080381
-0.029460
0.046958
-0.054507
-0.051673
0.064315
0.071721
-0.012227
0.024668
-0.022072
0.044759
-0.095692
0.021840
0.069911
0.074183
0.039287
0.044632
-0.022899
-0.061582
0.037747
-0.058107
0.016087
-0.035778
0.014516
-0.031089
-0.029695
-0.037112
-0.056327
-0.087820
0.027209
-0.071614
0.047403
0.082192
-0.077295
-0.087846
0.078208
0.001930
0.086790
-0.030960
0.035089
-0.015145
0.070079
-0.032388
-0.037738
-0.088814
-0.030158
-0.039830
-0.012159
-0.068178
0.061974
-0.079318
0.085812
0.028628
0.081076
-0.070907
-0.066653
0.042958
0.027573
0.059546
0.065184
0.032808
0.099268
0.029012
0.080831
0.078392
-0.003873
-0.085135
-0.002730
0.086356
0.083257
0.048822
-0.049953
0.035397
0.065794
-0.047180
0.077725
-0.020939
-0.073237
0.012524
0.016425
0.015305
0.047362
-0.020283
-0.010177
0.052660
0.055414
-0.093346
-0.052975
-0.069517
-0.007864
0.057126
-0.025503
-0.097209
-0.058189
0.016361
-0.090516
-0.015501
-0.045077
-0.032613
-0.012008
0.055103
-0.032603
-0.041982
0.006066
-0.060200
-0.005543
-0.058632
0.005401
-0.033571
-0.061184
-0.075097
-0.041443
0.062586
0.030960
0.026378
0.076746
-0.035828
-0.078383
0.027285
0.065619
0.066072
0.005636
-0.067227
-0.094070
0.067777
0.035563
-0.092180
0.083123
0.021773
-0.031315
0.046651
0.082186
-0.002917
0.052165
0.018868
-0.037090
0.004735
0.055234
-0.068605
-0.026514
0.002220
0.047350
-0.065767
-0.094991
-0.073405
-0.001462
0.044801
0.074187
-0.025304
0.084977
0.048297
-0.046095
0.010098
-0.060895
0.024371
0.078500
-0.032130
-0.020343
-0.033356
-0.050532
-0.020510
-0.030749
-0.063281
-0.073827
0.051932
0.009887
0.066647
-0.019984
-0.087335
0.061120
0.078297
-0.006558
0.078972
-0.072027
-0.042897
-0.039829
0.012411
0.041857
-0.083666
-0.017739
-0.033958
-0.050093
-0.010155
0.002132
0.079996
0.023375
0.034123
0.006243
-0.019732
-0.021502
-0.024714
0.046782
-0.047376
-0.010780
0.038934
-0.045759
-0.001016
-0.040127
0.054675
-0.080876
0.055119
-0.078319
-0.045025
-0.078847
0.063441
-0.020911
0.040072
-0.024300
0.063746
-0.011366
0.024634
-0.011512
-0.020396
-0.038818
-0.040961
0.026005
-0.016309
-0.076315
-0.083892
-0.057108
-0.076910
0.060605
-0.082497
0.024344
-0.076327
0.012926
-0.060399
-0.037239
-0.000929
0.005007
0.075709
0.069101
-0.038747
-0.017657
0.008389
-0.030033
-0.069759
0.088409
-0.068868
-0.090750
-0.058310
0.062100
0.033738
0.026447
0.076111
-0.082139
0.068958
0.001080
-0.076574
0.063618
0.067614
0.043621
0.022579
-0.079039
0.065175
0.074777
0.015509
-0.052560
-0.000161
-0.056902
-0.064817
-0.042121
0.037322
0.048351
0.069727
0.048883
-0.008532
-0.069129
-0.031092
-0.049501
0.062170
-0.058784
0.008112
0.002605
0.034031
0.010982
0.003763
0.012267
0.091867
0.075866
-0.028844
0.034710
-0.079219
0.009505
0.002103
-0.038368
-0.049188
-0.020592
0.043348
0.068071
-0.046482
-0.001794
-0.089727
0.014600
0.039040
-0.006176
-0.013435
0.050016
-0.093317
-0.048785
-0.037960
0.008671
0.004364
-0.035462
-0.045169
0.054968
0.053795
-0.014756
-0.025717
0.008290
-0.049553
0.013386
-0.094873
-0.090303
-0.033546
-0.001391
-0.054086
0.043017
0.043212
-0.088914
-0.094140
-0.065612
-0.037205
0.000276
-0.064971
-0.070239
0.000288
-0.047252
0.042767
-0.019425
-0.024383
-0.004302
-0.048200
-0.054161
-0.078456
-0.056151
0.077683
0.031529
-0.031790
-0.002715
0.013747
0.085825
-0.033274
-0.051754
0.036373
0.030067
-0.100524
0.014852
-0.014827
-0.026577
0.043110
0.088665
-0.085337
-0.018444
0.072538
0.002202
-0.071854
0.059199
0.010475
-0.079741
0.080343
0.041408
-0.020846
0.076376
0.074742
-0.074061
-0.025562
-0.019913
0.014335
0.019171
0.016951
-0.001418
0.053808
0.036290
-0.069965
0.086917
-0.039443
0.004017
-0.093477
0.048908
0.012477
0.048025
-0.070423
-0.012569
-0.013636
0.069799
-0.030583
-0.006481
0.061991
-0.004492
-0.042248
-0.080901
-0.024586
-0.063726
-0.042423
0.024780
-0.016654
0.000427
-0.018155
0.026987
-0.004840
-0.089546
-0.096246
-0.023624
-0.025109
0.025571
-0.055584
0.000572
0.021428
0.001014
0.096473
-0.058441
0.083020
-0.069776
-0.066315
0.048106
0.006408
0.060804
-0.071635
0.055546
0.031012
-0.083690
-0.103972
-0.043192
-0.046588
0.002264
-0.053405
-0.006941
-0.047526
-0.015821
-0.071447
-0.086595
-0.042469
-0.094895
0.004231
0.026897
-0.088587
0.084816
-0.006863
0.057232
-0.060736
0.025491
0.002785
-0.022192
-0.105715
-0.085011
-0.001456
0.046356
-0.012905
-0.051091
-0.002460
-0.042027
-0.039422
0.012125
-0.053370
-0.055333
0.000042
-0.051643
-0.075902
0.013324
-0.096195
0.062732
0.023754
0.027839
0.070187
0.076323
0.048173
-0.029074
0.008597
0.086644
-0.048387
0.014828
0.026078
0.020245
-0.074411
-0.014988
-0.033909
-0.092025
0.081136
0.024047
-0.074437
0.082887
-0.028675
-0.049728
0.099044
-0.068005
-0.022961
0.086272
0.033834
-0.044851
0.004517
-0.033342
-0.057268
0.023147
-0.088685
-0.090287
-0.007955
-0.020706
-0.020603
-0.049916
0.096547
-0.022637
0.014825
-0.088611
0.002674
0.023678
-0.001873
0.062201
-0.057401
-0.013094
-0.052466
0.076824
-0.085981
0.050846
0.055199
-0.005691
-0.064153
0.013679
0.000491
-0.041289
0.066839
0.057275
0.071798
-0.093023
-0.077987
0.055966
0.093685
0.082521
-0.041599
-0.038440
-0.062588
0.087493
-0.019018
0.055506
-0.067222
-0.081202
0.078350
0.037848
0.006128
0.099161
0.045445
-0.014774
0.027328
0.086035
0.022280
0.026872
0.035866
0.082212
-0.057002
0.004301
0.098341
-0.078850
-0.007509
-0.003453
-0.053365
0.020976
-0.050677
-0.057475
0.008200
0.092271
0.057352
-0.031167
-0.011036
0.036540
0.048823
-0.032673
-0.088121
-0.010850
-0.064066
-0.025113
-0.044907
-0.075882
-0.067546
-0.048158
0.023226
-0.043860
0.047532
0.035494
-0.000059
0.052900
0.140427
0.045198
-0.073267
0.043915
0.059350
0.021464
-0.069192
-0.060947
-0.002309
-0.032963
0.089429
0.016147
-0.060168
0.071430
-0.008852
0.047661
-0.008672
0.065625
0.038419
0.076407
0.075807
-0.037171
0.070336
0.053716
0.023245
-0.089613
-0.067197
-0.030253
-0.029735
0.002952
-0.082019
0.039600
0.065355
-0.074743
0.059190
-0.011870
0.042886
-0.027107
0.077723
0.075575
0.030094
0.050344
0.077026
0.062221
0.007412
-0.071687
0.027329
0.026440
0.053673
-0.015763
0.055729
-0.023794
-0.075010
0.040710
0.076855
0.051069
-0.059079
-0.086672
0.043519
0.057182
-0.011224
-0.050383
0.004776
-0.004477
-0.076268
-0.023558
0.051541
-0.085728
-0.021854
0.049252
-0.018067
0.073729
-0.080170
0.028577
0.069748
-0.088509
0.001200
0.013615
0.035567
-0.050425
-0.040445
-0.087946
0.078143
0.046398
0.022902
-0.054799
0.070006
0.050143
0.048499
0.046947
-0.041438
-0.002666
0.036850
0.080008
0.037496
0.059070
0.038858
0.088676
-0.062502
-0.037253
-0.066464
0.071855
-0.081990
0.066220
-0.060101
-0.009951
0.016130
0.016782
0.086341
0.003773
0.040953
0.022077
0.066163
-0.041444
-0.017030
-0.057675
0.027944
-0.082213
-0.046298
0.074476
0.021130
0.019301
-0.031634
0.046348
0.044602
-0.083012
-0.045885
-0.042993
-0.028206
-0.032964
-0.029008
0.000682
0.051489
0.080386
0.070751
0.003426
0.069044
0.076587
0.035539
0.069930
0.011408
0.037253
-0.059031
0.010613
-0.027937
-0.030539
-0.019508
-0.005521
0.004960
0.072277
-0.003749
-0.059377
-0.028285
-0.070901
0.087139
0.019207
-0.079591
0.022562
0.071516
-0.095335
-0.037266
-0.021751
-0.030094
-0.045217
0.033247
-0.020752
0.071722
0.057941
-0.081967
0.068532
-0.078980
0.089444
0.050642
0.090935
0.046265
-0.006361
-0.047300
-0.086810
-0.084198
-0.016691
-0.017146
-0.016913
0.037755
-0.033050
0.004981
-0.060023
0.044488
-0.073405
0.014809
-0.005599
0.086718
0.035794
0.056873
-0.046319
-0.000386
0.044453
-0.083973
0.057607
-0.007886
-0.046392
-0.052974
-0.033903
-0.042314
-0.019107
-0.044265
-0.058115
0.077951
-0.014679
0.027191
0.057306
0.066532
-0.038087
0.048981
-0.025855
-0.023797
-0.048705
-0.083483
-0.009837
-0.002801
-0.016519
-0.052934
-0.091554
-0.108567
0.050726
0.050957
-0.031627
-0.084277
-0.098595
-0.055374
0.037953
0.088926
0.060621
0.017149
0.026031
-0.002232
-0.061892
-0.034395
-0.058158
-0.109279
-0.019021
-0.037450
0.021479
0.024678
-0.057479
-0.077601
0.005872
-0.037448
-0.058172
-0.032169
-0.050279
-0.026738
-0.042741
-0.047547
0.044010
0.090364
-0.011749
-0.136826
-0.065674
-0.069883
-0.064937
-0.023653
0.072335
0.064475
-0.053176
0.036747
-0.020470
0.047354
0.007213
-0.051056
-0.023419
0.033447
-0.019085
0.053568
-0.056716
0.061729
-0.044035
-0.020380
-0.066577
0.009733
-0.020878
0.007887
-0.009938
0.001708
-0.091347
0.016331
-0.035810
0.056430
0.066874
0.007501
-0.070031
0.045311
-0.026452
0.027614
-0.048126
0.033132
-0.039973
-0.038758
0.072482
-0.069865
-0.004941
0.061759
-0.031119
0.068628
0.082742
0.046452
0.058683
-0.000013
-0.054741
0.089863
-0.008697
-0.045211
0.056135
0.045532
0.020975
-0.081898
0.039278
-0.085763
0.044995
0.089484
0.064324
-0.027231
-0.074397
-0.015090
-0.058519
0.028319
-0.023316
0.053726
-0.020806
-0.008118
0.033175
0.053011
0.000095
-0.080412
0.069990
0.054174
0.013911
-0.032355
-0.030980
0.050794
-0.076273
-0.014449
0.091160
-0.100000
0.053614
-0.005918
-0.019812
-0.044803
0.047320
-0.027495
0.056931
0.040453
-0.029545
-0.015468
-0.089208
-0.024752
0.051885
0.096482
0.000066
-0.004847
0.077141
-0.062978
0.071905
-0.012060
0.078821
0.017692
-0.059551
-0.085387
-0.032866
0.011513
0.035268
0.036923
-0.036166
-0.082348
-0.061989
0.090523
-0.054954
-0.055622
-0.023729
-0.003633
-0.071548
-0.001677
0.042773
-0.015085
0.073937
-0.026710
0.017648
-0.091889
-0.047668
0.093152
0.036519
-0.043804
-0.039096
-0.032676
-0.094885
-0.002647
0.051211
-0.063484
-0.050269
0.078116
0.043738
0.076575
0.045358
-0.051853
0.013612
0.043460
-0.005388
-0.060706
-0.098080
0.113188
-0.079398
-0.066031
0.072671
-0.017207
-0.034151
-0.005223
0.013320
-0.045020
0.030634
0.071827
0.002295
0.059648
-0.073603
-0.009215
0.056679
0.007506
0.050791
-0.000229
-0.023247
-0.046231
-0.040673
-0.037074
0.043624
-0.048400
-0.060466
0.077032
0.040259
0.036627
0.009645
0.046744
0.049120
-0.020057
-0.047712
0.069259
-0.085097
0.083082
-0.035808
-0.046537
-0.025937
0.069929
0.048767
0.028900
0.023353
-0.042255
-0.079924
-0.065816
-0.029053
-0.086261
0.075137
0.059434
0.043703
0.062200
0.024283
0.014307
0.088576
0.021461
0.042668
-0.040624
-0.089619
0.034952
0.050780
0.044924
-0.088863
-0.081717
0.078969
0.065409
-0.051047
0.045284
-0.009812
0.059910
-0.088627
-0.054990
0.002219
-0.005680
0.009837
-0.046144
0.043491
0.045397
0.047179
0.013537
-0.089421
0.024783
-0.048167
0.044512
0.081554
0.048869
0.018824
0.054028
0.081068
0.043853
-0.056574
0.067039
-0.012891
0.001287
-0.031081
-0.026297
0.058855
0.046767
0.039919
-0.029540
0.040362
-0.081258
-0.015583
-0.053369
0.009365
0.029257
0.086951
0.039586
-0.029223
-0.055861
0.049841
0.034800
-0.065848
-0.057966
-0.061954
0.033282
0.025060
-0.055756
0.076130
0.074140
-0.013771
-0.036474
0.048528
-0.082503
-0.011485
0.066559
-0.007721
-0.077314
-0.087935
0.009320
0.039425
-0.000377
0.068398
-0.037067
-0.023165
0.066333
0.069513
0.079817
0.059314
-0.039739
-0.038219
0.015194
-0.082392
-0.019933
-0.043426
-0.077801
0.082891
0.034903
-0.058884
-0.052507
-0.026968
0.080134
-0.078501
0.030249
-0.045293
0.064039
0.091772
0.066444
-0.047622
-0.044396
0.046263
0.024221
-0.015304
-0.076739
0.060126
-0.028946
0.051030
-0.016246
0.073086
-0.057668
-0.033070
0.043820
0.023220
-0.055161
0.000423
0.063007
-0.082623
0.014562
0.036364
-0.044202
0.065592
0.065652
0.040061
0.007685
-0.040893
0.000314
-0.049830
0.000010
0.078724
-0.062301
-0.042849
-0.034710
0.014471
0.019636
-0.034592
0.002699
-0.083808
0.016739
-0.069628
0.002023
0.058304
0.087557
0.074751
0.063415
-0.007944
-0.019552
-0.038165
0.030387
0.064511
0.066690
0.001517
0.083613
-0.048026
-0.032238
-0.023038
0.057307
-0.044920
0.036588
0.024131
0.072699
0.039086
0.018680
-0.014011
0.065744
0.034105
0.081578
-0.016463
-0.061245
-0.038631
0.026801
-0.040390
0.047448
0.047576
-0.020742
0.040171
-0.015747
-0.070563
0.051880
-0.066750
0.073541
-0.046710
-0.043411
0.070767
0.013640
0.048994
0.040647
-0.042861
-0.031733
0.024794
-0.045902
-0.054335
-0.057285
0.005506
0.065055
0.007763
-0.006334
-0.067781
-0.077974