19.09375
-13.34375
-0.36401367
8.109375
-6.828125
0.18017578
16.171875
2.1230469
-4.5195312
-14.492188
-8.8671875
10.375
23.6875
7.3984375
7.59375
16.859375
-2.1523438
-7.0195312
-17.3125
8.2265625
12.0625
-17.03125
-3.6425781
-14.125
8.3359375
-5.5117188
4.9960938
20
14.539062
26.09375
-14
-7.015625
4.1523438
7.125
-13.328125
-5.8164062
10.65625
14.71875
-11.757812
-6.7734375
-15.585938
-2.4433594
7.5390625
3.2714844
17.390625
-7.59375
15.367188
-12.804688
-7.8828125
-11.289062
-4.3554688
-19.5625
-8.8671875
9.7578125
11.632812
18.40625
4.46875
-7.3476562
-2.3144531
-15.835938
-5.6992188
4.1484375
-7.3828125
-16.1875
14.304688
0.28271484
8.71875
-11.171875
-15.0625
-11.226562
9.8203125
7.9257812
-1.9355469
-10.265625
5.1601562
-12.015625
-4.8398438
-16
10.046875
13.523438
-24.546875
9.921875
3.8789062
1.8574219
-14.953125
2.8085938
1.6748047
-1.9619141
-4.1289062
-8.09375
11.867188
8.2109375
7.7226562
10.742188
-6.7226562
5.0234375
7.6015625
19.40625
-11.867188
3.6816406
-12.601562
-13.9375
10.421875
-4.8632812
13.570312
3.8085938
-14.226562
4.0585938
-5.078125
1.3564453
-13.84375
5.8164062
-9.984375
16.90625
14.757812
-1.2255859
-1.3808594
-7.2539062
1.2880859
-1.8808594
14.828125
9.28125
15.765625
-8.875
14.3125
2.96875
-5.96875
-15.585938