-0.037994385
0.051361084
-0.0026130676
-0.073791504
-0.05770874
0.034637451
0.043518066
0.066589355
0.013473511
0.025650024
-0.042144775
0.014419556
-0.081970215
0.061828613
0.060272217
0.067626953
0.06817627
-0.065673828
0.041442871
0.074462891
-0.010032654
-0.044403076
0.025115967
0.062164307
0.041748047
-0.00086259842
-0.034454346
0.015579224
0.082092285
-0.058380127
0.026107788
0.086608887
-0.037017822
0.081726074
0.00064086914
-0.046325684
-0.056030273
-0.053253174
-0.06640625
0.024734497
0.028961182
0.085510254
-0.046875
0.066467285
0.058197021
-0.024719238
-0.014022827
0.027877808
0.080627441
-0.051086426
0.072021484
0.055328369
-0.078796387
0.0042572021
0.029663086
0.045349121
-0.037414551
-0.072998047
0.02520752
0.0077629089
0.054779053
0.035461426
0.053314209
-0.034515381
-0.023925781
-0.0703125
0.03036499
-0.058685303
-0.0440979
-0.017211914
0.094665527
0.088928223
0.042114258
0.06262207
-0.079223633
0.057739258
0.039611816
0.058685303
-0.025878906
-0.01525116
0.043029785
-0.07043457
0.013000488
0.051483154
-0.018188477
-0.017074585
-0.0098495483
0.01763916
-0.066955566
-0.037078857
0.0074768066
0.057403564
-0.060699463
-0.05456543
-0.084838867
0.0087661743
-0.035064697
-0.00047421455
-0.0077018738
-0.0045433044
0.065734863
0.023406982
0.061859131
0.0044288635
-0.075500488
0.016799927
0.070007324
0.050720215
-0.08972168
-0.040679932
0.018920898
-0.08026123
-0.052001953
0.059631348
0.075073242
0.071166992
-0.02142334
-0.035247803
-0.029922485
0.047790527
-0.073120117
0.069885254
0.089782715
-0.042785645
-0.062927246
-0.055023193
0.02166748
-0.065612793
