19.09375
-1.3339844
-0.036407471
8.109375
-0.68310547
0.18017578
16.171875
2.1230469
-0.4519043
-1.4492188
-0.88720703
10.375
23.6875
7.3984375
7.59375
16.859375
-0.21520996
-0.70166016
-1.7304688
8.2265625
12.0625
-1.7041016
-0.36425781
-1.4121094
8.3359375
-0.55126953
4.9960938
20
14.539062
26.09375
-1.4003906
-0.70166016
4.1523438
7.125
-1.3330078
-0.58154297
10.65625
14.71875
-1.1757812
-0.67773438
-1.5585938
-0.24438477
7.5390625
3.2714844
17.390625
-0.75927734
15.367188
-1.2802734
-0.78808594
-1.1289062
-0.43554688
-1.9560547
-0.88671875
9.7578125
11.632812
18.40625
4.46875
-0.73486328
-0.23132324
-1.5839844
-0.56982422
4.1484375
-0.73828125
-1.6181641
14.304688
0.28271484
8.71875
-1.1171875
-1.5058594
-1.1230469
9.8203125
7.9257812
-0.19348145
-1.0263672
5.1601562
-1.2021484
-0.48388672
-1.6005859
10.046875
13.523438
-2.453125
9.921875
3.8789062
1.8574219
-1.4951172
2.8085938
1.6748047
-0.19616699
-0.4128418
-0.80908203
11.867188
8.2109375
7.7226562
10.742188
-0.671875
5.0234375
7.6015625
19.40625
-1.1865234
3.6816406
-1.2607422
-1.3935547
10.421875
-0.48632812
13.570312
3.8085938
-1.4228516
4.0585938
-0.5078125
1.3564453
-1.3847656
5.8164062
-0.99902344
16.90625
14.757812
-0.12255859
-0.13818359
-0.72558594
1.2880859
-0.18811035
14.828125
9.28125
15.765625
-0.88769531
14.3125
2.96875
-0.59716797
-1.5585938