0.20202637
0.39697266
-0.29931641
-0.21655273
0.1340332
0.36328125
-0.32592773
0.29199219
0.12054443
0.03515625
0.065063477
0.14440918
-0.0051460266
-0.10931396
-0.20800781
0.0073013306
-0.28857422
0.015380859
0.28515625
0.12524414
-0.4074707
0.053985596
-0.18847656
0.15893555
-0.26513672
0.32861328
-0.17028809
-0.28540039
0.029281616
-0.32666016
-0.19763184
0.30419922
-0.26782227
-0.14501953
-0.31323242
0.296875
0.0048446655
-0.02671814
0.022277832
0.25268555
0.12084961
0.10314941
0.40209961
0.26806641
-0.2878418
0.072937012
0.13586426
0.3684082
0.038818359
-0.15869141
0.085510254
0.18688965
0.14099121
-0.14624023
-0.12670898
0.31225586
0.11431885
0.38842773
0.33886719
-0.064758301
-0.058563232
-0.27661133
-0.14624023
-0.34692383
-0.27148438
0.15563965
0.11157227
-0.30029297
0.12011719
0.28222656
0.036407471
-0.33447266
0.0018987656
-0.24621582
0.36083984
-0.14697266
-0.35327148
-0.32055664
-0.025375366
-0.01574707
-0.18713379
0.023178101
-0.13378906
-0.07421875
-0.37597656
0.13525391
0.23034668
-0.17895508
0.065002441
-0.26245117
0.35766602
-0.26635742
-0.16943359
0.11724854
-0.16967773
0.27734375
-0.19519043
-0.29785156
0.35888672
0.36303711
0.031677246
0.26513672
0.21081543
-0.29541016
0.3527832
-0.13708496
0.0037269592
-0.38061523
0.33496094
0.23522949
0.10925293
-0.4050293
-0.24743652
-0.17004395
0.32348633
0.34521484
-0.029281616
-0.016143799
0.10473633
0.31420898
-0.29907227
0.12780762
-0.00050354004
0.27416992
-0.096252441
-0.011810303
0.26660156
-0.14990234
