-13.125
4.2890625
-23.8125
11.101562
-37.71875
10.265625
0.0
0.0
-9.8125
-1.2841797
-19.125
-0.69677734
-28.96875
-6.6523438
0.0
0.0
-13.125
4.2890625
-23.8125
11.101562
-37.71875
10.265625
0.0
0.0
-9.8125
-1.2841797
-19.125
-0.69677734
-28.96875
-6.6523438
0.0
0.0
-13.125
4.2890625
-23.8125
11.101562
-37.71875
10.265625
0.0
0.0
-9.8125
-1.2841797
-19.125
-0.69677734
-28.96875
-6.6523438
0.0
0.0
-13.125
4.2890625
-23.8125
11.101562
-37.71875
10.265625
0.0
0.0
-9.8125
-1.2841797
-19.125
-0.69677734
-28.96875
-6.6523438
0.0
0.0
-13.125
4.2890625
-23.8125
11.101562
-37.71875
10.265625
0.0
0.0
-9.8125
-1.2841797
-19.125
-0.69677734
-28.96875
-6.6523438
0.0
0.0