-0.004902
-0.045532
0.055298
-0.009415
0.050476
-0.003162
0.002213
0.001271
-0.040131
0.018875
-0.029282
-0.025635
0.057281
0.063171
0.006954
0.050049
0.066345
0.016571
0.084839
0.068665
-0.078064
-0.094604
0.023773
0.048065
0.068970
-0.025925
-0.026001
0.015251
-0.030869
-0.002665
-0.043243
0.066711
-0.057617
0.009415
0.041718
-0.080994
-0.025833
-0.013580
0.041321
-0.009621
-0.069275
0.080139
-0.073486
0.033478
0.082703
0.085876
0.078674
-0.057678
-0.050140
-0.013847
0.047821
0.034851
-0.036377
0.012939
-0.063721
0.074158
-0.053406
-0.034668
0.065430
0.018555
0.079895
-0.028641
-0.033081
-0.008339
0.043243
-0.055298
-0.016495
0.047394
0.085938
0.071655
-0.012207
0.007973
-0.030838
0.034851
-0.023895
0.055298
-0.013184
0.079346
-0.021103
0.023651
-0.025055
-0.025330
0.022339
-0.031799
-0.044586
-0.076660
0.064270
-0.015060
-0.031067
0.060211
-0.044342
-0.003763
0.053467
0.056732
0.017197
-0.024399
-0.091064
-0.084473
-0.053284
-0.052185
-0.012436
0.079529
0.017242
-0.003141
-0.035645
-0.060669
0.036804
-0.008492
-0.014870
-0.037750
-0.029602
-0.028076
0.079712
-0.061371
0.076172
-0.089722
-0.019394
-0.055969
0.029205
-0.065430
0.056549
0.034760
0.032745
0.032440
0.050507
-0.008255
0.075684
-0.007076
-0.005047
0.021149
-0.042419
0.018875
0.049866
-0.043884
-0.060577
-0.025101
0.042633
-0.007004
0.046112
-0.064270
-0.004406
0.014175
-0.005680
-0.024139
-0.039764
0.048035
-0.056702
-0.023560
0.009857
0.089783
-0.078369
-0.023453
-0.096375
-0.053986
-0.083069
-0.073059
-0.057220
-0.011017
-0.002760
-0.001390
0.081543
-0.012917
-0.041809
0.049652
-0.091736
-0.052490
-0.023972
-0.027191
-0.013885
0.009377
-0.015099
-0.001945
0.013435
0.012238
-0.089783
0.078552
-0.020828
-0.008148
0.067566
0.063843
0.075317
-0.018356
-0.080200
0.075195
-0.071228
-0.062683
-0.063782
0.025818
-0.051605
0.027832
-0.041473
0.058746
-0.067932
-0.087830
0.033691
-0.037750
0.034760
-0.020264
-0.025070
-0.036011
-0.025772
-0.062683
0.035553
-0.036743
0.000845
0.002085
-0.023300
0.022018
-0.043427
0.043610
0.060547
-0.040070
0.017212
-0.012810
-0.010757
0.055389
-0.069031
-0.059296
0.022736
0.023483
0.051971
-0.016541
0.038757
-0.050262
0.079773
0.079468
0.011902
0.067932
0.083313
-0.056915
-0.071289
-0.068604
0.026901
0.050812
-0.046936
0.005241
0.014732
0.067993
0.055176
0.043091
0.049591
-0.042175
0.081055
0.024536
0.061523
-0.004925
0.007080
0.034393
-0.071655
-0.013237
-0.033630
-0.084167
-0.030411
-0.070129
0.057098
0.050537
-0.077515
-0.061310
0.052277
0.052002
-0.048004
0.019028
-0.018845
0.025055
-0.075012
0.053680
-0.035583
0.019577
-0.017487
-0.048706
-0.078735
-0.004299
-0.088379
0.042999
-0.014732
-0.053955
-0.026749
0.034027
-0.055603
-0.021637
-0.006584
-0.052277
-0.060852
-0.082336
-0.069458
0.049561
0.036346
0.011871
0.035828
0.028778
0.001398
-0.035004
-0.087463
0.054626
-0.084717
-0.030090
-0.036591
-0.018723
-0.023041
0.060974
0.072021
-0.042999
-0.067139
0.020203
-0.087097
0.022324
-0.017929
0.072083
0.032837
-0.062286
-0.089539
-0.038666
-0.090759
-0.045502
0.003321
-0.069275
0.016785
0.042358
-0.058044
0.041260
0.024506
0.026108
-0.057922
-0.080505
-0.000009
-0.016647
-0.019806
-0.044098
0.036804
0.068542
-0.081726
-0.038757
0.077881
0.054413
-0.070740
0.005093
0.044495
-0.078613
0.029449
-0.033997
-0.005394
0.051575
0.071594
-0.072571
0.044861
0.011414
-0.006649
0.081543
-0.060089
-0.025467
-0.053680
-0.001399
-0.095276
-0.000811
-0.069458
0.094238
0.073914
-0.094482
0.042938
0.019379
-0.073364
-0.055328
0.000112
-0.039154
0.037933
-0.006901
0.021835
0.006332
-0.079712
0.008530
0.035339
-0.056793
-0.041199
0.031860
0.030396
-0.038269
-0.004868
-0.018814
0.083374
-0.034424
0.067017
-0.029129
0.002037
0.052917
-0.012039
-0.106873
-0.057648
0.048859
-0.085388
-0.064575
-0.047546
-0.018906
-0.045441
-0.036560
0.043518
-0.020508
0.019180
0.017731
-0.043579
-0.043213
0.017212
-0.086487
-0.010475
0.075195
-0.005051
0.045929
-0.030884
-0.029648
0.042877
-0.055603
0.080505
-0.066895
-0.001698
0.004200
-0.055450
-0.036407
0.024887
0.087646
0.010208
0.009590
0.029785
0.067444
-0.100891
0.062378
-0.023514
-0.034027
-0.060608
0.021301
-0.032654
0.013519
-0.017868
-0.040039
0.000515
0.022751
-0.024719
-0.068481
-0.020828
-0.029327
-0.031708
0.016617
0.002117
-0.054901
-0.017731
0.038757
0.052216
-0.072388
0.007721
0.040344
-0.051605
-0.058960
0.035492
-0.062012
-0.033630
-0.032959
-0.016235
-0.048492
0.049530
0.057678
-0.085022
-0.045898
-0.056854
-0.021210
-0.039490
0.057068
0.042816
-0.049805
-0.023254
0.067139
-0.107117
-0.020981
0.009216
-0.013405
0.076172
-0.058563
0.020477
0.061920
-0.022003
0.026840
-0.055511
0.066406
0.045898
-0.012550
0.000001
-0.010719
-0.041168
0.074463
0.071716
0.014923
0.025116
0.009254
-0.030685
0.011848
-0.029892
-0.075623
-0.021011
-0.073303
-0.043610
0.043945
0.024841
-0.091309
-0.089966
0.034698
-0.037598
-0.086731
0.000842
-0.058136
-0.008820
-0.094299
0.025360
-0.023605
0.008926
0.067444
-0.055115
0.034576
0.016113
-0.060150
-0.002550
0.083557
0.006115
-0.009682
0.023376
-0.088196
-0.065186
-0.010971
-0.047760
0.053436
0.054626
-0.037170
-0.075439
0.057922
-0.036804
-0.094482
0.087036
0.056885
-0.013786
0.065613
-0.041595
-0.066040
0.001614
-0.049988
-0.048035
-0.049286
0.053314
0.073364
-0.057281
0.028000
0.049377
-0.002914
0.073792
0.066223
-0.024994
-0.035004
-0.003328
0.026047
0.043396
0.073364
0.036743
-0.000111
0.069092
-0.086670
-0.001037
0.011177
-0.055878
0.070923
0.079651
-0.008476
-0.020218
0.094971
0.025482
-0.069641
0.029099
0.074341
-0.048309
0.005692
-0.030045
0.041901
-0.006172
-0.052338
0.033875
0.041290
0.000170
-0.036621
-0.013374
0.045959
0.087830
-0.031830
0.049713
0.052429
-0.020447
-0.065674
0.087280
-0.020111
-0.002840
0.053589
0.077698
0.015656
0.012306
0.082581
-0.028152
-0.072571
-0.052612
0.007526
0.076599
-0.088623
-0.030167
-0.086487
-0.000025
0.026657
-0.038116
0.062866
0.001828
-0.045349
0.018860
0.043640
0.074341
0.084412
0.052856
-0.038940
-0.012306
-0.014977
0.013809
-0.046753
-0.064514
-0.085510
-0.019577
0.098328
0.016083
-0.046936
-0.073792
-0.085754
-0.006081
0.061798
-0.043182
-0.016937
-0.055664
0.062805
-0.050171
0.095093
-0.044159
0.016357
-0.022293
-0.055847
-0.017776
0.056976
-0.028122
-0.034790
0.074402
-0.066223
0.057129
0.029587
0.050659
-0.064758
0.057556
-0.035370
-0.030975
0.032318
-0.019989
0.042419
-0.065247
-0.060638
0.072998
-0.052124
0.030777
-0.029968
0.055664
0.058228
-0.077637
0.058075
0.067566
0.039795
-0.070435
0.042908
-0.029709
0.083252
-0.090149
0.009377
0.051819
0.045197
0.026260
-0.018463
0.027100
0.088806
0.080505
0.052490
-0.000939
0.060028
0.008209
0.048676
0.044983
0.054810
-0.074646
0.056000
-0.044189
-0.050842
0.052185
0.047546
-0.046875
0.023209
-0.058014
-0.047119
0.019958
0.077026
0.072510
-0.039520
-0.066956
-0.078247
-0.043671
-0.045929
-0.024216
0.018311
-0.024414
0.002195
0.014931
0.026535
-0.075012
-0.036194
0.019897
-0.026505
-0.018066
0.013718
-0.067688
-0.076111
0.037292
-0.054626
-0.029861
0.084106
-0.000694
0.086487
-0.060913
-0.009361
-0.036163
0.054321
-0.059174
0.043884
0.004997
0.023361
0.069092
0.074341
-0.074280
0.041534
-0.028046
-0.002335
0.021698
-0.052856
0.059326
0.017776
-0.081848
0.008759
-0.056763
-0.026123
0.043213
0.022079
-0.018417
-0.030975
-0.061829
-0.009041
-0.027634
-0.005688
0.050781
-0.054199
-0.043121
-0.080200
0.009338
0.029602
0.018387
-0.075867
-0.050812
-0.049591
0.049530
-0.025360
-0.089233
0.061707
0.029922
-0.092224
0.086670
-0.037170
0.025742
0.067383
0.063354
0.042480
-0.023941
-0.079102
-0.075256
0.054199
-0.019638
0.063599
-0.044952
-0.028534
-0.064636
-0.076538
0.074341
-0.082031
0.041168
0.056122
-0.061340
0.000978
-0.017853
-0.039368
-0.063232
-0.073120
-0.085510
-0.054932
0.038849
0.078979
0.064880
0.013680
-0.060822
-0.003080
0.102295
-0.100098
0.061401
-0.038086
-0.035095
0.026749
0.062744
-0.045135
0.045410
0.063232
0.094543
0.010696
-0.090332
0.047638
-0.003103
0.015762
-0.027100
-0.019379
-0.000927
0.062103
-0.013542
0.054474
-0.087219
-0.052094
0.005085
-0.010193
-0.008690
-0.013809
-0.063965
-0.054230
0.030289
-0.036438
0.005558
-0.051025
0.061005
0.066040
-0.078125
0.042297
-0.045074
0.079041
0.030945
0.084595
0.067261
-0.012932
0.006077
-0.056519
-0.041046
0.032654
-0.020813
-0.003635
-0.080322
-0.025742
-0.088989
0.032013
-0.085571
0.096985
-0.013161
-0.076904
0.005577
0.072876
0.042542
-0.018890
0.025452
-0.055908
0.065857
0.034210
-0.063660
-0.083313
-0.026123
-0.042694
-0.006039
0.024918
0.049347
-0.050995
-0.084167
-0.020126
-0.016113
0.072998
-0.098999
-0.032654
-0.049011
-0.028305
0.047546
-0.003654
-0.064148
0.067078
-0.060883
0.060760
-0.056458
0.043335
0.096375
-0.023727
0.006538
0.018097
-0.083557
0.045593
-0.067871
-0.073792
0.077515
-0.076477
0.028046
0.020828
-0.044617
-0.082397
-0.092590
0.007526
0.073486
0.084778
0.007088
0.074158
-0.003035
-0.005756
0.033966
-0.072021
-0.005337
0.022049
-0.010040
0.055969
0.074585
0.046478
0.015236
0.050293
-0.089294
-0.077820
0.096313
-0.096191
-0.054840
0.033447
-0.047821
0.060059
-0.032501
0.032166
0.007744
-0.038971
0.093262
0.069214
-0.059845
0.095337
-0.082336
-0.008049
-0.014122
0.018097
-0.080811
0.005726
0.027176
-0.002827
0.049530
0.016144
-0.061920
0.059235
0.070923
0.070923
0.035095
0.008942
0.020004
0.085144
0.018784
-0.024704
-0.049469
-0.020691
-0.003963
0.049927
-0.004520
0.056641
0.032745
0.086304
-0.013649
-0.056763
0.032166
0.017197
0.051117
0.002302
0.081543
0.047241
0.053589
0.035797
0.006786
-0.050323
-0.013939
-0.047760
0.043793
-0.014519
-0.002296
-0.027588
0.053284
0.048859
-0.045410
-0.045074
-0.085876
0.047455
0.005165
0.055969
0.062439
0.043579
-0.033478
0.082947
0.017426
-0.075928
-0.062683
0.102844
0.063660
-0.073120
-0.053436
0.114746
-0.069458
-0.003067
0.022598
-0.118713
-0.025345
-0.017349
-0.064331
-0.040802
0.092712
-0.004456
-0.061096
0.022141
-0.031464
-0.018921
-0.081360
-0.064880
-0.002913
0.067383
0.006096
-0.075439
0.065369
-0.049988
0.031738
0.072449
-0.028946
-0.095459
0.030899
0.050781
-0.071289
-0.060211
0.101135
0.062561
0.038605
-0.078308
0.057800
-0.071655
-0.003555
0.045593
0.055450
0.006287
0.055542
0.065857
0.062042
-0.050568
-0.088745
0.002071
0.060242
0.019012
0.032440
-0.022125
-0.062347
0.066711
0.062073
-0.024170
0.019760
0.051971
-0.056702
-0.005909
-0.065430
-0.057770
0.016174
0.006058
-0.083069
-0.047455
0.002628
0.004093
-0.068237
-0.028046
-0.057434
-0.014481
-0.032471
0.041077
-0.096863
-0.042084
-0.039673
0.036926
0.019455
0.016525
0.077454
0.074951
0.054535
-0.005432
0.003313
0.059326
-0.046448
0.003416
-0.070251
-0.006256
-0.026199
0.011536
-0.053497
0.061584
-0.019318
-0.012680
-0.026398
0.029694
-0.016769
-0.009300
0.038025
-0.086853
-0.026520
0.063599
0.015305
0.002750
-0.052277
0.018158
-0.033966
-0.065735
0.016174
0.041534
0.071106
-0.055145
-0.011002
0.080139
0.072144
-0.074829
0.039337
0.034760
0.027725
0.046448
-0.081726
-0.009384
0.045227
-0.072815
-0.073975
0.026138
0.039093
0.050201
0.082642
-0.066223
-0.008911
-0.044312
0.020615
0.008728
0.087158
0.064331
0.020752
-0.082214
-0.078430
-0.037201
0.048981
0.083618
0.055542
-0.070923
-0.008781
-0.021347
0.076477
-0.000757
0.051361
-0.056641
0.007183
0.082458
0.074951
0.086182
-0.025314
0.077454
-0.037384
0.035278
-0.053497
-0.031281
-0.005413
-0.026260
0.067505
0.023178
0.053802
0.057404
0.043671
0.074463
0.050018
-0.002260
0.062866
0.004520
0.015961
-0.011147
0.087097
0.059113
0.012215
-0.089233
-0.021835
-0.039856
-0.019028
0.025818
-0.071045
-0.012650
0.042877
-0.089478
0.054504
-0.019180
0.093750
0.037323
0.051361
0.041656
-0.038055
0.050415
-0.076477
-0.071899
-0.028305
-0.003706
-0.001071
0.020660
-0.063110
-0.021393
-0.063477
-0.076050
-0.012817
-0.064575
-0.029602
0.040466
0.008331
-0.073547
-0.001618
0.046906
-0.089661
-0.034882
0.030243
0.014107
0.021774
0.015076
-0.049774
-0.002443
-0.005375
0.057648
-0.034302
0.010834
0.041595
0.032928
-0.020432
0.075195
-0.055573
0.059174
-0.064880
0.059143
-0.018478
0.053497
0.081177
0.011772
-0.041382
0.094666
0.092224
0.076111
-0.017715
-0.009872
-0.032532
-0.044128
-0.026611
-0.036804
-0.015114
0.075928
-0.031677
-0.022232
-0.011383
-0.013412
-0.088440
-0.075134
0.059296
-0.056824
0.031708
0.004604
-0.071594
-0.100403
0.011360
0.091919
-0.021057
-0.033844
-0.010971
-0.010742
-0.023849
0.066772
0.010918
0.010262
-0.007229
-0.070557
-0.004139
0.050568
0.038483
-0.033844
0.057007
0.009315
-0.006943
0.067322
-0.054230
-0.037262
-0.092651
-0.012375
0.063599
0.066589
0.000401
-0.006641
0.017593
0.015930
-0.066956
-0.008636
0.054108
-0.040619
0.022614
-0.082886
0.068542
-0.006535
0.041504
0.033661
-0.000090
0.031921
-0.003235
-0.097290
-0.006390
0.033783
-0.060089
0.052704
-0.051697
0.068604
0.047668
0.024612
-0.003265
-0.026031
0.013077
0.021927
0.064758
-0.066345
0.019791
-0.034149
-0.040833
-0.064209
0.035126
0.050720
0.024323
0.073975
0.045624
0.004452
0.007217
0.008057
-0.080078
-0.024139
-0.094543
0.026260
0.024689
-0.045837
-0.076599
0.056244
-0.036560
0.019135
0.035187
-0.087463
-0.065063
-0.078979
0.041290
0.103821
0.046967
0.054260
0.031921
0.005737
0.045898
0.044495
-0.000939
-0.066833
0.025467
0.037384
0.039368
-0.063904
0.009361
-0.111450
0.000514
-0.009743
0.074707
-0.058441
0.060822
0.052734
-0.080872
0.021255
0.086121
-0.054718
-0.020782
-0.072571
0.049500
-0.024094
-0.037781
-0.085815
0.043304
-0.087402
-0.025665
0.043915
0.074463
-0.018341
0.027725
0.000512
-0.019897
0.034668
-0.064453
-0.049500
-0.014496
-0.011147
-0.032379
0.047791
0.000143
-0.005508
0.065796
0.083557
-0.040955
0.046082
0.121094
0.016861
0.006905
-0.088196
0.147461
-0.062744
-0.030563
-0.046112
-0.046570
0.044952
-0.098206
-0.086365
-0.069824
0.030884
-0.063965
-0.043274
-0.048157
-0.086060
-0.036835
-0.108032
0.073669
0.083618
0.075134
0.006184
-0.041565
-0.038177
0.076050
0.067139
-0.092102
0.018082
0.053650
-0.033783
-0.059814
0.021240
0.012169
0.033112
-0.070129
-0.083801
-0.024750
-0.072144
0.080872
-0.038269
-0.021866
-0.067505
0.025665
0.070923
0.063599
-0.000734
-0.003294
-0.089172
0.063354
-0.007454
0.027786
-0.046265
0.008972
0.016113
0.048981
0.053345
0.036987
0.028519
0.063782
0.034180
0.066589
-0.019608
-0.038940
-0.009613
-0.093872
-0.091248
0.013123
0.077698
-0.058105
0.047943
0.076050
0.084229
-0.093933
0.009789
-0.042938
0.016434
-0.016342
-0.002005
-0.020721
-0.051086
0.046539
0.010422
-0.006866
0.061157
-0.041626
-0.074158
-0.065674
-0.077698
-0.037354
0.076050
-0.047211
0.048187
-0.012047
0.021973
0.047638
0.080444
0.016541
-0.064758
-0.026566
-0.093994
0.022293
0.073792
0.039429
-0.073914
-0.047028
-0.063354
0.075623
0.047211
-0.000605
0.074951
-0.059052
-0.064209
-0.053497
0.085938
-0.049377
-0.022812
-0.043854
-0.030014
0.077881
0.052155
-0.033752
0.079468
0.103882
0.004738
0.018890
-0.073425
0.011108
0.004543
-0.041992
0.041229
0.047485
0.081787
0.020294
-0.011307
-0.061035
-0.016968
0.013649
-0.007095
-0.081848
-0.061127
-0.092041
0.001607
-0.065613
0.064026
-0.078613
-0.059052
0.006931
0.020523
0.019058
0.057983
-0.004509
0.055267
-0.029709
-0.094666
0.027222
0.090576
-0.075378
0.087097
-0.089600
0.030655
0.066467
-0.060852
-0.084839
-0.035278
0.049530
-0.034485
-0.034973
0.030746
0.058624
0.042572
0.022263
0.038513
-0.030502
-0.042999
0.039734
-0.095764
-0.063049
0.050079
0.057373
-0.038666
-0.045929
0.014755
-0.091125
-0.076355
0.039276
-0.059875
-0.025208
0.044556
0.004002
0.082825
-0.011292
0.041351
0.025620
0.071350
0.067688
-0.008881
0.037598
-0.027283
0.069031
-0.021881
0.078247
-0.003109
-0.003357
0.008087
0.019012
0.058868
-0.074829
0.006989
-0.066162
0.038422
-0.038879
0.047760
-0.007957
0.015823
-0.011391
0.063171
0.063354
0.056763
-0.004528
-0.014420
0.017120
0.005737
0.008438
0.084229
0.088989
-0.069885
-0.011040
0.075439
-0.000881
-0.095337
-0.041992
-0.048096
0.009071
-0.078857
-0.049316
-0.026733
-0.058441
-0.062378
-0.013046
0.029007
0.076721
0.070923
0.081848
-0.015221
0.003555
-0.029083
0.068237
0.064758
-0.043762
0.011505
-0.027298
-0.016479
0.028030
-0.102966
0.034058
-0.020340
-0.021683
0.011116
-0.015930
-0.107849
0.057007
-0.052704
0.004669
-0.017395
0.075073
0.031555
0.038544
0.013016
0.019699
0.008072
-0.039581
-0.012833
0.041840
-0.032104
-0.004753
0.097778
0.012657
0.084656
-0.025620
0.041168
0.033051
0.017883
-0.075134
-0.036835
0.038727
-0.033051
-0.082886
-0.029938
-0.110840
-0.025452
-0.083008
-0.005852
0.035339
-0.003195
-0.042725
-0.047577
0.004154
0.036530
0.040588
0.028976
-0.014297
-0.055725
-0.044220
0.071045
-0.115845
-0.048126
-0.074646
-0.034821
0.058105
0.047821
-0.003998
-0.013489
0.138672
-0.007145
-0.056061
0.041534
0.007572
-0.112427
-0.024872
-0.064087
-0.008080
-0.035370
0.023911
-0.066284
-0.002176
0.073059
-0.091675
0.013809
-0.021103
-0.069397
0.102600
0.014984
0.097046
-0.009270
-0.008072
0.016327
-0.058777
0.013527
-0.121094
0.095703
-0.049347
-0.049347
-0.095276
0.058655
0.057434
-0.029007
-0.030685
-0.054749
-0.006691
-0.003494
-0.101929
0.093018
0.089050
-0.073669
-0.017166
-0.031433
-0.002010
0.061646
0.012001
-0.064514
-0.005741
0.016449
-0.057220
0.011520
-0.054626
-0.045410
-0.009483
0.049042
-0.066467
0.051849
-0.067932
0.094971
0.047638
-0.015671
-0.016312
-0.079346
-0.032623
0.026413
-0.005161
-0.022354
0.067566
-0.027512
-0.075623
0.088013
-0.060669
-0.068359
-0.025208
-0.075073
-0.036835
0.017441
0.066162
-0.090942
0.006096
-0.034180
-0.042511
0.019531
0.078003
-0.027924
0.050995
-0.003901
0.019989
0.006050
0.009293
0.017441
-0.010376
-0.000181
0.023819
-0.041931
-0.068115
0.023727
0.077759
0.071594
-0.064941
-0.026413
0.027283
-0.094055
-0.020569
-0.090942
-0.067444
-0.044556
-0.087341
-0.063110
-0.073425
-0.040680
-0.069275
-0.055664
-0.067505
0.059479
0.058044
0.012352
0.055267
0.039215
-0.050934
-0.040710
-0.021912
0.006798
0.028152
-0.049500
0.033203
-0.072266
0.053558
-0.085510
0.049652
0.055847
-0.076233
0.026184
-0.007732
-0.027252
-0.019302
-0.073242
0.016678
-0.039124
-0.084106
-0.050232
0.074280
-0.039612
-0.028854
-0.084412
0.016754
0.034790
0.064392
0.033844
-0.018738
-0.070984
0.072083
0.017181
-0.010300
0.089050
-0.028610
0.020782
-0.026413
0.031281
-0.030136
-0.074829
-0.032104
0.039642
0.032593
-0.062042
0.006966
-0.012955
-0.057190
-0.081055
-0.051544
-0.017929
0.064270
0.015465
-0.046478
-0.064270
0.045807
0.029160
0.029724
0.061859
0.009270
0.021576
-0.051971
0.066345
-0.091553
-0.069336
-0.070435
0.060150
-0.055573
0.026978
0.019241
-0.043732
0.022934
0.056305
-0.048187
-0.087280
-0.088135
0.024139
0.025604
-0.004025
0.005402
0.067444
0.057281
-0.064941
0.071960
-0.026840
-0.052551
0.013115
0.094482
0.056824
-0.067139
-0.008270
0.063171
-0.092041
-0.035461
-0.071106
-0.085388
-0.056732
-0.004692
-0.026871
0.060730
-0.073364
0.035431
0.037689
0.054413
0.032288
-0.028183
-0.061981
-0.038452
-0.080627
0.047791
-0.003784
-0.041931
0.076355
-0.031738
0.022461
-0.034546
-0.051544
-0.042358
-0.023163
-0.064575
0.061096
0.036163
-0.018829
0.071228
-0.080627
0.060638
-0.090393
0.005543
0.048370
-0.093506
0.013672
0.047729
-0.080750
0.074768
-0.068359
-0.013313
0.067017
0.010307
-0.021530
0.082214
0.039368
0.025620
0.071350
-0.048126
-0.032776
-0.079834
-0.071838
0.042206
-0.012154
0.020569
-0.041412
-0.003559
-0.049225
0.015274
-0.079468
0.031586
0.012840
0.038544
0.025940
-0.034943
0.055908
0.030182
0.071289
-0.054718
0.077087
-0.006474
0.040802
-0.063110
0.028992
-0.036652
0.049072
0.015884
-0.083008
0.054718
-0.070435
0.045898
0.000508
-0.013008
0.050598
-0.045990
0.004177
0.023193
0.043030
-0.009621
0.080383
-0.081482
0.054626
0.065491
0.054565
0.056580
0.001544
0.033356
0.058929
0.025269
0.052643
-0.013802
-0.101074
-0.014580
0.054077
0.024490
-0.051758
-0.078003
0.008148
-0.034027
0.027100
-0.019592
0.028946
0.035217
-0.000670
-0.074341
-0.094727
0.052704
-0.050568
0.073120
-0.050568
0.079712
-0.004578
-0.011559
-0.016556
-0.006596
-0.074402
-0.016235
0.092468
0.034149
-0.023666
-0.018005
-0.036346
-0.041504
-0.051788
0.057343
0.042236
0.038666
0.001752
0.052704
0.011086
-0.086792
0.025085
-0.006134
-0.038422
-0.048126
0.045074
-0.043793
0.022095
0.059509
0.058289
0.017838
-0.057190
0.021286
-0.085449
-0.057526
-0.085999
0.008568
-0.047302
-0.064575
-0.004860
0.075623
0.044647
0.083679
-0.020554
0.069153
0.068848
-0.011780
-0.000242
-0.024460
0.080017
0.058533
-0.042786
0.061584
0.043091
-0.072266
-0.021637
-0.036407
0.022583
-0.048584
-0.073303
0.029480
0.016235
-0.019974
0.052917
-0.019714
-0.065369
0.031372
-0.010597
-0.006142
-0.025009
0.053772
-0.025269
0.015717
-0.040619
-0.061310
-0.050415
0.033478
0.000024
-0.062073
0.093811
-0.030762
0.076843
-0.064087
0.041290
0.069031
-0.082520
-0.037842
0.022125
-0.048096
-0.029892
-0.060364
-0.002726
-0.037323
0.035980
0.066833
-0.038330
0.026443
-0.037170
0.016327
0.047211
0.040100
-0.018387
-0.029984
-0.069580
-0.023666
-0.061523
-0.024460
-0.043671
-0.083069
-0.035339
-0.028183
-0.035828
-0.080872
0.082886
-0.006569
0.056030
-0.027420
0.013039
0.089111
-0.011192
0.076172
-0.042328
-0.073853
0.030228
-0.068359
0.011406
-0.008026
0.016373
-0.021271
-0.030319
-0.050293
-0.037231
-0.091614
0.046173
-0.040436
-0.029755
-0.058075
-0.035004
0.038818
0.004677
-0.062164
-0.002069
-0.055328
0.044250
0.048279
-0.060852
0.071289
0.082275
-0.065308
0.054047
0.041534
0.083496
0.075867
-0.068298
0.035095
-0.030731
0.019073
-0.007690
0.001708
0.037689
0.014832
0.079956
-0.037994
0.065369
-0.027588
0.035339
0.027557
0.043701
-0.026764
0.032074
-0.068665
-0.029282
-0.013649
-0.010384
0.054047
0.039459
0.005066
0.009476
-0.045197
-0.020584
0.043915
-0.036133
-0.063599
0.078064
0.080261
-0.047760
-0.031097
-0.075989
-0.000930
-0.012535
-0.019897
0.025482
-0.052124
0.013863
0.048553
0.052795
0.006104
0.047760
-0.024094
-0.086670
-0.072327
-0.011803
-0.018570
-0.056427
-0.017029
0.019806
0.079285
0.052673
-0.043488
-0.040344
0.007034
-0.057587
-0.008049
-0.024414
-0.076782
0.078857
0.046906
0.062988
0.068665
-0.071960
0.082825
0.040955
-0.053833
0.067871
0.056000
0.022720
-0.088684
0.010551
-0.008766
0.062988
-0.075684
-0.030640
-0.039307
-0.067566
0.082947
-0.008965
0.003134
0.007988
0.072021
-0.042480
0.022217
0.046936
0.017990
0.058899
-0.000435
-0.040466
-0.081604
-0.058929
0.054810
-0.046631
-0.013222
-0.001374
0.082642
-0.089844
0.070557
0.051361
0.036499
-0.018219
0.022858
-0.059326
-0.081665
0.053131
-0.012978
-0.086365
-0.044159
-0.036499
0.010460
0.082336
-0.014481
-0.080872
0.044861
-0.013306
-0.043671
-0.041779
0.033539
-0.025192
-0.020645
0.055176
0.011993
0.029327
-0.051239
0.018768
0.094971
-0.088440
-0.016846
-0.085083
0.028366
-0.029678
0.063721
0.032837
0.024567
0.081848
0.005268
0.062805
-0.069580
0.039093
-0.045624
0.050476
0.064819
0.031525
-0.063599
0.072815
-0.091125
-0.020111
0.042114
0.021515
0.061340
0.059357
-0.052826
-0.023788
-0.018616
0.067810
0.061035
-0.074524
0.003023
0.060272
0.038208
-0.041168
0.014069
-0.071533
0.080627
0.033630
0.014404
-0.029541
-0.036438
0.049835
0.026596
-0.047394
0.047089
0.038361
0.044373
-0.073792
0.006939
0.034485
-0.042145
0.012306
0.009453
-0.084412
-0.017120
-0.018707
0.022232
0.014252
-0.021759
-0.090393
-0.005863
0.090454
0.024185
-0.020630
-0.044189
0.060730
0.080750
-0.065735
0.026947
-0.043488
-0.056274
0.033478
-0.028259
-0.057587
0.012383
0.083557
-0.058594
0.034241
-0.069458
0.016754
0.040527
-0.067139
0.060181
0.076111
-0.064697
0.002230
0.012703
-0.017319
-0.047943
-0.041962
0.087097
-0.043610
0.042786
-0.069946
0.079529
0.025162
0.006165
0.037354
-0.040894
0.079102
-0.062134
-0.012199
0.087585
-0.056976
0.041168
-0.051147
0.039093
-0.065186
0.042725
0.062561
0.020187
0.079285
0.094788
-0.052124
-0.041351
-0.063843
-0.048401
-0.011475
0.068787
0.064392
0.080383
0.044037
-0.012939
-0.000581
-0.084290
-0.055695
-0.097473
-0.006989
0.019592
0.004345
0.070862
0.040192
0.063477
0.152588
0.052979
-0.045502
0.050171
0.018570
0.021881
0.024658
0.044861
0.059845
-0.044739
-0.028336
0.055206
-0.059479
-0.090576
0.032990
0.001970
-0.006805
-0.088440
0.040100
0.089050
-0.039093
-0.018478
0.064880
-0.000432
0.061249
-0.028580
-0.113342
-0.054169
0.044373
0.074768
0.066528
-0.082825
0.031158
-0.038239
-0.018051
-0.052948
0.062805
0.023422
-0.080017
-0.067932
0.017273
-0.098083
-0.004494
-0.028519
-0.090271
-0.024551
-0.070374
0.082642
-0.063660
-0.006737
-0.038513
-0.011566
0.006039
-0.103210
0.011169
0.098999
-0.111267
-0.082703
-0.015450
-0.077515
0.020691
-0.047729
-0.064392
0.016464
0.045502
0.005558
-0.036011
0.004601
0.009651
0.019043
0.085510
-0.121155
-0.063110
-0.043365
0.102600
0.034973
0.014900
0.060486
-0.105957
0.080200
0.093994
0.040558
0.046509
-0.051422
-0.043671
0.018265
0.043976
0.063293
0.027069
0.047241
-0.067627
0.080872
0.013939
-0.052948
0.016815
-0.069885
0.010185
0.017014
0.053955
0.045105
-0.023575
0.056427
0.078186
-0.066772
0.040955
-0.010063
-0.047760
-0.018173
0.019836
-0.065979
-0.037415
-0.031677
0.089294
-0.011429
0.062683
0.044067
0.037994
0.077942
0.037628
0.001478
-0.013351
-0.058380
-0.017944
0.027969
0.074402
0.075378
0.052643
0.078125
-0.002417
0.064209
0.045105
0.057343
0.037598
-0.034790
-0.088196
-0.062500
0.033691
0.041870
-0.074158
0.023712
0.076782
0.069702
-0.066589
-0.038239
0.062317
-0.067505
0.001695
-0.028473
-0.012886
-0.051727
-0.081909
-0.034943
-0.029770
-0.027435
-0.006886
-0.041168
-0.037720
0.047913
0.059296
0.091187
0.085571
0.002785
-0.002342
0.052734
-0.038025
0.018234
-0.061615
0.023483
-0.067688
-0.035858
-0.027847
-0.002846
-0.050568
-0.077942
-0.026672
-0.064026
0.032867
0.057709
0.030853
-0.085327
0.035828
-0.017380
-0.079224
-0.026901
0.012375
0.030807
0.047607
0.022400
0.088379
0.067444
-0.022827
-0.049957
0.045410
-0.020477
-0.052643
-0.058167
0.020844
-0.021011
0.007332
-0.054779
0.045868
-0.003010
0.029648
-0.030670
0.055511
-0.043884
-0.058990
-0.017212
0.057129
0.033813
-0.008453
-0.019348
-0.092529
0.003323
0.069824
0.033752
-0.010933
0.057709
-0.035187
-0.081787
0.034210
0.028717
-0.087524
-0.013390
0.059540
0.046783
0.004345
0.046204
-0.092712
0.023651
-0.033051
0.051239
-0.036682
-0.032410
-0.042084
0.061829
-0.086975
0.028809
-0.035461
0.048401
-0.089478
-0.084839
0.050354
-0.037781
-0.069092
-0.007404
0.148193
0.026260
-0.013496
-0.080261
-0.087219
0.070862
0.005165
-0.033691
-0.046967
0.066589
-0.051361
0.021744
-0.039948
0.036194
0.023758
-0.039429
-0.098083
0.078308
0.038300
0.061615
0.000412
0.016251
0.061462
-0.080078
0.080994
-0.033295
0.004139
0.040466
0.027832
-0.043579
-0.083618
0.032104
-0.031235
-0.061279
0.066162
-0.070557
-0.057526
0.037323
-0.030014
-0.042664
-0.036255
-0.080322
0.017273
-0.082458
0.068726
0.010239
-0.026276
-0.082520
-0.108887
-0.101562
0.051208
-0.043396
0.115417
-0.038330
-0.097656
0.004086
-0.062561
0.041351
-0.038788
0.023468
-0.018372
0.054352
0.051544
0.002544
0.049255
0.051941
-0.111206
0.048828
0.040588
-0.075073
0.066040
-0.066528
-0.050781
0.006794
-0.066711
-0.077576
-0.017929
0.040253
-0.004230
-0.088196
0.038330
0.006245
-0.015976
-0.051239
-0.060425
-0.045410
0.040497
-0.031830
-0.105286
-0.032928
0.084229
-0.014656
0.022797
0.034058
0.039459
-0.069214
-0.086243
0.057526
0.049988
-0.039459
0.015945
-0.027466
-0.032959
0.062805
0.029297
-0.071777
-0.048096
-0.069275
0.093079
0.054596
0.032501
-0.003811
0.006760
0.007835
0.044373
0.080017
-0.059021
-0.066101
-0.006744
0.040466
0.037628
0.036652
0.012604
0.035950
-0.004150
0.016098
-0.029846
-0.036224
-0.039062
0.002640
-0.075134
-0.014877
0.063965
0.040314
0.053925
-0.016983
-0.050720
0.064453
0.047729
-0.080383
0.077209
0.041718
0.022293
0.036285
0.036438
0.051239
-0.033478
-0.065308
0.026077
-0.026581
-0.009827
0.006977
-0.026367
0.035370
0.085999
0.065552
0.072449
0.068176
0.011696
0.080566
0.060089
0.058014
-0.026962
0.070862
-0.080139
0.025909
-0.073608
0.060516
-0.016174
0.031342
0.017517
0.061554
0.066650
0.048889
0.074585
0.039612
0.053558
-0.045380
-0.031525
-0.026138
0.030701
0.039642
-0.014870
-0.081116
-0.034515
0.003868
0.012787
0.059631
-0.004433
-0.056732
-0.043762
-0.015327
0.059967
0.070190
0.064453
-0.047882
-0.049988
-0.019333
0.077942
-0.069214
0.004406
-0.029816
-0.081909
-0.020401
-0.093018
0.031311
0.017349
-0.027634
-0.077942
0.046143
0.058075
0.026917
0.051361
-0.020874
0.065063
0.058838
-0.075378
0.008789
-0.000070
-0.005352
-0.043427
-0.023544
-0.076599
-0.007465
0.023880
0.046051
-0.000585
-0.013359
-0.022446
-0.052032
0.012070
0.029556
-0.025787
0.008568
-0.071777
-0.007828
-0.063232
-0.032104
-0.013390
0.008705
-0.016663
0.021927
-0.048309
0.011635
0.039886
-0.080933
0.053772
0.017288
-0.046936
-0.013405
0.035736
-0.040680
0.026321
0.067078
-0.066162
-0.017426
-0.009727
-0.023849
0.076233
0.010200
0.036499
-0.090820
-0.039795
0.047455
0.057678
0.006042
0.027115
-0.010406
0.036835
-0.100159
0.058624
-0.000805
0.054260
-0.062622
-0.083374
0.084290
0.076111
-0.048096
0.007301
-0.022049
0.055542
-0.017944
-0.069397
0.042450
0.013634
0.064270
-0.083130
-0.005188
-0.001550
-0.063171
0.010780
-0.034027
-0.088135
-0.061249
-0.057831
0.022507
0.014465
0.058044
0.018097
-0.069641
-0.085083
-0.081482
-0.031464
0.073975
0.059814
-0.019211
0.005280
-0.019485
0.032806
0.045166
-0.001033
0.036743
-0.017853
0.037872
-0.088501
0.049896
0.035858
0.065430
0.048767
-0.083069
0.051178
-0.045166
0.052612
-0.079407
-0.027466
-0.067627
0.046051
-0.083496
0.014046
0.052124
0.026917
0.032074
-0.029846
0.051483
-0.000174
0.042145
0.001884
-0.036072
0.002234
0.068726
-0.000655
0.052948
0.000321
-0.069580
0.004066
0.020691
-0.046997
0.017349
-0.093323
0.037628
0.022385
0.080139
0.024429
0.000487
0.055511
-0.043823
0.025055
-0.059692
-0.062561
-0.078613
-0.018082
-0.054169
-0.082886
0.038513
0.033112
0.063477
-0.065308
0.084656
-0.047241
-0.035889
-0.055634
0.019058
0.080627
0.072449
0.074646
0.010719
0.059937
-0.076416
0.070801
0.033142
0.012619
-0.058289
-0.018387
0.081421
-0.052277
-0.081299
-0.065735
-0.059204
0.018723
-0.009346
0.034210
0.037476
0.069946
0.007874
-0.061523
-0.062683
-0.012154
-0.063904
0.006901
-0.054596
-0.000268
-0.082886
0.051758
-0.011971
-0.076660
0.024094
0.074646
-0.051605
-0.080200
-0.094421
-0.067871
-0.002201
0.083374
-0.059540
-0.024185
-0.059601
0.007874
0.036499
-0.052612
-0.038391
0.082764
-0.066650
-0.043091
0.004272
-0.067017
-0.012985
-0.040619
0.037842
-0.082397
0.057709
0.057190
-0.054993
-0.044617
0.065552
0.004692
0.002258
-0.069580
-0.083801
0.016586
-0.022568
-0.083313
-0.014145
0.069214
-0.044952
0.091675
-0.078247
0.012756
0.064453
-0.065186
-0.050873
-0.029175
0.027023
0.063965
-0.036438
-0.026077
0.077209
0.025406
-0.071716
0.037292
0.060455
0.036560
-0.049225
-0.042755
0.055511
0.039734
0.059967
-0.009804
-0.019485
0.008965
-0.063354
0.003254
-0.022156
0.055359
0.008942
0.018555
0.028671
-0.038300
0.076599
-0.015038
0.099731
-0.065369
-0.037384
0.083740
-0.020035
0.013153
-0.007935
0.081055
-0.042175
-0.051483
-0.004189
0.058746
-0.026962
-0.013458
-0.044861
-0.034576
0.117126
-0.077026
-0.053223
0.113953
-0.016510
-0.066956
0.097839
0.078064
0.040009
0.035583
-0.028229
-0.016006
-0.033752
0.068970
-0.066772
-0.082947
-0.053070
0.081909
-0.080688
-0.003494
0.032837
-0.042938
0.012215
-0.028793
0.058136
0.052002
-0.056305
-0.053925
-0.079407
0.000693
0.005318
0.013222
0.045258
-0.036499
-0.002857
-0.053284
0.005493
-0.126221
0.033905
0.038513
0.023422
0.037994
0.034210
0.008850
0.068542
0.072754
-0.058044
0.086792
0.058289
0.036774
-0.011986
-0.093079
0.105774
0.061371
-0.002316
0.096130
0.035370
-0.048004
0.063538
-0.078491
0.038330
-0.073425
0.046814
0.002583
-0.030746
-0.000510
0.095459
0.067322
0.097046
0.023346
0.034332
0.080261
0.063538
-0.076599
-0.071716
-0.048615
-0.005226
0.020325
0.065979
0.091553
0.010704
-0.066895
-0.007256
-0.005817
-0.017929
0.062744
0.045959
0.068665
0.067017
0.093506
-0.038452
-0.075989
-0.086975
-0.056000
0.049438
0.014900
-0.081238
0.051880
0.047913
0.083191
-0.052734
-0.048767
-0.007874
0.013412
-0.029175
-0.061432
-0.036163
-0.037445
-0.031281
-0.073792
-0.021667
-0.028259
0.032471
0.059814
-0.091858
-0.003498
-0.034698
0.008934
0.051239
0.015434
-0.064392
0.070129
-0.003883
-0.041962
0.077087
-0.067261
0.074768
0.070496
0.027740
-0.041626
-0.002892
-0.033630
-0.062744
-0.004280
-0.016266
-0.038757
-0.049042
-0.005772
-0.082947
-0.023346
-0.063965
-0.085449
0.007565
0.005051
0.082947
0.020248
-0.007034
0.043823
-0.022049
-0.046021
0.072998
-0.064209
-0.073242
-0.035858
0.063843
-0.047974
0.056976
0.069336
-0.086121
0.012100
0.065308
0.060211
-0.038086
-0.084534
-0.016693
-0.038330
0.076782
-0.022369
-0.037659
0.007942
0.047424
-0.034821
0.008209
0.057617
-0.050659
0.072327
0.020386
0.069458
-0.031250
-0.110657
-0.083618
-0.039642
0.003771
0.016602
-0.057312
-0.049316
-0.069580
-0.011856
-0.048737
-0.053314
0.070740
0.035767
-0.074402
-0.005600
-0.011726
0.063721
-0.003565
-0.025711
-0.082153
0.037659
-0.000050
0.038635
0.046570
-0.080688
-0.023117
-0.014664
-0.080627
0.035217
-0.023483
0.008728
0.002470
0.009583
-0.048950
0.036835
0.011154
-0.072693
-0.042786
0.075500
0.083740
0.009354
-0.004856
-0.065186
-0.083252
-0.065857
-0.090454
-0.017517
0.053955
-0.058441
-0.034119
0.057587
-0.059418
0.064148
0.034363
0.010933
0.037079
-0.056091
0.080627
-0.054504
0.019684
0.020828
0.052124
0.012451
-0.003456
0.019714
-0.073059
0.041473
0.054016
0.014671
0.056976
-0.092834
0.076538
-0.062103
-0.090637
0.089294
0.069641
-0.038025
-0.081482
-0.050720
0.069519
0.054504
0.011749
-0.021530
0.068298
-0.011574
-0.079407
0.023911
-0.056183
-0.068054
-0.039581
0.018021
0.017227
0.075928
-0.053802
-0.035217
0.064697
0.041138
-0.027100
-0.084961
-0.053040
0.026062
0.072754
-0.016235
0.036194
-0.017288
0.022873
-0.007439
0.004402
-0.054077
0.019821
0.056000
-0.048706
0.007828
-0.048889
0.039825
-0.029221
-0.033875
0.025238
0.003922
-0.076355
-0.031372
0.008728
0.035309
-0.004139
-0.034821
0.059937
0.061218
-0.032745
-0.043793
-0.026230
-0.109741
-0.087769
-0.046570
0.013779
-0.027313
0.014206
-0.087585
0.046936
-0.061127
-0.019608
0.061371
-0.061188
-0.060425
-0.056122
0.011856
-0.085022
0.088806
0.016968
-0.032166
-0.035889
-0.004692
0.039215
0.041656
0.075500
-0.026093
-0.036743
-0.013451
0.002914
0.066284
0.095520
0.037109
-0.031677
0.043152
-0.076599
-0.041809
-0.094788
-0.081238
0.056732
-0.006229
-0.031006
0.023392
-0.003622
0.053955
-0.050751
-0.017334
-0.086975
-0.044189
0.054901
-0.058563
0.005966
0.042877
0.064514
0.013283
0.029037
-0.064026
-0.023529
0.017593
-0.039673
0.059723
0.010986
-0.020660
-0.079895
-0.018311
-0.041565
0.069092
-0.069214
0.059753
-0.018066
-0.082336
-0.077271
-0.062805
-0.074768
-0.043884
0.004570
-0.030533
0.087952
-0.001414
-0.002174
-0.019196
-0.042999
0.001413
0.067017
0.060974
0.046051
0.060211
0.013336
0.031082
-0.050659
-0.067139
-0.067627
0.015869
0.009232
-0.062866
-0.006760
-0.085022
-0.080383
-0.001922
-0.075623
0.012840
0.004330
0.045898
0.012894
-0.022110
0.008751
-0.052185
-0.066223
-0.058807
0.044495
-0.048920
-0.038300
-0.019424
0.071167
0.036591
-0.000092
-0.045715
-0.028275
-0.009682
-0.045746
0.008507
-0.089294
0.002234
0.067383
0.034363
-0.069275
0.033081
0.044098
0.071777
-0.048615
0.060455
0.059601
0.090332
-0.080444
-0.008438
-0.059357
-0.017624
0.084412
-0.061066
0.079590
-0.000577
-0.071655
0.045715
-0.056335
-0.051971
0.019882
0.010864
-0.027069
0.001978
-0.023392
-0.041748
0.072510
-0.013451
-0.086060
-0.066956
-0.085144
-0.059174
-0.042480
0.004757
0.061981
0.066101
0.062744
0.043243
0.010834
0.066040
0.075195
-0.002045
-0.029953
-0.007706
0.049133
0.050598
0.073853
0.025116
-0.013245
0.052673
-0.063049
-0.055664
0.064148
-0.010735
-0.016907
-0.042694
-0.032227
0.045410
0.040771
-0.058441
-0.011528
-0.046722
-0.062927
0.053528
0.066284
-0.028336
0.069031
0.045013
0.018600
0.058441
-0.030701
0.058990
0.062500
0.012421
0.060699
0.055878
-0.001511
0.045319
-0.065430
0.058136
-0.023804
0.047211
0.028870
-0.078613
0.050873
0.060089
-0.000332
-0.100342
-0.002327
-0.029297
-0.030045
-0.040009
0.071411
-0.023849
-0.012283
0.086731
-0.048004
-0.034210
-0.007130
-0.052795
-0.002747
-0.000288
0.074829
0.030594
0.004414
-0.057343
-0.027710
-0.000122
0.013863
0.007244
-0.015228
-0.070740
-0.021942
-0.084167
-0.018723
-0.038147
0.033691
-0.054779
0.070435
0.047852
0.061737
-0.003746
0.016052
-0.043335
-0.064758
0.068237
-0.005703
-0.064087
0.077698
0.013290
0.030609
-0.029785
-0.073914
0.011795
0.052032
-0.058624
-0.097778
0.097168
-0.038391
-0.081238
-0.072266
-0.052063
0.057648
-0.012115
0.055634
-0.023361
-0.020691
-0.084351
0.016251
0.068481
0.023087
-0.034821
-0.040680
0.086365
-0.082764
0.058014
-0.043610
-0.011665
-0.090881
-0.027634
0.076904
0.013069
0.032166
0.003492
-0.086914
-0.055664
0.031342
-0.057281
-0.053467
0.056946
-0.067200
0.055847
-0.066284
0.068115
0.081604
-0.058319
-0.056885
-0.036713
-0.086731
0.051300
0.089905
0.041229
0.049683
-0.051147
0.044189
0.011528
-0.024384
-0.021484
0.052002
0.069214
-0.088074
0.080139
-0.098511
-0.085815
0.059845
0.095581
-0.110840
-0.051575
0.098755
-0.041565
0.004112
-0.043518
0.084534
0.099976
0.039825
0.055054
-0.032776
0.046814
0.017441
0.075317
-0.084961
-0.022964
-0.028061
-0.033691
-0.039337
-0.038635
-0.013100
0.060699
-0.037476
0.093018
0.021057
-0.032196
0.035980
0.032471
0.041016
0.047913
-0.048309
-0.003317
0.002819
0.001430
0.061676
-0.066589
-0.052124
0.013840
-0.048431
-0.044586
-0.001300
0.033417
0.087585
0.079102
-0.031464
0.056824
-0.037720
0.127808
-0.006329
-0.009972
-0.063416
0.115662
-0.022339
-0.081116
0.053314
0.024216
-0.017151
-0.050537
-0.078003
0.086670
-0.017441
-0.057556
0.007130
-0.039246
-0.001632
0.038025
-0.012596
-0.035095
0.066772
0.008888
0.044495
-0.009750
-0.070862
0.091980
0.090454
-0.017410
-0.011848
-0.029434
-0.010689
0.011673
0.057373
-0.096436
0.061768
-0.037292
-0.007809
-0.002802
0.070129
0.042053
-0.052063
-0.080261
0.017426
-0.036316
0.003225
0.057251
-0.078369
-0.044922
0.070618
0.105835
-0.021088
0.065063
0.058777
0.082642
-0.097412
-0.035461
0.074158
0.050629
0.010727
0.016983
0.046356
0.000393
-0.042480
0.005386
-0.012100
0.039795
-0.043060
0.071655
-0.066528
-0.010010
0.015053
0.062622
0.062042
-0.042786
0.045410
-0.010841
-0.016327
-0.022583
-0.054840
0.055176
0.043030
0.008659
-0.063232
-0.057831
-0.048248
0.073242
-0.010841
-0.062042
0.007607
0.038849
-0.022522
-0.024734
-0.071106
0.018936
-0.086182
0.004665
0.059631
-0.014519
-0.033844
0.026276
0.059174
-0.027527
-0.044678
-0.027908
0.013321
-0.071899
0.009209
-0.074402
0.000803
-0.094421
-0.060242
0.020950
0.027512
0.049194
0.009590
-0.049713
0.062439
-0.029114
-0.070312
-0.054443
0.035675
-0.016342
0.074707
0.022278
0.082520
-0.058624
-0.041931
-0.082642
-0.087646
-0.041626
0.023010
0.039093
-0.022858
-0.023193
0.009018
0.039978
0.018448
0.023300
-0.030945
-0.080017
-0.031494
-0.007282
0.049866
-0.039642
-0.041748
-0.033417
0.027939
-0.034302
-0.077087
0.025101
-0.037354
0.088257
-0.055054
-0.057129
0.069397
0.072571
0.048431
-0.043365
0.036743
-0.054260
0.011726
-0.061707
0.004082
-0.059753
0.003023
0.008301
0.049042
-0.067261
-0.027496
-0.048553
-0.084167
-0.008087
0.011665
0.022568
-0.026764
-0.067871
-0.034393
0.009300
-0.084961
-0.079407
0.081787
0.058411
-0.000554
0.066833
-0.027969
-0.068542
-0.072632
-0.038513
-0.004616
0.005196
-0.002970
-0.052216
-0.029587
0.052948
-0.052063
0.033875
-0.025421
-0.056976
0.055969
-0.017853
-0.051392
-0.026901