14.304688
0.282715
8.718750
-1.117188
-1.505859
-1.123047
9.820312
7.925781
-0.193481
-1.026367
5.160156
-1.202148
-0.483887
-1.600586
10.046875
13.523438
-2.453125
9.921875
3.878906
1.857422
-1.495117
2.808594
1.674805
-0.196167
-0.412842
-0.809082
11.867188
8.210938
7.722656
10.742188
-0.671875
5.023438
7.601562
19.406250
-1.186523
3.681641
-1.260742
-1.393555
10.421875
-0.486328
13.570312
3.808594
-1.422852
4.058594
-0.507812
1.356445
-1.384766
5.816406
-0.999023
16.906250
14.757812
-0.122559
-0.138184
-0.725586
1.288086
-0.188110
14.828125
9.281250
15.765625
-0.887695
14.312500
2.968750
-0.597168
-1.558594
