-0.034851
0.017532
-0.021835
0.027267
-0.008591
0.012657
-0.045074
-0.022232
-0.002619
-0.024887
0.006916
-0.052124
0.002663
-0.011063
0.014885
-0.002308
-0.028442
0.017044
0.007359
0.006962
0.016174
-0.027054
-0.027161
-0.008034
-0.013329
-0.026581
-0.006954
-0.051331
0.023773
-0.007092
-0.005970
-0.022583
-0.027451
-0.005924
-0.016541
0.002525
0.000193
-0.034332
-0.010567
-0.028183
-0.009972
-0.029556
0.037689
-0.037231
0.006668
-0.034241
-0.035461
0.029129
0.023926
-0.033875
0.006935
0.034821
-0.013290
-0.020294
0.017578
-0.036285
-0.000834
-0.032196
-0.020981
0.013000
0.010696
-0.001722
-0.028442
-0.000329
-0.046204
-0.014099
-0.031372
-0.023102
0.016983
-0.031799
0.006840
0.038971
-0.007740
-0.000932
0.009605
-0.022858
-0.018585
0.009712
-0.001745
-0.052551
-0.001307
-0.018997
0.005123
-0.037048
0.002573
-0.015251
-0.039612
-0.003414
-0.005135
-0.032013
-0.008667
-0.010826
-0.001226
0.002737
-0.007141
0.009239
-0.032806
0.005260
0.001984
0.033447
-0.017654
0.018524
-0.027222
0.015152
-0.019882
-0.008789
-0.013084
-0.002600
-0.016006
0.005085
0.037201
-0.011681
-0.001328
-0.010612
-0.021896
-0.004429
-0.028839
-0.005230
-0.026962
-0.006096
0.021591
0.002151
-0.005432
-0.016022
0.021500
-0.008698
-0.013298
0.028915
0.000181
0.018372
-0.000217
0.019821
0.015442
-0.016113
-0.026398
-0.013977
0.007053
0.010658
0.011414
0.004364
0.018158
0.013916
-0.026031
0.021957
-0.029617
0.000998
0.032135
-0.030640
0.028534
-0.002079
-0.029449
0.006912
0.033966
0.011909
0.005676
-0.028107
-0.005615
-0.000079
0.036621
0.024887
-0.003796
0.024155
0.023926
0.011810
-0.018799
0.031464
0.003828
-0.003704
-0.028870
0.032593
-0.001567
0.007912
-0.006062
-0.035309
-0.016678
-0.004482
0.019699
0.010239
-0.013817
-0.029694
-0.022278
0.030197
0.030411
-0.008781
-0.022232
0.000752
0.035858
-0.016434
0.000515
-0.000444
-0.009666
-0.017288
-0.035126
0.024445
-0.006340
-0.000390
0.019943
0.020035
-0.014542
-0.015121
0.034851
0.024368
-0.036163
0.000682
-0.002834
0.013405
-0.011368
-0.027832
-0.032074
-0.020355
-0.011223
0.026108
0.001978
0.008255
-0.003704
0.041656
-0.001617
-0.029770
0.022461
0.030975
-0.016159
0.014420
-0.014175
0.005997
0.010818
-0.018890
-0.024445
-0.030823
0.029861
-0.013664
0.030655
0.008385
0.024368
-0.047913
0.011757
0.022919
0.026138
-0.002590
-0.021133
-0.016708
0.006870
0.019257
0.025604
0.009552
-0.023163
0.003990
0.013100
-0.007534
0.038116
0.002268
-0.023499
-0.020523
0.023849
-0.001229
0.039001
0.025635
0.032074
-0.004898
-0.015259
0.032898
-0.020889
-0.030533
0.035492
0.020218
-0.010986
0.009521
-0.022308
0.004894
-0.002945
0.004162
-0.002499
0.009865
0.006241
-0.027740
-0.036224
0.011047
-0.026443
-0.023392
0.001064
-0.033081
-0.028412
0.041199
-0.028351
-0.027191
-0.018051
0.027954
-0.016251
0.033813
0.023895
-0.020325
-0.031021
0.024582
-0.005424
0.015762
0.039795
0.007339
0.020355
-0.000679
0.017548
-0.015419
0.001617
-0.033783
0.039795
-0.009109
0.009857
-0.006008
0.016647
0.021484
0.006149
0.026627
0.001639
-0.011002
-0.013474
0.015617
-0.035278
0.034149
0.026154
0.022995
0.023911
-0.032227
-0.002142
0.026199
-0.019043
-0.004513
-0.016449
0.017197
-0.000707
0.009529
0.018158
0.006943
-0.027954
-0.000651
0.001064
0.013107
0.025223
-0.010963
0.039764
0.016235
0.010849
0.031860
-0.000423
0.017731
-0.019363
0.018158
0.000773
0.016495
0.026367
0.016357
-0.008629
0.012794
-0.017975
0.001756
0.014435
-0.006962
-0.024963
0.010345
0.039459
0.021393
-0.003382
0.005089
-0.001491
0.019394
0.016663
0.018723
-0.011703
-0.016357
0.000366
-0.017624
-0.000623
-0.027115
0.007828
0.016190
-0.001029
-0.000164
-0.012337
-0.011169
-0.019211
-0.019913
0.011078
0.026505
0.011642
0.029816
0.012093
-0.028793
-0.013260
-0.030960
-0.042572
0.027039
0.000510
-0.007347
0.009338
0.011848
-0.023193
-0.023560
0.025009
-0.035309
-0.002644
-0.013382
-0.000892
-0.033478
-0.009628
0.021301
-0.028061
0.006554
-0.037842
-0.046722
-0.000011
0.012383
0.045624
-0.043976
0.017075
0.015640
0.007694
-0.008171
0.020248
-0.029938
0.014862
-0.038208
0.020538
0.012962
-0.015099
-0.039856
-0.043152
-0.025681
0.005798
0.017014
0.019775
-0.023224
0.042145
-0.037140
0.017593
0.004253
-0.023758
0.004814
0.020355
0.024826
-0.024719
-0.003723
-0.031311
0.000235
0.027893
-0.012833
0.024368
-0.000629
0.013756
0.003780
-0.009430
-0.008217
0.012276
-0.003902
-0.009720
-0.012291
-0.025940
-0.032043
-0.044312
0.032715
-0.023041
-0.025681
0.052551
0.011780
0.019211
-0.003498
-0.007858
-0.020935
-0.006386
0.050507
0.003906
-0.035889
0.007359
-0.046204
-0.004593
0.029144
0.022369
0.002640
-0.039551
0.017426
-0.016830
0.017532
0.021332
0.002916
-0.038574
0.015884
0.012360
0.039337
-0.026123
0.017456
-0.005997
0.001363
-0.020004
-0.030655
0.019440
0.024780
-0.014885
-0.026062
0.025909
-0.010391
0.013931
-0.035431
-0.035767
0.001319
-0.026840
0.045715
-0.012260
-0.023438
0.010452
-0.026993
0.007435
0.020721
-0.005661
0.028091
0.000263
0.022018
-0.025650
-0.002634
0.012047
0.028229
0.010880
-0.026337
0.013359
-0.014557
0.033600
0.004383
0.023651
-0.023666
0.002108
0.020523
0.009628
0.019379
-0.002474
0.020935
-0.026306
0.028244
0.010788
0.023926
0.007015
-0.006760
0.034302
-0.020340
0.006138
0.012238
0.013580
0.026428
-0.017029
-0.023926
0.003794
0.000466
0.020126
0.026443
0.000137
-0.003473
0.018066
0.024597
-0.012688
-0.016449
0.015991
0.031158
-0.027527
0.003237
0.011208
-0.022476
-0.017517
0.013222
-0.023697
-0.020813
0.018021
0.021561
0.021790
0.023758
0.021057
-0.011620
0.026733
0.009407
-0.034149
0.023773
-0.030365
-0.031128
0.024536
0.008492
0.033417
0.019836
0.015854
0.044250
-0.008110
-0.008904
-0.022614
-0.009560
-0.009651
-0.025925
-0.026581
0.012680
-0.006332
-0.011581
0.040192
-0.026001
0.028275
0.016418
-0.024155
-0.016541
0.010307
-0.007389
-0.016632
-0.017731
-0.003941
-0.001200
-0.027939
0.016800
-0.006779
-0.016785
0.014977
-0.031525
0.040924
0.003826
0.027420
-0.016815
0.005482
0.017227
0.000236
0.015060
0.035431
0.008530
0.017120
-0.004658
0.021317
-0.003654
0.026199
0.029907
0.020828
0.019272
-0.009972
-0.001828
0.028580
-0.008324
-0.007610
0.027924
-0.030045
-0.023407
-0.029541
0.018982
0.035339
0.018982
-0.056274
-0.012405
0.030502
0.011406
0.047150
-0.027344
0.000094
-0.008392
0.014664
-0.022797
-0.008141
-0.015778
-0.013901
0.007019
-0.025803
-0.003813
-0.007828
0.044617
-0.016998
-0.000304
0.023911
0.016434
-0.043121
-0.015320
-0.038727
0.024429
0.033600
-0.004066
-0.030655
0.030273
-0.038849
0.018661
-0.024658
0.025696
-0.001642
0.007576
0.034058
0.007736
0.019562
-0.005100
-0.007027
0.003191
0.006149
0.006096
-0.029007
0.033112
0.039673
0.008881
-0.027603
0.036438
0.005619
-0.037994
-0.005371
-0.016388
0.034851
0.031830
-0.032623
-0.005165
0.001793
0.002417
0.005890
0.052826
0.003782
0.019211
-0.010666
-0.004292
0.030945
0.006153
0.031464
-0.031830
0.014984
-0.025131
0.037170
-0.010490
-0.000518
-0.021103
-0.039642
-0.018951
0.006371
0.012032
0.005665
-0.048187
-0.046326
0.017319
0.030319
0.012291
-0.026794
0.024124
0.025909
-0.014694
-0.019562
0.019379
0.047699
-0.009666
0.015381
-0.029282
0.029129
-0.023941
0.008652
-0.018463
0.029465
0.020981
0.027542
0.006462
-0.014877
-0.032806
-0.014587
-0.014069
0.015717
0.010200
-0.028336
-0.029984
0.037384
0.026505
0.009552
-0.027115
0.032074
-0.041809
-0.007652
-0.015175
-0.045135
0.015511
-0.021347
0.023666
-0.000137
0.010483
0.032684
-0.042755
-0.017624
0.037354
-0.028961
0.010674
-0.009087
-0.005825
-0.020264
0.005718
0.039032
0.021622
-0.023666
-0.008560
-0.003244
0.002163
0.027451
-0.015526
-0.024124
-0.013062
-0.026138
0.018341
-0.024826
0.028214
0.011696
0.031204
-0.014122
0.026978
-0.029587
-0.026474
0.015114
-0.004486
-0.018341
-0.007904
0.011620
0.011024
-0.014366
-0.014091
0.021301
0.011528
0.035919
0.013725
0.002243
0.004669
0.004288
-0.033264
0.034271
0.025604
-0.024109
-0.030563
0.008667
0.010506
-0.018280
0.023346
0.010239
0.012054
0.002737
-0.015282
0.011734
0.038055
-0.006870
-0.011253
-0.022064
0.003136
0.009613
-0.025742
-0.000914
0.021423
-0.018753
-0.038818
0.008438
0.012230
0.017670
-0.003416
0.018799
0.022797
-0.007988
-0.027786
0.011292
-0.014534
0.009125
0.007771
-0.003576
-0.041168
-0.021454
-0.014938
0.020386
-0.015106
-0.017197
-0.042145
0.004879
-0.013832
-0.031067
0.006069
0.025574
-0.002602
-0.012154
0.025314
-0.027237
0.014015
-0.022232
-0.002338
0.010818
0.027252
-0.027740
0.027908
-0.008484
0.001245
-0.027954
0.001280
0.027237
0.015839
-0.015251
-0.033081
-0.016022
-0.012756
-0.008232
0.004890
-0.018402
0.016907
0.033295
0.015053
-0.004715
-0.018814
-0.010574
-0.007240
0.026398
0.029831
-0.009903
0.007835
0.003571
0.015495
-0.008812
-0.020111
0.016953
-0.009766
0.029510
0.000931
0.014984
0.020233
-0.008644
-0.030823
-0.026932
-0.030426
-0.024612
0.022751
0.032135
-0.005985
0.036743
0.020187
0.004444
-0.027710
0.012482
-0.013298
0.035675
-0.014542
-0.016098
0.015297
0.004913
-0.023376
-0.020432
0.023010
-0.006588
-0.025803
0.023209
0.023804
0.009628
0.029373
-0.027084
-0.012589
0.001153
-0.009171
-0.000610
-0.035522
0.009232
-0.017349
0.023880
0.023468
0.016617
-0.002817
-0.002323
0.030670
-0.009735
-0.016266
0.016312
-0.037598
0.007492
0.029251
-0.005932
-0.013466
-0.021988
-0.001398
0.018036
-0.000293
0.022964
0.027313
0.007065
0.000054
0.011688
0.035797
0.002947
-0.006180
0.028244
0.028992
0.024750
0.011536
-0.029556
0.024048
0.008316
-0.011803
-0.021042
0.003698
0.005531
-0.015808
0.026184
-0.033478
0.009033
0.031235
-0.030167
-0.012901
0.024872
0.007812
-0.020081
0.022018
-0.029297
0.024033
-0.027634
0.028046
-0.003475
0.021118
-0.031052
-0.002213
0.025299
-0.019409
-0.017426
-0.002615
0.002817
0.016602
-0.023148
0.026611
0.007641
0.023087
-0.029251
0.011421
0.026108
-0.032166
0.021851
-0.026978
0.014587
0.006321
0.024277
0.009193
-0.043518
0.033600
0.028763
0.004776
0.022308
0.033478
-0.007782
0.027710
0.001143
0.031830
-0.006729
0.022034
0.036804
-0.013718
0.014481
-0.030212
-0.006794
0.017532
0.019958
0.012375
0.007496
0.004105
-0.008797
-0.019684
-0.034821
-0.012459
-0.007996
0.019775
0.026001
0.019470
0.027130
-0.022491
0.000708
0.027985
-0.006584
0.015251
0.030807
0.023804
-0.027725
0.006229
-0.012314
0.019104
0.025848
-0.022995
-0.023407
-0.031525
0.009636
0.026382
-0.025558
0.021835
-0.026108
0.029144
-0.019104
0.029785
-0.020355
-0.030945
0.039124
0.025162
0.016846
-0.025055
0.036591
0.029465
-0.022720
-0.004646
0.033081
0.034454
0.000369
0.006916
-0.015732
-0.006382
0.017410
0.028290
0.036469
0.000762
-0.017914
0.037170
0.036926
0.011765
-0.000653
-0.019684
0.014175
-0.005192
0.026596
0.025314
-0.014076
0.034485
0.024063
-0.022369
-0.034119
-0.011505
0.023102
-0.012878
-0.003611
-0.000048
0.037872
-0.005501
0.024887
-0.012283
0.026794
-0.029541
-0.016678
0.001940
0.004013
-0.031555
-0.028870
-0.000351
-0.028824
0.005669
-0.030945
0.016693
0.035461
-0.018921
-0.015793
-0.027130
0.024353
-0.008743
0.020172
0.015160
-0.031281
-0.022552
-0.029251
0.025757
-0.025742
0.032135
0.026810
-0.032562
-0.014381
0.011391
-0.003231
-0.002575
0.002285
0.029312
-0.017288
-0.033051
0.041718
-0.007305
0.023071
0.002476
-0.030548
-0.025833
-0.004887
-0.019211
-0.000980
0.018951
0.004429
-0.010139
-0.024780
-0.024292
-0.004173
0.016769
0.003138
-0.038055
0.034363
0.025970
-0.016983
0.016068
-0.024750
0.020325
-0.029083
0.016724
0.042664
-0.018326
-0.044037
-0.014450
0.030762
0.014969
0.026245
-0.015343
-0.020218
-0.008232
-0.003757
0.012863
0.025742
-0.010330
-0.015930
-0.000433
0.007454
0.008034
-0.033783
-0.031235
-0.000921
0.009674
0.024948
0.010994
0.036804
-0.039978
-0.028610
0.012077
-0.030884
0.016052
-0.016129
0.042572
-0.027512
-0.018204
-0.016342
-0.021515
0.030609
0.006245
0.003880
0.021423
0.029175
-0.027435
0.004375
0.008835
0.005341
0.029297
0.008011
-0.006142
0.036682
0.037811
-0.011604
-0.008537
0.018997
-0.037201
-0.027786
0.024612
0.011543
-0.019333
0.007015
-0.006424
0.009720
0.019409
-0.021881
-0.000108
0.010109
0.010956
0.025146
-0.003422
0.004902
-0.030853
-0.023407
-0.034363
0.020401
0.014030
-0.022614
0.005653
-0.019211
-0.008087
-0.019089
-0.018326
-0.012894
-0.013382
0.001185
0.011642
-0.031219
0.038055
-0.031464
0.008293
0.021194
0.022903
-0.024689
0.029495
-0.010651
0.005535
0.037964
-0.013412
-0.002100
0.028717
0.047150
0.039337
-0.000469
0.035522
0.014191
-0.009605
-0.014908
0.031830
-0.031281
0.015007
0.020477
0.016479
0.037292
0.023010
0.004772
-0.000568
-0.029190
-0.029907
0.018234
0.042389
0.000154
-0.017365
-0.007668
0.009865
-0.003775
0.016846
-0.020233
-0.019608
0.023972
-0.017044
-0.028320
0.017563
0.024551
0.003553
-0.029755
0.036072
0.032715
-0.024048
0.001771
-0.016571
-0.019379
0.011307
0.036377
0.004005
0.007332
-0.028336
0.021713
-0.016098
0.038452
-0.020981
0.003597
0.004295
0.035645
-0.002981
-0.011902
0.024429
0.029694
0.014885
0.010666
0.009628
0.010658
0.034760
0.021484
0.021851
-0.019684
-0.006042
0.037323
0.016693
-0.026642
-0.007698
-0.012794
0.005688
0.026672
0.000218
0.030609
0.025269
-0.016876
-0.021317
-0.019669
-0.022308
0.027954
-0.022995
0.022644
0.025238
0.015823
-0.001274
-0.020859
-0.020844
-0.013115
0.007324
0.018585
0.030365
-0.031281
0.024414
-0.024216
-0.019653
-0.022858
0.006077
-0.013077
0.022690
0.025452
0.001650
-0.012375
-0.016968
0.032928
-0.007801
-0.006123
0.033966
-0.014191
-0.011551
-0.018982
0.029190
0.026489
0.034058
0.021698
-0.031982
-0.003611
0.004276
0.015312
-0.008904
-0.037140
-0.028091
0.022156
-0.021378
0.018372
-0.019791
-0.020905
-0.037903
0.002960
-0.021988
-0.024643
0.024567
-0.003813
-0.017410
-0.003395
0.027832
-0.007725
-0.022842
-0.030807
0.032806
-0.015823
0.034332
-0.001978
-0.009331
0.020248
0.031891
0.002390
0.003124
0.020523
0.028732
0.030334
-0.006878
-0.007057
0.037750
0.015053
-0.008499
-0.012909
0.032349
-0.013885
0.018784
0.011765
0.017914
-0.017731
-0.012512
0.028427
-0.016373
-0.007996
-0.013351
-0.018967
0.020828
-0.009003
0.001035
0.001678
0.038086
0.013153
0.036652
0.023712
-0.006729
0.009972
0.031982
0.011482
0.014549
-0.001903
0.032135
-0.025070
-0.011620
-0.029648
0.026306
0.012962
0.010216
-0.004002
0.021866
0.022858
-0.023102
0.006569
0.024216
0.003979
-0.013176
0.021652
-0.000971
-0.018463
0.038208
0.009323
-0.009155
-0.013588
-0.029266
0.011620
0.009216
0.031586
-0.006111
-0.025482
-0.023682
0.026352
-0.030441
0.002211
0.003704
0.013382
0.009972
-0.001159
-0.011452
-0.030121
0.004707
0.035950
0.014252
-0.013756
0.021637
0.010323
-0.001946
0.003372
-0.025818
0.002235
-0.014076
0.030396
-0.021332
0.000877
-0.006809
0.004993
-0.025040
-0.019043
0.000057
0.006126
-0.012474
-0.028870
-0.017212
-0.009239
0.011971
-0.004768
-0.011238
0.034027
-0.012405
-0.014313
-0.007942
0.002237
0.020966
-0.021713
-0.009880
0.011650
-0.026367
0.021179
0.010078
0.017517
0.021698
-0.009209
-0.009483
-0.005524
0.034027
-0.042938
-0.033020
-0.038544
-0.003450
-0.049316
0.006577
-0.019714
-0.027969
0.009285
0.029739
0.005882
0.036011
0.055298
-0.029572
-0.012779
0.033844
0.012291
-0.020096
-0.001740
-0.021942
0.006683
-0.021637
0.027695
-0.002577
0.027573
-0.028076
-0.045807
-0.014542
-0.006790
0.007889
-0.050537
-0.021591
-0.047852
0.013504
-0.050812
-0.068726
0.050690
0.013695
0.037292
-0.017303
-0.033264
0.007202
-0.010094
-0.007435
-0.035400
-0.000684
0.015030
0.046997
-0.006699
-0.026108
-0.026077
-0.039520
0.010803
-0.051971
-0.012306
-0.046875
-0.033478
0.001974
0.011436
-0.005096
-0.023453
-0.036346
0.024246
-0.015205
-0.038879
0.046326
0.034393
-0.049622
-0.016739
-0.051208
-0.008171
0.007393
0.008293
-0.038513
-0.056305
-0.000535
0.005779
-0.064819
-0.038513
-0.066345
-0.033630
-0.035004
-0.028976
-0.014671
-0.003407
0.023438
-0.030838
-0.061249
0.054169
0.025879
-0.033173
0.018341
-0.031799
0.050873
-0.068237
-0.019089
-0.014023
0.024048
0.018646
-0.036346
-0.034668
0.014702
-0.025131
0.001293
0.016724
0.021530
0.032410
-0.014351
-0.047821
-0.010841
-0.004646
0.025620
0.012894
-0.034363
-0.034027
0.034485
-0.002062
-0.064331
-0.000274
-0.015091
0.014610
0.007374
-0.023712
-0.010590
0.003902
-0.009636
0.034607
-0.038910
-0.010162
0.020859
-0.035309
-0.004520
0.036530
-0.007408
0.003370
-0.001626
0.037781
-0.024994
0.031189
-0.022583
0.010330
0.027985
0.000244
0.010269
0.018143
-0.005203
-0.022949
-0.007950
0.009026
0.024033
-0.006065
0.020447
0.034851
-0.002739
-0.010895
-0.027023
-0.024078
-0.004589
-0.027481
-0.013542
0.036224
0.037689
-0.014084
0.017181
-0.003099
0.017929
-0.023788
0.017242
0.019211
0.000360
-0.026978
-0.007904
-0.005367
-0.003487
0.015823
0.002438
0.011116
0.015732
-0.017914
0.036957
-0.016052
0.024170
-0.017746
-0.011719
0.000443
-0.016968
-0.003902
0.022903
-0.019562
-0.030563
0.018005
-0.020767
0.038422
-0.038147
-0.017426
0.032837
-0.025879
0.038330
-0.026215
-0.000902
-0.038086
0.030411
-0.033234
0.010460
-0.007843
-0.018204
0.010345
0.001683
-0.004932
0.012550
-0.008026
0.033447
0.019333
0.020874
0.015167
0.002705
0.019348
-0.021378
0.016617
0.019119
0.031769
-0.018417
0.000773
-0.016510
0.013062
-0.023407
-0.024628
-0.036682
0.033142
0.034454
-0.002401
0.030167
-0.003929
0.005833
-0.002911
0.003252
-0.000964
0.025726
0.022018
-0.005787
-0.026642
-0.039764
0.038208
0.011009
0.031128
0.008720
0.036926
0.005630
0.020920
0.024521
0.047943
0.020432
-0.001703
0.007172
-0.033875
0.029266
0.000748
0.032379
-0.023178
0.028214
-0.003147
0.004639
-0.008560
-0.028931
0.035370
-0.008751
-0.013084
0.026947
-0.027435
0.040680
-0.014297
0.017914
-0.016449
-0.014702
-0.004410
-0.022141
-0.025909
0.019135
0.009583
0.030914
0.011124
-0.016846
0.010368
0.012558
0.001745
-0.034302
-0.017349
0.020309
-0.021774
0.018768
-0.009323
-0.026779
0.018051
-0.015373
0.027802
0.013268
-0.020599
0.010796
-0.035858
-0.002291
0.028625
0.002064
-0.002478
-0.020325
0.006836
0.003506
0.031281
0.031647
0.006245
0.004040
-0.024078
-0.009727
-0.008972
0.008102
0.012802
0.037933
0.035980
0.031281
0.023224
-0.006096
-0.006390
-0.021835
-0.007084
-0.000731
-0.031021
-0.016815
-0.033966
-0.004765
0.011063
0.025879
0.007942
-0.029678
-0.012779
0.033142
-0.011353
-0.003326
0.033722
-0.032043
-0.021362
-0.006313
0.016647
-0.032593
0.019531
0.032288
-0.023422
0.017410
-0.018723
-0.021667
0.011749
0.020111
0.037079
0.019226
0.003914
-0.029465
0.030487
0.010414
-0.030640
-0.020462
-0.021118
0.024200
-0.021957
-0.005749
-0.015884
0.018738
0.018387
0.016632
0.023422
0.028671
-0.033051
0.005848
0.001056
-0.006512
0.000813
0.033020
0.001282
-0.013092
0.004269
-0.011711
-0.000361
0.013634
-0.020020
-0.024323
-0.003052
0.037262
-0.024185
-0.006817
0.012985
-0.041412
0.008263
0.002384
0.036285
-0.017029
0.005821
0.016113
-0.016510
-0.006393
-0.021378
-0.061005
-0.040863
-0.037964
0.032288
0.000135
0.013428
0.001417
-0.040405
-0.023544
0.029053
-0.012489
0.021362
0.005836
0.029907
-0.057922
0.042694
0.008545
-0.007061
-0.033569
-0.021927
0.021118
-0.053772
-0.033691
0.004227
-0.001413
0.012032
-0.036896
-0.022095
0.012009
0.033630
-0.007732
-0.031082
-0.006508
-0.001671
-0.021072
0.009171
-0.016571
-0.001281
-0.043945
0.044037
-0.011826
0.018585
-0.008667
-0.002111
-0.009995
-0.025452
0.013054
-0.007965
-0.003929
-0.010719
0.013542
-0.008751
0.044128
-0.059204
-0.020340
-0.006531
-0.046112
0.028381
0.010368
0.009148
-0.010231
-0.015366
0.035095
-0.014114
-0.020325
-0.019440
-0.031052
0.003050
0.029800
-0.011383
-0.026657
-0.017242
-0.038452
-0.009270
-0.026810
0.031860
0.013443
-0.018051
0.018082
-0.042450
0.012787
0.011635
0.016602
-0.031235
0.035889
-0.055023
-0.005184
0.003195
0.012161
-0.032532
-0.002176
0.032227
-0.031891
0.001128
-0.024368
-0.008858
0.014832
-0.030975
0.035828
0.024017
-0.005466
-0.042450
-0.004353
-0.021988
-0.026749
-0.002674
-0.043182
0.040039
0.024307
0.017929
-0.018753
0.008675
-0.001349
0.042328
-0.010963
-0.019272
-0.024139
-0.016403
0.011406
0.031433
0.017776
-0.018448
-0.003679
0.033752
0.027740
-0.025894
0.020798
0.022156
-0.003201
-0.005318
0.006645
0.017517
0.033142
0.031586
-0.027725
0.044037
0.001220
0.017807
0.006176
-0.027786
-0.034607
0.023041
0.027115
-0.021027
0.001791
-0.020325
-0.020035
-0.025833
-0.024994
0.025070
0.014580
-0.028702
-0.003311
-0.030685
-0.011711
-0.011887
-0.008492
-0.023010
-0.009575
0.024689
-0.035126
-0.018799
-0.040680
0.013680
0.033813
0.000664
0.010887
0.004730
0.011330
0.019165
-0.031982
-0.009399
-0.036560
-0.025253
-0.019058
-0.008896
-0.008400
0.010681
-0.001159
0.035187
0.002459
0.029037
-0.014046
-0.022644
0.004356
-0.010056
-0.017441
0.004639
-0.005733
-0.007534
-0.018250
0.002762
0.033264
-0.004898
-0.025681
0.030731
0.046936
0.025574
0.016220
-0.025833
0.000492
0.020569
-0.021896
0.021545
-0.029099
0.003944
-0.014931
0.038513
-0.013054
0.027405
-0.006924
-0.011597
-0.017029
0.024521
0.032959
-0.007706
-0.024338
-0.026489
-0.000468
-0.028732
-0.013680
-0.010574
-0.034088
-0.026535
0.033356
-0.006542
0.042297
0.013885
-0.016083
0.024597
0.006641
0.041595
0.003275
-0.000879
0.010658
-0.005207
0.014175
0.002222
0.016190
0.028198
0.021820
0.011902
-0.015762
0.001891
0.016678
0.010040
0.034576
-0.000564
0.040741
0.009010
-0.028214
0.019150
0.034454
-0.004234
-0.030533
-0.046600
-0.020142
-0.013031
0.000926
-0.015793
0.019196
0.014946
0.027130
0.021301
0.001030
0.011208
0.007256
0.018021
-0.020569
0.036499
0.004219
0.007198
-0.001999
-0.022827
0.024628
0.034363
0.038605
-0.025406
0.006451
-0.028320
-0.018967
0.019913
0.000334
-0.023590
-0.012787
-0.049500
-0.019424
-0.010605
0.018311
0.006927
-0.019745
0.011055
-0.007896
-0.040009
0.011322
-0.018143
0.005886
-0.020645
0.015823
0.038177
-0.033020
0.014908
-0.013390
-0.016312
0.022522
-0.014175
-0.042633
0.021576
-0.011482
0.016281
0.000583
0.030701
0.033844
-0.030594
-0.016190
-0.026596
0.031219
0.022995
0.008682
0.034210
-0.027588
-0.004601
-0.012177
0.001552
-0.005650
0.017136
0.020615
-0.010666
0.002108
0.032013
-0.001770
0.012291
-0.022873
0.002249
0.049896
0.003819
-0.023621
0.002590
0.018234
0.012756
-0.030411
-0.012878
-0.045105
-0.005451
-0.033752
0.026108
-0.014420
0.001258
0.020111
-0.012466
-0.007881
0.034698
0.042999
0.042694
-0.031372
-0.004234
-0.008705
0.040588
-0.036102
0.005116
0.012032
0.025772
0.047485
0.007233
-0.016617
0.003733
0.002037
-0.005623
0.010002
0.015381
-0.013680
0.007534
0.030640
-0.025085
-0.012543
-0.008499
-0.003683
0.050903
-0.012077
0.018631
-0.026810
-0.024353
-0.025986
-0.017502
-0.044983
-0.045929
-0.033447
0.001544
-0.020721
0.046326
0.023865
-0.052887
-0.000161
0.052856
-0.055908
0.033905
0.049927
0.034149
-0.037781
-0.008499
0.022186
0.015480
-0.019745
-0.045044
-0.014343
-0.035278
0.016830
0.015930
-0.036194
0.020035
-0.008148
-0.022293
0.018723
0.011902
-0.010239
0.001117
0.014008
-0.062866
0.049500
-0.052155
0.037262
0.045044
-0.050598
-0.007561
0.007874
0.043457
0.011238
0.008987
-0.036011
0.009621
-0.016663
-0.025665
0.024246
-0.001112
0.036346
-0.027374
0.026199
0.004555
0.006706
0.005360
0.002668
0.032166
-0.016479
0.005119
0.015289
0.038483
-0.002537
0.021545
0.007904
-0.005650
0.011192
-0.002447
0.016327
-0.025925
-0.046021
0.035828
0.002552
-0.014076
0.014549
-0.018005
-0.015533
-0.018982
0.027359
-0.003971
0.026184
0.033234
-0.017456
0.032318
-0.021545
-0.062286
0.020523
0.046906
-0.013008
0.021484
-0.014412
-0.005020
0.031830
0.015419
0.011490
0.040924
-0.042847
-0.040924
-0.000734
-0.028320
-0.010056
-0.042206
0.010712
-0.045319
0.007896
-0.018021
-0.043854
-0.045837
-0.032806
-0.021286
0.016693
-0.018570
0.021225
-0.002485
-0.035736
-0.029373
-0.019180
-0.036133
0.030334
-0.010567
-0.003071
-0.015900
0.001776
0.008293
-0.030716
0.026291
0.011765
-0.012749
-0.027359
0.013344
0.048248
-0.023697
-0.037781
0.022903
-0.035767
0.030563
0.029739
-0.018982
0.016647
-0.009178
0.031921
0.000310
0.012299
0.002958
0.010178
-0.026138
0.005722
-0.016510
-0.018936
0.002434
0.023529
0.010963
0.003866
0.006672
0.025162
0.001533
0.009689
0.014008
0.035950
-0.017654
-0.025146
0.021393
-0.006096
-0.019791
0.020798
-0.001729
0.002071
0.033936
0.014153
-0.023453
0.026962
0.002430
0.012009
0.010078
0.031281
-0.015228
-0.005775
0.014931
0.009796
-0.006905
-0.029236
0.031891
0.027496
-0.004543
-0.015030
0.018204
-0.031921
-0.027328
0.038757
0.014717
-0.000232
-0.014755
-0.025391
0.030762
-0.032715
0.036285
0.037567
-0.033386
0.012512
-0.001388
-0.001138
-0.029770
-0.033112
0.004856
0.006042
0.027283
0.037292
-0.000924
-0.035889
-0.033173
-0.029465
-0.007603
-0.021027
0.021469
-0.029205
0.039215
0.037872
0.033600
-0.014275
-0.004391
-0.006542
0.028366
-0.024475
-0.022644
-0.031250
-0.006554
0.011429
0.016464
0.024277
0.030106
0.022812
-0.011490
-0.002579
0.004093
0.027603
0.025452
-0.021225
0.058105
0.017670
0.003918
-0.046265
-0.035187
-0.024384
-0.020981
0.037201
-0.012047
-0.001836
-0.024933
-0.036560
0.001152
-0.037415
-0.034698
0.014389
-0.037476
0.011681
-0.013260
-0.010429
-0.020828
-0.036957
-0.012131
0.025757
0.034485
0.014259
-0.004467
-0.056610
0.038025
-0.002943
-0.006371
0.010956
-0.037689
-0.014984
0.000415
0.010445
0.006992
-0.019882
-0.028809
-0.005619
-0.031708
-0.010811
0.003399
-0.019806
0.025116
-0.040436
-0.053467
0.009300
0.010025
-0.021622
-0.015915
-0.018250
-0.043884
0.038055
-0.047607
0.001282
-0.029419
-0.018143
-0.015579
0.005199
0.033722
0.002138
-0.042908
0.048615
-0.026733
-0.038940
-0.020447
-0.017395
0.033508
-0.014648
-0.001219
-0.022629
-0.032257
0.015106
0.012306
-0.018997
0.043030
-0.012070
0.038971
-0.050751
-0.004448
0.011185
0.017059
-0.003843
-0.025894
-0.018539
0.003082
-0.000344
0.006897
-0.025070
0.009743
-0.051208
-0.008804
-0.050751
0.016006
-0.011292
-0.023651
-0.001138
0.005432
-0.020767
0.017120
-0.007679
-0.018707
-0.010384
-0.046295
-0.013901
-0.059723
-0.004894
-0.026932
0.003971
0.036743
-0.017044
-0.029709
-0.029953
0.013992
-0.046265
0.003235
0.038605
0.007523
-0.037231
-0.027710
0.015434
-0.017960
-0.047577
-0.013550
-0.024643
0.042542
0.016907
0.028458
0.029007
0.017776
-0.042023
0.030960
-0.028229
0.014221
-0.062256
0.025955
0.018768
0.025696
-0.020432
-0.049713
0.003531
0.005894
0.074158
0.006466
0.065979
-0.045563
0.051300
-0.004524
0.051086
-0.114197
-0.043976
-0.052948
0.055542
0.002998
0.073914
-0.011223
-0.002907
-0.057343
0.003679
0.026749
0.022217
-0.028397
-0.035034
-0.029251
0.028732
0.051727
-0.015945
0.065552
0.054474
-0.032837
0.067200
-0.027679
0.013046
0.027313
0.006016
0.017395
0.014420
-0.021454
-0.007145
0.076172
-0.021866
0.050079
0.059418
0.000689
0.014587
-0.012856
0.063110
-0.040161
0.028046
0.059052
-0.033905
0.013237
0.028900
0.056549
0.085510
-0.056122
0.007557
0.045135
-0.004082
0.068970
0.032379
-0.053406
0.058228
0.019531
-0.028625
-0.000909
0.053894
0.065613
-0.069336
-0.049591
0.059326
0.037659
0.024399
-0.001930
0.028076
0.073975
0.024414
-0.005634
0.056061
0.020309
0.025253
-0.018448
-0.030334
0.043732
-0.044769
0.017212
-0.005108
-0.001484
-0.022171
0.009705
0.028030
0.050659
0.024185
0.041840
-0.015381
0.082886
-0.024567
-0.055084
-0.034302
0.001913
0.014397
-0.004704
-0.019562
0.021103
-0.053680
-0.022827
0.072327
-0.001822
-0.015015
0.049500
-0.009422
0.028839
0.021683
-0.000459
-0.055542
-0.031433
-0.029266
0.020721
-0.007076
-0.007545
-0.025146
-0.002113
0.014420
0.004856
-0.020874
-0.001248
0.040680
-0.031158
-0.017075
0.011375
-0.034912
0.026443
-0.006271
-0.006641
-0.000326
0.006435
0.007671
-0.002811
-0.010155
0.018875
0.018265
0.011360
-0.031677
-0.031708
0.014023
0.034058
0.013596
0.005341
0.012642
0.009033
0.033569
-0.026642
-0.011803
0.009926
-0.002781
0.024490
-0.009766
0.031769
0.033051
0.000004
0.009872
-0.030151
-0.009087
-0.022812
-0.022095
-0.008316
-0.012169
0.019531
-0.026306
0.019653
-0.007183
-0.017822
-0.015717
-0.031158
0.022705
-0.003532
-0.019058
0.008965
-0.031464
0.023163
0.032990
-0.011436
-0.018875
0.016632
-0.027420
0.020493
0.001952
-0.022202
0.036102
0.027100
0.004009
-0.017731
-0.001439
-0.017365
0.009903
-0.023987
0.015259
0.017075
-0.022720
-0.030029
-0.024521
-0.009499
0.013496
0.019623
0.015976
0.020706
-0.000148
0.030991
-0.021347
0.018051
-0.032257
-0.021072
-0.029175
0.028656
0.008949
0.015282
-0.016769
-0.022964
-0.038086
-0.015427
-0.017166
-0.007919
-0.032196
-0.002352
-0.011063
-0.013847
0.022110
-0.028381
0.024872
0.007240
0.010803
-0.027206
0.017731
0.027634
0.031586
0.023849
-0.026581
-0.020599
-0.008217
0.014877
0.001974
-0.000315
0.004311
0.034790
0.014038
-0.000927
-0.004562
0.032166
0.015900
0.027130
0.026749
0.026703
0.018570
-0.010612
-0.005177
-0.018585
0.021729
-0.007694
0.008919
0.022293
0.016754
0.016510
-0.023346
-0.027634
0.026566
0.028442
-0.014084
-0.003983
0.012901
-0.001756
0.013390
-0.029968
0.026596
0.006180
-0.006588
0.022141
0.024094
0.022583
-0.008835
0.005093
-0.006233
-0.002312
-0.022507
-0.020218
0.000332
-0.015572
0.012138
0.015213
-0.027939
-0.013954
0.017868
0.031799
0.022263
-0.030197
-0.034882
0.029480
-0.010544
-0.030777
-0.009262
0.006119
0.041321
-0.046234
0.041412
0.018356
-0.003933
-0.026489
0.016693
0.006145
-0.032288
-0.010788
0.011108
0.039001
0.076599
0.037018
-0.023956
0.015465
-0.007332
0.025177
0.014183
0.018417
0.025055
-0.007191
0.007973
-0.006207
0.011871
0.006062
-0.002268
0.036407
-0.006287
-0.041260
0.005924
0.027771
0.025192
0.028641
0.031708
0.040314
0.040802
0.003830
-0.006527
0.002222
-0.034576
-0.034027
-0.037903
0.047241
0.053467
0.028290
-0.000393
-0.024170
0.023010
-0.013741
0.011879
-0.014450
0.012436
0.008858
-0.012260
0.001630
0.015144
-0.015480
0.032806
-0.030045
-0.036469
-0.017975
0.050232
0.014404
-0.006145
-0.002787
0.028534
-0.000416
0.030838
0.033051
0.000743
-0.009941
-0.009155
-0.007027
-0.001458
-0.028687
0.000817
-0.027374
-0.015747
-0.007797
-0.007622
-0.000140
0.014038
-0.014023
-0.013458
0.035919
0.023010
-0.017197
-0.038544
0.019943
-0.033661
-0.025162
-0.013168
0.000908
0.037598
0.008163
0.027985
-0.009644
-0.048096
0.026276
-0.042267
0.039154
-0.009331
0.032959
-0.027283
-0.023911
0.000715
0.028091
-0.019562
-0.041626
-0.028168
-0.041473
-0.033813
0.025269
0.015205
0.005936
-0.016815
0.003922
0.010513
-0.024109
0.027039
-0.017319
0.030563
-0.032471
0.002380
0.017838
-0.014313
-0.028061
0.023361
-0.025635
0.017029
0.009064
0.027786
0.014000
0.003263
0.002476
-0.000049
-0.039276
-0.027328
-0.005222
0.003948
-0.016830
0.038422
0.022690
-0.041534
0.019638
-0.014389
-0.019821
0.005432
0.015762
-0.045044
-0.012115
0.014511
0.028290
0.000865
-0.051941
-0.012527
-0.009308
0.007370
-0.007206
-0.009544
-0.023514
-0.013611
-0.000187
-0.010841
-0.031342
0.011902
-0.012390
0.016663
-0.010612
0.013000
-0.016281
-0.014168
0.045624
-0.033783
0.002287
-0.010101
0.024246
-0.004650
0.036499
-0.012581
0.023193
0.014862
0.025284
0.008690
-0.019577
-0.034729
-0.016388
-0.021698
0.024155
0.011009
-0.004620
0.000482
0.009293
-0.002144
-0.015808
0.012863
0.018707
0.017380
-0.037018
-0.016586
0.029510
0.039551
0.012459
0.017715
0.028732
0.025040
-0.038544
-0.005829
0.006256
-0.017746
-0.024460
0.027557
0.031616
0.000566
0.021210
-0.013153
-0.016998
-0.024490
0.001904
-0.027908
0.016098
-0.007000
-0.001743
0.037201
-0.029968
-0.027145
-0.015030
0.018219
-0.010704
-0.029770
-0.035217
0.030197
-0.027267
0.035187
-0.016968
0.004238
-0.023254
0.032776
0.015823
0.021835
-0.021805
-0.004532
-0.000305
-0.034363
-0.016159
0.004265
-0.006298
0.010956
-0.037567
0.005207
-0.004654
-0.020859
0.038879
-0.013847
-0.003675
-0.012512
-0.002647
-0.022995
-0.032104
0.004219
-0.028000
-0.022217
-0.024796
0.031769
0.020721
-0.006565
-0.007175
0.040588
0.017090
0.039856
-0.013107
-0.014214
0.027222
0.002436
-0.039795
0.001731
0.028336
0.001643
0.010445
-0.000181
0.018692
-0.008133
0.026062
0.028900
0.017349
-0.020462
0.006344
0.014015
-0.005566
-0.035858
-0.023453
0.020844
0.025055
-0.041077
0.006149
-0.028351
-0.030441
-0.025528
0.040741
0.047821
0.039581
0.004860
-0.023407
0.042206
-0.009438
-0.021606
0.001688
-0.002611
-0.007385
0.030609
0.004799
0.009918
-0.030426
-0.005245
-0.012337
-0.003880
0.010956
0.013268
0.033600
-0.022568
-0.013458
0.005238
-0.007355
0.005844
0.015007
0.004429
0.016006
0.038116
-0.023544
-0.019424
-0.019730
-0.017380
0.034119
-0.032654
0.025513
-0.049988
-0.013237
-0.038208
-0.021408
0.015945
-0.014786
-0.010353
0.001553
0.003960
0.020615
0.047974
-0.013176
0.052673
-0.024918
0.010117
-0.028931
0.004356
-0.040161
-0.007412
-0.020050
-0.004124
-0.002604
-0.054199
-0.019485
0.028671
-0.020401
0.045074
-0.018219
-0.022079
-0.010178
-0.023651
-0.014496
-0.005733
-0.015152
0.039062
-0.015396
-0.007282
0.045288
0.002518
0.036957
-0.034973
-0.010330
0.025146
0.037262
0.019623
0.003246
-0.038818
0.043457
-0.040375
0.046509
-0.018280
-0.005100
0.012764
0.007584
0.002947
-0.037415
0.017609
-0.029800
0.015503
-0.001533
-0.011230
0.020706
-0.035431
-0.028610
-0.068359
-0.007214
0.033691
0.019974
-0.004467
0.043243
0.053589
-0.047516
0.004700
0.034973
-0.062225
0.030731
0.001976
-0.005478
0.054993
-0.001965
0.001003
0.037231
-0.008110
-0.006008
-0.021835
-0.002705
-0.007389
-0.017532
-0.007015
0.010246
-0.030090
-0.008965
0.036926
0.001597
0.030487
-0.037445
-0.009003
-0.004940
0.038116
-0.030365
0.003664
0.029648
-0.038361
0.006905
0.014153
-0.020844
-0.019470
-0.007484
-0.014664
0.041565
-0.041199
-0.082642
0.014114
-0.009392
-0.011841
-0.046082
-0.044891
0.039246
-0.040649
0.010475
0.013855
-0.010742
0.009247
0.034576
0.008011
0.019211
-0.035187
-0.026413
-0.001414
-0.018661
0.004528
0.011604
-0.019302
0.019730
-0.005966
0.020523
-0.012581
-0.017014
-0.006687
-0.013786
0.001390
-0.008553
0.011566
0.018539
0.013885
-0.018997
-0.015808
0.031433
0.006351
-0.002087
-0.003229
-0.032349
0.018448
-0.020996
0.014389
0.013741
0.032562
0.024475
-0.028488
-0.004848
0.037537
-0.028931
0.005180
0.032745
0.012405
0.009079
-0.019821
-0.000768
-0.006374
-0.003326
-0.032562
-0.031158
-0.022888
-0.007690
0.002312
-0.012749
0.029755
-0.026505
0.030945
-0.020798
0.037170
-0.019638
0.032227
-0.031433
0.001259
0.015717
0.006519
0.010117
0.030334
-0.009796
-0.030396
0.027435
-0.007622
-0.031113
0.006508
-0.003107
0.034058
0.022873
0.026443
-0.010117
0.030807
-0.032440
0.002962
0.022171
-0.010857
0.007591
-0.008881
0.009895
-0.023056
-0.019409
-0.022232
0.022781
-0.010857
-0.021225
-0.009583
0.030838
0.020645
-0.004665
0.036224
0.027588
-0.005798
-0.003036
-0.006268
0.004257
-0.005253
0.030624
-0.034119
0.033630
0.012367
-0.029984
-0.016235
-0.025223
-0.030518
0.017914
-0.017441
0.022217
-0.022079
0.002256
0.001052
-0.032379
-0.009048
-0.006283
0.017059
-0.011490
0.004944
0.027649
-0.004276
0.013451
-0.031036
-0.011055
0.025711
0.010429
-0.030212
0.018646
-0.030304
0.018585
0.020340
0.030396
0.017059
-0.031372
0.002741
-0.001353
-0.023361
-0.030579
0.000684
-0.010956
-0.004028
0.005543
0.035980
0.005501
0.004078
0.023621
-0.009758
-0.006828
-0.013245
-0.010452
-0.019928
-0.002121
-0.008057
-0.006691
0.036835
-0.008537
-0.012611
0.005566
-0.011971
0.026291
-0.006962
0.016251
-0.000957
-0.032379
0.009605
-0.004868
-0.008675
0.025238
0.025253
0.032013
0.035645
0.033539
0.014580
-0.007362
-0.017258
0.004154
-0.006653
0.018173
0.000847
0.011276
-0.018661
0.015823
0.012688
0.035004
-0.032501
-0.006241
-0.000865
-0.007141
-0.002478
-0.001448
0.030487
-0.025452
0.004456
-0.027313
0.015884
-0.013573
0.005131
0.034576
-0.029099
-0.011215
0.029510
0.002937
0.019058
-0.013725
-0.013245
-0.012505
0.038269
0.038239
-0.023651
0.000216
-0.037201
0.000464
0.034882
0.039429
0.039673
-0.004963
0.000187
0.024414
-0.005131
0.007305
-0.021271
0.012123
-0.010361
0.029190
0.021835
-0.034943
0.016739
0.000787
-0.003675
0.032715
-0.036560
0.011421
0.014732
-0.025192
0.013443
-0.030716
0.021790
-0.021835
0.015137
-0.009132
-0.022903
-0.017548
-0.031799
0.006489
-0.028259
0.017975
0.023315
-0.006168
0.015320
0.011826
-0.005562
-0.005108
0.010178
-0.016373
-0.008926
-0.017822
0.040619
-0.025238
0.019409
0.009224
-0.007927
-0.028091
-0.010994
0.041016
0.027786
0.037811
0.020401
-0.001489
0.033478
0.024582
-0.023239
-0.018661
0.012794
0.013885
0.037506
-0.013489
-0.010628
-0.026108
0.013123
0.007572
0.000311
-0.005722
-0.016434
-0.022888
0.007370
-0.019012
-0.008812
0.014435
-0.014008
-0.008888
0.013580
0.015282
0.017303
-0.011986
-0.011505
-0.027908
0.042145
-0.023117
0.018280
-0.024826
-0.036896
0.013641
0.005402
0.016525
0.016922
-0.013016
0.040161
0.019745
0.008728
-0.008026
0.019791
0.024399
-0.003605
0.017380
0.018005
-0.013100
0.026611
-0.035614
0.004551
-0.023849
-0.005749
0.021423
0.017181
-0.019455
-0.018005
0.025787
-0.023315
-0.046448
0.030258
0.009132
-0.008308
0.023788
-0.003061
-0.025085
-0.007557
0.048615
0.031219
-0.030792
0.010056
0.025131
0.017197
0.022781
0.021652
-0.017303
-0.036530
0.005379
-0.022720
0.007450
-0.000251
0.012192
-0.021423
0.023376
-0.031250
-0.009842
0.021667
0.022797
0.015808
0.045807
0.018616
0.016922
-0.023865
0.031860
0.008347
0.025452
0.002508
-0.016861
-0.024429
0.006840
0.031555
-0.024765
0.004326
0.017685
0.035858
0.009804
0.034393
-0.041168
-0.000535
-0.020187
-0.021210
0.006561
0.008728
-0.001545
0.012199
-0.003719
-0.015808
-0.005726
0.038513
-0.027298
0.031891
-0.006123
0.033020
0.019104
-0.011436
-0.005268
0.027313
-0.025711
0.029816
0.012527
0.011604
0.006050
-0.008087
-0.000988
0.008217
0.026154
0.016998
0.002705
0.015350
0.001342
0.007641
-0.028915
0.014717
-0.039337
0.035217
0.036652
0.002588
0.004597
0.030426
0.036774
-0.011276
-0.035675
0.024796
0.004341
-0.006741
0.002520
-0.012085
0.006203
-0.001493
0.036621
0.007549
0.012726
0.001462
0.016022
0.028610
0.007511
0.031311
0.022797
-0.000604
-0.030640
0.039551
-0.023834
0.007732
-0.034424
0.013557
-0.007851
0.022034
-0.031433
0.013657
-0.019531
-0.032196
0.004818
-0.014801
-0.025101
0.009552
-0.011566
0.011353
-0.009415
-0.014206
0.022339
0.032196
-0.023407
-0.004425
0.012680
-0.032776
0.037659
0.009445
0.031342
0.018036
0.021240
-0.013573
-0.004208
-0.013870
-0.017578
-0.029831
-0.010040
0.033936
0.021439
-0.035004
0.028366
0.038544
-0.025238
0.021500
-0.006695
0.027725
-0.004589
-0.022934
-0.025818
0.006432
0.019943
0.035583
-0.025314
-0.013275
0.024887
-0.013641
-0.028122
-0.030823
-0.025955
0.038574
-0.030792
-0.028824
0.001294
0.025879
-0.018631
-0.013748
-0.000882
-0.016342
-0.014572
0.013214
0.001636
-0.019302
0.039642
0.003523
-0.005581
0.016861
-0.027847
-0.005623
-0.020004
-0.001581
-0.017975
-0.014908
0.003506
0.042755
-0.015419
-0.033905
0.024216
0.029846
-0.016174
-0.002222
-0.038696
0.025482
0.005241
-0.018707
-0.005848
0.022797
0.007236
-0.019791
-0.008621
0.008987
0.026352
-0.010246
0.010735
0.020660
-0.005516
-0.010323
-0.004787
-0.000045
-0.019577
0.036102
-0.015427
-0.005695
-0.005386
-0.035492
-0.017059
-0.009735
-0.022141
-0.023499
0.020767
0.002710
0.008255
-0.014389
-0.001194
-0.002571
0.019608
-0.030746
-0.008400
-0.024765
0.016678
0.035461
0.015015
0.017517
0.027817
-0.014473
0.001338
0.028641
0.010178
0.010895
-0.007828
0.033325
-0.004528
-0.017975
0.011284
0.017059
0.004246
-0.014809
0.025177
-0.015450
0.017136
-0.000275
-0.011993
0.026337
-0.030533
0.005619
0.025818
-0.000195
-0.008293
0.029709
0.007935
-0.006054
0.034393
0.012543
0.012939
0.023178
0.004036
-0.020401
0.010597
-0.017746
0.013000
-0.016174
0.023605
-0.017258
-0.016449
0.019989
0.013611
0.006466
-0.004887
0.010178
0.012222
0.003613
0.014130
-0.003189
0.024750
-0.000471
0.028091
-0.028046
-0.003904
0.009590
0.008453
0.027985
0.010200
0.025665
-0.004761
0.029495
-0.007633
0.022537
-0.021164
0.033539
0.029739
0.011650
0.035065
-0.022964
-0.019012
-0.031677
0.030045
0.002617
-0.000140
0.005474
0.018753
0.002636
0.006660
0.017975
0.024780
0.038055
0.011436
0.002115
-0.008873
0.031525
-0.007309
0.000254
0.009773
-0.018967
0.005272
0.018555
-0.010132
0.028320
0.019211
0.013649
0.001776
0.024338
-0.008942
0.009171
-0.039734
-0.023163
-0.026230
0.013069
0.040283
0.024048
-0.005409
-0.007378
0.019989
0.031097
-0.031891
0.022064
0.007935
0.016861
-0.000234
0.002075
0.012772
0.002731
-0.018890
0.020920
0.008377
0.003422
0.040588
0.011543
-0.009354
0.022018
0.003511
0.032104
-0.018433
0.001661
0.029800
0.016693
0.014519
0.013573
0.024750
-0.016251
0.037537
-0.008057
0.009743
0.021240
-0.001726
-0.025345
-0.023911
-0.028793
0.002033
0.021637
-0.007511
-0.036835
0.023224
-0.029739
0.013100
0.035583
0.011040
0.007797
0.010254
0.011925
0.022690
0.008827
-0.018768
0.003496
-0.007549
0.036499
-0.011276
-0.000906
-0.017502
-0.029114
-0.035797
0.014183
-0.003147
0.012146
-0.027145
0.022537
-0.037750
-0.008202
0.020111
-0.013451
0.017090
-0.041229
-0.005520
-0.036713
0.026871
0.033264
-0.004276
-0.015381
-0.033691
0.030792
-0.019363
-0.003588
-0.032837
0.004646
0.043030
0.019913
0.027390
-0.022675
-0.023926
0.051483
0.014786
-0.005463
0.022537
-0.004459
0.001229
-0.030518
-0.005157
0.014526
0.026489
-0.026184
0.022476
-0.005062
-0.039825
0.022903
0.001030
-0.042755
0.013458
-0.010811
-0.025024
-0.007511
0.010872
-0.008080
-0.027985
-0.018387
-0.001389
0.026749
0.010567
-0.024078
0.039307
-0.017303
-0.040802
-0.021591
0.014961
-0.009888
-0.022873
0.003473
-0.004917
0.009865
-0.010979
-0.036102
-0.000273
0.020004
0.017746
-0.010750
-0.020782
0.004402
0.007706
0.015198
-0.003906
0.012222
0.010559
0.002539
-0.003721
0.029343
-0.029160
-0.017685
0.055389
0.023758
0.000248
-0.026245
0.021683
0.005360
0.023834
-0.012680
-0.032776
-0.008263
-0.022858
0.023422
0.022766
-0.031586
0.013138
-0.041077
0.036682
0.006096
-0.030731
-0.015335
-0.006248
0.008820
0.005836
-0.002100
-0.035675
-0.027481
-0.006802
-0.031891
-0.019196
-0.004772
-0.002390
0.017303
-0.010666
-0.012238
-0.000071
-0.009155
-0.022339
-0.015945
-0.017746
-0.001760
0.038757
0.023788
0.011414
0.009399
-0.025528
0.008705
-0.012894
-0.010559
0.005333
-0.010963
0.007046
0.013039
0.002825
-0.014061
0.036133
0.020218
0.000424
0.041504
0.012383
-0.028976
0.029617
0.012733
-0.001498
-0.037781
0.023926
0.001272
-0.018112
0.017349
-0.006401
-0.000138
0.032959
-0.027969
0.025009
-0.041901
0.022614
-0.002645
-0.001482
0.007828
-0.021286
0.014175
0.014771
0.029419
0.028458
0.022507
0.024673
0.022217
0.012825
-0.004753
0.001036
0.034698
-0.006199
-0.035248
0.003952
0.005737
0.033936
0.025803
-0.025848
0.010254
0.007328
-0.027313
0.005222
0.032623
-0.020508
0.020233
0.007034
0.007774
-0.016800
0.034729
0.013893
0.018433
-0.009377
0.000547
-0.016495
0.019287
0.030212
0.005577
-0.028290
-0.023605
-0.021622
-0.026154
0.041199
-0.023483
0.007973
-0.010406
0.029053
-0.011925
-0.003611
0.021515
-0.032257
-0.010361
0.015717
-0.001783
-0.013123
-0.016037
-0.033752
-0.027786
-0.024139
-0.031708
0.021103
-0.018997
-0.003090
-0.031143
-0.012253
0.004150
0.002615
-0.021744
0.036011
-0.024384
-0.004585
-0.000461
-0.031372
-0.016159
0.022049
0.000790
-0.022308
0.027069
0.001479
-0.019379
0.006382
-0.005463
0.008804
-0.032349
0.008713
-0.023697
0.005611
0.033447
-0.021210
0.027740
0.012459
0.011902
-0.007710
0.016754
0.025528
0.036743
0.036652
-0.022522
0.043335
-0.014053
0.016586
-0.018127
0.004086
-0.019318
0.011513
-0.026855
0.005989
0.012077
0.021805
-0.025620
-0.019028
0.026093
-0.032684
0.008087
-0.011925
-0.027618
0.026932
-0.000333
0.006203
0.001720
-0.001825
0.036407
0.041901
-0.028183
-0.008865
0.004791
0.009933
-0.023529
-0.013924
0.032623
0.016953
0.038788
0.001484
-0.004223
0.035126
-0.000971
0.021988
0.022293
-0.002083
0.020462
0.028915
-0.017899
-0.040894
0.030273
0.001311
-0.015343
0.007252
0.010078
-0.027893
-0.032257
0.011017
0.030731
-0.008621
-0.026535
-0.009789
0.022644
0.003159
-0.009232
0.016098
0.016891
-0.017120
0.041870
0.003517
0.017548
-0.026962
0.025635
-0.041321
0.008499
0.051910
0.005802
0.007111
-0.019012
-0.011971
-0.006989
0.019180
-0.002813
0.014839
0.030640
-0.033356
-0.021255
0.048859
-0.013588
-0.008110
0.034668
-0.015808
-0.000125
-0.008575
-0.002226
-0.014252
0.005867
-0.017410
0.016220
-0.021774
0.039581
-0.057037
0.013687
0.003738
-0.023849
-0.010872
0.038788
0.005142
-0.010452
0.034760
0.015747
0.015518
0.018768
0.007431
0.022614
-0.022339
0.027039
0.043060
-0.025894
-0.035736
0.028503
0.020203
-0.019806
0.036102
-0.020874
-0.023941
0.044189
-0.047424
-0.010773
0.021774
0.021027
-0.032837
-0.038483
0.025146
0.002348
-0.022522
0.007809
-0.000271
-0.007393
0.008926
-0.015335
-0.008102
0.022781
0.002640
0.036804
0.042389
0.010643
-0.027496
0.037201
0.040131
0.010956
-0.007866
-0.001266
-0.002310
0.027985
0.011971
-0.026138
-0.013481
0.024048
0.023590
-0.013626
-0.019653
-0.034393
-0.036652
-0.011566
0.031250
-0.014008
0.022995
0.016251
-0.028671
-0.017639
0.031952
-0.012001
0.020432
0.001348
0.006966
-0.027252
0.009171
-0.012985
-0.030548
0.019592
-0.003830
-0.024139
0.025009
-0.034637
0.013474
-0.002647
0.001153
0.038574
0.017105
0.005436
-0.021118
-0.035645
-0.005489
-0.000911
0.024445
-0.023285
0.021957
-0.013229
0.024857
-0.023148
0.029938
-0.015793
0.004646
-0.003767
-0.012825
0.018112
0.017960
-0.012703
-0.014488
0.009628
0.016449
0.013046
-0.037201
0.004829
0.002449
0.011711
0.011200
-0.024628
0.023041
-0.029083
0.024048
-0.036621
-0.013702
-0.007469
-0.031143
0.023285
0.010582
0.017807
0.037659
0.038300
0.028931
0.013138
0.025452
0.022751
0.025818
0.009743
-0.019745
-0.001168
0.026215
0.035889
0.007179
-0.028290
0.030289
0.027237
-0.010788
-0.033447
-0.002281
0.003357
0.020142
0.005245
-0.029144
0.038788
-0.007183
0.008377
0.018082
-0.007072
-0.031830
-0.037079
-0.010330
-0.026199
0.010200
-0.012062
-0.002792
-0.042358
0.011368
0.001233
0.028854
-0.013969
-0.025803
-0.020645
0.002783
-0.003412
0.010979
-0.016251
-0.008293
0.017105
0.019882
0.018616
-0.003544
-0.042877
0.030182
-0.001937
-0.005981
-0.008034
-0.023026
0.022079
0.031052
-0.021561
-0.042725
0.019608
-0.016342
-0.016647
0.015526
-0.019577
0.023575
0.021530
-0.021759
-0.029724
0.011696
-0.030991
0.004520
-0.000674
0.034668
-0.016449
-0.014549
-0.008354
0.028564
0.006470
-0.031342
-0.004421
0.020844
0.030716
0.022491
0.014183
-0.006332
-0.014397
0.004555
0.027084
-0.023987
0.032196
-0.006523
-0.010674
0.024597
-0.017181
-0.011467
0.030319
-0.033752
-0.021835
0.024841
0.004951
0.004147
-0.026611
0.035248
0.023560
0.006313
0.017426
-0.001472
0.002930
-0.007751
0.026276
0.009773
0.020981
0.024612
0.013992
0.024612
0.023392
-0.004169
-0.000002
-0.028046
0.013596
-0.032135
0.014893
0.009987
0.028732
-0.015686
-0.000566
-0.031021
-0.014404
0.023239
-0.007736
-0.023026
0.001148
0.016861
-0.011818
0.025253
0.031464
0.018555
-0.004684
-0.015106
0.027115
-0.033691
0.010574
0.032135
-0.003347
-0.026703
-0.005413
0.014992
0.031952
-0.005249
0.037415
-0.017395
-0.021759
-0.005924
0.004215
0.017853
-0.022385
-0.015411
0.023804
0.031982
0.013504
-0.001271
0.007671
-0.045746
-0.000820
-0.005569
0.030594
0.003139
0.005142
0.011909
-0.040253
0.010567
0.012413
-0.029739
-0.022476
0.023209
0.007622
0.007713
-0.001808
-0.050720
-0.017197
0.018372
0.013336
-0.018753
-0.023544
-0.002600
-0.048523
-0.019974
-0.031342
0.013977
0.030640
0.017929
0.005695
0.028534
-0.009476
-0.038300
-0.012199
-0.032867
0.022079
0.002075
0.011169
-0.048004
-0.031494
0.021454
-0.014374
-0.012794
0.023605
-0.002932
0.029205
0.025909
-0.004147
-0.038116
-0.003220
0.032257
-0.013145
0.025787
0.015228
-0.012177
0.019180
0.023682
-0.006290
-0.026962
0.027008
0.035248
-0.036774
-0.007526
-0.060028
0.032043
-0.015388
-0.040802
-0.017365
0.036407
-0.008179
0.007721
0.001623
-0.024643
-0.015480
0.021301
0.002047
-0.002142
0.037048
0.035645
0.017380
0.018097
0.016556
-0.014465
0.026611
0.042694
-0.032166
0.033112
0.015015
-0.023117
-0.021667
0.014992
-0.015388
-0.001307
0.037811
0.055023
-0.014336
0.007378
0.015991
0.015869
-0.028610
0.025772
0.001903
0.024048
0.026886
-0.019211
-0.034515
0.009827
0.041046
-0.024399
0.014374
-0.006275
0.006809
0.021194
-0.047699
-0.022034
-0.000804
-0.002823
0.016418
-0.005657
0.027039
-0.004608
-0.028534
0.014618
0.041412
-0.000439
-0.024124
-0.027588
-0.006611
0.009811
-0.011742
-0.010246
0.001014
0.012245
-0.004616
-0.012009
0.012184
-0.026886
0.021973
-0.006184
0.012810
-0.028595
-0.000108
0.020477
-0.005886
-0.007629
0.020370
-0.037903
-0.009491
0.016388
-0.003633
-0.050446
0.023972
-0.005642
0.015366
0.017563
0.026474
0.008064
0.025085
0.027924
-0.043884
-0.028015
0.024857
-0.002815
0.002241
-0.023880
-0.012444
-0.028503
-0.012840
0.018417
-0.037659
-0.018585
0.013847
0.032715
-0.003185
0.044281
-0.038422
0.008934
0.033783
-0.023544
0.042572
0.000572
-0.008392
-0.008476
-0.005230
-0.019760
-0.032959
0.003784
-0.027328
-0.006512
0.016632
0.017715
-0.005951
-0.003902
-0.026962
-0.028107
0.001813
-0.001465
0.035217
-0.000123
-0.042114
-0.016830
-0.035004
0.006222
-0.025513
0.000198
-0.007427
-0.020676
0.027740
-0.024216
0.030472
-0.017670
-0.035400
-0.017883
-0.012505
-0.016632
-0.020569
-0.002710
-0.017654
0.015366
-0.019852
-0.027435
-0.006771
-0.012901
0.020935
0.010170
0.034698
0.007950
-0.044373
-0.009048
-0.013901
0.036469
0.013794
0.031281
0.022263
0.022324
0.025757
-0.026978
0.002609
0.048401
0.024841
0.012085
0.044922
-0.004456
-0.000490
-0.045776
-0.014565
-0.004673
0.021591
0.019882
0.009048
0.017578
0.009087
-0.038696
0.024872
0.028442
-0.001052
-0.026566
0.017776
0.028473
0.017960
-0.015121
0.009125
0.000848
0.003019
-0.027313
0.024429
0.022675
-0.017685
-0.034973
0.021439
-0.004559
-0.038452
0.008774
-0.004543
-0.023422
0.004135
0.023224
-0.007301
0.011726
0.004940
0.026855
-0.031769
-0.029022
0.025848
0.007229
-0.013542
-0.034698
-0.006222
-0.008141
-0.011978
0.032928
0.023163
-0.021423
0.017960
0.034393
0.029999
0.021362
0.008423
0.001999
0.005520
0.032562
-0.024124
0.007133
-0.005497
-0.025024
-0.024658
0.027130
-0.017288
-0.028458
-0.040344
0.013908
0.017334
-0.017365
0.010147
0.007538
-0.027802
0.032928
-0.026505
-0.013138
-0.025101
0.032227
0.026321
-0.003397
0.007778
-0.023819
0.024139
0.024567
0.005360
0.009132
0.008759
-0.033691
0.023499
0.035156
-0.029083
0.002474
0.010292
-0.024582
0.008308
0.028458
0.004505
-0.007401
-0.026138
0.023590
-0.001498
-0.016190
-0.025650
0.000983
0.010773
0.025848
-0.007118
0.004105
-0.010811
-0.018768
-0.007458
0.016937
0.005096
-0.028061
0.006798
-0.015656
0.004444
0.002113
-0.015091
-0.015900
-0.008972
-0.009216
-0.008987
-0.026611
-0.017090
0.004982
0.012001
-0.018585
0.001730
-0.025742
0.011108
0.037018
0.031250
-0.039337
0.028381
-0.021286
-0.002090
0.011719
0.025787
0.019043
-0.016434
0.018188
-0.027954
0.006615
0.026794
0.007866
-0.008644
-0.027206
-0.026917
-0.000120
-0.021667
0.030411
0.011902
0.032379
-0.018372
-0.009933
-0.013023
-0.026871
0.020706
-0.006599
-0.010307
-0.029449
0.011566
0.031219
-0.008148
0.034302
-0.006134
0.021210
0.001067
-0.012978
0.013191
-0.038727
0.028503
0.004963
0.044098
0.019699
-0.019409
0.040741
0.000906
-0.035492
-0.062561
0.002848
0.060638
0.025482
-0.030685
0.012871
-0.041901
-0.027756
0.007015
-0.045258
0.014542
-0.004765
-0.025192
-0.002182
0.008270
-0.002857
0.000731
-0.011612
0.024399
-0.041840
0.006710
-0.039276
0.032104
0.015587
-0.010422
-0.012238
-0.012466
-0.030670
0.043915
0.022980
0.006912
-0.022888
-0.016586
-0.027145
-0.013298
0.002499
0.021729
-0.066650
0.030182
-0.001332
-0.001430
0.005825
0.014870
0.039917
0.013382
-0.019333
0.049225
0.029694
0.012276
-0.002277
-0.013512
-0.029556
0.013626
0.017715
0.044556
0.042877
-0.013306
-0.034576
-0.055969
0.004913
0.014870
-0.003139
0.010941
-0.026138
0.038116
-0.035400
0.002867
0.046539
0.016235
0.023117
0.009590
0.010010
0.037689
0.027344
0.027191
0.015007
-0.005711
0.050415
-0.001300
0.004025
0.011856
0.019943
0.014839
0.006851
-0.005322
-0.011185
-0.023224
0.011879
-0.035522
-0.001965
-0.012238
0.015083
-0.043121
0.002172
-0.009377
-0.008469
0.019409
-0.030350
-0.007732
-0.030212
-0.036896
0.017639
0.011559
0.001536
-0.020370
-0.007671
-0.018814
0.024155
0.043060
0.054596
0.015450
0.074097
0.025238
0.063599
0.041748
0.026062
0.031555
0.012489
0.001637
0.037720
0.034241
0.005650
-0.058746
-0.018265
0.020737
-0.010956
0.000054
-0.028091
-0.073303
-0.060364
0.067322
0.001249
0.023071
0.021713
-0.000248
-0.038757
0.056335
0.016998
0.066772
-0.043182
-0.064941
0.052979
0.050323
0.020462
0.009186
0.038910
0.052460
-0.050140
-0.012520
-0.026123
-0.000173
0.032379
0.013290
-0.011124
0.041595
0.031586
-0.068970
0.003702
-0.054749
0.005741
0.029160
0.038025
0.067505
-0.048096
0.029495
0.051422
0.047821
0.063843
-0.017700
0.020599
0.000269
0.048035
0.025360
-0.054779
0.078430
0.000540
-0.017883
0.008324
0.006718
-0.009804
0.000985
-0.011353
-0.002186
0.016830
0.024338
0.078552
-0.048950
-0.025421
0.075317
0.071716
0.027481
-0.002075
0.046326
-0.011475
0.047394
-0.001730
0.018082
0.017731
0.060699
-0.048950
-0.023743
0.029129
-0.095032
0.005016
-0.073303
0.047424
0.044250
-0.013573
-0.043762
0.052521
0.043304
0.060425
-0.049866
0.069885
-0.049286
-0.054291
0.046234
0.010994
0.027756
0.032349
0.069763
0.035370
-0.009537
-0.069092
0.073975
0.040436
0.025757
-0.000489
0.022873
0.020721
0.050690
-0.022507
0.014168
-0.019974
0.035217
-0.027832
0.012794
-0.002766
-0.004742
-0.014046
-0.014458
0.008842
0.000698
-0.015854
0.014153
-0.011414
0.005360
-0.027252
-0.014656
0.023849
0.001527
0.024002
0.029205
0.019623
-0.005322
-0.006302
-0.022888
0.010368
0.026169
-0.007618
0.020615
-0.003529
-0.006584
0.017380
-0.032990
0.029312
-0.013824
-0.008156
-0.021606
-0.026108
-0.007088
0.013840
0.028732
-0.012138
0.012360
0.033691
0.000941
-0.025909
0.031113
-0.016266
0.026459
0.028091
0.039307
-0.000335
-0.002180
0.016891
-0.029053
-0.009087
0.017349
0.020889
0.036285
-0.007183
-0.023666
-0.010826
0.015305
0.018356
-0.022980
0.016632
0.013916
-0.018341
-0.031586
0.012054
-0.000602
0.023911
-0.025192
-0.002420
0.001799
0.020187
0.025696
0.026550
0.013565
0.033173
-0.025421
-0.031738
0.006454
-0.030350
0.003059
0.025940
0.019379
0.033997
0.038055
-0.034729
-0.012688
0.000817
0.028183
0.023529
0.007324
0.003807
0.026535
-0.031677
0.039246
0.024277
0.030746
0.025864
0.019867
0.019913
0.029984
0.003479
-0.014687
0.004276
0.012634
-0.015114
0.002573
0.006676
-0.013374
-0.005474
0.034729
0.029419
-0.010391
-0.006321
-0.012283
0.007553
-0.011292
-0.024689
0.010338
-0.008942
0.032471
-0.001166
-0.026947
-0.006870
-0.028427
0.018738
-0.025101
-0.022079
-0.026733
0.009407
0.018555
0.031403
0.023560
-0.007645
0.012100
-0.053284
-0.015488
0.010773
-0.023529
0.024094
-0.001948
-0.032745
0.029617
0.044434
0.015976
-0.009789
0.021469
-0.024261
0.013077
-0.002094
-0.019714
0.008698
0.039337
-0.010544
-0.040619
0.014160
0.014076
0.016098
0.032623
0.037109
-0.004162
-0.020935
0.011253
-0.019150
0.022186
-0.018951
0.006310
-0.032928
0.026581
0.002905
-0.006996
0.019226
0.030869
0.025101
0.028793
0.009666
0.000431
0.028885
0.011818
-0.024124
-0.036285
-0.003815
-0.030960
0.006927
0.028625
-0.016922
0.034851
0.012924
-0.006737
0.022095
-0.004646
0.003801
0.005142
-0.029785
0.035004
-0.015884
-0.001428
0.008820
0.026520
0.031952
0.035370
-0.002834
-0.039246
-0.026154
0.042877
-0.007835
0.000554
-0.038208
0.007633
0.001126
-0.036865
-0.013733
-0.051331
0.033264
0.024734
0.012611
-0.033447
-0.029251
0.006672
-0.002274
0.009224
-0.013977
-0.011909
-0.038361
0.039337
0.019485
-0.000693
0.019089
-0.021240
-0.033691
-0.011932
0.003250
-0.007477
-0.025040
0.019135
-0.014679
-0.024567
-0.015457
-0.030319
-0.020782
-0.022446
0.028656
0.028702
-0.007568
0.002478
0.011536
0.007660
-0.041321
-0.005821
-0.023621
-0.006130
-0.009010
-0.010765
0.025589
0.020599
-0.007843
-0.010483
-0.003891
-0.049286
-0.006409
0.010826
0.024323
0.028351
0.005798
-0.005180
-0.029251
0.003061
0.004803
0.050629
0.018600
0.016327
0.041748
0.014900
0.038269
0.015480
-0.023453
0.013901
-0.033569
0.026291
0.044189
-0.016174
-0.025787
-0.014969
-0.025818
-0.047668
-0.015686
-0.006016
0.005161
-0.028275
-0.044708
-0.000992
0.015945
-0.009766
-0.004669
0.019760
-0.013306
-0.004078
-0.014351
0.008667
-0.004707
0.028824
-0.003183
-0.014526
0.043121
0.012596
0.039337
-0.002623
-0.014465
0.020905
0.016373
0.044495
0.037231
0.023010
0.012840
-0.037628
0.036224
-0.015747
-0.034637
0.053894
0.029495
-0.000858
0.004932
-0.016846
-0.011909
-0.046692
0.029114
-0.011360
-0.002853
0.024292
-0.027725
-0.047424
-0.021820
0.033325
-0.007927
0.002703
-0.018814
0.016922
-0.009056
-0.031006
-0.032990
-0.002432
-0.023575
0.014587
-0.059082
-0.005249
0.054688
-0.035614
-0.027832
0.028030
-0.004940
0.028183
-0.000515
-0.005287
0.020966
0.034576
-0.038849
0.001813
0.026810
0.023468
-0.007553
-0.020416
-0.008888
0.003490
-0.019073
0.016022
-0.070068
-0.006172
0.029205
-0.012810
0.044769
0.002195
-0.026520
-0.028839
-0.001103
-0.063110
0.020203
-0.021652
0.053833
0.006729
0.036926
0.014801
0.021454
0.001308
0.013191
-0.002905
-0.030029
0.033356
-0.006943
-0.035278
0.021912
-0.023727
-0.002392
-0.031555
-0.008858
-0.034821
-0.033875
-0.007122
-0.041412
-0.008545
0.020844
-0.003899
0.032288
0.003536
0.025681
0.033356
-0.026169
0.014282
0.013641
0.023010
0.010719
0.027328
-0.015297
-0.022980
0.031708
0.021622
0.032654
-0.019028
-0.002783
0.008690
-0.035828
0.000003
0.032379
0.033173
0.019058
-0.028961
-0.010017
0.022827
0.004551
-0.020676
0.035950
0.004169
0.006207
0.000180
0.017242
0.023361
-0.004463
0.025085
0.013908
0.013206
-0.000789
0.030869
-0.027618
0.008476
0.009880
0.010506
0.027054
-0.016953
-0.002127
0.031891
-0.028168
0.006866
-0.024536
0.004765
0.019455
-0.024750
0.025299
-0.023422
0.005047
0.025024
0.002502
-0.001616
-0.018707
-0.024109
-0.021317
-0.014648
-0.015289
0.000912
0.008972
0.018143
0.001828
0.011429
0.020065
0.035004
-0.005276
-0.022888
-0.010689
0.029770
0.003859
-0.007362
0.037781
0.037720
0.032166
0.016586
-0.007256
0.017731
-0.032654
-0.016724
0.036713
-0.022522
0.010048
-0.024475
-0.027756
-0.034546
0.016251
0.032532
-0.021927
-0.010788
-0.017914
-0.011688
0.033722
0.006847
0.026382
-0.005150
-0.006210
0.020798
-0.001296
0.000951
-0.006783
0.011917
-0.004364
-0.025055
-0.025085
0.005451
-0.014786
0.028290
-0.032684
-0.027557
0.029846
-0.017166
-0.045197
-0.002960
-0.016098
-0.013634
0.021576
-0.023468
-0.031082
-0.004036
0.028458
0.006500
-0.014526
0.013535
0.016495
-0.042847
0.001513
-0.016098
-0.018982
0.010498
0.006241
-0.046478
-0.023483
-0.017853
0.009758
-0.024765
0.031372
0.032623
-0.014099
0.000655
-0.004078
0.016266
0.024902
0.034912
0.021744
-0.007069
0.048126
-0.004906
0.012779
-0.044189
0.040161
-0.016495
-0.022156
0.012611
0.022995
0.026642
-0.041046
-0.000560
-0.013184
-0.003925
0.031952
0.001161
-0.025925
0.000064
-0.023193
-0.003616
-0.015343
-0.013832
0.016983
0.019638
-0.033478
-0.023895
-0.003096
0.008339
0.062103
-0.008118
0.033600
0.001255
-0.012306
-0.029343
0.034332
0.036438
-0.025467
-0.042572
0.001288
-0.011864
0.015106
-0.017120
0.009796
-0.040527
-0.006435
-0.028214
0.047638
-0.029297
0.022522
0.055115
0.011269
0.004360
0.011391
-0.015900
0.012566
0.025650
-0.019638
-0.006058
-0.004276
0.023209
0.023865
-0.006252
0.033386
0.008980
0.029053
-0.017563
-0.011513
0.028748
0.040100
0.013474
0.038116
-0.034241
0.017868
0.018784
-0.024597
-0.028381
-0.031799
0.023331
0.013222
-0.005016
-0.001280
0.028824
-0.010010
-0.031052
-0.038422
-0.002985
-0.010590
0.028061
-0.034882
0.008629
-0.006611
-0.016968
-0.028900
0.026093
-0.009979
-0.023285
-0.019577
0.024048
-0.030609
-0.025284
0.017532
-0.006348
0.013565
-0.031204
0.013710
-0.005070
0.026733
0.007046
0.010498
0.009621
0.005444
0.025772
0.000273
0.036896
-0.003519
-0.039642
0.024109
-0.018753
0.014442
-0.022110
-0.000349
-0.001639
-0.030075
0.027283
-0.033752
-0.010178
-0.031830
-0.012566
0.016983
0.032806
0.028091
0.018051
0.003204
0.026062
-0.011978
-0.008904
0.014526
-0.005138
0.015610
-0.016983
0.005966
0.010796
0.019409
0.021286
-0.038483
0.003212
0.012482
0.033844
0.002016
0.012764
-0.023270
0.001745
0.039459
0.039001
-0.013329
0.029907
-0.039490
-0.018585
-0.033783
-0.027115
0.013397
0.045868
-0.015205
-0.005878
0.005325
0.016052
0.024719
-0.021713
-0.034332
-0.029297
-0.010200
0.002733
-0.035065
0.006748
-0.005196
-0.006107
-0.019257
0.026932
0.012054
0.010742
0.032196
0.006496
0.015717
0.016632
-0.008591
-0.023972
0.022537
-0.031647
-0.026703
0.021393
0.018219
-0.013397
-0.030273
0.020569
0.003733
-0.038330
-0.020706
0.007736
0.018860
-0.035583
-0.029739
-0.033142
-0.008568
0.025269
-0.008507
-0.039185
-0.035126
0.003925
0.004059
-0.039520
0.019714
0.032196
-0.025299
-0.028290
0.015823
-0.034302
0.005493
0.003012
-0.001623
-0.018326
0.036255
0.015747
0.010559
0.022308
0.008080
0.000820
-0.014107
0.039215
0.007145
0.010277
-0.045135
-0.007210
0.006653
0.024353
-0.035370
-0.018646
0.001475
0.039581
0.020981
-0.006908
0.027039
-0.031113
0.014565
-0.014778
0.032440
-0.024261
0.026581
0.001638
0.008644
0.011330
-0.029770
-0.038574
0.006279
0.022552
-0.030685
0.009056
-0.016769
-0.004395
0.013718
0.012909
0.031281
0.020767
-0.004215
0.004543
0.011307
0.020386
-0.002367
-0.010811
0.026031
-0.030075
0.015900
0.029205
0.024551
0.003901
0.012215
-0.013565
0.000020
0.024933
0.032074
0.015297
-0.016281
0.022629
0.005421
0.038300
0.021103
-0.038696
0.006310
0.000703
0.028595
0.010658
0.022049
-0.034302
0.021713
-0.007736
-0.012802
-0.005665
0.003305
-0.033142
0.033325
0.000470
0.028137
-0.040283
0.039337
0.027573
0.027161
-0.014946
0.006889
-0.000734
-0.030380
-0.031616
0.003918
0.005802
0.026566
0.031830
-0.006268
0.005413
-0.013268
0.022537
-0.016479
0.035461
-0.023163
-0.025635
-0.016251
0.015793
0.018738
-0.019211
0.029175
0.001122
0.023834
-0.035706
0.004410
0.000562
-0.045807
-0.022018
0.008492
-0.000669
-0.006077
-0.017197
-0.001172
-0.005398
0.016113
0.038422
0.010841
0.031174
0.015991
0.011147
-0.020432
0.015335
-0.010567
0.002693
0.009354
-0.000323
-0.009689
-0.014832
0.025589
-0.003174
0.018295
0.008430
0.020798
0.033112
-0.031113
0.011124
0.014091
0.004715
-0.007988
0.031525
0.037384
0.031708
0.018860
-0.025772
0.031113
-0.001827
0.006470
0.013680
-0.023270
-0.024338
-0.032074
0.033112
0.004337
0.036621
0.014023
0.034698
-0.019379
-0.023285
0.006153
-0.027695
-0.008896
0.024277
0.016953
0.034058
0.003393
0.011528
0.043701
-0.031372
-0.015808
0.025574
0.029236
0.011444
-0.021408
0.020477
-0.018875
-0.007244
0.037842
-0.015396
0.008072
-0.006767
0.013557
0.038910
-0.035583
-0.035309
0.043030
-0.005795
0.004921
0.025070
-0.039795
-0.013237
-0.037048
0.029984
-0.035095
-0.013367
-0.009087
0.030853
-0.017410
0.014709
-0.017609
0.016953
-0.012856
0.040253
-0.027985
-0.020645
-0.010605
0.033539
0.001778
0.037933
0.003153
0.019318
0.020630
0.005344
0.003532
-0.004097
-0.001600
-0.005997
-0.008713
0.005711
-0.017685
0.002329
-0.018906
-0.013290
-0.031281
0.019989
0.011101
0.007652
-0.034515
-0.003298
-0.004292
0.034576
0.006680
0.026077
0.036133
-0.001597
0.023422
-0.009499
0.023193
0.013794
0.026886
-0.025101
0.008881
-0.003799
-0.003675
-0.017868
0.004768
-0.019318
0.003233
-0.028259
0.031677
-0.002211
0.006306
-0.002604
0.018600
-0.023621
-0.032715
-0.010025
-0.010681
-0.027466
-0.015175
0.018600
0.007160
0.019470
-0.024445
-0.016342
-0.033569
-0.004940
-0.028519
-0.017853
-0.015945
-0.009239
-0.009865
0.019363
-0.019470
0.015762
0.006500
0.027939
0.027054
-0.005363
-0.016708
0.003050
0.015686
0.034210
0.001605
0.010963
0.014961
-0.009201
-0.033997
0.003983
-0.010559
0.030319
0.002907
0.032410
0.010910
-0.020401
0.026596
0.035431
0.016083
-0.025192
-0.021866
-0.024506
0.007820
-0.034088
0.000942
-0.020447
-0.028259
0.028900
0.015656
-0.016541
0.012192
0.024780
0.030380
0.003004
-0.031525
-0.024292
0.007149
-0.023834
0.034424
-0.021103
0.005909
-0.000142
-0.024139
-0.013947
0.003059
-0.030853
0.009346
-0.029907
-0.032593
-0.008507
-0.008308
0.023148
0.004448
0.024948
-0.019211
-0.018707
0.005413
-0.022751
-0.013222
-0.022842
0.022354
0.041809
-0.004967
-0.016739
-0.010216
-0.010223
0.006626
-0.015327
-0.029114
0.023087
-0.004688
0.017975
0.024017
0.016479
-0.026566
0.024841
-0.007092
-0.025864
0.018066
-0.008057
0.002766
-0.006001
-0.033203
0.019485
-0.021637
0.006577
0.009483
-0.011391
0.022018
-0.002075
0.031342
0.022766
0.010605
0.030563
0.021988
-0.013596
0.009636
0.004433
0.025284
0.001089
-0.015930
0.024261
-0.032593
-0.011307
0.039886
-0.045258
0.030518
0.003485
-0.016418
0.024078
-0.019135
-0.008759
-0.017563
0.006927
-0.001270
-0.012184
0.011505
0.012459
-0.013885
0.017761
0.037506
-0.007843
0.015274
0.020157
-0.039093
0.024048
-0.022308
0.043213
-0.013298
-0.003019
-0.021225
-0.035065
-0.011917
-0.037506
-0.024139
-0.014458
0.032959
-0.017471
-0.027344
-0.024811
-0.018051
0.031616
0.003929
-0.006054
-0.019592
0.032928
-0.016434
-0.027359
0.001716
0.017090
-0.008041
-0.042725
0.010826
-0.023315
0.015839
-0.007980
-0.051453
0.017151
-0.011925
0.003754
-0.018585
-0.021362
0.000434
-0.000853
-0.027756
0.005058
-0.009239
-0.022049
0.047791
0.026062
0.053558
0.005241
0.021790
-0.036652
-0.004799
0.000296
0.004234
-0.040375
0.007988
-0.003103
0.025085
-0.023605
0.046692
0.018158
-0.029037
0.024216
0.015381
-0.004284
-0.045715
-0.025620
0.014427
0.031799
-0.034424
-0.022400
0.029266
0.003323
0.010689
0.014221
0.028839
0.026871
-0.037964
-0.035614
0.016235
-0.036652
0.022949
-0.015640
0.008759
-0.042114
0.010162
-0.041504
0.031952
0.025909
-0.034027
0.034027
0.004368
0.007874
-0.025940
-0.014008
0.007645
-0.006592
0.040741
0.001069
-0.008034
0.039093
-0.005989
-0.006760
-0.016693
0.031647
-0.039246
0.010330
0.017395
-0.010712
-0.003235
-0.006126
-0.009171
-0.044189
-0.063232
0.034180
0.046356
-0.048157
-0.010269
0.006275
0.005585
0.031647
0.012558
-0.046875
-0.014999
0.001945
-0.002729
0.009018
0.046173
-0.005173
0.028976
-0.027924
-0.018021
-0.014793
0.012459
-0.001273
-0.058655
-0.019409
0.007732
-0.053009
0.051514
-0.021500
0.051086
-0.031311
-0.032471
-0.025665
0.035980
-0.000305
-0.004559
0.025528
-0.015442
0.045441
-0.005489
0.000636
-0.007236
0.005676
0.022720
-0.011124
0.009407
-0.054352
-0.005234
-0.012680
0.020554
-0.032074
-0.061523
-0.012741
-0.003374
-0.007450
-0.012932
0.036041
-0.008522
-0.058746
0.007729
-0.036041
-0.000719
0.035309
-0.023376
0.001315
-0.002790
0.062500
0.025009
-0.005692
-0.052032
-0.024109
0.012703
0.020920
-0.012604
0.000046
0.019333
-0.045807
-0.048676
-0.011879
0.053894
-0.006737
-0.027328
-0.016525
0.002634
0.029053
-0.047333
0.012688
0.014137
0.001901
-0.048340
-0.019196
0.031158
0.015350
0.010490
-0.023300
-0.007187
-0.011101
0.014717
-0.008675
0.013535
-0.036713
-0.005680
0.049500
0.022339
-0.042480
0.013893
0.040344
0.012032
-0.046539
-0.039795
0.001286
-0.015762
-0.049561
0.023224
0.004665
0.009010
0.015495
0.016800
-0.008507
0.001965
0.004284
-0.006542
0.021362
-0.003317
0.021622
-0.001758
-0.027252
-0.017960
0.020081
0.010071
-0.010551
0.037079
-0.031830
0.007473
-0.003302
-0.026489
-0.022079
-0.008896
0.006584
-0.021271
0.022720
-0.021423
-0.004173
0.002077
0.022202
-0.022141
-0.005421
-0.004215
-0.014748
0.031891
-0.038483
0.013817
-0.020630
-0.020004
-0.031921
-0.030655
-0.003263
0.004684
-0.011642
0.004902
0.008339
-0.026703
0.005486
-0.032837
0.025391
-0.016464
-0.004173
0.026215
0.010315
-0.025497
0.002058
0.007557
0.009537
0.013290
0.019745
0.009758
0.019470
-0.013527
0.011238
0.016632
-0.025665
-0.015732
0.028763
-0.022842
0.010941
0.028366
-0.029373
-0.004169
-0.027496
0.000779
-0.000026
-0.026993
-0.026688
-0.000348
0.028336
0.000725
-0.028885
-0.022934
0.030975
0.000731
-0.048279
-0.036652
-0.014107
-0.023392
-0.043762
0.009529
0.024292
-0.026764
-0.012749
-0.011841
-0.013237
0.027267
-0.020630
-0.012108
0.029755
0.033386
0.027802
-0.008369
-0.006184
0.012306
-0.021667
-0.008011
-0.022690
0.028198
0.004078
-0.006546
-0.000755
0.012695
-0.001941
0.001757
0.006084
0.018036
-0.021347
-0.011978
0.018890
-0.030533
-0.002443
-0.004543
0.027710
0.003201
-0.011482
0.052795
0.017365
0.028412
0.017899
0.011177
-0.007633
-0.003344
0.012917
0.009476
-0.027878
0.013428
-0.059082
-0.020142
-0.011948
-0.029510
-0.021042
-0.004383
-0.020264
0.046875
0.026505
0.040833
-0.036621
0.008728
-0.012840
0.025879
-0.026108
0.031082
0.009972
-0.012794
0.027924
-0.028763
-0.004730
-0.004395
0.020187
-0.005711
-0.013443
0.008568
-0.030563
0.008743
-0.045502
0.016754
-0.005222
-0.003338
-0.017624
-0.034821
-0.003546
0.026093
0.024033
-0.017090
-0.011337
-0.043396
-0.007507
-0.000901
0.042297
0.008980
-0.006626
0.027008
0.001621
-0.015213
0.028046
0.028473
-0.019272
0.019333
0.021637
0.016357
-0.019501
0.008514
0.009979
0.004280
-0.008324
-0.009102
-0.004230
0.024063
-0.005085
-0.001741
-0.031036
-0.016174
-0.034363
0.005814
0.017441
-0.028870
0.002232
0.019699
0.004467
-0.041962
0.022827
-0.025192
-0.013000
-0.022842
0.032227
-0.007530
0.010315
0.016541
-0.039978
-0.014336
0.024902
-0.025070
0.023895
-0.040863
0.045166
-0.029022
0.001082
-0.015472
0.035217
-0.005268
0.037964
-0.019272
0.014557
-0.015434
-0.011993
-0.010239
-0.018677
0.005676
-0.047394
-0.042419
0.004097
-0.001980
0.027802
0.030685
-0.046051
-0.038361
-0.003956
0.021744
-0.002687
0.010513
-0.005238
-0.008392
0.044128
0.007423
0.039642
0.022369
0.020187
-0.009109
0.023849
-0.025146
-0.005127
0.033630
0.026825
0.029694
0.011032
0.005604
-0.019760
-0.008255
-0.006538
-0.018036
-0.014503
-0.044037
-0.020752
0.003246
-0.019501
-0.021240
-0.020645
-0.031021
0.034393
0.008438
0.005936
0.020935
0.016022
-0.010536
-0.003513
0.002811
0.023315
0.030396
0.021713
0.016998
0.003633
-0.013870
0.008247
0.027863
0.033600
-0.027374
0.008820
0.004829
0.005848
0.007000
0.017654
0.018967
0.022888
-0.000519
-0.018509
0.038879
-0.033813
0.014740
-0.013596
0.016174
0.022781
-0.023056
0.016037
-0.009834
-0.024536
-0.016785
0.021408
0.020508
-0.014008
-0.012321
-0.000787
-0.019577
0.005066
-0.014465
0.003351
0.000955
-0.028198
0.006256
0.036224
0.037994
0.015533
-0.016159
0.025543
0.020798
0.007240
-0.024643
0.033844
0.032715
0.001928
-0.018631
-0.028168
-0.029663
-0.022354
-0.000150
0.016495
0.017899
0.006138
-0.020599
-0.010269
-0.013107
-0.022095
0.042389
-0.027954
-0.031143
0.017731
0.015961
0.019150
0.012917
-0.003716
-0.025497
-0.031433
-0.008659
-0.027756
0.005642
0.030014
0.011543
0.008453
-0.021790
0.011902
0.028961
0.023315
-0.002205
0.022171
-0.036469
-0.021866
0.019226
-0.030411
0.023376
-0.001300
-0.020981
-0.022751
-0.000146
0.037262
0.015900
0.036743
0.027969
0.002419
0.053589
0.043365
0.052948
0.051025
0.035431
-0.002899
0.011307
0.033325
0.038635
0.018829
0.057159
-0.030197
-0.063293
0.000306
-0.000124
0.034668
-0.081055
-0.002808
-0.059265
0.055939
0.025970
0.012184
0.008789
0.042267
-0.007851
0.040466
0.006138
0.026581
-0.011467
-0.040955
0.025986
0.033020
0.010124
0.032471
0.061279
0.014801
-0.024750
0.027344
-0.026291
0.021667
0.059875
-0.004780
-0.034729
0.029892
0.012032
-0.007416
0.017487
-0.002848
-0.001661
0.048004
-0.008896
0.006977
-0.030701
0.049683
-0.000036
0.065735
0.058838
-0.039612
0.048248
0.052246
0.021164
0.049194
-0.013687
0.025879
0.048523
-0.011322
0.046539
0.005169
-0.029572
0.033630
-0.019180
-0.024918
-0.027679
0.050720
0.036377
-0.000667
-0.043030
0.013474
0.033417
0.009712
0.026535
0.032745
0.042999
-0.007267
-0.002409
0.009056
0.022034
0.047791
-0.043762
-0.011894
0.001164
-0.021820
0.046326
0.006809
0.007511
0.024139
0.026031
0.014915
0.017075
0.019272
0.003181
-0.020935
0.024750
0.006493
-0.045929
-0.014229
-0.012733
0.041351
0.064087
0.025009
0.015259
-0.024460
-0.056396
0.023819
0.028259
-0.008362
0.017548
0.052551
-0.008842
0.010200
-0.016907
-0.036285
0.007137
0.011032
0.034821
-0.033051
-0.026321
-0.024567
0.020096
-0.009880
0.007126
-0.014885
0.001153
0.015915
0.006855
0.010666
-0.018387
-0.000646
0.016479
-0.019775
-0.019028
-0.010490
-0.024017
0.035126
0.009201
-0.015717
0.016403
0.019806
0.010559
0.029984
-0.010910
0.029068
-0.007488
-0.019119
-0.038940
-0.023483
-0.021011
0.020004
0.024582
-0.000331
0.009315
0.005039
-0.016602
0.021393
-0.036743
-0.004898
-0.021912
-0.003355
-0.029907
0.028717
0.015068
0.017487
0.033020
-0.030853
0.039185
-0.003096
0.027405
-0.027679
-0.036102
0.031128
0.033539
0.011818
-0.033600
-0.021210
-0.010574
-0.006813
0.022766
-0.002935
0.025009
0.008148
0.019928
0.009781
-0.007778
-0.002340
0.043915
0.013046
-0.027161
0.032257
0.001163
-0.032715
-0.012535
0.015129
-0.003420
0.023422
-0.015488
-0.005043
-0.009628
0.025543
-0.006035
0.003725
0.022278
-0.004402
0.014748
0.005428
-0.017395
0.019501
0.002604
0.026764
-0.012657
0.018326
0.027573
-0.000035
0.027893
0.009460
0.007343
0.009010
0.010689
0.040375
-0.013618
0.025085
0.019455
0.013382
-0.014694
-0.006840
0.004757
0.023361
-0.020233
0.017319
-0.010025
0.011520
-0.017578
0.029907
-0.020432
-0.043732
-0.032074
-0.015160
0.014153
-0.039368
-0.027237
-0.019638
-0.015442
-0.002394
-0.035095
-0.010674
0.007698
0.001038
-0.019348
0.015038
-0.015152
-0.026047
-0.033447
-0.000164
0.015236
-0.048859
-0.021606
-0.000114
-0.039246
-0.017242
-0.024353
-0.008736
0.003809
-0.018646
0.030838
0.023315
0.003656
-0.003120
-0.040619
-0.009026
-0.016937
-0.056030
-0.000148
0.029434
0.016830
-0.009796
0.037323
0.040192
-0.005096
-0.059784
-0.023926
-0.043793
-0.004059
-0.008820
-0.007809
0.010521
0.020294
-0.010078
-0.048187
-0.027176
0.027145
-0.013893
-0.032623
-0.013222
-0.003016
-0.014702
-0.035980
-0.038879
0.030014
-0.032684
-0.012184
-0.036469
0.022125
0.031586
-0.042114
0.034180
0.004028
0.001527
-0.043182
-0.018005
-0.004829
0.040253
-0.008774
-0.003372
-0.017731
-0.048218
0.044830
-0.013268
0.027863
0.008240
0.048218
-0.052246
-0.023987
-0.031921
0.013466
0.014084
0.008873
0.032166
-0.045197
-0.033966
-0.023697
-0.010475
0.027237
0.003668
-0.048859
0.027435
0.021667
0.024048
-0.032074
0.011398
-0.002258
0.043213
0.022263
-0.000502
0.036163
0.022354
-0.010818
0.041260
-0.021072
-0.018341
0.002346
0.012787
0.016937
0.016586
-0.002085
-0.030151
-0.006245
-0.047241
-0.019730
0.031342
0.003870
0.010574
-0.040924
0.051331
-0.049683
-0.042084
-0.025208
-0.056091
0.011520
-0.024780
-0.012383
0.049408
0.022385
-0.066772
0.025848
-0.018005
0.069824
-0.096252
-0.000557
0.010872
0.035461
0.000215
-0.080078
0.064758
-0.027206
0.064758
0.031586
-0.007359
0.010872
0.038696
-0.005417
0.080872
-0.044067
0.016418
-0.009621
-0.032135
0.004089
0.004932
-0.046143
0.022110
-0.038239
-0.050385
-0.043884
0.047516
0.039581
0.027756
-0.073669
-0.032837
-0.014450
0.018173
0.052368
0.040283
-0.065552
0.036926
-0.009583
0.054810
0.041779
0.017914
0.017120
-0.007458
0.040131
-0.000988
0.066772
0.001287
0.016678
0.009460
-0.035431
0.023331
0.055145
-0.008049
-0.037720
-0.006550
0.014198
-0.006855
-0.026260
0.017273
-0.000837
-0.007637
0.039764
-0.002626
0.011871
-0.013542
-0.016220
-0.008614
-0.038422
0.014565
-0.077026
-0.000342
-0.024704
0.044525
-0.058411
-0.035522
0.005806
-0.017166
0.049652
-0.009087
-0.015930
0.064087
-0.009300
0.040131
-0.031006
-0.002808
0.013412
-0.054321
-0.030441
0.027771
0.039764
0.028183
0.041504
0.000056
-0.036407
-0.010765
-0.078003
-0.005283
0.060211
0.026367
0.009758
0.031769
-0.027328
-0.014404
-0.006062
-0.041565
-0.015282
0.026901
0.001008
0.025742
0.050659
-0.017685
0.014091
-0.032349
-0.000471
-0.074219
0.001533
0.006508
0.002281
0.009811
0.037933
0.010437
0.024796
0.039642
0.008560
-0.022781
0.029160
-0.029984
0.046204
0.012062
0.019226
-0.019287
0.013969
0.019867
-0.018112
-0.015991
0.029938
-0.017029
-0.034088
-0.011871
0.040558
0.002089
0.035187
-0.008575
0.021515
0.007450
-0.032257
-0.008575
-0.012314
0.041443
0.013992
-0.006840
0.013893
-0.000259
-0.018311
0.021317
0.033905
-0.022629
-0.007561
0.029724
-0.010361
0.029678
0.001184
-0.011833
-0.005875
-0.001381
-0.026978
0.010437
-0.003744
-0.011658
-0.008430
0.014343
0.000078
0.008553
0.027451
0.004761
-0.003187
-0.015221
0.002131
-0.022614
0.038361
-0.007652
-0.013435
0.012733
-0.018311
0.022781
-0.026337
0.038391
0.037415
-0.014305
-0.009552
-0.021606
0.035065
0.019272
0.007229
0.007458
-0.024597
0.045654
0.003036
0.009285
0.018829
0.029892
-0.022202
-0.039368
-0.018524
0.025833
0.041046
0.014183
-0.011292
0.023163
-0.012817
0.027496
-0.041138
0.007122
-0.026855
-0.015221
0.007004
0.030991
-0.012650
0.008438
-0.001623
0.021179
0.029999
0.013275
-0.011787
0.026962
0.003164
0.011215
0.013428
-0.033356
-0.003056
-0.017746
0.009010
-0.031982
-0.011314
-0.028046
-0.035217
0.026321
-0.018875
-0.029633
-0.018204
-0.021790
0.027756
-0.036682
-0.002005
-0.018860
0.041382
-0.009430
0.020081
0.035095
-0.035614
-0.016525
0.000499
-0.037964
0.003820
-0.010353
0.022583
-0.083252
0.029114
-0.021484
0.033234
0.041687
-0.005054
0.033691
-0.022385
-0.003075
-0.024338
0.053894
-0.007942
0.043701
-0.011887
0.037781
-0.005630
-0.061615
-0.032135
-0.001782
-0.017563
0.021347
0.033661
-0.020767
0.024216
0.009712
-0.028992
0.042114
-0.018677
0.031830
-0.017242
-0.009842
0.007652
0.012886
-0.015823
0.023056
0.015656
-0.020493
0.021744
0.026535
-0.016190
-0.041626
-0.020340
-0.002174
0.026627
0.011414
0.008102
0.027924
0.005203
-0.000306
0.012993
0.023895
0.010391
-0.010429
-0.064331
0.014122
0.005699
0.001004
-0.023819
0.004765
0.007812
0.035187
-0.005329
-0.002048
-0.012611
-0.009598
-0.021805
-0.030533
-0.061890
0.015160
0.013535
0.009666
0.001991
-0.020691
0.013100
-0.055786
0.011269
-0.016251
0.051208
0.033234
0.032928
0.060364
0.028107
-0.039337
-0.007465
0.026581
0.006721
0.015442
0.018051
0.032532
0.028030
-0.036346
0.030777
-0.041473
-0.025925
-0.020126
0.019211
0.028061
0.002012
-0.032593
0.057404
0.001690
0.045288
-0.039886
-0.022034
-0.019165
0.030396
0.013603
0.006290
0.005295
0.023254
-0.046844
0.016922
-0.028671
-0.054260
-0.034546
-0.015259
-0.031677
-0.032867
0.003880
-0.017776
-0.019562
0.003101
-0.029373
0.015625
0.036285
-0.021744
0.028168
0.018478
0.036835
-0.015495
-0.019104
-0.036255
-0.006638
-0.006935
-0.015808
-0.020493
-0.013817
0.006065
-0.000333
-0.002077
-0.007156
0.011971
-0.014526
0.001171
0.004673
-0.013977
-0.001659
0.034546
0.007023
0.007069
0.009148
0.002510
0.008301
0.008728
-0.018692
-0.010406
-0.025925
-0.016510
0.019836
-0.018036
0.017441
-0.010330
-0.009346
-0.013153
-0.035889
0.026611
0.022202
0.000684
0.036804
0.010864
0.007164
-0.001904
0.011246
0.001905
0.034637
0.015007
0.017151
0.020691
-0.028809
-0.008018
0.035645
0.019165
-0.013206
-0.015045
0.025223
0.010620
0.014198
0.033752
-0.002333
0.034607
-0.011024
0.010147
-0.003387
-0.028214
-0.025269
0.015007
0.035187
0.011673
0.024261
0.031769
0.026932
0.020233
-0.004990
-0.002047
0.035522
0.006184
-0.025681
-0.017151
0.002813
-0.021835
0.007423
-0.026810
-0.017181
-0.033386
0.037903
0.008621
0.042511
-0.020020
0.012001
0.025467
-0.015602
0.025467
0.009613
0.000009
0.034821
0.013512
0.039032
0.023590
-0.004417
0.021851
-0.020050
0.002573
0.020096
-0.024521
0.005783
0.028931
0.021790
0.017136
0.037994
-0.022781
0.023865
0.021881
0.022842
-0.014923
-0.012413
0.018875
-0.005833
0.030457
0.031586