-0.61230469
2.0566406
4.1367188
-0.14135742
1.7490234
-0.39038086
-0.71484375
-0.33300781
2.609375
1.265625
1.453125
0.85449219
0.21655273
-0.84619141
0.53173828
-0.82519531
-0.48876953
-0.67724609
-0.19946289
-0.75195312
0.85839844
-0.11236572
0.79296875
2.4589844
0.69628906
-0.61767578
-0.20617676
-0.31640625
-0.28076172
-0.88232422
1.2460938
2.0957031
2.328125
-0.13659668
-0.24926758
2.4257812
2.1269531
1.2900391
0.042053223
0.16491699
-0.16809082
-0.49536133
-0.0059432983
-0.61767578
0.50244141
-0.25317383
2.7324219
1.8261719
-0.084289551
0.86621094
-0.31689453
-0.19543457
0.80810547
2.7226562
-0.42260742
-0.60205078
-0.14428711
-0.51513672
-0.72998047
-0.2578125
-1.2060547
3.9726562
-0.14465332
1.0048828
-0.73095703
4.2421875
-0.19799805
3.1757812
-0.029006958
-1.0419922
-0.45751953
0.68701172
-0.16467285
-0.26977539
1.0195312
-0.38867188
-0.69775391
1.1503906
3.8164062
0.02633667
1.6269531
4.2421875
0.19470215
-0.27563477
-0.33447266
-0.01133728
5.4570312
-0.55859375
-0.51660156
1.2890625
1.4589844
2.75
-0.0080184937
-0.18579102
-0.33129883
-0.29370117
-0.39453125
-0.15612793
3.2792969
-0.38989258
0.74023438
0.30078125
-0.011375427
-1.0849609
-0.24377441
2.7851562
-0.040740967
0.0067634583
-0.23364258
-0.092773438
0.92480469
1.0576172
1.7646484
0.77099609
3.2148438
3.9863281
2.2597656
-0.0496521
-0.32641602
-0.61474609
-0.47021484
-0.12310791
1.6054688
5.6523438
-0.45239258
-1.1523438
2.8476562
-0.0070953369