-6.083473206e+00 
2.005250692e+00 
4.141904831e+00 
-1.337831378e+00 
1.807210207e+00 
-3.940122843e+00 
-7.190251827e+00 
-3.396804810e+00 
2.595692396e+00 
1.241119146e+00 
1.495490789e+00 
8.393435478e-01 
2.972947657e-01 
-8.521712303e+00 
4.697590768e-01 
-8.318393707e+00 
-4.956844807e+00 
-6.704365730e+00 
-2.036746979e+00 
-7.593409061e+00 
8.679420948e-01 
-1.080685377e+00 
7.686454654e-01 
2.396603346e+00 
6.527683139e-01 
-6.175216675e+00 
-2.027851105e+00 
-3.181742907e+00 
-2.889265776e+00 
-8.766560555e+00 
1.218358874e+00 
2.009714127e+00 
2.366208076e+00 
-1.447603703e+00 
-2.492019415e+00 
2.470741749e+00 
2.184455633e+00 
1.343047976e+00 
1.081933081e-01 
1.390249133e-01 
-1.708332896e+00 
-5.038492203e+00 
-1.198143512e-02 
-6.243319511e+00 
4.448997378e-01 
-2.506518126e+00 
2.747825146e+00 
1.800608993e+00 
-9.221935868e-01 
9.178321362e-01 
-3.239116669e+00 
-2.007757425e+00 
8.860136867e-01 
2.718973637e+00 
-4.257104397e+00 
-6.063529015e+00 
-1.407872319e+00 
-5.081865788e+00 
-7.325243950e+00 
-2.584256649e+00 
-1.211079311e+01 
3.938971043e+00 
-1.499852657e+00 
1.039321184e+00 
-7.284873962e+00 
4.311117172e+00 
-2.010892153e+00 
3.234629869e+00 
-2.451215535e-01 
-1.040653992e+01 
-4.669317722e+00 
5.958338380e-01 
-1.688307524e+00 
-2.760242939e+00 
1.099190116e+00 
-3.943647623e+00 
-7.018233776e+00 
1.090818286e+00 
3.841461182e+00 
4.279525578e-02 
1.584118366e+00 
4.310572147e+00 
1.811101139e-01 
-2.807556391e+00 
-3.325582743e+00 
-9.732419252e-02 
5.467811108e+00 
-5.603586197e+00 
-5.098274231e+00 
1.324760437e+00 
1.450659513e+00 
2.694089651e+00 
-1.908510923e-02 
-1.804025292e+00 
-3.228717327e+00 
-2.944498539e+00 
-3.910816193e+00 
-1.561763287e+00 
3.285495520e+00 
-3.892681122e+00 
6.758526564e-01 
2.769349217e-01 
-1.754469723e-01 
-1.085396290e+01 
-2.361141443e+00 
2.767982483e+00 
-4.786802232e-01 
-4.381301254e-02 
-2.245388508e+00 
-8.869228363e-01 
9.056120515e-01 
1.138033509e+00 
1.817929745e+00 
7.106307149e-01 
3.137457371e+00 
3.913937807e+00 
2.279667377e+00 
-4.626128674e-01 
-3.234357595e+00 
-6.196641922e+00 
-4.628672600e+00 
-1.300319791e+00 
1.516091943e+00 
5.693370819e+00 
-4.461300850e+00 
-1.146768665e+01 
2.826319456e+00 
-4.619225860e-03 
