1.230469
-0.037201
-0.145752
0.848633
-0.414551
0.986816
0.878418
-0.253906
-0.007229
-0.027756
-0.010475
2.064453
-0.055420
0.401123
0.757812
1.633789
-0.104248
1.327148
0.090088
0.251465
0.893066
0.646484
-0.050201
-0.190430
0.476318
-0.401367
0.367432
-0.136719
-0.014435
1.231445
-0.029236
-0.014351
0.479980
0.827148
1.949219
-0.239990
1.873047
-0.197266
0.170532
-0.100037
-0.041565
0.828125
0.284668
0.865723
-0.124573
-0.271484
0.185669
-0.019989
0.953613
0.778320
0.350098
2.320312
-0.005882
-0.255127
-0.032990
-0.018646
1.151367
0.402588
-0.036530
0.184082
-0.005379
-0.026108
0.031921
-0.012680
