1.920000
1.930000
1.940000
1.950000
1.960000
1.970000
1.980000
1.990000
2.000000
2.010000
2.020000
2.030000
2.040000
2.050000
2.060000
2.070000
2.080000
2.090000
2.100000
2.110000
2.120000
2.130000
2.140000
2.150000
2.160000
2.170000
2.180000
2.190000
2.200000
2.210000
2.220000
2.230000
2.240000
2.250000
2.260000
2.270000
2.280000
2.290000
2.300000
2.310000
2.320000
2.330000
2.340000
2.350000
2.360000
2.370000
2.380000
2.390000
2.400000
2.410000
2.420000
2.430000
2.440000
2.450000
2.460000
2.470000
2.480000
2.490000
2.500000
2.510000
2.520000
2.530000
2.540000
2.550000
