7.040000
7.050000
7.060000
7.070000
7.080000
7.090000
7.100000
7.110000
7.120000
7.130000
7.140000
7.150000
7.160000
7.170000
7.180000
7.190000
7.200000
7.210000
7.220000
7.230000
7.240000
7.250000
7.260000
7.270000
7.280000
7.290000
7.300000
7.310000
7.320000
7.330000
7.340000
7.350000
7.360000
7.370000
7.380000
7.390000
7.400000
7.410000
7.420000
7.430000
7.440000
7.450000
7.460000
7.470000
7.480000
7.490000
7.500000
7.510000
7.520000
7.530000
7.540000
7.550000
7.560000
7.570000
7.580000
7.590000
7.600000
7.610000
7.620000
7.630000
7.640000
7.650000
7.660000
7.670000
