-0.183228
0.244507
-0.000780
-0.232422
-0.013931
-0.021683
1.397461
-0.104980
-0.347656
1.654297
-0.129517
0.333008
1.559570
0.618164
0.079041
0.388672
-0.018356
0.963867
-0.060303
-0.182129
2.019531
-0.023346
-0.162231
-0.045166
1.014648
0.413086
-0.082886
-0.226318
0.385498
-0.120789
0.352539
-0.137817
1.026367
0.495605
-0.246338
0.994629
-0.067688
-0.432129
-0.150757
1.205078
-0.038544
-0.046631
0.641113
0.319092
0.913574
2.421875
-0.039948
0.021957
-0.073364
0.175781
0.525879
-0.032379
-0.345459
0.260986
0.330322
-0.268311
-0.003008
0.158936
-0.182373
-0.214111
0.454102
0.472412
-0.237671
1.362305
