3.200000
3.210000
3.220000
3.230000
3.240000
3.250000
3.260000
3.270000
3.280000
3.290000
3.300000
3.310000
3.320000
3.330000
3.340000
3.350000
3.360000
3.370000
3.380000
3.390000
3.400000
3.410000
3.420000
3.430000
3.440000
3.450000
3.460000
3.470000
3.480000
3.490000
3.500000
3.510000
3.520000
3.530000
3.540000
3.550000
3.560000
3.570000
3.580000
3.590000
3.600000
3.610000
3.620000
3.630000
3.640000
3.650000
3.660000
3.670000
3.680000
3.690000
3.700000
3.710000
3.720000
3.730000
3.740000
3.750000
3.760000
3.770000
3.780000
3.790000
3.800000
3.810000
3.820000
3.830000
