-0.100891
-0.144897
4.863281
3.542969
0.843262
-0.068115
-0.243530
-0.677734
3.714844
1.661133
3.318359
-0.010094
1.596680
-0.064941
0.068237
-0.122498
-0.512695
-0.088684
-0.146118
-0.088745
1.422852
1.232422
-0.004841
-0.156250
-0.075012
-1.330078
-0.114197
-0.813965
-0.045410
-0.528320
0.538086
5.062500
1.116211
1.109375
-0.049469
-0.117310
-0.040833
-0.603516
0.375977
0.902344
1.181641
-0.013733
0.763672
0.090210
-0.338867
-0.572754
4.089844
-0.214722
-0.070007
-0.056824
-0.166748
-0.512207
1.104492
1.935547
-0.046997
-0.571777
2.640625
1.120117
-0.083984
-0.222778
-0.845703
1.083984
-0.041321
0.857422
