6.400000
6.410000
6.420000
6.430000
6.440000
6.450000
6.460000
6.470000
6.480000
6.490000
6.500000
6.510000
6.520000
6.530000
6.540000
6.550000
6.560000
6.570000
6.580000
6.590000
6.600000
6.610000
6.620000
6.630000
6.640000
6.650000
6.660000
6.670000
6.680000
6.690000
6.700000
6.710000
6.720000
6.730000
6.740000
6.750000
6.760000
6.770000
6.780000
6.790000
6.800000
6.810000
6.820000
6.830000
6.840000
6.850000
6.860000
6.870000
6.880000
6.890000
6.900000
6.910000
6.920000
6.930000
6.940000
6.950000
6.960000
6.970000
6.980000
6.990000
7.000000
7.010000
7.020000
7.030000
