4.480000
4.490000
4.500000
4.510000
4.520000
4.530000
4.540000
4.550000
4.560000
4.570000
4.580000
4.590000
4.600000
4.610000
4.620000
4.630000
4.640000
4.650000
4.660000
4.670000
4.680000
4.690000
4.700000
4.710000
4.720000
4.730000
4.740000
4.750000
4.760000
4.770000
4.780000
4.790000
4.800000
4.810000
4.820000
4.830000
4.840000
4.850000
4.860000
4.870000
4.880000
4.890000
4.900000
4.910000
4.920000
4.930000
4.940000
4.950000
4.960000
4.970000
4.980000
4.990000
5.000000
5.010000
5.020000
5.030000
5.040000
5.050000
5.060000
5.070000
5.080000
5.090000
5.100000
5.110000
