2.560000
2.570000
2.580000
2.590000
2.600000
2.610000
2.620000
2.630000
2.640000
2.650000
2.660000
2.670000
2.680000
2.690000
2.700000
2.710000
2.720000
2.730000
2.740000
2.750000
2.760000
2.770000
2.780000
2.790000
2.800000
2.810000
2.820000
2.830000
2.840000
2.850000
2.860000
2.870000
2.880000
2.890000
2.900000
2.910000
2.920000
2.930000
2.940000
2.950000
2.960000
2.970000
2.980000
2.990000
3.000000
3.010000
3.020000
3.030000
3.040000
3.050000
3.060000
3.070000
3.080000
3.090000
3.100000
3.110000
3.120000
3.130000
3.140000
3.150000
3.160000
3.170000
3.180000
3.190000
