-0.356201
0.445557
0.489990
-0.541016
0.200195
-0.077576
1.657227
-0.308594
-0.772461
3.056641
-0.337158
0.775391
1.902344
0.543945
0.349365
0.430664
-0.048065
1.386719
-0.166138
-0.418213
3.712891
-0.134766
-0.395996
-0.054565
2.119141
0.781250
-0.171631
-0.429932
0.012657
-0.283691
1.028320
-0.323242
2.380859
0.909180
-0.462402
3.169922
-0.063904
-0.946777
-0.374023
1.796875
-0.069885
-0.135376
0.995117
-0.001349
2.970703
5.066406
-0.068481
-0.018341
-0.085510
0.984375
0.231079
-0.086853
-0.816406
0.062866
0.977051
-0.576660
0.028900
0.179321
-0.309570
-0.527344
0.862793
1.625000
-0.451416
3.023438
