-0.041077
-0.070312
0.569336
0.062225
0.359375
-0.240845
1.044922
-0.119019
-0.640137
1.494141
1.710938
2.222656
0.729980
-0.271484
-0.184326
0.053528
-0.607422
0.708984
3.804688
-0.099365
2.673828
-0.183105
-0.143677
2.427734
-0.092712
1.496094
-0.117310
-0.042175
0.594238
-0.216431
-0.018311
1.312500
0.762207
0.135254
-0.035492
3.060547
0.026749
-0.248779
-0.439941
0.524414
-0.189453
0.583984
0.408691
1.624023
0.454834
-0.032166
0.958496
2.544922
-0.083252
-0.166626
1.014648
1.500977
-0.609863
-0.214844
1.558594
-0.761230
2.373047
1.116211
1.592773
-0.660156
3.718750
-0.706543
0.987793
3.988281
