-0.48925781
-0.01309967
-0.1270752
-0.56542969
-0.02230835
-0.10302734
-0.32958984
-0.061065674
1.3476562
1.1962891
-0.14733887
3.0859375
0.29833984
-0.37402344
-0.090820312
-0.50976562
0.74267578
-0.39306641
1.3417969
-0.063659668
0.80273438
-0.40234375
0.38134766
0.80029297
0.3527832
1.6201172
-0.13146973
3.6816406
-0.037475586
-0.22106934
2.2480469
-0.059967041
-0.32299805
-0.036315918
0.11010742
1.46875
1.0146484
-0.0042991638
-0.14501953
-0.43164062
-0.1842041
-0.42163086
-0.13464355
-0.19677734
0.39892578
1.5234375
1.5136719
0.71240234
-0.22607422
-0.018508911
1.1533203
-0.16687012
0.91943359
0.10284424
1.4228516
0.54638672
-0.35424805
-0.39355469
-0.010665894
0.090087891
-0.14233398
1.0712891
-0.0262146
1.0849609
0.96679688
2.2617188
-0.31958008
2.8261719
-0.105896
-0.33813477
-0.54443359
0.94287109
1.4990234
-0.20166016
-0.080566406
-0.30273438
-0.38598633
0.99169922
2.8164062
-0.019332886
2.609375
2.9863281
-0.19470215
-0.013900757
-0.32617188
0.50878906
1.5224609
-0.32446289
-0.20361328
1.1455078
-0.13549805
1.7978516
-0.084106445
1.6455078
-0.09967041
-0.21984863
-0.38476562
-0.33569336
1.2919922
-0.18212891
0.36938477
2.4980469
1.0751953
-0.69970703
-0.21520996
2.6679688
-0.0014257431
-0.10900879
-0.13989258
-0.0019741058
-0.11914062
-0.2220459
2.453125
0.86474609
1.1816406
-0.17224121
1.3525391
-0.034912109
-0.014289856
1.1025391
-0.31933594
-0.16564941
1.5029297
4.1015625
-0.26879883
-0.23242188
-0.036468506
-0.11462402
-0.069030762
0.1083374
0.74658203
0.12127686
0.37939453
0.13806152
-0.019287109
-0.053283691
0.43432617
0.015808105
0.024459839
0.31860352
-0.026077271
-0.016937256
0.22888184
-0.074768066
-0.092224121
-0.0064811707
0.12072754
-0.0040245056
0.095214844
0.59912109
0.072937012
0.086547852
-0.032714844
-0.1282959
-0.02456665
-0.062561035
0.20947266
-0.07208252
0.15808105
0.68652344
0.097839355
0.11572266
-0.0088806152
-0.023742676
0.086853027
-0.08392334
0.33544922
0.28710938
-0.011573792
0.24890137
0.52246094
0.16625977
0.0030040741
-0.090393066
0.67626953
0.25732422
-0.011360168
0.19677734
-0.027450562
-0.080322266
0.1998291
0.35546875
0.12890625
-0.081970215
0.24060059
0.31811523
-0.032196045
-0.034423828
-0.12445068
0.31030273
0.26513672
-0.0050048828
-0.048278809
0.18066406
-0.034637451
0.23376465
-0.012306213
-0.06262207
0.31347656
0.52978516
-0.035003662
-0.0030517578
0.51806641
0.2265625
0.38769531
0.44091797
-0.046081543
-0.0037612915
-0.046142578
0.41650391
0.57617188
0.11065674
0.44482422
0.2487793
0.37280273
-0.034179688
-0.037139893
0.41430664
0.1328125
-0.023254395
0.24072266
-0.021148682
-0.022201538
0.21740723
-0.015945435
0.14465332
-0.0022563934
-0.063476562
-0.028442383
0.35473633
-0.024719238
-0.0054664612
-0.047485352
0.35351562
0.44116211
0.34863281
-0.04675293
-0.013618469
0.02973938
0.24133301
-0.04385376
-0.027481079
0.51806641
0.51708984
-0.01259613
-0.0047416687
-0.014213562
-0.071838379
0.037445068
0.17443848
-0.0049324036
-0.037322998
0.14953613
-0.13989258
0.29980469
0.19714355
-0.50976562
1.6806641
4.2304688
0.36206055
1.6142578
-0.38037109
-0.65917969
-0.33251953
2.5917969
1.4414062
1.9638672
0.35302734
0.21594238
-0.76367188
0.90527344
-0.71826172
-0.49365234
-0.60351562
-0.25927734
-0.71875
1.0654297
-0.12878418
1.0058594
2.1425781
0.24938965
-0.671875
-0.19116211
-0.44140625
-0.28979492
-0.82470703
0.8515625
2.0390625
2.96875
-0.11706543
-0.3046875
2.40625
1.8662109
1.3808594
0.091552734
1.0830078
-0.095214844
-0.45947266
-0.027282715
-0.55273438
-0.021408081
-0.27929688
2.75
1.4160156
-0.019134521
0.65722656
-0.32836914
-0.16931152
0.45751953
2.8007812
-0.45874023
-0.57519531
-0.14294434
-0.44750977
-0.68505859
-0.2388916
-1.1962891
3.6328125
-0.13830566
1.1904297
-0.72119141
3.2636719
-0.088562012
2.34375
-0.026199341
-0.94433594
-0.39233398
0.13623047
-0.21166992
-0.25976562
1.0361328
-0.30322266
-0.58349609
0.79785156
3.0058594
0.11462402
1.0126953
3.7636719
0.98144531
-0.24145508
-0.2722168
-0.034301758
5.03125
-0.40698242
-0.47241211
1.03125
1.5
2.4414062
-0.034301758
-0.24230957
-0.28271484
-0.23400879
-0.29980469
-0.083679199
2.9902344
-0.27148438
0.93115234
-0.085266113
-0.045227051
-0.95654297
-0.20935059
1.9140625
-0.077087402
0.69580078
-0.20617676
-0.11535645
0.73730469
1.2529297
1.4853516
0.24438477
2.7910156
3.6132812
1.8398438
-0.02684021
-0.30981445
-0.62255859
-0.35400391
-0.13330078
1.9580078
4.2734375
-0.40112305
-1.0976562
2.5078125
0.1171875
1.2304688
-0.037200928
-0.14575195
0.84863281
-0.41455078
0.98681641
0.87841797
-0.25390625
-0.0072288513
-0.027755737
-0.010475159
2.0644531
-0.055419922
0.40112305
0.7578125
1.6337891
-0.10424805
1.3271484
0.090087891
0.25146484
0.89306641
0.64648438
-0.050201416
-0.19042969
0.47631836
-0.40136719
0.36743164
-0.13671875
-0.014434814
1.2314453
-0.02923584
-0.014350891
0.47998047
0.82714844
1.9492188
-0.23999023
1.8730469
-0.19726562
0.17053223
-0.10003662
-0.041564941
0.828125
0.28466797
0.86572266
-0.12457275
-0.27148438
0.18566895
-0.019989014
0.95361328
0.77832031
0.35009766
2.3203125
-0.0058822632
-0.25512695
-0.032989502
-0.01864624
1.1513672
0.40258789
-0.036529541
0.18408203
-0.0053787231
-0.026107788
0.031921387
-0.012680054
-0.18322754
0.24450684
-0.00077962875
-0.23242188
-0.013931274
-0.021682739
1.3974609
-0.10498047
-0.34765625
1.6542969
-0.1295166
0.33300781
1.5595703
0.61816406
0.079040527
0.38867188
-0.018356323
0.96386719
-0.060302734
-0.18212891
2.0195312
-0.023345947
-0.16223145
-0.045166016
1.0146484
0.41308594
-0.082885742
-0.22631836
0.38549805
-0.12078857
0.35253906
-0.13781738
1.0263672
0.49560547
-0.24633789
0.99462891
-0.067687988
-0.43212891
-0.15075684
1.2050781
-0.038543701
-0.046630859
0.64111328
0.3190918
0.91357422
2.421875
-0.03994751
0.021957397
-0.073364258
0.17578125
0.52587891
-0.03237915
-0.34545898
0.26098633
0.33032227
-0.26831055
-0.0030078888
0.15893555
-0.18237305
-0.21411133
0.45410156
0.47241211
-0.2376709
1.3623047
3.4375
-0.11480713
-0.32006836
2.3867188
-0.81835938
1.1220703
1.6083984
-0.56982422
-0.069580078
-0.021362305
0.21362305
4.03125
-0.031677246
0.61474609
1.5341797
3.9472656
-0.17224121
2.4667969
-0.03527832
-0.02545166
2.0820312
0.95556641
-0.1050415
-0.41870117
1.4375
-0.92822266
0.30883789
-0.390625
-0.085571289
1.9648438
-0.069824219
-0.059295654
1.0058594
1.6972656
3.5507812
-0.42041016
3.6347656
-0.39575195
0.57080078
-0.23498535
-0.065002441
1.5419922
0.096008301
1.4013672
-0.31958008
-0.52441406
0.0035266876
-0.16870117
1.7675781
1.0996094
0.14355469
4.4804688
-0.020751953
-0.56494141
-0.043609619
-0.00075149536
2.2519531
0.51318359
-0.084594727
0.63476562
-0.040344238
-0.088745117
-0.050964355
0.17944336
-0.35620117
0.44555664
0.48999023
-0.54101562
0.20019531
-0.077575684
1.6572266
-0.30859375
-0.77246094
3.0566406
-0.3371582
0.77539062
1.9023438
0.54394531
0.34936523
0.43066406
-0.048065186
1.3867188
-0.1661377
-0.41821289
3.7128906
-0.13476562
-0.39599609
-0.05456543
2.1191406
0.78125
-0.17163086
-0.42993164
0.012657166
-0.28369141
1.0283203
-0.32324219
2.3808594
0.90917969
-0.46240234
3.1699219
-0.063903809
-0.94677734
-0.37402344
1.796875
-0.069885254
-0.13537598
0.99511719
-0.0013494492
2.9707031
5.0664062
-0.068481445
-0.018341064
-0.085510254
0.984375
0.2310791
-0.086853027
-0.81640625
0.062866211
0.97705078
-0.57666016
0.028900146
0.17932129
-0.30957031
-0.52734375
0.86279297
1.625
-0.45141602
3.0234375
-0.10089111
-0.14489746
4.8632812
3.5429688
0.84326172
-0.068115234
-0.24353027
-0.67773438
3.7148438
1.6611328
3.3183594
-0.010093689
1.5966797
-0.064941406
0.068237305
-0.12249756
-0.51269531
-0.088684082
-0.14611816
-0.088745117
1.4228516
1.2324219
-0.0048408508
-0.15625
-0.075012207
-1.3300781
-0.11419678
-0.81396484
-0.045410156
-0.52832031
0.53808594
5.0625
1.1162109
1.109375
-0.049468994
-0.11730957
-0.04083252
-0.60351562
0.37597656
0.90234375
1.1816406
-0.01373291
0.76367188
0.090209961
-0.33886719
-0.57275391
4.0898438
-0.21472168
-0.070007324
-0.05682373
-0.16674805
-0.51220703
1.1044922
1.9355469
-0.04699707
-0.57177734
2.640625
1.1201172
-0.083984375
-0.22277832
-0.84570312
1.0839844
-0.041320801
0.85742188
-0.04107666
-0.0703125
0.56933594
0.062225342
0.359375
-0.24084473
1.0449219
-0.11901855
-0.64013672
1.4941406
1.7109375
2.2226562
0.72998047
-0.27148438
-0.18432617
0.053527832
-0.60742188
0.70898438
3.8046875
-0.099365234
2.6738281
-0.18310547
-0.14367676
2.4277344
-0.092712402
1.4960938
-0.11730957
-0.042175293
0.59423828
-0.21643066
-0.018310547
1.3125
0.76220703
0.13525391
-0.035491943
3.0605469
0.026748657
-0.2487793
-0.43994141
0.52441406
-0.18945312
0.58398438
0.40869141
1.6240234
0.45483398
-0.032165527
0.95849609
2.5449219
-0.083251953
-0.16662598
1.0146484
1.5009766
-0.60986328
-0.21484375
1.5585938
-0.76123047
2.3730469
1.1162109
1.5927734
-0.66015625
3.71875
-0.70654297
0.98779297
3.9882812