-0.048279
0.180664
-0.034637
0.233765
-0.012306
-0.062622
0.313477
0.529785
-0.035004
-0.003052
0.518066
0.226562
0.387695
0.440918
-0.046082
-0.003761
-0.046143
0.416504
0.576172
0.110657
0.444824
0.248779
0.372803
-0.034180
-0.037140
0.414307
0.132812
-0.023254
0.240723
-0.021149
-0.022202
0.217407
-0.015945
0.144653
-0.002256
-0.063477
-0.028442
0.354736
-0.024719
-0.005466
-0.047485
0.353516
0.441162
0.348633
-0.046753
-0.013618
0.029739
0.241333
-0.043854
-0.027481
0.518066
0.517090
-0.012596
-0.004742
-0.014214
-0.071838
0.037445
0.174438
-0.004932
-0.037323
0.149536
-0.139893
0.299805
0.197144
