0.966797
2.261719
-0.319580
2.826172
-0.105896
-0.338135
-0.544434
0.942871
1.499023
-0.201660
-0.080566
-0.302734
-0.385986
0.991699
2.816406
-0.019333
2.609375
2.986328
-0.194702
-0.013901
-0.326172
0.508789
1.522461
-0.324463
-0.203613
1.145508
-0.135498
1.797852
-0.084106
1.645508
-0.099670
-0.219849
-0.384766
-0.335693
1.291992
-0.182129
0.369385
2.498047
1.075195
-0.699707
-0.215210
2.667969
-0.001426
-0.109009
-0.139893
-0.001974
-0.119141
-0.222046
2.453125
0.864746
1.181641
-0.172241
1.352539
-0.034912
-0.014290
1.102539
-0.319336
-0.165649
1.502930
4.101562
-0.268799
-0.232422
-0.036469
-0.114624
