5.760000
5.770000
5.780000
5.790000
5.800000
5.810000
5.820000
5.830000
5.840000
5.850000
5.860000
5.870000
5.880000
5.890000
5.900000
5.910000
5.920000
5.930000
5.940000
5.950000
5.960000
5.970000
5.980000
5.990000
6.000000
6.010000
6.020000
6.030000
6.040000
6.050000
6.060000
6.070000
6.080000
6.090000
6.100000
6.110000
6.120000
6.130000
6.140000
6.150000
6.160000
6.170000
6.180000
6.190000
6.200000
6.210000
6.220000
6.230000
6.240000
6.250000
6.260000
6.270000
6.280000
6.290000
6.300000
6.310000
6.320000
6.330000
6.340000
6.350000
6.360000
6.370000
6.380000
6.390000
