-0.489258
-0.013100
-0.127075
-0.565430
-0.022308
-0.103027
-0.329590
-0.061066
1.347656
1.196289
-0.147339
3.085938
0.298340
-0.374023
-0.090820
-0.509766
0.742676
-0.393066
1.341797
-0.063660
0.802734
-0.402344
0.381348
0.800293
0.352783
1.620117
-0.131470
3.681641
-0.037476
-0.221069
2.248047
-0.059967
-0.322998
-0.036316
0.110107
1.468750
1.014648
-0.004299
-0.145020
-0.431641
-0.184204
-0.421631
-0.134644
-0.196777
0.398926
1.523438
1.513672
0.712402
-0.226074
-0.018509
1.153320
-0.166870
0.919434
0.102844
1.422852
0.546387
-0.354248
-0.393555
-0.010666
0.090088
-0.142334
1.071289
-0.026215
1.084961
