3.840000
3.850000
3.860000
3.870000
3.880000
3.890000
3.900000
3.910000
3.920000
3.930000
3.940000
3.950000
3.960000
3.970000
3.980000
3.990000
4.000000
4.010000
4.020000
4.030000
4.040000
4.050000
4.060000
4.070000
4.080000
4.090000
4.100000
4.110000
4.120000
4.130000
4.140000
4.150000
4.160000
4.170000
4.180000
4.190000
4.200000
4.210000
4.220000
4.230000
4.240000
4.250000
4.260000
4.270000
4.280000
4.290000
4.300000
4.310000
4.320000
4.330000
4.340000
4.350000
4.360000
4.370000
4.380000
4.390000
4.400000
4.410000
4.420000
4.430000
4.440000
4.450000
4.460000
4.470000
