0.056519
-0.002424
0.050049
-0.001184
-0.004131
-0.003971
0.010506
-0.002804
-0.006329
0.065979
0.057861
-0.004227
0.019073
0.032837
0.091309
-0.004025
0.015762
0.002695
0.004990
0.086731
-0.008919
0.014175
-0.002274
0.076782
0.079407
0.071960
0.086365
0.016632
0.070923
-0.004044
-0.000688
-0.003550
-0.007843
0.084412
-0.000181
-0.003872
0.085205
-0.005035
0.117126
0.017914
0.031769
0.007393
0.078796
-0.003698
0.064026
0.033844
-0.003708
-0.009628
0.032440
0.110718
-0.009354
0.034760
-0.007748
0.020432
-0.004917
0.080750
-0.003817
0.088013
-0.006527
0.064575
0.098022
0.045349
-0.005192
0.003265
0.014778
-0.001626
-0.008415
-0.005932
0.044678
0.073608
0.007317
-0.002598
-0.000843
-0.002020
0.019623
0.100830
0.062164
-0.004818
0.031219
-0.004665
0.116699
-0.007172
-0.001593
0.056000
0.006462
0.013153
0.075684
-0.005848
-0.005020
0.013771
-0.002623
0.026978
0.015617
-0.004852
0.061157
0.008049
-0.002539
0.044861
0.054413
0.084290
-0.000411
-0.007118
0.044525
0.014702
0.106201
0.131470
0.003929
-0.002478
-0.006210
0.057831
0.070312
0.111450
0.055054
-0.000949
-0.004345
0.089172
-0.004131
-0.000643
0.012474
0.127930
0.055267
-0.002325
0.093262
-0.003632
0.101196
-0.002247
0.026932
0.063904
0.056519
-0.002424
0.050049
-0.001184
-0.004131
-0.003971
0.010506
-0.002804
-0.006329
0.065979
0.057861
-0.004227
0.019073
0.032837
0.091309
-0.004025
0.015762
0.002695
0.004990
0.086731
-0.008919
0.014175
-0.002274
0.076782
0.079407
0.071960
0.086365
0.016632
0.070923
-0.004044
-0.000688
-0.003550
-0.007843
0.084412
-0.000181
-0.003872
0.085205
-0.005035
0.117126
0.017914
0.031769
0.007393
0.078796
-0.003698
0.064026
0.033844
-0.003708
-0.009628
0.032440
0.110718
-0.009354
0.034760
-0.007748
0.020432
-0.004917
0.080750
-0.003817
0.088013
-0.006527
0.064575
0.098022
0.045349
-0.005192
0.003265
0.014778
-0.001626
-0.008415
-0.005932
0.044678
0.073608
0.007317
-0.002598
-0.000843
-0.002020
0.019623
0.100830
0.062164
-0.004818
0.031219
-0.004665
0.116699
-0.007172
-0.001593
0.056000
0.006462
0.013153
0.075684
-0.005848
-0.005020
0.013771
-0.002623
0.026978
0.015617
-0.004852
0.061157
0.008049
-0.002539
0.044861
0.054413
0.084290
-0.000411
-0.007118
0.044525
0.014702
0.106201
0.131470
0.003929
-0.002478
-0.006210
0.057831
0.070312
0.111450
0.055054
-0.000949
-0.004345
0.089172
-0.004131
-0.000643
0.012474
0.127930
0.055267
-0.002325
0.093262
-0.003632
0.101196
-0.002247
0.026932
0.063904
0.056519
-0.002424
0.050049
-0.001184
-0.004131
-0.003971
0.010506
-0.002804
-0.006329
0.065979
0.057861
-0.004227
0.019073
0.032837
0.091309
-0.004025
0.015762
0.002695
0.004990
0.086731
-0.008919
0.014175
-0.002274
0.076782
0.079407
0.071960
0.086365
0.016632
0.070923
-0.004044
-0.000688
-0.003550
-0.007843
0.084412
-0.000181
-0.003872
0.085205
-0.005035
0.117126
0.017914
0.031769
0.007393
0.078796
-0.003698
0.064026
0.033844
-0.003708
-0.009628
0.032440
0.110718
-0.009354
0.034760
-0.007748
0.020432
-0.004917
0.080750
-0.003817
0.088013
-0.006527
0.064575
0.098022
0.045349
-0.005192
0.003265
0.014778
-0.001626
-0.008415
-0.005932
0.044678
0.073608
0.007317
-0.002598
-0.000843
-0.002020
0.019623
0.100830
0.062164
-0.004818
0.031219
-0.004665
0.116699
-0.007172
-0.001593
0.056000
0.006462
0.013153
0.075684
-0.005848
-0.005020
0.013771
-0.002623
0.026978
0.015617
-0.004852
0.061157
0.008049
-0.002539
0.044861
0.054413
0.084290
-0.000411
-0.007118
0.044525
0.014702
0.106201
0.131470
0.003929
-0.002478
-0.006210
0.057831
0.070312
0.111450
0.055054
-0.000949
-0.004345
0.089172
-0.004131
-0.000643
0.012474
0.127930
0.055267
-0.002325
0.093262
-0.003632
0.101196
-0.002247
0.026932
0.063904
0.056519
-0.002424
0.050049
-0.001184
-0.004131
-0.003971
0.010506
-0.002804
-0.006329
0.065979
0.057861
-0.004227
0.019073
0.032837
0.091309
-0.004025
0.015762
0.002695
0.004990
0.086731
-0.008919
0.014175
-0.002274
0.076782
0.079407
0.071960
0.086365
0.016632
0.070923
-0.004044
-0.000688
-0.003550
-0.007843
0.084412
-0.000181
-0.003872
0.085205
-0.005035
0.117126
0.017914
0.031769
0.007393
0.078796
-0.003698
0.064026
0.033844
-0.003708
-0.009628
0.032440
0.110718
-0.009354
0.034760
-0.007748
0.020432
-0.004917
0.080750
-0.003817
0.088013
-0.006527
0.064575
0.098022
0.045349
-0.005192
0.003265
0.014778
-0.001626
-0.008415
-0.005932
0.044678
0.073608
0.007317
-0.002598
-0.000843
-0.002020
0.019623
0.100830
0.062164
-0.004818
0.031219
-0.004665
0.116699
-0.007172
-0.001593
0.056000
0.006462
0.013153
0.075684
-0.005848
-0.005020
0.013771
-0.002623
0.026978
0.015617
-0.004852
0.061157
0.008049
-0.002539
0.044861
0.054413
0.084290
-0.000411
-0.007118
0.044525
0.014702
0.106201
0.131470
0.003929
-0.002478
-0.006210
0.057831
0.070312
0.111450
0.055054
-0.000949
-0.004345
0.089172
-0.004131
-0.000643
0.012474
0.127930
0.055267
-0.002325
0.093262
-0.003632
0.101196
-0.002247
0.026932
0.063904
0.056519
-0.002424
0.050049
-0.001184
-0.004131
-0.003971
0.010506
-0.002804
-0.006329
0.065979
0.057861
-0.004227
0.019073
0.032837
0.091309
-0.004025
0.015762
0.002695
0.004990
0.086731
-0.008919
0.014175
-0.002274
0.076782
0.079407
0.071960
0.086365
0.016632
0.070923
-0.004044
-0.000688
-0.003550
-0.007843
0.084412
-0.000181
-0.003872
0.085205
-0.005035
0.117126
0.017914
0.031769
0.007393
0.078796
-0.003698
0.064026
0.033844
-0.003708
-0.009628
0.032440
0.110718
-0.009354
0.034760
-0.007748
0.020432
-0.004917
0.080750
-0.003817
0.088013
-0.006527
0.064575
0.098022
0.045349
-0.005192
0.003265
0.014778
-0.001626
-0.008415
-0.005932
0.044678
0.073608
0.007317
-0.002598
-0.000843
-0.002020
0.019623
0.100830
0.062164
-0.004818
0.031219
-0.004665
0.116699
-0.007172
-0.001593
0.056000
0.006462
0.013153
0.075684
-0.005848
-0.005020
0.013771
-0.002623
0.026978
0.015617
-0.004852
0.061157
0.008049
-0.002539
0.044861
0.054413
0.084290
-0.000411
-0.007118
0.044525
0.014702
0.106201
0.131470
0.003929
-0.002478
-0.006210
0.057831
0.070312
0.111450
0.055054
-0.000949
-0.004345
0.089172
-0.004131
-0.000643
0.012474
0.127930
0.055267
-0.002325
0.093262
-0.003632
0.101196
-0.002247
0.026932
0.063904
0.056519
-0.002424
0.050049
-0.001184
-0.004131
-0.003971
0.010506
-0.002804
-0.006329
0.065979
0.057861
-0.004227
0.019073
0.032837
0.091309
-0.004025
0.015762
0.002695
0.004990
0.086731
-0.008919
0.014175
-0.002274
0.076782
0.079407
0.071960
0.086365
0.016632
0.070923
-0.004044
-0.000688
-0.003550
-0.007843
0.084412
-0.000181
-0.003872
0.085205
-0.005035
0.117126
0.017914
0.031769
0.007393
0.078796
-0.003698
0.064026
0.033844
-0.003708
-0.009628
0.032440
0.110718
-0.009354
0.034760
-0.007748
0.020432
-0.004917
0.080750
-0.003817
0.088013
-0.006527
0.064575
0.098022
0.045349
-0.005192
0.003265
0.014778
-0.001626
-0.008415
-0.005932
0.044678
0.073608
0.007317
-0.002598
-0.000843
-0.002020
0.019623
0.100830
0.062164
-0.004818
0.031219
-0.004665
0.116699
-0.007172
-0.001593
0.056000
0.006462
0.013153
0.075684
-0.005848
-0.005020
0.013771
-0.002623
0.026978
0.015617
-0.004852
0.061157
0.008049
-0.002539
0.044861
0.054413
0.084290
-0.000411
-0.007118
0.044525
0.014702
0.106201
0.131470
0.003929
-0.002478
-0.006210
0.057831
0.070312
0.111450
0.055054
-0.000949
-0.004345
0.089172
-0.004131
-0.000643
0.012474
0.127930
0.055267
-0.002325
0.093262
-0.003632
0.101196
-0.002247
0.026932
0.063904
0.056519
-0.002424
0.050049
-0.001184
-0.004131
-0.003971
0.010506
-0.002804
-0.006329
0.065979
0.057861
-0.004227
0.019073
0.032837
0.091309
-0.004025
0.015762
0.002695
0.004990
0.086731
-0.008919
0.014175
-0.002274
0.076782
0.079407
0.071960
0.086365
0.016632
0.070923
-0.004044
-0.000688
-0.003550
-0.007843
0.084412
-0.000181
-0.003872
0.085205
-0.005035
0.117126
0.017914
0.031769
0.007393
0.078796
-0.003698
0.064026
0.033844
-0.003708
-0.009628
0.032440
0.110718
-0.009354
0.034760
-0.007748
0.020432
-0.004917
0.080750
-0.003817
0.088013
-0.006527
0.064575
0.098022
0.045349
-0.005192
0.003265
0.014778
-0.001626
-0.008415
-0.005932
0.044678
0.073608
0.007317
-0.002598
-0.000843
-0.002020
0.019623
0.100830
0.062164
-0.004818
0.031219
-0.004665
0.116699
-0.007172
-0.001593
0.056000
0.006462
0.013153
0.075684
-0.005848
-0.005020
0.013771
-0.002623
0.026978
0.015617
-0.004852
0.061157
0.008049
-0.002539
0.044861
0.054413
0.084290
-0.000411
-0.007118
0.044525
0.014702
0.106201
0.131470
0.003929
-0.002478
-0.006210
0.057831
0.070312
0.111450
0.055054
-0.000949
-0.004345
0.089172
-0.004131
-0.000643
0.012474
0.127930
0.055267
-0.002325
0.093262
-0.003632
0.101196
-0.002247
0.026932
0.063904
0.056519
-0.002424
0.050049
-0.001184
-0.004131
-0.003971
0.010506
-0.002804
-0.006329
0.065979
0.057861
-0.004227
0.019073
0.032837
0.091309
-0.004025
0.015762
0.002695
0.004990
0.086731
-0.008919
0.014175
-0.002274
0.076782
0.079407
0.071960
0.086365
0.016632
0.070923
-0.004044
-0.000688
-0.003550
-0.007843
0.084412
-0.000181
-0.003872
0.085205
-0.005035
0.117126
0.017914
0.031769
0.007393
0.078796
-0.003698
0.064026
0.033844
-0.003708
-0.009628
0.032440
0.110718
-0.009354
0.034760
-0.007748
0.020432
-0.004917
0.080750
-0.003817
0.088013
-0.006527
0.064575
0.098022
0.045349
-0.005192
0.003265
0.014778
-0.001626
-0.008415
-0.005932
0.044678
0.073608
0.007317
-0.002598
-0.000843
-0.002020
0.019623
0.100830
0.062164
-0.004818
0.031219
-0.004665
0.116699
-0.007172
-0.001593
0.056000
0.006462
0.013153
0.075684
-0.005848
-0.005020
0.013771
-0.002623
0.026978
0.015617
-0.004852
0.061157
0.008049
-0.002539
0.044861
0.054413
0.084290
-0.000411
-0.007118
0.044525
0.014702
0.106201
0.131470
0.003929
-0.002478
-0.006210
0.057831
0.070312
0.111450
0.055054
-0.000949
-0.004345
0.089172
-0.004131
-0.000643
0.012474
0.127930
0.055267
-0.002325
0.093262
-0.003632
0.101196
-0.002247
0.026932
0.063904
0.056519
-0.002424
0.050049
-0.001184
-0.004131
-0.003971
0.010506
-0.002804
-0.006329
0.065979
0.057861
-0.004227
0.019073
0.032837
0.091309
-0.004025
0.015762
0.002695
0.004990
0.086731
-0.008919
0.014175
-0.002274
0.076782
0.079407
0.071960
0.086365
0.016632
0.070923
-0.004044
-0.000688
-0.003550
-0.007843
0.084412
-0.000181
-0.003872
0.085205
-0.005035
0.117126
0.017914
0.031769
0.007393
0.078796
-0.003698
0.064026
0.033844
-0.003708
-0.009628
0.032440
0.110718
-0.009354
0.034760
-0.007748
0.020432
-0.004917
0.080750
-0.003817
0.088013
-0.006527
0.064575
0.098022
0.045349
-0.005192
0.003265
0.014778
-0.001626
-0.008415
-0.005932
0.044678
0.073608
0.007317
-0.002598
-0.000843
-0.002020
0.019623
0.100830
0.062164
-0.004818
0.031219
-0.004665
0.116699
-0.007172
-0.001593
0.056000
0.006462
0.013153
0.075684
-0.005848
-0.005020
0.013771
-0.002623
0.026978
0.015617
-0.004852
0.061157
0.008049
-0.002539
0.044861
0.054413
0.084290
-0.000411
-0.007118
0.044525
0.014702
0.106201
0.131470
0.003929
-0.002478
-0.006210
0.057831
0.070312
0.111450
0.055054
-0.000949
-0.004345
0.089172
-0.004131
-0.000643
0.012474
0.127930
0.055267
-0.002325
0.093262
-0.003632
0.101196
-0.002247
0.026932
0.063904
0.056519
-0.002424
0.050049
-0.001184
-0.004131
-0.003971
0.010506
-0.002804
-0.006329
0.065979
0.057861
-0.004227
0.019073
0.032837
0.091309
-0.004025
0.015762
0.002695
0.004990
0.086731
-0.008919
0.014175
-0.002274
0.076782
0.079407
0.071960
0.086365
0.016632
0.070923
-0.004044
-0.000688
-0.003550
-0.007843
0.084412
-0.000181
-0.003872
0.085205
-0.005035
0.117126
0.017914
0.031769
0.007393
0.078796
-0.003698
0.064026
0.033844
-0.003708
-0.009628
0.032440
0.110718
-0.009354
0.034760
-0.007748
0.020432
-0.004917
0.080750
-0.003817
0.088013
-0.006527
0.064575
0.098022
0.045349
-0.005192
0.003265
0.014778
-0.001626
-0.008415
-0.005932
0.044678
0.073608
0.007317
-0.002598
-0.000843
-0.002020
0.019623
0.100830
0.062164
-0.004818
0.031219
-0.004665
0.116699
-0.007172
-0.001593
0.056000
0.006462
0.013153
0.075684
-0.005848
-0.005020
0.013771
-0.002623
0.026978
0.015617
-0.004852
0.061157
0.008049
-0.002539
0.044861
0.054413
0.084290
-0.000411
-0.007118
0.044525
0.014702
0.106201
0.131470
0.003929
-0.002478
-0.006210
0.057831
0.070312
0.111450
0.055054
-0.000949
-0.004345
0.089172
-0.004131
-0.000643
0.012474
0.127930
0.055267
-0.002325
0.093262
-0.003632
0.101196
-0.002247
0.026932
0.063904
0.056519
-0.002424
0.050049
-0.001184
-0.004131
-0.003971
0.010506
-0.002804
-0.006329
0.065979
0.057861
-0.004227
0.019073
0.032837
0.091309
-0.004025
0.015762
0.002695
0.004990
0.086731
-0.008919
0.014175
-0.002274
0.076782
0.079407
0.071960
0.086365
0.016632
0.070923
-0.004044
-0.000688
-0.003550
-0.007843
0.084412
-0.000181
-0.003872
0.085205
-0.005035
0.117126
0.017914
0.031769
0.007393
0.078796
-0.003698
0.064026
0.033844
-0.003708
-0.009628
0.032440
0.110718
-0.009354
0.034760
-0.007748
0.020432
-0.004917
0.080750
-0.003817
0.088013
-0.006527
0.064575
0.098022
0.045349
-0.005192
0.003265
0.014778
-0.001626
-0.008415
-0.005932
0.044678
0.073608
0.007317
-0.002598
-0.000843
-0.002020
0.019623
0.100830
0.062164
-0.004818
0.031219
-0.004665
0.116699
-0.007172
-0.001593
0.056000
0.006462
0.013153
0.075684
-0.005848
-0.005020
0.013771
-0.002623
0.026978
0.015617
-0.004852
0.061157
0.008049
-0.002539
0.044861
0.054413
0.084290
-0.000411
-0.007118
0.044525
0.014702
0.106201
0.131470
0.003929
-0.002478
-0.006210
0.057831
0.070312
0.111450
0.055054
-0.000949
-0.004345
0.089172
-0.004131
-0.000643
0.012474
0.127930
0.055267
-0.002325
0.093262
-0.003632
0.101196
-0.002247
0.026932
0.063904
0.056519
-0.002424
0.050049
-0.001184
-0.004131
-0.003971
0.010506
-0.002804
-0.006329
0.065979
0.057861
-0.004227
0.019073
0.032837
0.091309
-0.004025
0.015762
0.002695
0.004990
0.086731
-0.008919
0.014175
-0.002274
0.076782
0.079407
0.071960
0.086365
0.016632
0.070923
-0.004044
-0.000688
-0.003550
-0.007843
0.084412
-0.000181
-0.003872
0.085205
-0.005035
0.117126
0.017914
0.031769
0.007393
0.078796
-0.003698
0.064026
0.033844
-0.003708
-0.009628
0.032440
0.110718
-0.009354
0.034760
-0.007748
0.020432
-0.004917
0.080750
-0.003817
0.088013
-0.006527
0.064575
0.098022
0.045349
-0.005192
0.003265
0.014778
-0.001626
-0.008415
-0.005932
0.044678
0.073608
0.007317
-0.002598
-0.000843
-0.002020
0.019623
0.100830
0.062164
-0.004818
0.031219
-0.004665
0.116699
-0.007172
-0.001593
0.056000
0.006462
0.013153
0.075684
-0.005848
-0.005020
0.013771
-0.002623
0.026978
0.015617
-0.004852
0.061157
0.008049
-0.002539
0.044861
0.054413
0.084290
-0.000411
-0.007118
0.044525
0.014702
0.106201
0.131470
0.003929
-0.002478
-0.006210
0.057831
0.070312
0.111450
0.055054
-0.000949
-0.004345
0.089172
-0.004131
-0.000643
0.012474
0.127930
0.055267
-0.002325
0.093262
-0.003632
0.101196
-0.002247
0.026932
0.063904
0.056519
-0.002424
0.050049
-0.001184
-0.004131
-0.003971
0.010506
-0.002804
-0.006329
0.065979
0.057861
-0.004227
0.019073
0.032837
0.091309
-0.004025
0.015762
0.002695
0.004990
0.086731
-0.008919
0.014175
-0.002274
0.076782
0.079407
0.071960
0.086365
0.016632
0.070923
-0.004044
-0.000688
-0.003550
-0.007843
0.084412
-0.000181
-0.003872
0.085205
-0.005035
0.117126
0.017914
0.031769
0.007393
0.078796
-0.003698
0.064026
0.033844
-0.003708
-0.009628
0.032440
0.110718
-0.009354
0.034760
-0.007748
0.020432
-0.004917
0.080750
-0.003817
0.088013
-0.006527
0.064575
0.098022
0.045349
-0.005192
0.003265
0.014778
-0.001626
-0.008415
-0.005932
0.044678
0.073608
0.007317
-0.002598
-0.000843
-0.002020
0.019623
0.100830
0.062164
-0.004818
0.031219
-0.004665
0.116699
-0.007172
-0.001593
0.056000
0.006462
0.013153
0.075684
-0.005848
-0.005020
0.013771
-0.002623
0.026978
0.015617
-0.004852
0.061157
0.008049
-0.002539
0.044861
0.054413
0.084290
-0.000411
-0.007118
0.044525
0.014702
0.106201
0.131470
0.003929
-0.002478
-0.006210
0.057831
0.070312
0.111450
0.055054
-0.000949
-0.004345
0.089172
-0.004131
-0.000643
0.012474
0.127930
0.055267
-0.002325
0.093262
-0.003632
0.101196
-0.002247
0.026932
0.063904
0.056519
-0.002424
0.050049
-0.001184
-0.004131
-0.003971
0.010506
-0.002804
-0.006329
0.065979
0.057861
-0.004227
0.019073
0.032837
0.091309
-0.004025
0.015762
0.002695
0.004990
0.086731
-0.008919
0.014175
-0.002274
0.076782
0.079407
0.071960
0.086365
0.016632
0.070923
-0.004044
-0.000688
-0.003550
-0.007843
0.084412
-0.000181
-0.003872
0.085205
-0.005035
0.117126
0.017914
0.031769
0.007393
0.078796
-0.003698
0.064026
0.033844
-0.003708
-0.009628
0.032440
0.110718
-0.009354
0.034760
-0.007748
0.020432
-0.004917
0.080750
-0.003817
0.088013
-0.006527
0.064575
0.098022
0.045349
-0.005192
0.003265
0.014778
-0.001626
-0.008415
-0.005932
0.044678
0.073608
0.007317
-0.002598
-0.000843
-0.002020
0.019623
0.100830
0.062164
-0.004818
0.031219
-0.004665
0.116699
-0.007172
-0.001593
0.056000
0.006462
0.013153
0.075684
-0.005848
-0.005020
0.013771
-0.002623
0.026978
0.015617
-0.004852
0.061157
0.008049
-0.002539
0.044861
0.054413
0.084290
-0.000411
-0.007118
0.044525
0.014702
0.106201
0.131470
0.003929
-0.002478
-0.006210
0.057831
0.070312
0.111450
0.055054
-0.000949
-0.004345
0.089172
-0.004131
-0.000643
0.012474
0.127930
0.055267
-0.002325
0.093262
-0.003632
0.101196
-0.002247
0.026932
0.063904
0.056519
-0.002424
0.050049
-0.001184
-0.004131
-0.003971
0.010506
-0.002804
-0.006329
0.065979
0.057861
-0.004227
0.019073
0.032837
0.091309
-0.004025
0.015762
0.002695
0.004990
0.086731
-0.008919
0.014175
-0.002274
0.076782
0.079407
0.071960
0.086365
0.016632
0.070923
-0.004044
-0.000688
-0.003550
-0.007843
0.084412
-0.000181
-0.003872
0.085205
-0.005035
0.117126
0.017914
0.031769
0.007393
0.078796
-0.003698
0.064026
0.033844
-0.003708
-0.009628
0.032440
0.110718
-0.009354
0.034760
-0.007748
0.020432
-0.004917
0.080750
-0.003817
0.088013
-0.006527
0.064575
0.098022
0.045349
-0.005192
0.003265
0.014778
-0.001626
-0.008415
-0.005932
0.044678
0.073608
0.007317
-0.002598
-0.000843
-0.002020
0.019623
0.100830
0.062164
-0.004818
0.031219
-0.004665
0.116699
-0.007172
-0.001593
0.056000
0.006462
0.013153
0.075684
-0.005848
-0.005020
0.013771
-0.002623
0.026978
0.015617
-0.004852
0.061157
0.008049
-0.002539
0.044861
0.054413
0.084290
-0.000411
-0.007118
0.044525
0.014702
0.106201
0.131470
0.003929
-0.002478
-0.006210
0.057831
0.070312
0.111450
0.055054
-0.000949
-0.004345
0.089172
-0.004131
-0.000643
0.012474
0.127930
0.055267
-0.002325
0.093262
-0.003632
0.101196
-0.002247
0.026932
0.063904
0.056519
-0.002424
0.050049
-0.001184
-0.004131
-0.003971
0.010506
-0.002804
-0.006329
0.065979
0.057861
-0.004227
0.019073
0.032837
0.091309
-0.004025
0.015762
0.002695
0.004990
0.086731
-0.008919
0.014175
-0.002274
0.076782
0.079407
0.071960
0.086365
0.016632
0.070923
-0.004044
-0.000688
-0.003550
-0.007843
0.084412
-0.000181
-0.003872
0.085205
-0.005035
0.117126
0.017914
0.031769
0.007393
0.078796
-0.003698
0.064026
0.033844
-0.003708
-0.009628
0.032440
0.110718
-0.009354
0.034760
-0.007748
0.020432
-0.004917
0.080750
-0.003817
0.088013
-0.006527
0.064575
0.098022
0.045349
-0.005192
0.003265
0.014778
-0.001626
-0.008415
-0.005932
0.044678
0.073608
0.007317
-0.002598
-0.000843
-0.002020
0.019623
0.100830
0.062164
-0.004818
0.031219
-0.004665
0.116699
-0.007172
-0.001593
0.056000
0.006462
0.013153
0.075684
-0.005848
-0.005020
0.013771
-0.002623
0.026978
0.015617
-0.004852
0.061157
0.008049
-0.002539
0.044861
0.054413
0.084290
-0.000411
-0.007118
0.044525
0.014702
0.106201
0.131470
0.003929
-0.002478
-0.006210
0.057831
0.070312
0.111450
0.055054
-0.000949
-0.004345
0.089172
-0.004131
-0.000643
0.012474
0.127930
0.055267
-0.002325
0.093262
-0.003632
0.101196
-0.002247
0.026932
0.063904
0.056519
-0.002424
0.050049
-0.001184
-0.004131
-0.003971
0.010506
-0.002804
-0.006329
0.065979
0.057861
-0.004227
0.019073
0.032837
0.091309
-0.004025
0.015762
0.002695
0.004990
0.086731
-0.008919
0.014175
-0.002274
0.076782
0.079407
0.071960
0.086365
0.016632
0.070923
-0.004044
-0.000688
-0.003550
-0.007843
0.084412
-0.000181
-0.003872
0.085205
-0.005035
0.117126
0.017914
0.031769
0.007393
0.078796
-0.003698
0.064026
0.033844
-0.003708
-0.009628
0.032440
0.110718
-0.009354
0.034760
-0.007748
0.020432
-0.004917
0.080750
-0.003817
0.088013
-0.006527
0.064575
0.098022
0.045349
-0.005192
0.003265
0.014778
-0.001626
-0.008415
-0.005932
0.044678
0.073608
0.007317
-0.002598
-0.000843
-0.002020
0.019623
0.100830
0.062164
-0.004818
0.031219
-0.004665
0.116699
-0.007172
-0.001593
0.056000
0.006462
0.013153
0.075684
-0.005848
-0.005020
0.013771
-0.002623
0.026978
0.015617
-0.004852
0.061157
0.008049
-0.002539
0.044861
0.054413
0.084290
-0.000411
-0.007118
0.044525
0.014702
0.106201
0.131470
0.003929
-0.002478
-0.006210
0.057831
0.070312
0.111450
0.055054
-0.000949
-0.004345
0.089172
-0.004131
-0.000643
0.012474
0.127930
0.055267
-0.002325
0.093262
-0.003632
0.101196
-0.002247
0.026932
0.063904
0.056519
-0.002424
0.050049
-0.001184
-0.004131
-0.003971
0.010506
-0.002804
-0.006329
0.065979
0.057861
-0.004227
0.019073
0.032837
0.091309
-0.004025
0.015762
0.002695
0.004990
0.086731
-0.008919
0.014175
-0.002274
0.076782
0.079407
0.071960
0.086365
0.016632
0.070923
-0.004044
-0.000688
-0.003550
-0.007843
0.084412
-0.000181
-0.003872
0.085205
-0.005035
0.117126
0.017914
0.031769
0.007393
0.078796
-0.003698
0.064026
0.033844
-0.003708
-0.009628
0.032440
0.110718
-0.009354
0.034760
-0.007748
0.020432
-0.004917
0.080750
-0.003817
0.088013
-0.006527
0.064575
0.098022
0.045349
-0.005192
0.003265
0.014778
-0.001626
-0.008415
-0.005932
0.044678
0.073608
0.007317
-0.002598
-0.000843
-0.002020
0.019623
0.100830
0.062164
-0.004818
0.031219
-0.004665
0.116699
-0.007172
-0.001593
0.056000
0.006462
0.013153
0.075684
-0.005848
-0.005020
0.013771
-0.002623
0.026978
0.015617
-0.004852
0.061157
0.008049
-0.002539
0.044861
0.054413
0.084290
-0.000411
-0.007118
0.044525
0.014702
0.106201
0.131470
0.003929
-0.002478
-0.006210
0.057831
0.070312
0.111450
0.055054
-0.000949
-0.004345
0.089172
-0.004131
-0.000643
0.012474
0.127930
0.055267
-0.002325
0.093262
-0.003632
0.101196
-0.002247
0.026932
0.063904
0.056519
-0.002424
0.050049
-0.001184
-0.004131
-0.003971
0.010506
-0.002804
-0.006329
0.065979
0.057861
-0.004227
0.019073
0.032837
0.091309
-0.004025
0.015762
0.002695
0.004990
0.086731
-0.008919
0.014175
-0.002274
0.076782
0.079407
0.071960
0.086365
0.016632
0.070923
-0.004044
-0.000688
-0.003550
-0.007843
0.084412
-0.000181
-0.003872
0.085205
-0.005035
0.117126
0.017914
0.031769
0.007393
0.078796
-0.003698
0.064026
0.033844
-0.003708
-0.009628
0.032440
0.110718
-0.009354
0.034760
-0.007748
0.020432
-0.004917
0.080750
-0.003817
0.088013
-0.006527
0.064575
0.098022
0.045349
-0.005192
0.003265
0.014778
-0.001626
-0.008415
-0.005932
0.044678
0.073608
0.007317
-0.002598
-0.000843
-0.002020
0.019623
0.100830
0.062164
-0.004818
0.031219
-0.004665
0.116699
-0.007172
-0.001593
0.056000
0.006462
0.013153
0.075684
-0.005848
-0.005020
0.013771
-0.002623
0.026978
0.015617
-0.004852
0.061157
0.008049
-0.002539
0.044861
0.054413
0.084290
-0.000411
-0.007118
0.044525
0.014702
0.106201
0.131470
0.003929
-0.002478
-0.006210
0.057831
0.070312
0.111450
0.055054
-0.000949
-0.004345
0.089172
-0.004131
-0.000643
0.012474
0.127930
0.055267
-0.002325
0.093262
-0.003632
0.101196
-0.002247
0.026932
0.063904
0.056519
-0.002424
0.050049
-0.001184
-0.004131
-0.003971
0.010506
-0.002804
-0.006329
0.065979
0.057861
-0.004227
0.019073
0.032837
0.091309
-0.004025
0.015762
0.002695
0.004990
0.086731
-0.008919
0.014175
-0.002274
0.076782
0.079407
0.071960
0.086365
0.016632
0.070923
-0.004044
-0.000688
-0.003550
-0.007843
0.084412
-0.000181
-0.003872
0.085205
-0.005035
0.117126
0.017914
0.031769
0.007393
0.078796
-0.003698
0.064026
0.033844
-0.003708
-0.009628
0.032440
0.110718
-0.009354
0.034760
-0.007748
0.020432
-0.004917
0.080750
-0.003817
0.088013
-0.006527
0.064575
0.098022
0.045349
-0.005192
0.003265
0.014778
-0.001626
-0.008415
-0.005932
0.044678
0.073608
0.007317
-0.002598
-0.000843
-0.002020
0.019623
0.100830
0.062164
-0.004818
0.031219
-0.004665
0.116699
-0.007172
-0.001593
0.056000
0.006462
0.013153
0.075684
-0.005848
-0.005020
0.013771
-0.002623
0.026978
0.015617
-0.004852
0.061157
0.008049
-0.002539
0.044861
0.054413
0.084290
-0.000411
-0.007118
0.044525
0.014702
0.106201
0.131470
0.003929
-0.002478
-0.006210
0.057831
0.070312
0.111450
0.055054
-0.000949
-0.004345
0.089172
-0.004131
-0.000643
0.012474
0.127930
0.055267
-0.002325
0.093262
-0.003632
0.101196
-0.002247
0.026932
0.063904
0.056519
-0.002424
0.050049
-0.001184
-0.004131
-0.003971
0.010506
-0.002804
-0.006329
0.065979
0.057861
-0.004227
0.019073
0.032837
0.091309
-0.004025
0.015762
0.002695
0.004990
0.086731
-0.008919
0.014175
-0.002274
0.076782
0.079407
0.071960
0.086365
0.016632
0.070923
-0.004044
-0.000688
-0.003550
-0.007843
0.084412
-0.000181
-0.003872
0.085205
-0.005035
0.117126
0.017914
0.031769
0.007393
0.078796
-0.003698
0.064026
0.033844
-0.003708
-0.009628
0.032440
0.110718
-0.009354
0.034760
-0.007748
0.020432
-0.004917
0.080750
-0.003817
0.088013
-0.006527
0.064575
0.098022
0.045349
-0.005192
0.003265
0.014778
-0.001626
-0.008415
-0.005932
0.044678
0.073608
0.007317
-0.002598
-0.000843
-0.002020
0.019623
0.100830
0.062164
-0.004818
0.031219
-0.004665
0.116699
-0.007172
-0.001593
0.056000
0.006462
0.013153
0.075684
-0.005848
-0.005020
0.013771
-0.002623
0.026978
0.015617
-0.004852
0.061157
0.008049
-0.002539
0.044861
0.054413
0.084290
-0.000411
-0.007118
0.044525
0.014702
0.106201
0.131470
0.003929
-0.002478
-0.006210
0.057831
0.070312
0.111450
0.055054
-0.000949
-0.004345
0.089172
-0.004131
-0.000643
0.012474
0.127930
0.055267
-0.002325
0.093262
-0.003632
0.101196
-0.002247
0.026932
0.063904
0.056519
-0.002424
0.050049
-0.001184
-0.004131
-0.003971
0.010506
-0.002804
-0.006329
0.065979
0.057861
-0.004227
0.019073
0.032837
0.091309
-0.004025
0.015762
0.002695
0.004990
0.086731
-0.008919
0.014175
-0.002274
0.076782
0.079407
0.071960
0.086365
0.016632
0.070923
-0.004044
-0.000688
-0.003550
-0.007843
0.084412
-0.000181
-0.003872
0.085205
-0.005035
0.117126
0.017914
0.031769
0.007393
0.078796
-0.003698
0.064026
0.033844
-0.003708
-0.009628
0.032440
0.110718
-0.009354
0.034760
-0.007748
0.020432
-0.004917
0.080750
-0.003817
0.088013
-0.006527
0.064575
0.098022
0.045349
-0.005192
0.003265
0.014778
-0.001626
-0.008415
-0.005932
0.044678
0.073608
0.007317
-0.002598
-0.000843
-0.002020
0.019623
0.100830
0.062164
-0.004818
0.031219
-0.004665
0.116699
-0.007172
-0.001593
0.056000
0.006462
0.013153
0.075684
-0.005848
-0.005020
0.013771
-0.002623
0.026978
0.015617
-0.004852
0.061157
0.008049
-0.002539
0.044861
0.054413
0.084290
-0.000411
-0.007118
0.044525
0.014702
0.106201
0.131470
0.003929
-0.002478
-0.006210
0.057831
0.070312
0.111450
0.055054
-0.000949
-0.004345
0.089172
-0.004131
-0.000643
0.012474
0.127930
0.055267
-0.002325
0.093262
-0.003632
0.101196
-0.002247
0.026932
0.063904
0.056519
-0.002424
0.050049
-0.001184
-0.004131
-0.003971
0.010506
-0.002804
-0.006329
0.065979
0.057861
-0.004227
0.019073
0.032837
0.091309
-0.004025
0.015762
0.002695
0.004990
0.086731
-0.008919
0.014175
-0.002274
0.076782
0.079407
0.071960
0.086365
0.016632
0.070923
-0.004044
-0.000688
-0.003550
-0.007843
0.084412
-0.000181
-0.003872
0.085205
-0.005035
0.117126
0.017914
0.031769
0.007393
0.078796
-0.003698
0.064026
0.033844
-0.003708
-0.009628
0.032440
0.110718
-0.009354
0.034760
-0.007748
0.020432
-0.004917
0.080750
-0.003817
0.088013
-0.006527
0.064575
0.098022
0.045349
-0.005192
0.003265
0.014778
-0.001626
-0.008415
-0.005932
0.044678
0.073608
0.007317
-0.002598
-0.000843
-0.002020
0.019623
0.100830
0.062164
-0.004818
0.031219
-0.004665
0.116699
-0.007172
-0.001593
0.056000
0.006462
0.013153
0.075684
-0.005848
-0.005020
0.013771
-0.002623
0.026978
0.015617
-0.004852
0.061157
0.008049
-0.002539
0.044861
0.054413
0.084290
-0.000411
-0.007118
0.044525
0.014702
0.106201
0.131470
0.003929
-0.002478
-0.006210
0.057831
0.070312
0.111450
0.055054
-0.000949
-0.004345
0.089172
-0.004131
-0.000643
0.012474
0.127930
0.055267
-0.002325
0.093262
-0.003632
0.101196
-0.002247
0.026932
0.063904
0.056519
-0.002424
0.050049
-0.001184
-0.004131
-0.003971
0.010506
-0.002804
-0.006329
0.065979
0.057861
-0.004227
0.019073
0.032837
0.091309
-0.004025
0.015762
0.002695
0.004990
0.086731
-0.008919
0.014175
-0.002274
0.076782
0.079407
0.071960
0.086365
0.016632
0.070923
-0.004044
-0.000688
-0.003550
-0.007843
0.084412
-0.000181
-0.003872
0.085205
-0.005035
0.117126
0.017914
0.031769
0.007393
0.078796
-0.003698
0.064026
0.033844
-0.003708
-0.009628
0.032440
0.110718
-0.009354
0.034760
-0.007748
0.020432
-0.004917
0.080750
-0.003817
0.088013
-0.006527
0.064575
0.098022
0.045349
-0.005192
0.003265
0.014778
-0.001626
-0.008415
-0.005932
0.044678
0.073608
0.007317
-0.002598
-0.000843
-0.002020
0.019623
0.100830
0.062164
-0.004818
0.031219
-0.004665
0.116699
-0.007172
-0.001593
0.056000
0.006462
0.013153
0.075684
-0.005848
-0.005020
0.013771
-0.002623
0.026978
0.015617
-0.004852
0.061157
0.008049
-0.002539
0.044861
0.054413
0.084290
-0.000411
-0.007118
0.044525
0.014702
0.106201
0.131470
0.003929
-0.002478
-0.006210
0.057831
0.070312
0.111450
0.055054
-0.000949
-0.004345
0.089172
-0.004131
-0.000643
0.012474
0.127930
0.055267
-0.002325
0.093262
-0.003632
0.101196
-0.002247
0.026932
0.063904
0.056519
-0.002424
0.050049
-0.001184
-0.004131
-0.003971
0.010506
-0.002804
-0.006329
0.065979
0.057861
-0.004227
0.019073
0.032837
0.091309
-0.004025
0.015762
0.002695
0.004990
0.086731
-0.008919
0.014175
-0.002274
0.076782
0.079407
0.071960
0.086365
0.016632
0.070923
-0.004044
-0.000688
-0.003550
-0.007843
0.084412
-0.000181
-0.003872
0.085205
-0.005035
0.117126
0.017914
0.031769
0.007393
0.078796
-0.003698
0.064026
0.033844
-0.003708
-0.009628
0.032440
0.110718
-0.009354
0.034760
-0.007748
0.020432
-0.004917
0.080750
-0.003817
0.088013
-0.006527
0.064575
0.098022
0.045349
-0.005192
0.003265
0.014778
-0.001626
-0.008415
-0.005932
0.044678
0.073608
0.007317
-0.002598
-0.000843
-0.002020
0.019623
0.100830
0.062164
-0.004818
0.031219
-0.004665
0.116699
-0.007172
-0.001593
0.056000
0.006462
0.013153
0.075684
-0.005848
-0.005020
0.013771
-0.002623
0.026978
0.015617
-0.004852
0.061157
0.008049
-0.002539
0.044861
0.054413
0.084290
-0.000411
-0.007118
0.044525
0.014702
0.106201
0.131470
0.003929
-0.002478
-0.006210
0.057831
0.070312
0.111450
0.055054
-0.000949
-0.004345
0.089172
-0.004131
-0.000643
0.012474
0.127930
0.055267
-0.002325
0.093262
-0.003632
0.101196
-0.002247
0.026932
0.063904
