0.029465
0.784101
0.086288
0.052835
1.272444
0.096817
0.035924
0.001379
0.760072
0.331126
0.201178
0.387809
1.240440
0.947091
0.204394
0.033307
0.139851
0.101831
1.089829
0.741911
0.195219
0.294340
0.249563
0.827811
0.020794
0.060539
0.010107
0.410668
1.355394
0.106526
0.331805
0.049425
0.683530
1.110289
0.051531
0.098296
0.077786
0.029600
0.691298
0.076688
2.483992
0.021266
0.037371
0.151163
0.090006
0.078090
0.095749
1.941024
0.976751
0.152991
1.506773
0.116097
1.115737
0.149781
2.324444
0.007968
0.800513
0.089319
0.030778
0.096257
0.202576
0.322542
0.431425
0.958231
