7.8626828
-1.1852734
0.85212219
9.216176
-0.4239884
-1.3609022
11.539832
-0.28237826
15.177942
-0.1182689
-0.0024190426
14.195546
13.618113
12.435151
3.6046495
6.7287841
-0.76533586
-1.7947283
-1.6816851
-1.0621365
4.8452129
-0.21188246
-0.058864594
-0.44360256
-0.48280072
11.920562
-0.035080574
10.378097
4.9314928
20.424555
-0.16861254
-0.46338388
-0.29855952
-0.44069847
-0.96372932
-1.0107696
-0.31671643
20.180267
-0.15111795
-0.86391497
-1.5616412
-0.26295754
-0.063486345
-0.68143612
10.198344
6.3775649
15.123473
1.9236907
5.1293492
-0.80790538
10.692236
-0.35462034
-0.9322052
7.6866794
12.314173
4.8055468
-0.5079506
-0.36849245
4.5240679
-1.1395868
-0.071347035
-0.090518735
-1.3590876
-0.87029898
12.451295
-0.19595841
7.6414633
1.4029063
-0.90510637
-0.89184564
9.9315643
-0.57499266
-0.62694234
-1.0169799
-0.86228436
-0.7521562
-0.48034677
-0.84987539
-0.43211594
14.100197
-1.6581395
16.084806
6.1760197
9.6869841
-1.6770848
11.484241
-0.48571816
-0.22914834
-0.34003866
4.7842956
13.776958
-0.027774414
10.783522
2.2247143
0.091547161
18.998573
-0.73216122
13.480871
-0.68724084
5.0823007
-0.90248871
-1.5913696
3.5397844
-0.44740254
-0.056233753
7.5259829
-0.74026459
-0.12517567
-0.83942503
1.6075858
1.1393539
-0.64760238
10.087702
1.9710923
6.8346481
3.4617012
6.6394396
-0.20135394
-1.0755188
-1.4049331
13.532084
7.247786
8.0132685
7.4584785
-0.56824726
15.501449
-0.52931923
-0.66832483
-1.4908859
18.784302
-0.25835809
-1.3437772
6.0223198
19.801113
-1.9288677
3.0599174
-2.0728743
3.8910596
2.8421454
-2.0376687
-2.2984231
-1.7544135
-0.70484829
-1.1888021
11.640368
25.399624
26.33486
14.136425
-0.88860303
6.342567
2.1721752
9.5065241
4.7397585
-1.5211468
0.0032898113
-1.7112926
-1.0727009
-3.3358963
5.7882209
6.8681531
4.7989664
5.4969554
14.470357
15.869056
3.0172644
-3.0621688
5.0660324
12.420668
25.072142
3.9870038
-0.041559614
9.0613441
-1.7610985
-0.85398561
-2.3852546
-0.11548594
-0.56340545
12.500343
-1.5025771
7.9720874
13.382082
-1.3983668
-1.9390787
-0.95118934
6.4256725
7.0079703
-0.52924222
18.723185
2.0141039
-0.01472165
19.075983
14.294064
-2.0612035
3.8565936
-1.2934417
-0.17910095
15.621478
14.504439
-1.4666654
5.0993605
8.9219151
16.380518
10.894337
12.607777
6.8354082
14.793917
4.7414408
-2.2910919
27.96022
-2.5275412
-0.98993868
-1.3665882
26.0634
-1.5377767
7.0261054
2.9663
4.9418969
-0.60802931
-2.2658021
-0.1711417
-1.7287283
-0.54490501
1.3912848
-2.6828852
8.2768497
-2.1796844
11.751047
-0.89514011
15.796947
25.594606
-0.54260665
6.92068
-0.17995684
-1.1822836
11.628213
2.1843371
13.603978
-0.27708596
1.0999271
7.6476378
-1.2058226
-0.48191568
-1.2634233
-0.43815351
-0.81430715
6.024478
14.822043
20.570089
-2.0571887
-1.1063558
-1.3454964
-0.82526249
5.4839773
-2.1717012
7.4456239
12.101424
-0.84314555
11.848173
-0.21875809
-0.86661094
3.3896153
14.699474
-1.1991736
2.6049151
-1.6241009
0.75409096
0.73540497
-1.3714482
-1.3865665
-1.2050254
-0.40454865
-0.6193105
8.2433329
17.843357
16.989117
11.618025
-0.48806572
2.3972023
0.82327133
5.1238132
4.6080828
-1.2124784
0.86980581
-0.95424169
-0.61033142
-2.1062198
2.245868
3.9845998
4.3584118
4.9543834
8.8017712
11.26128
3.5665765
-2.0678465
2.2021251
7.9965167
16.237556
2.9667246
0.74456167
7.1614304
-1.0663707
-0.76180589
-1.5646377
-0.24318564
-0.52738661
7.2652817
-1.1648879
3.2856438
8.3692179
-0.89995176
-1.2904215
-0.45907313
5.2903352
4.3899722
-0.42695698
11.44311
0.6534819
0.72661543
12.815426
8.0587149
-1.3101817
3.2247438
-0.82376117
-0.32513133
9.2920742
9.2061272
-0.92872852
4.8504448
6.2730737
10.52035
8.7782402
7.7235274
3.9826758
8.9569387
4.9501896
-1.4986024
17.1674
-1.7328204
-0.66664958
-1.0043174
17.186241
-1.0823859
5.8056226
1.9313158
3.019815
-0.59234709
-1.5003358
-0.058137715
-1.1923107
-0.22534926
-0.00062177185
-1.9116106
7.0977063
-1.3222889
6.9925737
-0.5918656
9.9653645
16.830965
-0.20715797
4.0816355
0.52223128
-0.81755298
6.3051968
2.2530136
9.1935663
-0.18055759
-0.11242419
6.6589327
-1.0271415
-0.11047858
-0.7480818
-0.35027158
-0.64818394
3.5947998
11.031299
14.956406
-1.3164681
-0.69813603
-0.76320887
-0.70771694
5.8914976
-1.5570972
4.5806971
6.5050592
17.990328
-0.61262959
-0.20771502
1.5309894
-0.50011939
15.318202
9.9922342
6.202127
-2.3585873
-1.927776
-1.2285461
-0.11909675
18.014444
-0.35149553
6.6375318
16.606133
5.1504812
10.069353
-0.60017753
23.399899
11.404421
-2.1301935
-0.48358569
-1.4666157
16.750486
-2.0983627
7.5813909
17.230526
14.449559
13.917542
-1.768936
-0.51281184
9.5090609
14.958275
-0.84596413
3.72069
18.262619
-0.1710797
-1.459123
-0.049737819
-0.46037778
0.13174677
11.42525
12.100446
13.065882
-1.8101977
4.6888385
-1.9962696
-1.6545324
-0.77886528
-1.7812338
-2.3358524
-0.28763387
5.0501366
2.4347582
20.459068
11.669555
-0.58560985
-0.80885172
-0.9723205
-0.72522336
7.1349163
3.9358892
-1.3546942
6.4875565
3.1911778
4.0379119
-1.8098599
-1.1576704
-0.55297631
3.1078753
17.125238
4.2634597
-0.32826373
17.006638
-0.84287661
-0.22172175
-1.2656072
18.991594
3.2976072
-1.6103204
-0.38756225
-0.10865883
-0.84318304
-0.22284392
-0.83083338
8.3507891
-0.01401742
-0.2076015
-1.7295069
1.4821265
10.96039
-0.15668739
12.96529
-0.95793813
-1.3736901
18.572582
12.650657
-0.91676885
-0.017066836
-0.75378859
-0.21621557
11.829947
-0.25124353
19.583399
-0.29358655
-1.2616938
7.1608148
2.0452261
0.067905128
-2.0617149
15.722294
-2.4995348
21.796646
12.76592
-0.59305197
-0.94810975
-0.75456476
13.364268
12.801902
5.893786
4.7687521
13.510887
-2.0163765
26.09218
-1.2847307
-0.26011774
-1.47693
6.3853607
8.8257198
-0.3243503
-0.91561091
0.15127838
29.819607
-0.49369365
8.3464918
-3.8220317
-1.5551304
-0.97498655
-1.6902014
0.18682817
-1.6975349
0.91416872
6.5337982
13.852494
29.45505
14.556242
33.449886
4.3549299
-1.5956124
-0.26117548
-0.73017514
20.046795
-3.1906209
6.9460511
2.8629093
6.4011559
-1.1947476
-1.2768631
0.61416167
12.344656
18.787014
3.1168559
15.032883
20.147684
-2.504318
-1.0668253
9.7497711
14.923738
2.6417294
10.932992
18.710484
-0.062360745
-2.3569982
-1.3404969
-2.0494254
-2.0374622
2.8364496
-2.8821228
-1.670719
8.2027521
-0.5313642
-1.2102334
12.621065
16.314049
-0.080690898
-1.1840582
5.2731371
-0.55430144
6.5000572
19.246651
-0.1625378
-0.96090615
5.274404
-0.60114515
-1.7951397
0.84292561
5.7359333
-0.87756455
20.820946
11.213659
9.5477552
24.96163
1.3239291
3.9121277
-0.13639888
21.957161
-1.4382906
5.7994571
-2.2826695
-0.86960137
-1.8409795
17.882271
-2.0489986
12.803943
2.2160788
1.9131911
-2.0764785
-1.5732116
10.22811
-1.4207573
8.0504265
-0.80985403
-3.416523
24.68376
-0.48763475
0.059642255
-0.71532172
4.5211816
17.625986
6.2819557
3.5933881
17.874838
-1.1722749
-0.24567015
8.345665
12.489377
-0.21323188
-1.9221525
20.932348
-3.3702881
17.118572
3.2279224
-0.90831614
-1.5257019
-0.3444047
24.547209
28.047045
-1.0196295
-0.37188551
2.5966489
-2.6515186
29.804829
-2.9426181
3.554805
-0.46126276
-0.37054035
-0.69756532
1.951076
7.7908239
-0.13432689
-2.1842465
4.590404
-0.68911499
29.032894
10.731096
8.1988268
14.742889
2.1828649
14.516204
-0.11456519
-0.4073289
-0.98477948
-2.3510289
-1.1990541
-2.3987081
-0.22426072
11.0583
3.2945983
4.9665899
-1.4879998
24.394238
-0.50951147
-0.10079855
-0.43672395
10.593446
9.7542362
-0.14211141
-0.84056062
-1.293628
-0.43331105
-1.2063321
-1.3749703
20.167931
7.7125454
-0.76849115
-1.1426678
-0.33166769
-0.76032823
-1.3656425
1.5309595
17.019512
11.671441
13.385848
14.984895
-0.23991378
20.322647
10.558752
-0.6955213
3.5620866
10.466172
-0.76938832
-1.1724602
-0.0094486121
9.5209093
-0.44571024
3.7229943
-0.59597009
-1.5085242
0.30789027
7.1378241
-0.39183408
4.0754189
12.345611
-0.097909577
-0.51614422
7.4752207
-1.6458458
-0.85402125
-0.71943581
-1.8667332
-0.20679736
-0.27240711
-0.057257183
-1.5565666
10.785232
-0.54284757
16.98522
5.8884974
14.715608
-1.4464144
16.038021
-1.008572
-0.23612438
-0.20918898
15.32869
11.281145
-0.63462585
11.043375
-0.64652449
6.3387089
26.426048
-1.827274
4.7138233
-0.081851892
3.9032452
-0.3464219
-1.2901649
-0.42518574
-0.20578098
-1.2421621
8.6178522
0.97176194
-0.50287837
-0.84245628
1.2167624
13.786398
-1.6175826
24.726431
-1.133392
-0.12039409
7.2279291
12.782776
3.2740784
-1.7907599
-2.0777938
9.6306629
4.5623875
-0.066064604
19.117174
-2.098525
22.471376
-0.37536237
3.1321843
-0.46055362
-0.2489754
1.0341502
3.6893783
0.042405322
-1.2906882
0.65864635
-0.44120523
17.961109
8.1659288
6.3871274
7.771842
-0.14419331
7.962225
-0.18745337
-0.46320534
-0.55475223
-1.32418
-0.50515169
-1.5137906
-0.29561672
8.7043152
2.7136133
4.8492241
-0.99692267
15.354296
-0.37498364
-0.31336439
-0.44991913
3.0327733
7.8204279
-0.0075597852
-0.54991353
-0.82694501
-0.12227529
-0.65296668
-0.92503685
10.289414
6.1222887
-0.37379286
-0.45965376
-0.19161271
-0.53941768
-0.85390943
-0.12075026
11.10966
5.1484256
9.1751585
9.9792929
0.076352946
12.465311
8.5284166
-0.30979621
0.63065779
4.8729796
-0.65994835
-0.74527466
0.76745033
6.122539
-0.04424303
2.9983144
-0.43850476
-0.81784672
2.2481728
2.2416573
-0.2406987
1.2066135
8.6088657
1.3810377
-0.15641975
3.2199402
-1.1071473
-0.47525749
-0.27437571
-1.1655838
0.20370235
-0.086415082
1.4449058
-1.0427107
4.4714751
0.024149746
8.7385902
2.917779
8.6751766
-0.66343397
9.3195581
-0.64089388
-0.12195658
-0.072571479
10.125394
4.9228778
-0.45886961
5.6022668
-0.55033475
4.7384291
15.219722
-1.1855146
0.34343511
1.0361444
1.5715266
-0.036422636
-0.5685674
-0.38535795
-0.041384362
-0.90952873
4.4824038
2.2150147
-0.34362203
-0.40551361
0.4261305
9.974349
-1.0499429
15.994792
-0.87132305
-0.25068733
4.4389133
8.2149086
3.0771573
-1.0805781
-1.2056822
4.0404778
1.6347569
-0.23648052
12.379999
-1.4099206
12.992324
-0.15064202
4.0853596
-1.7683922
13.369406
-0.10567584
-0.80460769
5.6422243
3.5810232
-1.5993147
-0.14840941
0.010268226
11.766747
8.2080135
-1.053407
-2.2015429
-0.78143328
-0.74830502
-1.4866327
3.9805124
8.9405699
17.598001
-0.36857381
-1.08999
14.463463
3.674931
13.097499
-0.60198557
2.1190605
-0.367764
-1.7845004
-1.3812317
-2.5896041
12.476912
6.0574079
-0.17455219
-0.42068574
11.920836
7.5063062
-0.74265987
-1.6281998
10.539856
6.7279835
16.557306
2.3288014
-0.60219806
-0.10164475
-1.6572266
4.0256824
-1.581273
9.2481203
5.32939
10.436961
0.41831657
16.228321
8.3652449
-1.0938619
-1.2235614
-1.5504045
-0.23136179
7.1100173
1.2720319
15.440828
4.8422923
-0.37572557
8.0576611
14.562626
-1.4972562
1.021015
-0.94049972
7.3577924
14.540612
11.099685
-0.94800532
-0.62818497
2.7950516
10.946681
-0.23962398
11.385935
4.5330119
14.844015
-0.67994773
-1.4760672
24.014463
-1.2539937
-0.50470585
-0.34528008
15.853867
-0.38783717
0.020904299
1.6704805
3.7565718
4.8643188
-1.3854234
-0.69244629
-0.93533576
-0.9631893
5.7114272
-0.77972454
-0.49434987
-1.8408139
11.251877
-0.51179618
13.001656
15.613921
-0.82804263
4.8365622
-1.1047105
-0.53650016
12.19226
-0.21347547
6.8459167
-0.17120068
11.132378
-0.35852414
6.029994
-1.3405088
-1.3851708
0.43699893
0.46455175
7.8746262
1.4422548
5.1654625
-1.4260223
-0.86173356
-1.4219114
5.9151859
-1.0164793
-0.55129141
5.2458062
14.194631
22.041079
-1.4855975
-0.023950145
8.5147905
-0.69931865
1.0556328
18.147234
3.0071898
-0.62699819
-1.688795
-1.0193965
10.814202
26.967377
7.4007998
8.4405394
18.848478
-0.23377621
-0.63970393
-1.9115616
10.479504
13.385512
-1.9920648
-0.41594908
-1.6321477
10.199249
-0.74216479
5.4789252
22.217539
17.040163
28.99082
-1.6230544
-0.77444023
4.4560471
9.126277
-1.4905391
-0.6310451
12.964946
15.767699
-1.3988143
-0.69511199
-1.6708068
-0.28235796
9.150197
4.2958889
19.855162
-0.89008647
17.012892
-1.556114
-0.94725841
-1.2274297
-0.57680732
-2.2748656
-0.93557942
11.138099
12.821476
21.527077
5.659389
-0.87212509
-0.29916593
-1.7123877
-0.64958352
4.7784505
-0.73816425
-1.7911547
15.781935
-0.0068098637
9.9092913
-1.2766513
-1.7177896
-1.2022394
10.214358
9.9102554
-0.13787147
-1.0891134
7.2829366
-1.3566037
-0.47965509
-1.8442827
12.098967
14.577047
-2.7279518
10.719492
4.3527093
1.4412583
-1.5780852
2.079052
1.853171
-0.18264903
-0.42224237
-0.96757758
12.973115
10.156576
8.5037766
12.138779
-0.78303105
4.317266
9.7543392
21.411587
-1.336627
4.1487131
-1.4309157
-1.513907
11.538442
-0.50276029
16.047878
3.9039826
-1.6006632
4.2826376
-0.51996249
1.3082027
-1.6363366
7.4582162
-1.256577
19.5191
17.014999
-0.21258707
-0.18209708
-0.89140123
2.2302423
-0.13351053
16.049936
9.8956652
17.611347
-1.1413395
17.487419
1.9247092
-0.59672993
-1.7215878
19.091808
-1.334492
-0.036402002
8.1094608
-0.68278068
0.17645052
16.175051
2.1289134
-0.45212045
-1.4488959
-0.88689768
10.371215
23.698305
7.3931608
7.591795
16.863588
-0.21557844
-0.70174694
-1.7310671
8.22824
12.058249
-1.7035618
-0.36452034
-1.4128586
8.3355751
-0.55076021
4.9943752
19.994726
14.535795
26.101234
-1.400285
-0.70165008
4.1479321
7.1190481
-1.3328919
-0.58159935
10.650698
14.720558
-1.1757538
-0.67788166
-1.5591094
-0.24380492
7.5409756
3.2692831
17.388107
-0.7591849
15.36896
-1.2801841
-0.78815031
-1.1289285
-0.43553457
-1.9556856
-0.88652593
9.7619925
11.633695
18.414831
4.4709449
-0.73460126
-0.23119064
-1.5835786
-0.56987047
4.1485496
-0.73861051
-1.6187165
14.304868
0.28189853
8.7245407
-1.1171687
-1.5062927
-1.12284
9.8220358
7.9201469
-0.1935387
-1.0265692
5.1592197
-1.2017348
-0.48408327
-1.6003443
10.042924
13.524314
-2.4543757
9.9269066
3.8830767
1.8589708
-1.4954555
2.8074832
1.6774169
-0.19600004
-0.41265774
-0.80953801
11.863855
8.2077408
7.7264338
10.750919
-0.67242515
5.0255585
7.5993423
19.409727
-1.187416
3.6875396
-1.2604717
-1.3940141
10.417751
-0.48631412
13.576859
3.8111124
-1.4232631
4.0531583
-0.50787556
1.3585316
-1.384726
5.8167691
-0.9990887
16.901167
14.760245
-0.12229508
-0.13780698
-0.72584867
1.2825928
-0.18801737
14.828957
9.2806587
15.766553
-0.88765663
14.307271
2.9679606
-0.59693336
-1.5586101
-0.57741261
9.1903629
-0.15707569
-0.71326405
3.2167244
12.157529
-0.91510135
2.5442438
-1.3446025
-0.00839769
0.61092901
-1.1021719
-0.99705428
-0.98656303
-0.33538541
-0.48662582
6.4237299
14.966405
13.217158
10.248964
-0.38921782
0.99536741
0.84127861
3.4873996
4.3233843
-1.0353893
0.45793962
-0.75460285
-0.39404985
-1.6312948
1.3830233
3.1028759
3.1570411
5.1483407
6.5178232
8.6676874
3.9518142
-1.639727
0.90006596
6.801291
13.34595
1.9312999
1.3359455
6.0995975
-0.77214974
-0.61657709
-1.2024446
-0.33757636
-0.46177444
6.0586767
-0.99323291
1.5022798
6.968605
-0.68408322
-0.99501991
-0.24117413
4.7545242
2.7701929
-0.35097954
9.5281601
0.42384917
0.40091208
10.652935
6.4344277
-1.0429537
2.0104582
-0.62772506
-0.27626273
6.8864341
7.6300282
-0.78918761
4.5131359
5.646862
8.8327074
8.2351656
5.7233105
3.8368962
6.1320491
4.6887197
-1.2210515
13.448801
-1.3714684
-0.51942462
-0.81583261
14.142538
-0.92800754
4.2136798
1.7714454
2.6828737
-0.50668794
-1.1996342
0.73948091
-0.92050469
-0.18962324
-0.019138679
-1.5832741
6.6350284
-1.0478559
5.2937694
-0.47702882
7.5028095
13.540781
-0.18153964
3.7620237
1.2541279
-0.67151439
4.7379045
1.5330888
7.7649364
-0.1686755
-0.16744065
5.8640971
-0.91997141
-0.016954998
-0.51433671
-0.33999553
-0.48812515
2.1012392
9.2489433
12.248461
-1.0473663
-0.57062161
-0.5874598
-0.69873208
6.0989938
-1.3296432
4.1889086
5.4389782
-1.4915656
14.559904
-0.18420666
-0.96071166
5.0229788
10.712563
-1.6043158
0.64621186
-0.96130574
7.0553999
4.8905725
-1.3991743
-2.0579321
-1.1456938
-0.64864552
-1.1905192
7.2073121
15.466085
19.954781
4.7622128
-0.88598567
9.5017548
2.5086958
10.3232
-0.060998566
-0.59925807
-0.14551362
-1.5586863
-1.1346128
-2.6906061
8.2314568
5.7791066
1.6961979
0.41071874
11.974228
10.853125
-0.21241508
-2.1359758
7.2279396
8.4755745
18.727144
3.0721464
-0.30116269
3.6807706
-1.5629455
-0.23247282
-1.8133782
3.8811288
-0.020822408
10.131407
-0.66674811
11.056135
9.6457205
-1.143257
-1.4489734
-1.1494431
1.8362682
6.6356721
-0.18756416
15.241612
3.0577114
-0.16100918
12.129972
12.858416
-1.6088017
2.5398765
-1.0187587
2.2115653
13.702492
11.4914
-1.0704763
-0.059439
5.161365
12.226569
3.6817465
10.944575
4.8258567
13.664742
-0.090257898
-1.7012829
23.49238
-1.7298149
-0.68341643
-0.78635246
18.881741
-0.85669738
3.5219531
2.0137405
3.811806
-0.075366326
-1.6591933
-0.42776939
-1.2285379
-0.66306341
3.1557698
-1.5682633
1.3949188
-1.8067936
10.423559
-0.6381278
13.168368
18.657915
-0.58804321
5.0737033
-0.58768529
-0.78093338
10.633203
0.23986378
9.1894655
-0.19579515
5.5532184
1.8859656
-0.27085435
-0.81696075
-1.2188129
-0.16898482
-0.36987531
6.5652065
7.3809204
11.773775
-1.5728095
-0.88429976
-1.2431992
-0.081926338
-0.22655845
-1.222024
5.5168042
11.643064
-0.081745461
1.1056654
-0.054426361
-0.067263126
0.24406371
1.6488227
-0.12102425
0.17260426
-0.14805458
-0.0040586116
0.68495113
-0.086385228
-0.099048659
-0.079293646
-0.077335142
-0.066513263
0.86835873
1.5461417
1.5065986
1.4532981
-0.060373772
0.23520905
0.5227257
0.6898008
0.32245463
-0.097520463
-0.001622447
-0.087368459
-0.076992802
-0.20474043
0.6175096
0.16109633
0.57066691
0.98680305
0.2999852
1.0531362
0.75002658
-0.18282485
0.32266706
0.71613514
1.9618169
-0.0024726123
0.23410034
0.72252303
-0.094849952
-0.079911791
-0.13320686
-0.08516214
-0.041071367
0.73758394
-0.14485435
-0.0018081099
0.61948895
-0.1292181
-0.11199534
-0.0011216312
0.63299257
0.33155295
-0.012819513
1.4212246
0.12852114
-0.038771369
1.002335
0.76018667
-0.15909454
0.35232228
-0.098879598
-0.066214345
0.9705444
1.0673141
-0.084532075
-0.00078521372
0.75419533
1.3812124
1.0286472
0.63899577
0.52652103
0.57459807
0.67891943
-0.18665098
1.9150087
-0.19065635
-0.079908051
-0.079210162
1.8333569
-0.08348503
0.36601186
0.076415151
0.25421998
-0.06836839
-0.19263792
0.18607455
-0.12240757
-0.063773297
0.18071795
-0.16863854
0.6449604
-0.12813058
0.69614702
-0.1034973
1.1783935
2.0189285
-0.0080448883
0.65270352
0.08560577
-0.1042439
0.31114057
0.39027354
1.3924755
-0.037929866
-0.0073943618
0.47888285
-0.09848769
0.18971434
-0.065347381
-0.039401393
-0.0014719665
0.74254441
1.0975618
1.5964818
-0.099058934
-0.051654406
-0.066437535
-0.082275942
0.85685694
-0.15333766
0.36630493
0.97813547
-2.0657754
16.17835
-0.1063087
-0.97223091
6.5323434
4.7909374
-1.8927701
-0.17549719
-0.04145325
13.67253
9.5191298
-1.2517428
-2.574091
-0.9276619
-0.88334447
-1.7522316
5.1697292
10.866388
21.110662
-0.37405464
-1.257955
16.628311
4.5911674
15.184318
-0.66277492
2.0338995
-0.4266592
-2.1201646
-1.597083
-3.0601449
14.482553
7.2526722
-0.18954661
-0.46465912
14.163295
8.7538052
-0.82610333
-1.9532341
12.162996
8.3104076
19.756256
2.3884618
-0.69674218
-0.081908315
-1.9499369
4.4292893
-1.8701171
10.38998
5.820262
12.736065
-0.019534752
18.650835
10.274186
-1.2995619
-1.4409403
-1.7961788
-0.23159428
8.1793938
1.2784216
18.279095
5.5790977
-0.45504594
10.128151
17.281294
-1.7942791
1.0521036
-1.1403805
8.6653233
17.388594
12.913647
-1.1370656
-0.69905549
3.4163227
13.102461
-0.25654534
13.329589
5.7398772
17.230276
-0.76390207
-1.7619299
28.346422
-1.5243134
-0.63413519
-0.41604438
18.795065
-0.50610721
-0.0040849145
1.8870095
4.3977365
5.6652312
-1.6721104
-0.75279421
-1.1067289
-1.1399611
6.6580596
-0.98214477
-0.5325374
-2.1871068
13.261815
-0.6456601
15.379972
18.874468
-1.0126542
6.1014051
-1.261288
-0.65562272
14.688019
-0.22425561
8.4225502
-0.20548145
12.737878
-0.41110277
6.4140506
-1.5532995
-1.6038916
0.62317502
0.45444939
9.1585474
2.3488882
6.6626568
-1.6834885
-0.9913395
-1.6724602
6.2580843
-1.1284871
-0.70096517
6.1309872
16.731325
11.407677
-1.2606776
0.40199468
9.1077433
-0.51865518
-0.96108103
13.177812
-0.1328723
9.2449532
-0.5331319
-0.28782246
13.207225
16.836283
11.044619
4.9987378
10.111172
-0.61180609
-1.4903011
-1.7291895
-0.50445539
7.1769037
-0.67076194
-0.17225856
-0.74770886
-0.088113986
6.7095962
1.4011993
13.69394
7.8811951
22.534508
-0.55867004
-0.54809976
-0.072283886
-0.10609354
-1.0907034
-0.87999886
0.91157871
18.811333
-0.46390581
-0.83540404
-1.6014551
-0.24121761
1.8328788
-0.38416418
12.544827
2.0678122
15.369521
-0.23936167
1.1946554
-0.941912
6.3211479
-0.84436816
-0.94822162
8.4728174
12.212868
8.9712515
-0.22807847
-0.47375607
2.4489539
-1.312206
-0.22808789
0.80512881
-1.2047586
-1.1304107
13.350383
-0.11247575
8.1738205
-0.26016745
-1.1126955
-0.9813394
10.193845
-0.16202712
-0.51140153
-1.0508773
-0.45909053
-0.89910221
-0.51279914
-1.0807099
0.019348502
14.265624
-1.940587
14.479828
5.6392002
7.34723
-1.6561623
9.0982399
-0.27200851
-0.22316436
-0.37256601
0.76932675
13.521039
2.0613112
9.9370613
5.0688376
-0.20778871
15.049196
-0.29209098
15.660613
-0.85494488
4.873405
-1.0284859
-1.5707793
5.9510593
-0.48874736
3.739888
6.5493722
-0.97679806
0.3938652
-0.76568174
1.6202469
-0.34547815
-0.27220687
4.1215887
6.6297197
9.28267
2.0724061
4.101615
-0.35989082
-0.73040539
-1.0556874
14.150553
7.9552822
10.597807
2.7274258
0.2477811
11.988726
-0.56630319
-0.97265434
12.734789
-1.5457897
1.1202047
11.916984
-0.66529244
-1.4807955
16.169651
-0.30225229
16.011765
-0.42903501
-0.20577657
18.238831
20.235943
15.746341
5.6743155
11.073881
-0.83598512
-2.1760888
-2.1996281
-0.99482453
8.4131908
-0.61227483
-0.1047222
-0.80695546
-0.33874539
12.110939
0.81535774
15.605126
8.6579494
28.311655
-0.49164519
-0.6499185
-0.21588384
-0.36299896
-1.3336915
-1.27745
-0.11639636
25.48517
-0.41399822
-1.0813165
-2.0796185
-0.38931245
0.69339848
-0.67056227
14.891041
5.2971277
20.112846
-0.058304764
3.7203853
-1.0929412
10.52479
-0.8290084
-1.1916021
10.452329
16.311674
9.1707258
-0.44846812
-0.56939787
4.4239926
-1.6281105
-0.21304844
-0.033929497
-1.6212896
-1.3045419
16.64139
-0.21766816
9.8599682
-0.058539011
-1.2753729
-1.2869058
13.251446
-0.46266919
-0.76427764
-1.3572633
-0.89667588
-1.0992941
-0.61186099
-1.2951293
-0.26340351
18.60673
-2.3753371
19.623758
7.1608739
11.390276
-2.2228642
13.1984
-0.5149411
-0.32676315
-0.49094841
3.892163
17.539736
1.8324466
13.71456
4.6627078
-0.12864026
21.995253
-0.64813274
19.036448
-1.0138584
5.8783813
-1.2585781
-2.0304754
5.626308
-0.56565338
2.3872676
9.0915995
-1.0693954
-0.0047987634
-1.0240121
2.1636281
-0.17596401
-0.63196033
8.8607502
5.7918081
10.912483
4.1633897
7.0620804
-0.36228275
-1.1208744
-1.5665525
18.431541
10.637963
12.321042
6.1800838
-0.31096205
17.903408
-0.75877833
-1.0885962
12.034656
-0.71682853
-0.048311319
4.0638103
-0.39855033
2.6895249
9.2491312
1.9516143
-0.57265335
-0.99828881
-0.57840222
4.9997535
14.461953
3.1675544
4.3771901
10.457597
-0.010268822
-0.17525814
-0.91535968
7.8929157
7.495338
-1.1585447
-0.20572205
-0.90391552
6.6607685
-0.58488661
3.4043517
12.015616
9.2998352
14.624957
-0.92380142
-0.41633129
3.4266994
6.1544662
-0.7936216
-0.24350904
8.3451309
6.8139019
-0.7975961
-0.30797052
-0.77967614
-0.15612911
5.5503149
3.5416441
10.447121
-0.63956231
8.232542
-0.98005003
-0.63792723
-0.62566549
-0.52033103
-1.3330849
-0.45053968
5.2682137
6.0977001
12.356342
4.1491408
-0.46514112
-0.22249416
-0.87425041
-0.38240564
2.68663
-0.27209646
-0.96680748
7.5319967
0.41406107
4.6059875
-0.81163657
-0.88524717
-0.61322504
5.0094166
6.3196678
-0.006630817
-0.50627232
5.3245945
-0.71726918
-0.22522418
-0.99778408
7.9359031
6.6358461
-1.4028764
3.9642885
1.4953986
-0.027099708
-0.73141414
-0.0095128193
1.768961
-0.10178766
-0.22719638
-0.64728677
5.5415583
6.1599703
3.5434897
6.7626996
-0.45796737
0.14719772
6.6831908
11.075192
-0.70749074
1.3264091
-0.7117843
-0.66061789
6.5253315
-0.22679217
9.6903353
1.1737442
-0.86671191
3.1171496
-0.16788523
0.50564307
-0.98980922
5.0906553
-0.88572806
11.625382
9.2696934
-0.15196112
-0.16950202
-0.46092945
2.899425
1.2922268
8.1082973
5.3226981
9.6074934
-0.77972692
11.312781
-0.080546789
-0.31941891
-0.93727571
-0.14314038
-0.12678297
0.081880778
1.7360438
-0.028931409
-0.47150522
0.5273596
-0.17009285
6.6714659
2.714906
2.5563097
3.4436097
0.05072055
3.4061368
-0.073604777
-0.13421457
-0.20661496
-0.53206784
-0.23450676
-0.53770423
-0.091775395
3.0017586
1.1360914
1.7136555
-0.37124041
5.8100243
-0.12802282
-0.06171909
-0.16356252
1.6552267
2.9024537
-0.034706146
-0.17651294
-0.27741095
-0.10660582
-0.24835877
-0.3120257
4.2650166
2.2276716
-0.17014675
-0.18997031
-0.084214024
-0.18382828
-0.31502253
-0.011766689
3.893996
2.2960277
2.9642441
3.6627848
-0.032756001
4.4471602
2.6900411
-0.15871821
0.12401575
2.0790668
-0.19479482
-0.26874056
0.20903431
2.4256365
-0.041966226
1.0426941
-0.17675753
-0.34993732
0.39644143
0.9794572
-0.071518935
0.50845397
2.6703882
0.26131877
-0.075697236
1.574031
-0.43614799
-0.18228646
-0.11115246
-0.42881867
-0.01950388
-0.051615119
0.16594894
-0.36218709
1.7550423
-0.0369987
3.3189676
1.0842372
3.3804801
-0.27702302
3.8093946
-0.23485115
-0.060539421
-0.044187948
3.5035336
1.8181878
-0.16288166
2.1387618
-0.20167041
1.7347099
5.9921613
-0.44360518
0.60816145
0.1623742
0.41356277
-0.021583255
-0.22335611
-0.099684298
-0.024190281
-0.31899443
1.6220101
0.27173147
-0.10276818
-0.13904378
0.10439943
3.5343764
-0.39376339
5.8980918
-0.27409634
-0.070686541
1.6602713
3.3496983
1.3846811
-0.40743336
-0.44836426
2.0268903
0.92266953
-0.047912899
4.566968
-0.49709463
5.0406308
-0.084398322
1.3094425
8.867239
-1.632993
1.90995
12.952136
-0.49108496
-2.2485082
15.350024
-0.4937087
26.118536
1.3728305
1.9749047
20.696821
17.213728
18.475395
4.1132627
6.8609762
-1.2241768
-2.7479215
-2.3626041
-1.9254469
5.0856676
0.17662054
-0.00017397366
-0.43090492
-0.9623003
20.700853
-0.20315754
12.019331
5.2844963
27.620264
0.32511643
-0.58060193
-0.63821405
-0.85702229
-1.2649636
-1.5653671
-0.73905647
29.779964
-0.01786134
-1.2193999
-2.1854298
-0.40542123
-0.25669375
-1.1892083
13.009783
12.588207
21.50057
5.7304325
10.200424
-1.0201286
18.546305
-0.15398167
-1.2802572
10.735123
17.760395
3.9366279
-0.92479676
-0.47939762
7.9122014
-1.4718783
0.16043538
-0.25663739
-2.0145149
-1.0203955
17.143457
-0.38663283
10.685035
5.4106731
-1.150404
-1.1901141
13.569035
-1.0892729
-0.95580143
-1.4117147
-1.493153
-0.97083426
-0.61993909
-1.066461
-0.93641376
19.990694
-2.1560063
24.369495
9.3504391
15.524263
-2.3867867
17.746336
-0.88320208
-0.31171319
-0.43885323
9.9855938
20.036032
-0.16593754
16.270266
0.98993337
1.7073094
29.789904
-1.3384303
17.403799
-0.85871917
7.5861502
-1.2189496
-2.2919767
2.8336985
-0.58144611
-0.38150328
11.530543
-0.85396808
-0.33632946
-1.2542732
2.2354496
4.8865943
-1.1876932
18.595066
-0.07591176
8.2033148
5.7512364
11.361484
-0.2265027
-1.7827784
-2.2720041
18.608587
9.5980806
9.3661594
13.711055
-1.2228771
24.393864
-0.68678778
-0.70459229
0.97194672
-0.10888626
0.059394926
0.87105238
-0.011668961
-0.12503639
1.1244131
-0.03183591
2.0778699
-0.011902767
0.96945858
1.9885081
2.0699968
1.6912107
-0.02992918
0.15159819
-0.080477573
-0.18936603
-0.18258879
-0.072092019
0.16563836
-0.031082461
0.81307727
-0.032219965
-0.057640683
1.5788769
-0.052437562
0.55328685
0.64399815
2.070442
0.44253302
-0.054834336
-0.064158283
0.42868203
-0.15966971
-0.15657464
0.39222896
2.3750954
-0.024889955
-0.051975992
-0.081595875
-0.10937426
0.24278128
-0.070081413
1.2974089
1.0628364
1.9804429
-0.090723112
0.73657793
-0.0182709
0.71199226
-0.090024471
-0.07114473
0.43522725
1.660333
1.2313051
-0.028823296
-0.088929676
0.8891719
-0.032170694
0.10309681
-0.09941379
-0.12666111
-0.044821549
0.69965965
-0.074557662
0.53900725
0.3438175
-0.074065574
-0.054163612
0.63409877
-0.10764744
-0.022288326
-0.027062526
-0.044840969
-0.099192396
0.33164948
-0.16055022
-0.026909912
0.76618481
-0.11823448
1.5320449
0.44049299
1.4210303
-0.12971625
1.0989721
-0.13452485
-0.025880391
-0.018684121
0.78389877
0.79206061
0.96070164
1.3759981
-0.071527697
0.36823681
2.0510638
-0.060781498
1.0129023
-0.061683994
-0.015190846
-0.079622798
-0.098808043
-0.021526944
0.39808467
0.0544599
0.44894034
-0.068892926
-0.02402745
-0.0040125861
-0.020611823
0.17223907
-0.10260544
0.98478317
0.35504028
1.0869687
0.21160075
1.8243351
-0.013858924
-0.099599123
-0.13590001
1.5986984
0.8557651
0.6569798
0.14220107
0.021059811
1.3153656
-0.026125336
0.27934211
7.7158842
-0.094331153
-0.14967656
-0.071988583
-0.19814405
10.557625
2.9482217
3.5789776
-1.4833726
-0.97350091
-0.58866656
-0.283483
6.9212246
-0.37624621
2.4888985
7.3055267
4.1732025
8.2495937
-0.0036246248
14.17874
4.9393315
-1.0479063
-0.20508347
-0.6539892
9.3600512
-1.2773389
3.9551973
7.0217948
6.2809396
3.3720634
-0.84653157
-0.19438274
5.6788054
8.7339935
-0.29524931
3.7776523
10.172896
-0.44849858
-0.70525235
1.2555097
0.72790241
0.36793756
6.0503058
7.4814596
4.8174253
-1.0594
-0.029225573
-1.0931867
-0.93835109
-0.25319159
-1.1357088
-1.1531081
0.056638777
0.8269093
-0.096412383
9.8259153
6.9902673
-0.22925317
-0.47673494
-0.27700216
-0.35670766
3.5152507
4.3247762
-0.54320562
0.79866296
2.1438398
0.47108519
-0.98563927
-0.41578633
-0.1150687
-0.0089282366
9.438261
3.3749449
0.38234648
10.296612
-0.29988357
-0.024920991
-0.50589675
10.67299
-0.11801974
-0.50572479
-0.51678085
-0.18598439
-0.59778589
1.9797879
-0.61775762
5.1341424
0.19739124
-0.055375364
-0.9845053
-0.21332431
5.7271314
-0.28756064
5.9805226
-0.48101687
-1.0417701
10.762968
4.0540099
-0.34230784
-0.1407475
-0.20032778
2.1160567
5.563168
-0.032453235
10.147235
-0.30664444
-0.53085941
4.1422925
2.9316409
-0.036831569
-1.0732174
9.0827112
-1.4639419
11.043224
5.2920027
-0.36233279
-0.57080251
-0.31058398
8.8639402
9.3056612
0.77941591
1.3196017
5.5527825
-1.1719341
14.555639
-0.93882275
-0.053854663
-0.61828953
-1.3256495
13.179468
-0.19867532
-0.91922885
5.0808754
10.865343
-1.4772865
1.347706
-1.0739613
5.6294107
3.9275625
-1.3966684
-1.8958679
-1.1725167
-0.5793941
-1.0519592
6.6320395
15.884419
18.58662
5.7341614
-0.82869416
8.0519161
1.6331973
9.1474552
0.24041781
-0.70884144
-0.10841908
-1.3909549
-1.0090069
-2.5174177
6.8311849
5.24435
1.8460439
1.3322754
11.055296
10.93884
-0.1198959
-2.0675149
6.0219135
7.9836154
17.781641
3.4894359
-0.20848666
4.0681291
-1.4189872
-0.30730104
-1.730319
2.7774827
-0.090986662
8.9182281
-0.69316417
9.5896473
8.9253597
-1.0399147
-1.4013342
-0.99489641
2.2144711
6.1072564
-0.22661065
14.278569
2.6326704
-0.07907223
11.601974
11.572704
-1.4797534
2.6415904
-0.90437359
1.0263866
12.036714
11.247906
-1.0303427
0.5262633
5.4460096
11.57354
4.9413495
10.166647
4.2781458
12.606972
0.13309154
-1.6130745
21.729973
-1.6452103
-0.60862488
-0.83438796
18.416891
-0.86998791
4.0155845
2.2636547
3.8149524
-0.19474827
-1.5451639
-0.39090535
-1.1952502
-0.54272372
2.3773875
-1.58166
2.408777
-1.6629066
9.4914312
-0.54694808
12.041532
17.39941
-0.4579052
4.3609786
-0.46527171
-0.75335228
9.1232138
0.10011797
8.6458292
-0.18932448
4.2168365
3.1156247
-0.38586131
-0.67275453
-1.1175884
-0.25074437
-0.42900714
5.5618825
7.429307
11.711907
-1.516713
-0.88955718
-1.1302294
-0.17403021
-0.090514123
-1.2580588
5.6393542
10.418387
-0.74654651
8.5175667
-0.14195932
-0.58055526
2.6036286
8.3464117
-0.90197879
0.9948141
-0.83390945
2.4171009
2.0205045
-0.86939937
-1.0874454
-0.73793364
-0.3526983
-0.57979679
5.0770082
10.637342
11.849064
5.491086
-0.43934676
3.7554705
1.2856084
4.9955187
1.301703
-0.58017343
-0.019303568
-0.8029241
-0.56423056
-1.5390072
3.4834549
3.0439892
2.073138
1.9588962
6.4435654
7.0813894
0.69666964
-1.3465253
3.0429692
5.2974195
11.389174
1.7681665
-0.0645146
3.554538
-0.84010661
-0.33002117
-1.0774007
0.14759198
-0.18007791
5.6312804
-0.61270326
4.3841133
5.7376337
-0.67535442
-0.87374127
-0.49428031
2.3982155
3.4902427
-0.18882287
8.6635046
1.185439
-0.047909658
7.9830756
6.6859226
-0.95337594
1.879649
-0.60470694
-0.051549412
7.4448676
6.6609917
-0.63854963
1.2216351
3.7280827
7.4528193
4.0849643
5.9276118
2.9091988
7.1091795
1.4476959
-1.0457731
13.130321
-1.1286588
-0.44658557
-0.5688073
11.628874
-0.61899084
2.9358428
1.1893175
2.1469896
-0.22177647
-1.0391248
-0.13928235
-0.78156716
-0.30066648
1.0665005
-1.1187558
2.7717364
-1.0037282
5.5854144
-0.42117253
7.5256505
11.613213
-0.2520932
3.0824552
-0.16361815
-0.52648664
5.3423595
0.94866204
6.1508904
-0.12885499
1.37146
2.6892834
-0.42688808
-0.27917358
-0.62431514
-0.16534291
-0.30484447
3.4321902
6.02349
8.7373724
-0.91331798
-0.49450475
-0.63747913
-0.267878
1.3799213
-0.89859927
3.1620257
5.927
-0.83601314
4.8283243
0.037536591
-0.24148321
2.7659428
-0.22738472
-0.63537663
-0.1786626
5.5740356
7.2042398
5.7319899
-0.19151066
-0.8987233
-0.081883751
-0.39979753
-0.78854603
-0.011529434
-0.00040824953
5.6906853
-0.57034522
-0.56007403
8.3165846
2.7809281
6.7468014
-0.53263205
5.460515
-0.30096117
-0.87056112
-0.66718525
-0.97348231
7.669106
2.5233355
-0.27593017
-0.35227248
4.2729816
0.73782146
-0.52540725
-0.3520157
5.8730764
2.0608292
5.9776082
-0.013317391
-0.3773118
-0.29015163
-0.69001001
5.2922878
-0.46968278
5.7269983
5.2053914
4.8455358
3.6334414
8.7891636
2.8691282
-0.43162403
-0.3326098
-0.77713227
-0.29532513
2.6857162
2.5074184
6.840054
2.9827724
-0.3333472
1.1908301
7.0363712
-0.57901788
-0.083349787
-0.35339949
5.8766074
6.4001555
4.4170642
-0.33927223
-0.58851939
0.14201784
4.2176166
-0.3929452
4.5754633
2.2949772
5.9597673
-0.57227826
-0.5148232
10.168298
-0.25283533
-0.12358021
1.3320837
4.9433231
0.86349905
-0.2513746
0.4295463
1.5494121
5.2063313
-0.44943115
-0.3376894
-0.19080649
-0.6139214
3.9057531
1.1668133
-0.52371734
-0.77772897
4.963109
-0.19080465
5.1632094
5.0734057
-0.50741583
2.485533
-0.70376706
-0.10463911
5.8170519
-0.21567801
2.0789566
-0.081340805
7.4346695
-0.46576834
7.0024176
-0.80176681
-0.60596174
1.2594525
3.2470152
3.8572795
-0.24780945
-0.1400504
-0.46987364
-0.31412992
-0.67093569
5.451642
-0.7796213
1.19201
2.1126759
7.7049098
8.5673904
-0.30117375
-0.11988119
0.6211589
-0.19742821
7.5015874
4.6231947
3.210227
-1.1489456
-0.92972845
-0.54941535
-0.076604903
8.5744352
-0.19546564
2.8730083
7.7091522
2.2594092
5.2985625
-0.2829302
11.489799
5.0182576
-1.0114931
-0.22528183
-0.68227577
7.9655218
-1.0168526
3.4320331
8.058136
6.8015304
6.2852497
-0.82115585
-0.24840935
4.4127917
7.6670003
-0.42273244
1.9830819
8.9974766
-0.10365441
-0.70060056
-0.011537511
-0.16196983
0.1314363
5.7173228
5.8187499
6.2396641
-0.86055976
2.0755315
-0.99590415
-0.77985924
-0.36734185
-0.86187953
-1.1212008
-0.1353583
2.2459757
0.95920277
10.013531
5.6456261
-0.28434962
-0.37471867
-0.40770054
-0.33356726
3.2738581
1.8773582
-0.62865895
2.8426456
1.480826
2.0029817
-0.88309956
-0.56129229
-0.20548724
1.1640306
8.0839891
2.4390495
-0.11008567
8.6986589
-0.39345643
-0.089893438
-0.6090228
9.2440634
1.0689578
-0.72121131
-0.19854127
-0.039192647
-0.42205986
-0.041329909
-0.41072008
3.9213181
0.11234128
-0.077155225
-0.84888327
0.42839837
5.3030081
-0.091038518
5.938314
-0.45243701
-0.67914712
9.030345
5.7882895
-0.42598185
-0.0080879955
-0.34783119
-0.074175954
5.7710824
-0.10680649
9.3623333
-0.16122735
-0.62509918
3.1736715
1.2978317
-0.014984873
-0.98457938
7.730401
-1.2049352
10.502178
6.0122948
-0.32692614
-0.42903358
-0.36113322
6.3509583
6.2476454
2.5272834
1.8577944
6.2706704
-0.98582906
12.7099
-0.65362579
-0.08440946
-0.65899497
21.178831
-1.0250157
-0.145027
4.4407587
-0.60777515
10.707889
14.164355
5.4952993
-1.8481196
-1.9901221
-1.2475685
3.4974375
23.156485
0.53244483
7.9340048
18.84099
2.4193833
4.3045411
-1.1878262
20.041117
13.076758
-2.2524333
-0.5027405
-1.6582966
15.484711
-1.7237186
7.2937102
20.638968
16.77964
21.206226
-1.8595123
-0.65901065
8.0995722
13.864866
-1.1748539
-0.0070875748
17.616596
5.2674232
-1.5621723
-0.31350863
-0.98931646
-0.10281713
11.479221
9.9019432
16.960676
-1.5760467
10.103765
-1.9832947
-1.5003247
-1.0246583
-1.4297253
-2.5020642
-0.57114542
8.0411091
6.8666391
22.612459
10.171698
-0.7564041
-0.67021877
-1.3473471
-0.75202715
6.8062491
-0.032733925
-1.6391739
10.858811
2.0397837
6.8598213
-1.7345425
-1.4896537
-0.85449421
6.1643424
15.685143
2.381218
-0.66287631
14.565635
-1.1214565
-0.34042093
-1.6083931
17.736944
8.1788988
-2.1977983
1.843323
1.1336578
-0.51411152
-0.78543097
-0.48199859
6.3454738
-0.075731479
-0.30408865
-1.5612054
6.3694777
11.575973
2.4462075
13.709912
-0.96751827
-0.75371337
16.57099
17.231079
-1.1636809
1.6964234
-1.098843
-0.76976663
12.655959
-0.37501287
19.768238
-0.036510404
-1.504712
6.440938
-0.078108251
0.56774342
-2.0603716
13.727286
-2.2005007
22.628574
15.572591
-0.49735069
-0.71558917
-0.8864935
9.8878059
8.0328093
10.432658
7.1237135
16.249552
-1.831233
24.760801
-0.79506439
-0.40535387
-1.6935589
15.767528
-0.217062
-0.28088301
-0.20541306
-0.30814391
21.363918
5.9152803
7.9786654
-3.1101372
-1.9902915
-1.2745034
-0.729761
13.304226
-0.91290373
5.4370184
14.739182
7.9134264
18.222218
0.17073636
28.825739
9.5794582
-2.1327512
-0.52237827
-1.346294
19.324333
-2.6932657
7.9796948
14.105148
13.037633
6.2233434
-1.7822322
-0.36868358
10.999626
17.739969
-0.52128047
8.3867035
20.344408
-0.9964329
-1.4733253
2.7504752
1.6533953
1.7172039
12.498781
15.334201
9.6973372
-2.1498575
-0.12712321
-2.1732979
-1.9154549
-0.54161412
-2.2655065
-2.2891471
0.38781565
2.3565865
-0.26168028
19.57939
14.086748
-0.45743343
-1.0189898
-0.53420627
-0.72423071
8.1041126
9.1864204
-1.0794165
1.9903735
4.2737083
1.6197386
-1.9883978
-0.90254349
-0.15841964
-0.087977879
20.210699
7.3049107
0.7513814
21.86569
-0.57075137
-0.068594679
-0.96764421
21.695953
-0.23547144
-1.0072961
-1.0267853
-0.31225786
-1.306517
4.9126945
-1.3235186
10.933789
1.081609
-0.057336628
-2.0456514
-0.37430486
11.155039
-0.6172111
12.851263
-1.0131948
-2.1989458
22.446875
7.8864484
-0.68895555
-0.17037846
-0.43408298
3.8664017
11.609218
-0.12011684
20.701271
-0.60324699
-1.0822375
7.6029878
5.3905883
-0.068283804
-2.2035806
19.553062
-3.0147324
22.104437
10.432087
-0.82410449
-1.2692876
-0.72360533
17.949091
18.820753
0.45779252
1.4813451
10.915638
-2.3955765
29.534542
-1.9855626
-0.016991116
-1.2694225
-0.7015478
1.040918
-0.023316234
0.55601275
1.2875811
-0.67428821
-0.3319332
-0.26408646
9.6733379
7.265933
5.20403
1.5943296
-0.6585235
2.3060303
-0.24794927
-0.5575065
-0.26771516
-0.53489637
0.91624337
-0.97723877
-0.44291115
8.7022362
1.4729153
6.0781116
-0.73884994
9.0804834
-0.26353619
-0.51583982
-0.63420409
-0.44370389
7.1897755
1.1115162
-0.32022172
-0.60968131
2.0909035
-0.10615108
-0.7626099
1.9205595
6.2431784
-0.1295885
0.83172524
0.5679872
-0.45599434
-0.52767771
-0.47387719
6.8966594
-0.11841806
8.1959743
7.1155968
1.3253652
7.7835155
9.2373867
-0.062574066
-0.21219967
-0.061819363
-0.78606641
-0.51830488
2.7317066
3.7060494
2.894649
2.8389707
-0.2587015
-0.36445954
4.0829511
-0.16817558
-0.032432657
-0.100805
5.8253565
3.6440799
1.9644752
0.058823809
-0.78605902
-0.22076173
0.52170348
-0.72150177
3.0534892
-0.05542279
5.0612345
-0.76328129
-0.059296139
5.435832
2.2583654
1.0233594
3.6178496
-0.0037910447
4.9301219
-0.27078173
-0.013966046
0.43714935
6.2043152
0.05793792
-0.56512374
0.49835533
-0.46347147
3.7818117
7.1204214
-0.82754582
-0.36253756
3.1605372
0.51860297
2.8468716
-0.025076587
-0.28272644
-0.021264717
-0.80776161
1.4994245
3.2324386
-0.25663817
-0.13394217
0.011783622
8.4247456
-0.6304701
10.913623
-0.80503958
-0.53123015
2.2717884
4.0848312
3.8755412
-0.64048713
-0.59415799
-0.12257572
-0.16127017
-0.44943181
9.3736801
-1.1124499
6.4523296
0.30986786
5.0062332
8.0291243
7.598227
-0.32844388
-0.86543465
-0.0053290487
29.879745
-0.36280751
8.7895222
-3.8927624
-1.6849718
-1.0577765
-1.6472943
2.0088508
-1.6812559
1.5562917
7.8688755
13.462685
29.392658
13.156956
34.266724
5.1249514
-1.7401909
-0.31668258
-0.84909612
20.827158
-3.2676487
7.2935133
4.4670959
7.6796489
-1.0003948
-1.4040817
0.07030692
12.518331
19.573263
2.1160595
14.785235
21.071669
-2.4079401
-1.1787336
9.2659807
13.837008
2.6968272
11.71629
19.03977
0.83647037
-2.4198644
-1.2320021
-2.1614327
-2.1037192
1.8252178
-2.9130445
-1.8262395
7.5258236
-0.4368566
-1.1343488
14.179653
16.693947
-0.14313577
-1.2127525
4.1886015
-0.59852463
7.0492315
18.721567
-0.28800306
-0.83862239
5.2601905
-0.5078764
-1.8930686
-0.061347384
5.1654696
-0.82251614
21.728254
11.29839
8.8261337
25.837833
0.42631802
3.5127745
-0.25948045
22.877413
-1.3391867
3.9207873
-2.1971624
-0.8160314
-1.8548335
17.052887
-2.0473037
13.048794
2.2812676
1.7757623
-2.1646597
-1.4670393
10.836925
-1.3687683
9.0565538
-0.87445182
-3.4025998
25.536762
-0.33979422
-0.089611039
-0.65513629
3.4204504
16.431005
7.2844872
3.0904589
19.060101
-1.1421056
-0.37531054
8.4049044
12.026121
-0.20629565
-2.0462894
21.781446
-3.4699674
18.50831
4.3795161
-0.95561391
-1.5569458
-0.42996547
24.636559
27.913834
-0.93123829
-0.33698866
3.7867858
-2.7391734
31.105
-2.9509468
3.4133844
-0.58172566
7.4255967
-0.094057105
-0.16712345
-0.055964865
-0.22842915
10.502234
2.8530719
3.4324999
-1.4870296
-0.96221477
-0.60020512
-0.27980003
6.5662079
-0.36775491
2.6142809
7.4749699
4.2643685
7.9930525
0.021833971
13.947076
5.0259171
-1.0230531
-0.22277176
-0.63678485
9.1870966
-1.2654914
4.1634641
7.2316461
5.9304242
3.2760451
-0.84329861
-0.19967067
5.9609208
8.3236437
-0.2842184
4.0294557
9.8139267
-0.45402145
-0.67618483
0.98498958
0.48817357
0.63861001
5.8180647
7.4046493
4.5716567
-1.076395
-0.04783199
-1.0434785
-0.93311799
-0.28240615
-1.1206292
-1.1215171
-0.019114098
0.69170237
-0.11329734
9.4366455
6.8315129
-0.19628395
-0.47836494
-0.30716717
-0.35866219
3.6980679
4.0692782
-0.56213421
0.87445956
2.5075233
0.40006536
-1.0045995
-0.40629873
-0.13096368
0.2120219
9.2608128
3.1105881
0.12989557
9.893115
-0.28639311
-0.066218734
-0.46710458
10.518156
-0.10294616
-0.51008773
-0.52541465
-0.18960282
-0.60168952
1.76413
-0.58934128
5.471776
0.09097442
-0.070918538
-0.99187291
-0.20996235
5.1738853
-0.3077687
6.1835909
-0.48248419
-1.0239261
10.453091
4.1894326
-0.338348
-0.13539384
-0.18527882
2.0131052
5.8699818
-0.065836996
9.9224224
-0.30075237
-0.53919905
4.3407826
2.7344351
-0.025200505
-1.0556039
9.0035782
-1.4377675
10.951153
4.9849668
-0.34271783
-0.59451145
-0.2766535
8.7367592
9.26929
0.83371228
1.4017605
5.606586
-1.1220549
14.118118
-0.90730363
-0.08284504
-0.64728534
-2.0716391
8.3607368
0.45821336
-0.27636927
5.0808845
-1.2371331
-1.2953615
-0.62120289
20.606026
19.753391
13.676099
-0.079490028
-2.1341889
1.8778385
-0.80568409
-1.7988662
-0.33551881
-0.74179405
9.2878561
-2.1365578
-1.2835132
22.762344
5.3991804
16.832214
-1.6795796
19.39786
-0.73274034
-1.8807725
-1.7139267
-1.8878103
19.332193
5.2726688
-0.80730039
-1.3983842
9.522954
-0.069829404
-1.792779
-0.23104303
16.19784
1.1960453
8.3289814
0.60102385
-1.171137
-1.0940202
-1.5854932
16.414494
-0.80021232
19.715124
16.238188
8.5702477
15.557154
24.605202
3.4934895
-0.81497449
-0.52182043
-2.1756132
-1.1009668
7.3379145
7.8538442
12.314848
7.6088924
-0.74724716
-0.26790419
15.018775
-0.96860421
-0.17111874
-0.62391734
16.507181
13.787697
7.7153869
-0.43790871
-1.7765824
-0.33427447
5.6426711
-1.5781994
10.310306
2.3089621
15.153969
-1.833058
-0.68996191
20.401733
-0.024045011
-0.050310612
6.7038131
5.8168702
7.4971004
-0.68816078
0.28809536
2.505038
15.849468
-0.54337901
-1.2157629
-0.1683459
-1.3923588
10.161513
10.970994
-1.8143389
-1.5324824
10.868452
-0.16415818
10.536
6.0799627
-1.1245812
2.9139082
-2.0313575
0.9920454
13.066465
-0.6176464
0.3203361
-0.070559375
21.257149
-1.4865812
24.012688
-2.2101114
-1.5231675
5.3959875
8.9858122
9.9768505
-1.1647958
-0.99631625
-0.80354589
-0.60116875
-1.507651
20.082407
-2.5839632
10.538279
2.9149988
16.370823
8.9715137
-0.62767148
-0.067943484
3.5575373
-0.29166383
1.0745332
7.2904105
1.5102654
-0.37065595
-0.73711222
-0.42826959
4.0268912
10.788703
2.5645432
3.4700718
8.1248407
-0.088760056
-0.19581778
-0.77181929
5.0145955
5.3679929
-0.82438815
-0.20982169
-0.65666085
4.3561864
-0.37363514
2.555263
9.6219225
6.6605535
11.471306
-0.68093467
-0.34061822
2.3824279
4.1441388
-0.62794113
-0.17057054
5.5541463
5.8608909
-0.57104367
-0.30773944
-0.65290672
-0.055796899
4.0200739
2.0777826
8.0088558
-0.44169265
6.4606395
-0.66127658
-0.41554818
-0.56232494
-0.28006908
-0.94528669
-0.42138574
4.2686691
4.6846013
8.9714088
2.4874725
-0.32252511
-0.13819586
-0.69807875
-0.27429301
2.3459797
-0.32109496
-0.7711795
6.3831811
0.60725987
4.1200104
-0.62614793
-0.7276985
-0.45133168
4.2559776
4.2130184
-0.031830084
-0.43290827
3.6096606
-0.53830433
-0.24792777
-0.72203898
5.4637108
5.5901217
-1.097523
3.8769586
1.8366214
-0.0058634891
-0.59130377
0.79739887
1.5221611
-0.065174125
-0.17191423
-0.48896185
5.0057955
3.6178594
2.8095176
5.375186
-0.34392935
1.2239325
4.2835102
8.9043741
-0.54745132
1.8007691
-0.5616588
-0.597969
5.6961737
-0.25067577
6.7721581
1.3300616
-0.72509742
1.9500656
-0.19736417
0.48844397
-0.69957709
3.740571
-0.56369442
8.5139923
6.6511884
-0.13222027
-0.1216599
-0.33510756
1.1147549
-0.00070265535
6.3237391
3.7047355
7.3807092
-0.47476593
7.4997745
0.30786771
-0.24189995
-0.73288602
12.548641
-0.67499012
-0.05719338
3.6823831
-0.41397688
4.1967368
9.1626759
2.3027987
-0.75688905
-1.0863031
-0.63502789
4.3699822
14.774924
2.5218027
4.4915805
10.925364
0.68047965
-0.0476848
-0.85543793
9.6331406
7.9280314
-1.2587295
-0.20976798
-0.95785379
7.7718043
-0.7431007
3.7997139
12.293876
9.8090963
14.34713
-1.0002631
-0.41715151
4.0990338
7.1209149
-0.78963679
-0.18774123
9.4887562
5.7612023
-0.86236477
-0.26038069
-0.72414309
-0.16092777
6.1240783
4.5205164
10.589046
-0.76263171
7.7827458
-1.0978502
-0.75123078
-0.60950053
-0.67550832
-1.4418468
-0.4103013
5.073607
5.6976037
13.181086
5.047338
-0.4812699
-0.28368375
-0.86762393
-0.41731212
2.9568989
-0.17453687
-0.98755711
7.1452971
0.6165303
4.289629
-0.9021427
-0.88485843
-0.60953242
4.6924934
7.424221
0.41293916
-0.46983013
6.4981728
-0.72686666
-0.20070815
-1.0281122
9.116437
6.0785003
-1.4018685
2.8872764
0.98836756
-0.10654112
-0.66895163
-0.11058384
2.3300586
-0.099782132
-0.22680616
-0.74709159
4.8213587
6.8957276
2.9831071
7.2029586
-0.5019514
-0.14915003
7.9821706
11.010224
-0.71901804
0.8694613
-0.70105094
-0.5802266
6.7740893
-0.20209949
10.73707
0.61761332
-0.87944651
3.6590254
-0.10593559
0.42232829
-1.0996777
6.0661955
-1.0652401
12.635737
9.6516018
-0.18445455
-0.24024451
-0.48328853
4.2163343
2.7061999
7.8348899
5.3844681
9.9038
-0.92646885
12.977465
-0.2201757
-0.3165637
-0.97510046
0.14133763
-0.23924685
-0.0056922021
2.2827117
-0.073402099
-0.44132438
1.773905
-0.13040084
5.6576343
1.3339115
1.5614117
3.834744
1.7511027
3.5543692
-9.9004807e-05
0.18384352
-0.2234789
-0.53549832
-0.35983738
-0.43873635
0.012972057
1.5123397
0.50832981
0.51581174
-0.28305623
4.8598328
-0.073438816
1.1517881
-0.046052422
3.5330732
1.5167868
-0.090910055
-0.12843183
-0.20738709
-0.20022412
-0.25367829
-0.21899949
5.0381579
1.1632274
-0.22418538
-0.30509833
-0.067922734
-0.10948425
-0.26959738
1.2307644
2.9471624
3.2134018
1.9168006
2.8131068
-0.14463976
3.9329801
1.1000893
-0.23183635
0.95165181
2.6906586
-0.046172209
-0.22277389
-0.02551507
2.0280981
-0.16954023
0.5236631
-0.10948768
-0.39809841
-0.10136729
2.1706181
-0.048750415
1.3205841
1.4404844
-0.11048467
-0.14622147
2.2681243
-0.33745763
-0.18252245
-0.19231986
-0.34900886
-0.10498283
-0.10931935
-0.092518769
-0.25802717
2.7467391
-0.22974196
3.9322903
1.4797879
3.112257
-0.36632872
3.8084328
-0.18300854
-0.06320326
-0.069855094
2.4338343
2.7655959
-0.11789166
2.4780183
-0.083449125
1.001189
5.9503593
-0.35488507
2.1684959
-0.079388969
0.92510653
-0.12168125
-0.33348307
0.18457773
-0.086097881
-0.19431931
1.8560153
-0.10618029
-0.072674938
-0.1849767
0.23861036
2.197825
-0.30122969
4.7350616
-0.12148619
0.36262637
1.2929965
2.7961619
0.69648814
-0.38127553
-0.43716526
2.9264288
1.3841522
0.80774778
3.7051105
-0.36203948
4.9149685
-0.11844797
-0.013344846
-0.10936972
-0.084773637
-0.04221661
1.3045337
-0.063090213
-0.2525596
0.21738908
-0.11045193
3.4794931
1.463997
1.4275875
2.114099
-0.024297088
2.094945
-0.033527475
-0.037929319
-0.10282296
-0.32934245
-0.13709728
-0.30313179
-0.041136406
1.9111366
0.44920623
1.206027
-0.22824915
3.3213899
-0.039235424
0.16721728
-0.1430629
0.86206305
1.7036064
-0.043280572
-0.044056967
-0.18044303
-0.07557068
-0.092425086
-0.19877252
2.3479719
1.6133475
-0.14242035
-0.12728861
-0.010570556
-0.11855364
-0.17843401
-0.028874477
1.7512742
1.0914843
1.9966425
2.0724587
-0.075220458
2.4883325
1.6859717
-0.14197205
-0.02534917
0.93931448
-0.13296659
-0.16275179
0.55086082
1.3989388
-0.060356475
0.53608978
-0.080258094
-0.24764608
-0.019988742
0.60925066
0.22256026
0.19701041
0.85872269
0.15257008
-0.054323744
1.3679787
-0.27785787
-0.12811521
-0.086511128
-0.27196041
0.0017769039
-0.092452332
0.48915863
-0.20179525
1.0423093
-0.027341461
1.6337667
0.55277628
1.7865307
-0.1749056
2.6005054
-0.0775875
-0.050326753
-0.04821454
1.5987679
0.9158622
-0.16376057
0.81557983
-0.086537175
0.93531907
3.5865307
-0.28197315
0.65579259
0.082926363
0.19794497
0.12840824
-0.12998155
0.15125853
-0.061483242
-0.19667417
0.87528324
-0.028944446
-0.020404985
-0.087207757
0.13766462
2.0997984
-0.21970311
3.5184712
-0.13661091
-0.076607816
1.0643017
1.6770246
1.3793502
-0.24116579
-0.24307954
1.336748
0.65181255
-0.0052585914
3.1243155
-0.3134968
3.1628296
-0.090386599
0.33170804
6.7143469
6.2403536
-0.29990312
-0.75222629
0.45187873
25.463091
-0.32465407
7.8465109
-3.3565037
-1.4395406
-0.89835662
-1.4578723
1.3223982
-1.4902313
1.2765247
6.5853896
11.108246
25.669638
11.242153
29.255211
3.8853867
-1.4660403
-0.308965
-0.70432758
17.681841
-2.8121974
6.1334596
3.7604845
6.3791671
-0.8969059
-1.1929874
0.074980244
10.485211
16.881033
1.9048152
13.06162
17.879591
-2.0869868
-1.004468
7.8580642
12.126661
2.7861562
10.12346
16.18973
0.60871941
-2.0590155
-1.0874195
-1.8346554
-1.7788597
1.3228344
-2.4603927
-1.5271397
6.3357186
-0.36987853
-1.0078293
11.99496
14.133985
-0.10791776
-1.0378965
3.9359696
-0.4970479
6.2749009
15.836628
-0.23570244
-0.71394581
4.5875368
-0.40387079
-1.6317743
-0.07610862
5.0159903
-0.72888792
18.619638
9.9329977
7.7389059
22.531137
0.59978569
2.8356068
-0.19114105
19.51545
-1.166952
3.7214961
-1.8702776
-0.66066384
-1.620994
15.161793
-1.7540115
11.342149
2.2487059
1.7896678
-1.8779849
-1.2462238
8.8414946
-1.1934979
7.8129196
-0.75289118
-2.9216487
21.844328
-0.30771896
-0.063423768
-0.51409465
2.9567025
13.957709
6.5666013
2.3706143
16.112713
-0.97920066
-0.35014626
6.7540512
10.189039
-0.18165311
-1.7386286
18.988867
-2.9552197
15.689787
3.4175334
-0.8666963
-1.3457481
-0.37860915
20.781551
23.756008
-0.84441489
-0.35614952
2.9977417
-2.3256428
26.417816
-2.5456398
3.3757255
-0.47584614
17.35825
-2.0405853
1.1429193
13.878656
-0.62466723
-1.7123879
20.514658
-0.16307184
16.398958
-0.7167455
-0.37972099
20.011679
25.490805
16.608032
7.4881573
14.390781
-1.1429216
-2.318042
-2.7555752
-0.99953127
9.6324511
-0.92032033
-0.3135311
-1.1031595
-0.2594946
11.822964
1.0402
20.126251
12.143928
34.749557
-0.78533226
-0.81345719
-0.31753251
-0.22095333
-1.6553364
-1.4259237
0.1011689
30.042797
-0.69866717
-1.2967592
-2.478528
-0.32902923
2.6177049
-0.72575116
19.51062
5.5015397
24.12553
-0.25087604
3.5284896
-1.448429
12.282648
-1.1453781
-1.4615285
14.089437
19.129381
13.046311
-0.47234008
-0.75721747
4.4280505
-1.9342384
-0.28367445
1.204816
-1.9408234
-1.6528171
21.282455
-0.27715465
13.84798
-0.22269011
-1.7849572
-1.4036368
15.014597
-0.31607929
-0.76336163
-1.6146816
-0.72211975
-1.3610284
-0.7661683
-1.6441052
-0.14821003
22.443808
-2.9509864
24.369009
10.192836
11.840279
-2.5158796
14.543352
-0.53159493
-0.26619887
-0.49378377
2.4202259
22.318764
2.6061819
16.276772
7.2014346
-0.27769026
24.758419
-0.55181032
23.668213
-1.2958715
9.1204548
-1.649819
-2.5582469
8.5565405
-0.77356112
4.5515099
10.931616
-1.4898374
-0.14100435
-1.2776723
2.417248
-0.40794754
-0.46469036
8.4031754
8.5823441
13.960365
2.4540267
7.1232109
-0.65479463
-1.3254055
-1.8483073
21.122448
10.833203
15.400433
5.446106
-0.14152978
19.368855
-0.7328943
-1.3772917
-0.12416518
-0.26975545
0.40843412
2.7262411
-0.010310592
-0.75621909
1.5683481
-0.21765767
10.041251
3.6151366
3.2892139
5.1387949
0.9070887
4.9550257
-0.067924373
-0.15592282
-0.37254605
-0.79276115
-0.43754721
-0.8139953
-0.11954679
3.8837764
1.2008938
1.900601
-0.52896279
8.4909945
-0.19656049
-0.036069732
-0.15992154
3.5551329
3.6504209
-0.062510751
-0.30858228
-0.39723766
-0.18673816
-0.40723023
-0.4512642
7.0576158
2.6554873
-0.27103841
-0.35511085
-0.11186624
-0.23951884
-0.4800294
0.65865743
6.030509
4.0815849
4.2068672
5.4025788
-0.092552863
7.0805988
3.5610719
-0.25696388
1.0979813
3.5801549
-0.23282519
-0.40632221
-0.012251523
3.4971144
-0.10923214
1.436954
-0.22408064
-0.54951358
0.16945064
2.3584337
-0.140588
1.5798128
4.0527906
-0.05435865
-0.12839773
2.4176013
-0.59411126
-0.26408127
-0.21252318
-0.59906572
-0.07167238
-0.086750068
-0.035555225
-0.52822745
3.383101
-0.15728782
5.9418836
2.2542355
5.0486784
-0.45577058
5.6453514
-0.3634575
-0.066397108
-0.053471256
5.1177635
3.7586913
-0.21601298
3.7716553
-0.25018975
2.2712727
9.2404213
-0.63014263
1.5641799
-0.023663806
1.4060996
-0.11630534
-0.43716288
-0.12544124
-0.066152371
-0.43427688
2.8421812
-0.0066250088
-0.20116468
-0.26715848
0.23888823
4.8224502
-0.54803032
8.6372061
-0.37952214
-0.045025464
2.095819
4.8274851
1.1726949
-0.64141172
-0.7264663
3.2503164
1.230671
-0.031562358
6.5366578
-0.71127546
7.6196837
-0.097458579
1.4968225
-0.75892842
4.2884703
-0.033112127
-0.21772738
2.33377
-0.14803576
-0.58434433
-0.13998134
3.9261258
6.120389
4.7508178
-0.22168925
-0.84513754
-0.12259171
-0.33918533
-0.66610301
0.081222504
0.58187038
5.3440289
-0.45788607
-0.49692017
7.3557048
2.0175936
6.0671306
-0.45230427
4.1828384
-0.23219721
-0.73662663
-0.6208477
-0.90938473
6.550766
2.1603534
-0.19497035
-0.30701807
3.9536774
1.4444592
-0.4652369
-0.3796407
5.2723551
1.6767704
5.4438558
0.47131035
-0.32739264
-0.22858803
-0.63846374
4.0110159
-0.47573948
5.1991162
4.3096805
3.8585217
2.8991125
7.8734736
2.3487258
-0.40296537
-0.35321432
-0.7042318
-0.25023362
2.7745969
1.9515902
5.9584637
2.5470343
-0.24777663
1.0652425
5.975678
-0.51835728
-0.016937539
-0.31538242
4.4936967
5.6096358
4.1235833
-0.29468593
-0.49313012
0.20704487
3.7178419
-0.31527051
4.3003068
1.5517884
5.7753787
-0.4752368
-0.47677013
9.1738892
-0.27429518
-0.11205753
0.57538307
4.7599325
0.63714439
-0.14749262
0.44820023
1.3548496
3.9172366
-0.41943803
-0.35727099
-0.23079526
-0.49681172
3.2257402
0.46134681
-0.44239861
-0.68552279
4.4550433
-0.15486091
4.8108888
4.6632504
-0.37979695
1.757139
-0.61358559
-0.11049228
4.8049083
-0.17030756
1.8294948
-0.066435933
6.3760757
-0.35602364
5.794486
-0.68377793
-0.57443637
0.88089013
2.2125654
3.6431751
-0.19496047
-0.07468047
-0.44964001
-0.3065002
-0.58785868
4.8680973
-0.67904133
0.67527568
1.8278553
6.4547982
-2.2921467
7.5536585
1.1759518
-0.16216607
5.651504
-1.8033056
-1.2965562
-0.79543537
28.38942
23.56772
16.475929
1.9651482
-2.2437892
4.7940311
-0.89854717
-2.0538197
-0.58837843
-1.2567986
7.5071406
-2.8058298
-1.4496255
26.734884
6.5325646
19.056887
-2.1110985
25.910444
-0.9225316
-2.0833535
-1.9061507
-1.8183081
22.833212
5.523685
-1.0927825
-1.7555548
9.4778118
-0.34810087
-2.2076368
1.7047111
18.819351
-0.0034262189
6.7970109
-0.018023858
-1.4081587
-1.4652308
-1.6623122
21.589081
-0.61000055
23.845436
20.692284
9.0407724
21.109997
28.691004
2.6274002
-0.77905548
-0.3340877
-2.4916074
-1.4284286
7.5983453
10.426314
12.686918
9.0401802
-0.93562853
-0.57554024
16.573805
-0.89598149
-0.30912298
-0.5722549
20.781645
14.550668
7.4740734
-0.35650086
-2.2343469
-0.5147351
4.776341
-2.0558689
10.654721
2.3112409
16.017662
-2.3042884
-0.52547711
20.975864
3.4891396
0.83508193
10.295149
3.5222182
11.129002
-0.98605806
0.0271696
2.5123546
20.470407
-0.33867753
-1.4027866
0.68889701
-1.6508089
12.306286
17.19961
-2.3127153
-1.5789043
11.56346
-0.079561196
10.461949
3.8382277
-1.3392701
2.9524384
-2.4407251
2.9094896
14.4948
-0.80843967
-0.13867654
-0.059094042
25.738888
-1.9292134
30.940695
-2.6352336
-1.6491865
7.0883722
12.461988
10.980548
-1.6286738
-1.5210437
-0.68866044
-0.57914633
-1.658692
25.307293
-3.2046602
15.778161
2.7767005
18.61587
-0.64228171
0.73560423
0.87305295
1.1781511
1.2388073
-0.90708065
-0.23338078
-0.36393014
13.974117
8.3199463
6.6407752
4.2330556
-0.45581269
4.8365059
-0.30289099
-0.65196878
-0.34041649
-0.84267187
-0.063933469
-1.1938076
-0.42158827
8.9601192
3.2476943
5.8856583
-0.84976482
12.132059
-0.37988755
-0.60144871
-0.55242437
-0.22274509
8.3193836
1.1308039
-0.47926041
-0.66051614
1.0615202
-0.4140515
-0.78939533
5.0522399
6.3007822
-0.12191425
-0.01876512
-0.1670264
-0.50119156
-0.65955716
-0.36691543
9.447875
1.3898525
7.9829383
8.4945631
2.5465212
9.2499723
8.9723091
-0.043751981
-0.14886978
1.8450125
-0.73483419
-0.58476323
1.4149829
4.9844089
2.8300292
3.1855848
-0.44952223
-0.43611661
4.6658039
-0.12656757
-0.21719091
-0.093534194
8.2635851
3.822274
0.81821191
0.42270795
-0.95151466
-0.28935382
0.24934389
-0.90656006
1.9989399
0.84112483
3.202183
-0.90285981
0.5046407
4.4609256
4.3705673
1.1238788
6.2530503
-0.20862912
6.0886073
-0.54778051
-0.064587042
0.21844742
8.9014091
1.0055054
-0.38515612
2.9081943
-0.63981658
4.7713432
10.046329
-0.96317846
-0.32996735
2.814877
-0.01181054
1.9854817
-0.11813688
-0.50887054
1.2024373
-0.86783785
2.3137693
4.2146206
-0.30673951
-0.14467391
-0.014094747
9.4659319
-0.88385338
13.004375
-0.89827013
-0.39649433
3.4804499
6.8563519
3.5101933
-0.77026355
-0.81379598
0.60693848
-0.013032329
-0.44490486
9.8507605
-1.2026359
8.6207628
-0.0023028404
6.1337929
-0.023415251
-0.32523772
0.15242389
2.7961979
-0.024028815
-0.66589451
2.130518
-0.16100411
8.2832813
2.3980486
2.3613241
4.7037954
1.6840826
4.3748856
-0.016098393
-0.04589567
-0.36091712
-0.70026976
-0.47378197
-0.67523903
-0.067095175
2.6950097
0.51351643
1.0800285
-0.43001747
7.0046511
-0.14296493
0.82347918
-0.084965959
4.2076221
2.4635806
-0.09408927
-0.24965754
-0.31343967
-0.22468339
-0.34795398
-0.35884491
6.7318668
1.7923348
-0.28683805
-0.38405442
-0.066487662
-0.16764502
-0.40839943
1.3624748
4.8317418
4.0971847
3.251652
4.4260082
-0.17056209
6.1900091
2.3859622
-0.2883471
1.4899498
3.4355702
-0.1267616
-0.34562731
-0.028429268
2.9089
-0.16972312
1.0177852
-0.14725052
-0.53887683
-0.074135341
2.8972447
-0.10081047
2.0417008
2.7590284
-0.14398335
-0.13819365
2.5777078
-0.47689849
-0.23139966
-0.23903418
-0.47807074
-0.1072156
-0.12968825
-0.082029454
-0.4136351
3.6000621
-0.24927394
5.7517867
2.420682
4.2334647
-0.44713899
5.1371164
-0.28059441
-0.051934719
-0.056912284
3.7988346
4.0116959
-0.19367175
3.4725635
-0.14484517
1.566978
8.2916451
-0.51714122
2.3581569
-0.076432154
1.7689098
-0.16300702
-0.46800455
-0.016617643
-0.11570268
-0.32335272
2.7056441
-0.10566969
-0.17454089
-0.27551562
0.29029691
3.5770421
-0.42183447
7.1414042
-0.25093994
0.083955824
1.4851538
3.9134712
0.65884757
-0.5751335
-0.65235299
3.3305454
1.1536237
0.45590195
5.5045886
-0.56987035
6.7543979
-0.097101107
0.47256535
11.342274
0.52462482
-0.22344044
-0.31923226
-0.17485157
19.357256
2.7682064
6.638731
-2.6761754
-1.5557674
-0.95964158
-0.76772749
8.7984676
-0.88830149
3.3434625
10.277895
7.7451711
17.233395
2.9718604
24.870392
6.8235683
-1.6700544
-0.33484942
-0.99696743
16.16217
-2.3072188
6.1372371
9.0946989
9.6969624
1.6533613
-1.3535012
-0.21347284
9.1189651
15.217121
-0.28467745
7.8085036
17.12974
-1.1027081
-1.1515647
3.9517548
4.2711935
1.0959598
10.152031
13.345965
6.1481094
-1.7907782
-0.31771079
-1.8230976
-1.6039994
-0.23764849
-2.0125506
-1.8004233
2.1442351
0.38970849
-0.37615952
15.162935
12.230802
-0.33673757
-0.85988742
-0.19738944
-0.55879438
5.9378095
9.8171902
-0.68425715
-0.088400632
3.3302889
-0.029106019
-1.5746422
-0.53737241
0.18311791
-0.25133529
16.727991
6.9833541
2.6788611
18.820326
-0.34851173
0.8679567
-0.68057507
18.043041
-0.45444152
-0.50492626
-1.0950615
-0.38084731
-1.1587602
6.7108955
-1.2535611
8.890996
1.0874892
0.083464041
-1.6682419
-0.5671038
9.6893311
-0.64085704
9.2211237
-0.78271103
-2.0585012
19.119513
3.8040075
-0.43007421
-0.28110272
-0.18756692
6.1805892
8.0300741
0.47330016
16.664532
-0.62181753
-0.70619792
6.3571534
6.1984878
-0.098622277
-1.7682122
16.195681
-2.5705147
17.309494
7.5123181
-0.69541591
-1.0481534
-0.53614652
16.255829
17.409649
-0.16224673
0.32974616
7.2900176
-2.0726697
24.807766
-1.8445095
0.73474598
-0.84516567
6.3375044
-0.12366726
-0.070920721
0.33677295
-0.2151513
6.4556398
3.1589367
1.8787166
-0.85139704
-0.69175547
-0.37420699
0.048783273
6.809854
-0.076097459
1.7877823
5.5530806
2.785254
3.6304557
-0.14373939
9.294817
4.293633
-0.78733522
-0.057658739
-0.51728922
6.3144183
-0.75765961
2.6121664
5.5420446
5.1625972
4.5666733
-0.58797842
-0.17474833
3.7884579
6.0244951
-0.32414934
0.97313762
7.428381
-0.097688444
-0.5190286
0.47526747
-0.075229168
-0.10009336
4.2058349
4.7832079
4.4904985
-0.67778033
1.6711448
-0.82386029
-0.63184255
-0.17505914
-0.76374143
-0.90831339
-0.041428536
1.0092824
1.0056708
7.8369637
4.7981892
-0.23744388
-0.2773467
-0.28831923
-0.26306587
1.6202266
2.2405469
-0.44007593
1.2565862
0.90275908
0.46922943
-0.64609027
-0.32435337
-0.21109632
0.84829348
5.9001131
1.7313194
-0.04000999
6.1821933
-0.31296709
0.10956774
-0.50396478
7.2647495
0.27543488
-0.51063454
-0.24417754
-0.13497813
-0.27317774
-0.050414156
-0.34267005
2.4923048
-0.042619627
-0.090578236
-0.59859854
-0.076475404
5.0781503
-0.065199718
3.7927246
-0.31397474
-0.55633968
7.018857
3.9634004
-0.30651805
-0.14618112
-0.21579111
0.60513926
3.3895347
0.21085972
7.3500338
-0.16745467
-0.38873082
3.2356846
1.8876929
-0.023061274
-0.75536317
5.1760635
-0.96170503
8.1348791
4.9006476
-0.16981366
-0.26861432
-0.22277509
5.7395763
5.5565338
2.3314331
2.3954635
4.7319226
-0.81728423
10.289453
-0.51847404
-0.12040848
-0.46340108
-2.2504389
6.5179157
1.2653248
-0.091005825
5.5455012
-1.9479872
-1.2123063
-0.81545848
29.906431
23.725904
16.583372
2.9699557
-2.1657159
5.6727247
-0.87394631
-2.0217769
-0.67790937
-1.4027129
6.1364884
-2.9334011
-1.4375725
26.90498
6.3643403
18.901381
-2.1778481
27.126152
-0.93924391
-2.0190892
-1.8850721
-1.6735512
22.89242
5.2138362
-1.1416783
-1.8132836
8.8432245
-0.42597175
-2.2688026
3.3584683
18.862036
-0.077795774
5.5682182
-0.020496491
-1.4248738
-1.5428811
-1.594505
22.426641
-0.49734455
24.382952
21.41687
8.3538685
22.411976
28.84292
1.848593
-0.70995539
-0.24370456
-2.4862087
-1.4947346
7.4025936
10.897019
11.924417
9.104331
-0.93852252
-0.70021981
16.043798
-0.7909798
-0.32911524
-0.49734551
21.146214
13.802467
6.9756479
-0.28580907
-2.2988634
-0.56532741
3.9600298
-2.1372745
10.201501
1.8587309
15.584364
-2.3701875
-0.4104498
19.839783
5.0064621
1.5421126
11.09691
2.2924924
12.178246
-1.030758
-0.0042423876
2.3495691
21.033911
-0.21089859
-1.4358524
1.5762615
-1.6406298
12.406278
18.956118
-2.3978083
-1.4854335
11.116313
-0.013183094
9.7558994
2.4034624
-1.3135818
2.480756
-2.4761064
3.638823
13.961314
-0.84637815
-0.22358064
-0.04564229
26.135889
-1.9893789
32.169678
-2.6553142
-1.6173123
7.2794247
13.03052
10.792606
-1.7492131
-1.6666015
-0.59938765
-0.54792708
-1.6153916
26.277969
-3.2967789
17.199001
2.5356927
18.265356
4.3671327
-1.083244
1.4643826
9.2071381
-0.33023044
-1.7481381
9.8471098
-0.44183469
21.284243
3.018554
3.0029716
15.329036
10.593037
13.985776
2.057446
3.1425049
-0.89908975
-2.1031535
-1.6195269
-1.606397
2.574528
2.365875
0.91054332
-0.14448148
-0.86814499
17.19005
-0.22241072
6.7732239
2.1234305
18.296009
2.3224819
-0.37121806
-0.53294921
-0.75894499
-0.83848232
-1.1697668
-0.70132524
21.562706
1.551626
-0.86695766
-1.5017534
-0.32525969
-0.30827799
-0.97090703
7.8772454
10.787953
15.000605
5.9347582
9.0016747
-0.63259262
14.80974
1.1467972
-0.88866198
6.8052588
12.584644
0.80315363
-0.77285826
-0.28365502
6.6409507
-0.94751179
0.85637414
-0.29235762
-1.4833246
-0.5879308
11.305353
-0.30499169
6.8813567
5.6476164
-0.67456728
-0.80992669
9.5174131
-0.98942012
-0.73698407
-0.96297878
-1.2649502
-0.61328644
-0.40853259
-0.64373535
-0.86136943
13.769606
-1.3631899
17.54545
6.4821978
12.207221
-1.6961558
13.701926
-0.73114681
-0.24231119
-0.30727154
9.0283289
13.782217
-0.21268483
11.759015
-0.091395661
2.3729429
22.842165
-1.1601199
11.10478
-0.51552832
4.9429536
-0.77135795
-1.5817519
0.68715769
-0.36575291
-0.47652537
8.3994293
-0.47342095
-0.28174037
-0.88566685
1.5183916
5.7000823
-1.0420527
15.913096
-0.26950571
4.5832782
4.9869452
9.4496908
-0.045831367
-1.3973508
-1.7403253
12.988864
6.742785
5.3595476
11.868225
-1.1355623
18.884075
-0.49264333
-0.3392224
-1.1248723
-0.34385878
1.6667264
5.6812148
1.287295
-2.4070544
-0.093633801
-0.79214424
32.629471
16.829485
11.971516
11.700919
-0.69033593
12.502011
-0.38065657
-1.0269734
-1.051859
-2.2644975
-0.70518827
-2.9330583
-0.72920728
18.615591
3.9925218
10.878489
-1.9535035
28.300957
-0.71748161
-0.77745014
-1.0559304
1.6864794
15.63298
0.74784875
-1.0585573
-1.681103
0.13924691
-1.0041062
-1.9360465
16.34684
12.911314
-0.65481001
-0.6871931
-0.16241303
-1.1019586
-1.6217918
-0.48309526
21.076918
6.644578
19.850309
19.46957
0.44071126
24.308516
19.228987
-0.50728285
0.37251469
6.5823851
-1.5452963
-1.4773333
3.0778182
11.142168
0.81375372
6.2080154
-0.72644705
-1.4550523
5.8477917
2.9865189
-0.37325832
1.8157616
16.782415
3.811846
-0.094990402
4.7225204
-2.0848658
-0.85449076
-0.43242714
-2.1868873
2.4586375
-0.21431787
5.9490004
-2.0699117
6.9139161
3.1124158
15.068583
5.6281271
14.754437
-0.99046212
16.872997
-1.0793332
-0.15177733
-0.059098568
18.911901
8.3475876
-1.1178495
8.636879
-1.0344466
9.1650667
27.130072
-2.288599
-0.16770548
3.4468064
3.790921
0.86864293
-0.95211869
-0.71832114
-0.14888656
-1.8796357
8.1250668
5.3254199
-0.72931439
-0.78177685
0.8776806
20.211267
-1.9068139
30.912287
-1.8522185
-0.73677438
7.6999726
13.846657
6.3733382
-2.0558622
-2.2251012
4.697381
0.77587068
-0.64553732
24.847696
-2.8664837
23.501343
-0.16745481
8.7299967
-0.66786355
9.6224232
-0.15481268
-0.67461675
2.4518423
11.44042
-0.94514799
1.6890885
-1.1984861
0.85018694
1.0610236
-1.0130197
-1.0544937
-0.88105625
-0.34660742
-0.51726454
6.7105489
13.392035
13.365067
8.9594316
-0.37199348
1.9502996
1.3422253
4.0978055
3.4604814
-0.89371216
0.47964951
-0.78631777
-0.4776853
-1.6371354
2.1727445
3.1636713
3.3291495
3.8984125
6.7153673
8.2339315
2.9383154
-1.5840791
1.8633783
6.4611082
12.846988
1.6216674
0.45015919
5.5130901
-0.83557427
-0.56445527
-1.1901146
-0.21622205
-0.39934692
6.2450476
-0.92719334
2.4134536
6.7771945
-0.72982854
-0.97017539
-0.34841892
4.1966748
3.2117956
-0.30780587
9.1365108
0.57232594
-0.0069998535
10.171896
6.5843949
-1.060293
2.2037888
-0.68481016
-0.21189271
7.7145395
6.9462481
-0.72587758
3.3569386
4.794919
8.43571
6.4558597
5.8980365
3.6023605
6.6601095
3.7225759
-1.1870772
13.580743
-1.3643897
-0.5581643
-0.73105347
13.191464
-0.83679456
3.9599535
1.2660942
2.2422118
-0.40786266
-1.2088432
0.11399901
-0.90300673
-0.23625289
0.29571134
-1.4656671
5.3512616
-1.053466
5.5444927
-0.52576083
7.9334865
13.538493
-0.22866943
3.7755136
0.32190824
-0.64830053
5.3690896
1.9637125
7.565413
-0.15079546
-0.066857934
4.5649753
-0.78188837
-0.099338435
-0.56324655
-0.23135661
-0.4391571
3.0385485
8.7279005
11.676066
-0.99374861
-0.49604303
-0.60463136
-0.56434172
4.6370888
-1.1949385
3.3675582
5.4991331
23.523352
-1.485054
-0.081286751
7.9825482
-0.72783607
4.1727171
18.396254
4.1739073
-1.1011773
-1.9326868
-1.2031186
9.1185627
27.716124
5.5713854
9.1795902
20.634274
-0.11568467
-0.33729503
-1.8467363
14.321953
14.351247
-2.2332551
-0.52165616
-1.7721434
12.70424
-1.1355791
6.6790714
23.858519
18.231649
28.853405
-1.8510338
-0.80804986
6.0972133
11.224
-1.503316
-0.44661888
15.29299
13.593696
-1.5617298
-0.65618223
-1.6109999
-0.20236711
10.616545
6.419826
20.511826
-1.2006276
16.010305
-1.7879574
-1.2025459
-1.3073783
-0.87677956
-2.5141718
-0.92205381
11.156658
11.745811
23.465656
7.4506035
-0.8846119
-0.45451465
-1.7591461
-0.73814714
6.2105212
-0.59868902
-1.9135392
15.759185
0.88928163
9.9671497
-1.556859
-1.8094438
-1.1834629
9.8980303
12.693528
-0.035161015
-1.0647049
10.252551
-1.3823446
-0.51723605
-1.8906077
14.885723
13.906091
-2.795706
8.8395376
3.8946455
-0.080262266
-1.4536927
0.16812462
3.8398557
-0.15421285
-0.41812259
-1.2669582
12.16409
10.931763
7.0662718
14.019257
-0.92152733
0.892928
12.684561
22.02722
-1.3948789
4.0832567
-1.4464694
-1.4298021
13.326975
-0.54876298
18.490505
2.9467154
-1.7326869
5.2657771
-0.45078823
1.2695575
-1.9086117
10.356219
-1.6565806
22.14616
17.728941
-0.33617613
-0.40660086
-0.96160948
4.6999292
1.4777092
15.450186
9.5900621
18.695047
-1.4267309
21.035227
-0.10091994
-0.58452976
-1.8864653
15.827357
-0.22563569
-0.25651553
-0.14433755
-0.38610899
20.500122
6.3593235
7.2470794
-2.9439399
-1.9494708
-1.2453269
-0.58648485
14.006536
-0.76860934
5.4865808
14.856232
7.984293
16.351725
-0.04774759
27.823637
10.143693
-2.1164148
-0.46119639
-1.3523576
18.816008
-2.5571747
7.9430432
14.292743
13.070951
7.3766661
-1.7501572
-0.38202563
10.981401
16.992544
-0.56394011
7.3025875
19.953304
-0.85845965
-1.4422293
2.37708
0.65946144
0.95966887
12.023615
14.811511
9.9680424
-2.092087
-0.025825724
-2.1346989
-1.8757759
-0.53267992
-2.2127349
-2.2939057
0.085710764
2.4315379
-0.16375026
19.496843
13.75611
-0.47423345
-0.97444785
-0.61107129
-0.72565037
7.5204787
8.5803413
-1.1054028
2.3369725
4.059814
1.446564
-1.9297551
-0.8806926
-0.26571459
-0.0083396947
19.372309
6.5234613
0.13189286
20.419874
-0.61523217
-0.068613879
-1.0164975
21.096334
-0.1525306
-1.0898477
-0.9582004
-0.33173761
-1.1922861
3.4056435
-1.2357166
10.27852
0.54716152
-0.10662073
-1.9492882
-0.33213666
11.370522
-0.53567702
12.505137
-0.98210663
-2.0544941
21.562099
8.4726362
-0.71274936
-0.21148951
-0.45721957
3.332221
11.101518
-0.10158545
20.381704
-0.56330484
-1.0561395
7.9754305
5.1153631
-0.053616691
-2.1590233
18.327902
-2.9161232
21.885849
10.81851
-0.72487223
-1.1884897
-0.68721306
17.45611
18.030544
1.6191506
2.6045129
11.277668
-2.3270161
28.840309
-1.8463753
-0.10092775
-1.2910055
