0.310059
1.158203
1.024414
1.268555
-0.059204
0.348877
0.881348
2.718750
-0.148438
0.724609
-0.075928
-0.054993
0.102539
-0.072937
0.346436
1.876953
-0.068909
-0.005642
-0.205933
0.066162
0.568359
0.235474
-0.042694
0.832520
-0.054993
1.905273
0.695801
0.787109
0.630371
0.357422
0.881348
0.858398
0.747559
0.775391
-0.115662
-0.106812
2.554688
-0.033569
-0.047546
-0.006790
0.086914
-0.061157
-0.088074
-0.019089
0.505859
-0.065918
-0.022690
-0.055267
-0.017334
1.708984
0.585449
-0.120056
-0.036560
0.443604
0.647949
0.440430
-0.070007
0.641602
-0.029694
-0.021255
0.690430
0.895508
1.464844
0.249878
