0.45605469
0.069519043
-0.016891479
0.3449707
-0.0013723373
-4.1723251e-05
-0.019515991
0.02722168
-0.014770508
0.47143555
0.50683594
0.21740723
0.095031738
0.023071289
0.38330078
0.060089111
0.3034668
-0.0086364746
0.42382812
0.5546875
-0.0096588135
-0.030532837
0.27832031
0.37719727
0.27026367
0.17956543
0.18383789
0.40576172
-0.001033783
-0.0015497208
-0.012329102
0.06842041
0.18969727
-0.011207581
-0.008644104
0.12609863
-0.015884399
0.31518555
0.14111328
0.080993652
0.31640625
-0.030639648
0.088806152
-0.019790649
-0.012001038
0.25048828
-0.0082473755
-0.0089035034
-0.022415161
0.089416504
-0.025299072
0.52587891
-0.056640625
0.057250977
0.23535156
0.09362793
0.10681152
-0.0083465576
0.26855469
0.45043945
1.0810547
0.31738281
-0.0072555542
0.16308594
0.21411133
-0.015274048
-0.023803711
0.22094727
0.33911133
-0.02331543
0.33325195
0.042785645
-0.0044212341
-0.052734375
0.055847168
0.25366211
0.21630859
-0.025146484
5.209446e-05
-0.0072784424
0.46630859
-0.017883301
0.23693848
-0.024932861
0.14428711
-0.026947021
0.33251953
-0.015930176
0.12756348
-0.007019043
0.028213501
0.069885254
0.45068359
-0.021209717
0.33520508
-0.0010251999
0.01411438
0.3449707
0.14416504
0.41455078
0.3984375
-8.970499e-05
0.23535156
0.12023926
0.10009766
-0.0024394989
0.52539062
-0.0036754608
0.54980469
0.43945312
0.25610352
0.40649414
-0.034667969
-0.01902771
-0.0027580261
-0.032928467
0.17370605
-0.0089111328
0.39941406
0.46923828
0.032562256
0.3527832
-0.03137207
-0.019210815
-0.029663086
0.25952148
-0.0049743652
0.23181152
0.45385742
0.30639648
-0.035949707
0.31689453
-0.012069702
-0.031524658
-0.0041046143
0.04876709
-0.028717041
0.390625
0.88330078
0.46240234
0.15454102
0.013450623
0.061706543
0.32128906
0.20800781
-0.025939941
0.21386719
0.71826172
0.035980225
-0.041534424
0.48388672
0.70019531
0.53759766
0.43530273
-0.023727417
0.49755859
-0.039886475
-0.015205383
-0.025405884
0.41064453
0.16772461
-0.037841797
0.026107788
0.22143555
0.012680054
0.45727539
0.2376709
0.40332031
0.55273438
-0.025115967
0.42602539
-0.049133301
-0.00016617775
0.17858887
-0.0055122375
-0.022232056
-0.0079498291
-0.022766113
-0.0025653839
0.58496094
-0.10736084
-0.013511658
0.10449219
0.19873047
0.1192627
-0.034332275
0.36816406
0.10131836
1.4375
0.11999512
-0.074401855
-0.0059089661
0.056762695
-0.039764404
-0.027389526
-0.010856628
0.7578125
-0.042755127
0.3581543
-0.035491943
-0.009185791
-0.072875977
-0.023376465
0.048278809
0.70361328
-0.054595947
-0.0082931519
-0.065490723
0.58154297
0.50488281
0.55175781
-0.061798096
0.37719727
-0.040496826
0.41235352
0.071228027
0.073120117
0.12243652
0.019454956
0.099060059
0.66113281
-0.069824219
0.4609375
-0.039794922
0.15881348
0.47705078
-0.0022525787
0.26245117
0.37890625
-0.039337158
0.43164062
0.093200684
0.03225708
-0.010948181
0.93164062
0.055114746
0.66503906
0.57275391
0.3503418
0.079650879
-0.056762695
-0.010032654
0.17883301
-0.032867432
0.21228027
-0.017471313
0.64404297
0.6875
-0.035675049
-0.0043563843
-0.063171387
-0.021835327
-0.04208374
0.038024902
-0.065917969
0.057128906
0.39135742
0.20581055
-0.034759521
0.33886719
-0.030426025
-0.027420044
0.038208008
0.0078430176
-0.0038738251
0.25952148
0.61816406
0.17175293
0.16247559
-0.016113281
0.33129883
0.23852539
0.18969727
-0.0037975311
0.22973633
0.43969727
0.28344727
-0.025527954
-0.00076436996
0.21887207
0.19165039
0.15783691
0.10882568
0.42797852
-0.026428223
-0.01071167
0.10076904
0.17724609
0.11425781
-0.018875122
0.089660645
-0.0032730103
-0.0037117004
0.44384766
0.19177246
0.32495117
0.4934082
-0.042877197
0.26513672
-0.04385376
-0.022399902
0.30273438
-0.016815186
-0.0023803711
-0.015945435
0.16210938
0.047393799
0.38256836
-0.077209473
-0.008026123
0.22790527
0.27001953
-0.010742188
-0.0040054321
0.45556641
0.34301758
1.0683594
0.24780273
-0.01222229
-0.0096664429
0.20874023
-0.017272949
-0.024032593
0.067504883
0.50097656
-0.045471191
0.36914062
-0.00831604
-0.019363403
-0.055084229
-0.0060005188
0.0029029846
0.19970703
-0.050415039
0.0079193115
-0.0036220551
0.41918945
-0.016677856
0.27416992
-0.043060303
0.47851562
-0.027145386
0.42578125
0.055114746
0.32446289
0.16015625
-0.008354187
-0.0015497208
0.45654297
-0.033416748
0.50634766
-0.018630981
0.10113525
0.40478516
0.18286133
0.2175293
0.51269531
0.17419434
0.20495605
-0.015716553
0.12915039
0.0092544556
0.75537109
-0.0080108643
0.67919922
0.36132812
0.33447266
0.44604492
-0.028915405
-0.025421143
-0.012138367
-0.014053345
0.32373047
-0.0209198
0.45727539
0.64990234
-0.027282715
0.15722656
-0.060302734
-0.010025024
-0.033660889
0.093811035
-0.024307251
0.18066406
0.33276367
0.16149902
-0.031738281
0.37084961
-0.032928467
-0.013031006
-0.015403748
-0.032867432
-0.006603241
0.46606445
0.45776367
0.34179688
0.23962402
-0.0020999908
0.10284424
0.10150146
0.27172852
0.14501953
0.10717773
0.68457031
-0.010017395
-0.019332886
0.27832031
0.54785156
0.21118164
-0.0029144287
-0.0037479401
0.65136719
-0.010650635
-0.0087661743
0.0087814331
-0.010475159
0.16503906
-0.030136108
-0.015266418
-0.0074729919
-0.039520264
0.44799805
0.24536133
0.10943604
0.73779297
-0.052429199
-0.0050201416
-0.010253906
-0.031005859
0.33447266
0.054077148
0.0033683777
-0.020980835
0.18432617
0.052734375
0.65283203
-0.08190918
0.036071777
0.42895508
-0.0045661926
-0.0069503784
-0.015319824
0.39038086
0.55908203
1.1650391
0.2644043
0.1875
0.2668457
0.57958984
0.066772461
-0.02104187
0.060913086
0.40087891
-0.052520752
0.41699219
0.10070801
0.23400879
-0.047515869
0.18115234
0.49536133
0.035766602
-0.040344238
0.22961426
-0.010101318
0.40405273
-0.029327393
0.16833496
-0.042785645
0.29638672
-0.00030589104
0.39404297
-0.0088195801
0.19494629
0.1751709
-0.0077285767
-0.0092391968
0.53173828
-0.0093841553
0.57324219
-0.042053223
0.22949219
0.40527344
0.35839844
0.54296875
1.0048828
0.50976562
0.4597168
0.022003174
0.26660156
-0.00093269348
0.82275391
0.011016846
0.70117188
0.75634766
0.40625
0.38085938
-0.024154663
-0.030380249
-0.0072746277
-0.015106201
0.1986084
-0.022994995
0.67431641
0.43139648
-0.022659302
0.38232422
-0.079589844
-0.026107788
-0.057647705
0.08215332
-0.035339355
0.50195312
0.23962402
0.11303711
-0.0043678284
0.1842041
-0.0072898865
-0.019317627
-0.0058631897
0.054046631
-0.017501831
0.36181641
0.41210938
0.12976074
0.096496582
-0.0011816025
0.10241699
0.10339355
0.12139893
-0.011138916
0.21520996
0.35473633
-0.01210022
-0.013694763
0.056610107
0.25170898
0.22241211
0.2376709
0.073669434
0.32836914
-0.013954163
-0.0041046143
-0.0040779114
0.083679199
0.055725098
-0.014694214
0.02255249
0.12988281
0.0076217651
0.23852539
0.16516113
0.16064453
0.29077148
-0.017410278
0.17199707
-0.019805908
-0.0097808838
0.1817627
-0.0063743591
-0.000415802
-0.010864258
-0.0028419495
-0.021606445
0.37768555
-0.05065918
-0.0056190491
0.082824707
0.14135742
0.038787842
-0.0091629028
0.099182129
0.23059082
0.72070312
0.10028076
-0.029327393
-0.0077896118
0.083496094
-0.019943237
-0.011154175
-0.0013017654
0.31396484
-0.017120361
0.20410156
-0.010635376
-0.0012388229
-0.042297363
-0.0081939697
0.11700439
0.33789062
-0.025375366
-0.0023612976
-0.013885498
0.2590332
-0.004360199
0.21496582
-0.024795532
0.074462891
-0.021316528
0.27075195
0.0030117035
0.093688965
0.066101074
0.033172607
0.091003418
0.44238281
-0.025268555
0.28027344
-0.0041694641
0.13977051
0.30029297
0.05065918
0.24743652
0.23535156
-0.014770508
0.25610352
0.069091797
0.098693848
-0.0049133301
0.42724609
0.039672852
0.27050781
0.36694336
0.3034668
0.20129395
-0.027252197
-0.011741638
0.022979736
-0.014259338
0.038696289
-0.01133728
0.35253906
0.49487305
-0.010498047
0.12756348
-0.032928467
-0.0067481995
-0.012733459
-0.0011606216
-0.018798828
0.13574219
0.68066406
0.57080078
-0.036651611
0.019577026
0.39233398
0.5078125
-0.017547607
0.13989258
-0.0013065338
0.72412109
0.51318359
0.7890625
0.081665039
0.081481934
0.73779297
0.73974609
0.38647461
-0.018554688
0.70605469
0.91943359
-0.028869629
-0.023117065
0.94189453
0.27124023
0.41748047
0.20825195
0.24121094
0.16552734
-0.0014286041
0.082336426
-0.015106201
-0.080566406
1.1142578
-0.01763916
-0.050292969
-0.0073280334
-0.034454346
-0.0042762756
0.17370605
-0.042785645
0.54394531
-0.078613281
-0.00056886673
-0.023040771
-0.052581787
0.31054688
-0.032043457
0.20043945
-0.090637207
-0.03805542
0.18371582
0.41088867
-0.091003418
-0.051818848
-0.0065841675
0.59423828
-0.016448975
-0.0016069412
0.63232422
0.13378906
1.6191406
0.80908203
-0.059112549
0.89794922
0.54541016
0.2956543
-0.017471313
0.64453125
0.032012939
0.20703125
0.53320312
-0.053527832
-0.029922485
-0.051696777
0.33032227
0.33325195
0.14331055
-0.02923584
-0.012733459
0.27075195
1.0341797
-0.047912598
0.32641602
-0.046569824
0.31445312
-0.029418945
0.39038086
-0.018356323
0.46362305
-0.033172607
1.0048828
0.41479492
0.73779297
-0.062469482
0.4050293
-0.020874023
-0.056427002
0.35864258
-0.019668579
0.16479492
0.75244141
0.31640625
0.21716309
-0.015472412
0.46313477
0.52050781
0.69140625
0.057525635
0.70947266
0.96777344
0.48608398
0.60400391
-0.051513672
-0.0092773438
0.36694336
0.34179688
0.40454102
-0.05166626
0.89453125
0.53222656
0.55371094
0.64257812
-0.097290039
-0.017578125
-0.057067871
0.24304199
-0.035736084
0.31567383
0.58740234
0.32861328
-0.040344238
0.17773438
-0.019805908
-0.043518066
0.020462036
0.19799805
-0.040100098
0.50439453
0.59765625
0.60546875
0.11108398
-0.016448975
0.14111328
0.22558594
0.12512207
-0.016967773
0.31347656
0.67724609
-0.01713562
-0.034881592
0.40039062
0.49121094
0.50878906
0.296875
-0.017913818
0.47094727
-0.021865845
-0.0058097839
-0.00073051453
0.27001953
0.17150879
-0.043487549
-0.004825592
0.16845703
-0.0017623901
0.63818359
0.093688965
0.054840088
0.43115234
-0.047241211
0.33129883
-0.056671143
0.052307129
0.29443359
-0.023193359
0.21484375
-0.045837402
-0.010597229
-0.038146973
0.66162109
-0.096923828
-0.030639648
-0.014259338
0.2467041
0.21594238
-0.023574829
0.26855469
0.33886719
1.3369141
0.27783203
-0.075561523
-0.012161255
-0.00013399124
-0.010383606
-0.019638062
-0.014640808
0.48168945
-0.017227173
0.17578125
-0.057067871
-0.018768311
-0.063171387
-0.021835327
0.029129028
0.81005859
-0.036682129
-0.019821167
-0.04309082
0.38037109
0.34326172
0.41674805
-0.046936035
0.40576172
-0.055969238
0.1875
0.09765625
0.41699219
0.049133301
0.13745117
0.1126709
0.84033203
-0.048126221
0.66894531
0.0086517334
0.028961182
0.734375
-0.012519836
0.18884277
0.56738281
-0.061157227
0.52539062
0.11584473
0.18566895
-0.024536133
0.54003906
0.08001709
0.75439453
0.72949219
0.50683594
0.036224365
-0.062683105
-0.00054502487
0.030776978
-0.027496338
0.25048828
-0.022125244
0.61132812
0.7578125
-0.0049171448
0.12573242
-0.043243408
-0.023147583
-0.021728516
0.077148438
-0.018859863
0.18798828
0.84179688
0.12512207
-0.018737793
0.23291016
-0.048126221
0.022460938
-0.0032157898
0.25195312
-0.0089874268
0.57666016
0.32055664
0.67138672
0.049957275
-0.0069122314
0.69238281
0.17431641
0.5078125
-0.012962341
0.91113281
0.81494141
-0.019683838
-0.055236816
0.41772461
0.55712891
0.36938477
0.12890625
0.073608398
0.36450195
-0.0077056885
0.11236572
-0.0011911392
-0.019134521
0.46777344
-0.028274536
-0.026138306
-0.01802063
-0.017700195
0.37915039
-0.0077438354
-0.041351318
0.35742188
-0.05947876
-0.021530151
-0.05380249
-0.032348633
0.15942383
-0.035552979
0.25537109
-0.07220459
-0.0053482056
-0.042510986
0.46606445
-0.088500977
-0.025344849
-0.0418396
0.52441406
0.037353516
0.15588379
0.33984375
0.37890625
1.4941406
0.8046875
-0.035766602
0.29248047
0.421875
0.43261719
-0.011634827
0.17175293
0.011779785
-0.0070533752
0.040283203
-0.053619385
-0.052856445
-0.049377441
-0.0047416687
0.021759033
0.37402344
-0.029190063
-0.020950317
0.0065574646
0.86816406
-0.034423828
0.36083984
-0.04800415
0.47021484
-0.030776978
0.19311523
-0.014030457
0.42529297
-0.027420044
0.16235352
0.28051758
0.87304688
-0.013900757
0.56933594
0.41796875
-0.029388428
0.42089844
-0.0055732727
0.16564941
0.81787109
-0.0073280334
0.52832031
-0.0087661743
0.31420898
-0.014678955
0.32495117
0.13232422
0.72802734
0.66357422
0.44580078
0.68994141
-0.04675293
-0.021331787
-0.014335632
-0.021743774
0.36425781
-0.057647705
0.94384766
0.81933594
0.30859375
0.5234375
-0.05279541
-0.028762817
-0.038330078
0.33813477
0.3269043
0.27099609
0.19702148
0.22546387
0.12866211
0.031341553
-0.0071563721
-0.0035972595
0.17126465
-0.005771637
-0.0032558441
0.17407227
0.16003418
0.18603516
0.050476074
-0.00094223022
0.049346924
0.12176514
0.10125732
-0.0069961548
0.16088867
0.34082031
-0.015556335
-0.014892578
0.2286377
0.2010498
0.25830078
0.072509766
0.10888672
0.08996582
0.1015625
-0.008682251
-0.013191223
-0.035247803
0.19311523
-0.0022964478
0.024902344
-0.0094680786
-0.010643005
0.019897461
0.11230469
0.096252441
0.0037784576
-0.014297485
0.13061523
-0.016525269
-0.018463135
0.01259613
-0.019958496
-0.0050239563
-0.013366699
-0.0030670166
-0.0032920837
0.11889648
-0.023635864
-0.011642456
-0.022094727
0.18603516
-0.0031986237
0.15270996
0.077026367
-0.011917114
0.31933594
0.22375488
-0.011161804
0.27368164
0.12976074
0.0519104
-0.012565613
0.054626465
0.028411865
0.052642822
-0.0078964233
-0.014648438
0.0083007812
-0.021682739
0.043151855
0.1595459
-0.0075836182
-0.018783569
-0.0094223022
-0.0040664673
0.36669922
0.098999023
0.02406311
-0.0105896
0.1149292
-0.0012340546
0.23046875
-0.0089035034
-0.0013313293
-0.0065307617
0.14111328
0.32275391
0.016647339
-0.017166138
0.041229248
-0.010818481
0.13708496
0.032318115
0.085449219
0.15673828
0.041564941
-0.0090866089
0.055480957
0.029891968
-0.0030593872
0.15600586
0.23522949
0.0038452148
-0.0027618408
0.12463379
0.15576172
0.2644043
-0.0059661865
-0.012893677
0.037384033
0.19750977
0.037475586
-0.0073242188
0.2644043
0.13330078
0.14648438
0.042755127
-0.0086669922
0.041931152
-0.012153625
0.11846924
-0.0071334839
0.08416748
0.056518555
-0.0024242401
0.050048828
-0.0011835098
-0.0041313171
-0.0039710999
0.010505676
-0.0028038025
-0.0063285828
0.065979004
0.057861328
-0.0042266846
0.019073486
0.032836914
0.091308594
-0.0040245056
0.015762329
0.0026950836
0.004989624
0.086730957
-0.0089187622
0.014175415
-0.0022735596
0.076782227
0.079406738
0.071960449
0.086364746
0.01663208
0.070922852
-0.0040435791
-0.00068807602
-0.0035495758
-0.0078430176
0.084411621
-0.00018107891
-0.0038719177
0.085205078
-0.0050354004
0.11712646
0.017913818
0.031768799
0.0073928833
0.078796387
-0.003698349
0.064025879
0.033843994
-0.0037078857
-0.0096282959
0.032440186
0.11071777
-0.0093536377
0.034759521
-0.0077476501
0.020431519
-0.0049171448
0.080749512
-0.0038166046
0.088012695
-0.006526947
0.064575195
0.098022461
0.045349121
-0.005191803
0.0032653809
0.014778137
-0.0016260147
-0.0084152222
-0.0059318542
0.044677734
0.073608398
0.0073165894
-0.0025978088
-0.00084257126
-0.0020198822
0.019622803
0.10083008
0.062164307
-0.0048179626
0.031219482
-0.0046653748
0.11669922
-0.0071716309
-0.0015926361
0.055999756
0.0064620972
0.013153076
0.075683594
-0.0058479309
-0.0050201416
0.013771057
-0.0026226044
0.026977539
0.015617371
-0.0048522949
0.061157227
0.0080490112
-0.002538681
0.04486084
0.054412842
0.084289551
-0.00041127205
-0.0071182251
0.044525146
0.014701843
0.10620117
0.13146973
0.0039291382
-0.0024776459
-0.0062103271
0.057830811
0.0703125
0.1114502
0.055053711
-0.00094890594
-0.0043449402
0.089172363
-0.0041313171
-0.00064277649
0.01247406
0.12792969
0.055267334
-0.002325058
0.093261719
-0.0036315918
0.10119629
-0.0022468567
0.026931763
0.063903809
0.056518555
-0.0024242401
0.050048828
-0.0011835098
-0.0041313171
-0.0039710999
0.010505676
-0.0028038025
-0.0063285828
0.065979004
0.057861328
-0.0042266846
0.019073486
0.032836914
0.091308594
-0.0040245056
0.015762329
0.0026950836
0.004989624
0.086730957
-0.0089187622
0.014175415
-0.0022735596
0.076782227
0.079406738
0.071960449
0.086364746
0.01663208
0.070922852
-0.0040435791
-0.00068807602
-0.0035495758
-0.0078430176
0.084411621
-0.00018107891
-0.0038719177
0.085205078
-0.0050354004
0.11712646
0.017913818
0.031768799
0.0073928833
0.078796387
-0.003698349
0.064025879
0.033843994
-0.0037078857
-0.0096282959
0.032440186
0.11071777
-0.0093536377
0.034759521
-0.0077476501
0.020431519
-0.0049171448
0.080749512
-0.0038166046
0.088012695
-0.006526947
0.064575195
0.098022461
0.045349121
-0.005191803
0.0032653809
0.014778137
-0.0016260147
-0.0084152222
-0.0059318542
0.044677734
0.073608398
0.0073165894
-0.0025978088
-0.00084257126
-0.0020198822
0.019622803
0.10083008
0.062164307
-0.0048179626
0.031219482
-0.0046653748
0.11669922
-0.0071716309
-0.0015926361
0.055999756
0.0064620972
0.013153076
0.075683594
-0.0058479309
-0.0050201416
0.013771057
-0.0026226044
0.026977539
0.015617371
-0.0048522949
0.061157227
0.0080490112
-0.002538681
0.04486084
0.054412842
0.084289551
-0.00041127205
-0.0071182251
0.044525146
0.014701843
0.10620117
0.13146973
0.0039291382
-0.0024776459
-0.0062103271
0.057830811
0.0703125
0.1114502
0.055053711
-0.00094890594
-0.0043449402
0.089172363
-0.0041313171
-0.00064277649
0.01247406
0.12792969
0.055267334
-0.002325058
0.093261719
-0.0036315918
0.10119629
-0.0022468567
0.026931763
0.063903809
0.056518555
-0.0024242401
0.050048828
-0.0011835098
-0.0041313171
-0.0039710999
0.010505676
-0.0028038025
-0.0063285828
0.065979004
0.057861328
-0.0042266846
0.019073486
0.032836914
0.091308594
-0.0040245056
0.015762329
0.0026950836
0.004989624
0.086730957
-0.0089187622
0.014175415
-0.0022735596
0.076782227
0.079406738
0.071960449
0.086364746
0.01663208
0.070922852
-0.0040435791
-0.00068807602
-0.0035495758
-0.0078430176
0.084411621
-0.00018107891
-0.0038719177
0.085205078
-0.0050354004
0.11712646
0.017913818
0.031768799
0.0073928833
0.078796387
-0.003698349
0.064025879
0.033843994
-0.0037078857
-0.0096282959
0.032440186
0.11071777
-0.0093536377
0.034759521
-0.0077476501
0.020431519
-0.0049171448
0.080749512
-0.0038166046
0.088012695
-0.006526947
0.064575195
0.098022461
0.045349121
-0.005191803
0.0032653809
0.014778137
-0.0016260147
-0.0084152222
-0.0059318542
0.044677734
0.073608398
0.0073165894
-0.0025978088
-0.00084257126
-0.0020198822
0.019622803
0.10083008
0.062164307
-0.0048179626
0.031219482
-0.0046653748
0.11669922
-0.0071716309
-0.0015926361
0.055999756
0.0064620972
0.013153076
0.075683594
-0.0058479309
-0.0050201416
0.013771057
-0.0026226044
0.026977539
0.015617371
-0.0048522949
0.061157227
0.0080490112
-0.002538681
0.04486084
0.054412842
0.084289551
-0.00041127205
-0.0071182251
0.044525146
0.014701843
0.10620117
0.13146973
0.0039291382
-0.0024776459
-0.0062103271
0.057830811
0.0703125
0.1114502
0.055053711
-0.00094890594
-0.0043449402
0.089172363
-0.0041313171
-0.00064277649
0.01247406
0.12792969
0.055267334
-0.002325058
0.093261719
-0.0036315918
0.10119629
-0.0022468567
0.026931763
0.063903809
0.056518555
-0.0024242401
0.050048828
-0.0011835098
-0.0041313171
-0.0039710999
0.010505676
-0.0028038025
-0.0063285828
0.065979004
0.057861328
-0.0042266846
0.019073486
0.032836914
0.091308594
-0.0040245056
0.015762329
0.0026950836
0.004989624
0.086730957
-0.0089187622
0.014175415
-0.0022735596
0.076782227
0.079406738
0.071960449
0.086364746
0.01663208
0.070922852
-0.0040435791
-0.00068807602
-0.0035495758
-0.0078430176
0.084411621
-0.00018107891
-0.0038719177
0.085205078
-0.0050354004
0.11712646
0.017913818
0.031768799
0.0073928833
0.078796387
-0.003698349
0.064025879
0.033843994
-0.0037078857
-0.0096282959
0.032440186
0.11071777
-0.0093536377
0.034759521
-0.0077476501
0.020431519
-0.0049171448
0.080749512
-0.0038166046
0.088012695
-0.006526947
0.064575195
0.098022461
0.045349121
-0.005191803
0.0032653809
0.014778137
-0.0016260147
-0.0084152222
-0.0059318542
0.044677734
0.073608398
0.0073165894
-0.0025978088
-0.00084257126
-0.0020198822
0.019622803
0.10083008
0.062164307
-0.0048179626
0.031219482
-0.0046653748
0.11669922
-0.0071716309
-0.0015926361
0.055999756
0.0064620972
0.013153076
0.075683594
-0.0058479309
-0.0050201416
0.013771057
-0.0026226044
0.026977539
0.015617371
-0.0048522949
0.061157227
0.0080490112
-0.002538681
0.04486084
0.054412842
0.084289551
-0.00041127205
-0.0071182251
0.044525146
0.014701843
0.10620117
0.13146973
0.0039291382
-0.0024776459
-0.0062103271
0.057830811
0.0703125
0.1114502
0.055053711
-0.00094890594
-0.0043449402
0.089172363
-0.0041313171
-0.00064277649
0.01247406
0.12792969
0.055267334
-0.002325058
0.093261719
-0.0036315918
0.10119629
-0.0022468567
0.026931763
0.063903809
0.056518555
-0.0024242401
0.050048828
-0.0011835098
-0.0041313171
-0.0039710999
0.010505676
-0.0028038025
-0.0063285828
0.065979004
0.057861328
-0.0042266846
0.019073486
0.032836914
0.091308594
-0.0040245056
0.015762329
0.0026950836
0.004989624
0.086730957
-0.0089187622
0.014175415
-0.0022735596
0.076782227
0.079406738
0.071960449
0.086364746
0.01663208
0.070922852
-0.0040435791
-0.00068807602
-0.0035495758
-0.0078430176
0.084411621
-0.00018107891
-0.0038719177
0.085205078
-0.0050354004
0.11712646
0.017913818
0.031768799
0.0073928833
0.078796387
-0.003698349
0.064025879
0.033843994
-0.0037078857
-0.0096282959
0.032440186
0.11071777
-0.0093536377
0.034759521
-0.0077476501
0.020431519
-0.0049171448
0.080749512
-0.0038166046
0.088012695
-0.006526947
0.064575195
0.098022461
0.045349121
-0.005191803
0.0032653809
0.014778137
-0.0016260147
-0.0084152222
-0.0059318542
0.044677734
0.073608398
0.0073165894
-0.0025978088
-0.00084257126
-0.0020198822
0.019622803
0.10083008
0.062164307
-0.0048179626
0.031219482
-0.0046653748
0.11669922
-0.0071716309
-0.0015926361
0.055999756
0.0064620972
0.013153076
0.075683594
-0.0058479309
-0.0050201416
0.013771057
-0.0026226044
0.026977539
0.015617371
-0.0048522949
0.061157227
0.0080490112
-0.002538681
0.04486084
0.054412842
0.084289551
-0.00041127205
-0.0071182251
0.044525146
0.014701843
0.10620117
0.13146973
0.0039291382
-0.0024776459
-0.0062103271
0.057830811
0.0703125
0.1114502
0.055053711
-0.00094890594
-0.0043449402
0.089172363
-0.0041313171
-0.00064277649
0.01247406
0.12792969
0.055267334
-0.002325058
0.093261719
-0.0036315918
0.10119629
-0.0022468567
0.026931763
0.063903809
0.056518555
-0.0024242401
0.050048828
-0.0011835098
-0.0041313171
-0.0039710999
0.010505676
-0.0028038025
-0.0063285828
0.065979004
0.057861328
-0.0042266846
0.019073486
0.032836914
0.091308594
-0.0040245056
0.015762329
0.0026950836
0.004989624
0.086730957
-0.0089187622
0.014175415
-0.0022735596
0.076782227
0.079406738
0.071960449
0.086364746
0.01663208
0.070922852
-0.0040435791
-0.00068807602
-0.0035495758
-0.0078430176
0.084411621
-0.00018107891
-0.0038719177
0.085205078
-0.0050354004
0.11712646
0.017913818
0.031768799
0.0073928833
0.078796387
-0.003698349
0.064025879
0.033843994
-0.0037078857
-0.0096282959
0.032440186
0.11071777
-0.0093536377
0.034759521
-0.0077476501
0.020431519
-0.0049171448
0.080749512
-0.0038166046
0.088012695
-0.006526947
0.064575195
0.098022461
0.045349121
-0.005191803
0.0032653809
0.014778137
-0.0016260147
-0.0084152222
-0.0059318542
0.044677734
0.073608398
0.0073165894
-0.0025978088
-0.00084257126
-0.0020198822
0.019622803
0.10083008
0.062164307
-0.0048179626
0.031219482
-0.0046653748
0.11669922
-0.0071716309
-0.0015926361
0.055999756
0.0064620972
0.013153076
0.075683594
-0.0058479309
-0.0050201416
0.013771057
-0.0026226044
0.026977539
0.015617371
-0.0048522949
0.061157227
0.0080490112
-0.002538681
0.04486084
0.054412842
0.084289551
-0.00041127205
-0.0071182251
0.044525146
0.014701843
0.10620117
0.13146973
0.0039291382
-0.0024776459
-0.0062103271
0.057830811
0.0703125
0.1114502
0.055053711
-0.00094890594
-0.0043449402
0.089172363
-0.0041313171
-0.00064277649
0.01247406
0.12792969
0.055267334
-0.002325058
0.093261719
-0.0036315918
0.10119629
-0.0022468567
0.026931763
0.063903809
0.056518555
-0.0024242401
0.050048828
-0.0011835098
-0.0041313171
-0.0039710999
0.010505676
-0.0028038025
-0.0063285828
0.065979004
0.057861328
-0.0042266846
0.019073486
0.032836914
0.091308594
-0.0040245056
0.015762329
0.0026950836
0.004989624
0.086730957
-0.0089187622
0.014175415
-0.0022735596
0.076782227
0.079406738
0.071960449
0.086364746
0.01663208
0.070922852
-0.0040435791
-0.00068807602
-0.0035495758
-0.0078430176
0.084411621
-0.00018107891
-0.0038719177
0.085205078
-0.0050354004
0.11712646
0.017913818
0.031768799
0.0073928833
0.078796387
-0.003698349
0.064025879
0.033843994
-0.0037078857
-0.0096282959
0.032440186
0.11071777
-0.0093536377
0.034759521
-0.0077476501
0.020431519
-0.0049171448
0.080749512
-0.0038166046
0.088012695
-0.006526947
0.064575195
0.098022461
0.045349121
-0.005191803
0.0032653809
0.014778137
-0.0016260147
-0.0084152222
-0.0059318542
0.044677734
0.073608398
0.0073165894
-0.0025978088
-0.00084257126
-0.0020198822
0.019622803
0.10083008
0.062164307
-0.0048179626
0.031219482
-0.0046653748
0.11669922
-0.0071716309
-0.0015926361
0.055999756
0.0064620972
0.013153076
0.075683594
-0.0058479309
-0.0050201416
0.013771057
-0.0026226044
0.026977539
0.015617371
-0.0048522949
0.061157227
0.0080490112
-0.002538681
0.04486084
0.054412842
0.084289551
-0.00041127205
-0.0071182251
0.044525146
0.014701843
0.10620117
0.13146973
0.0039291382
-0.0024776459
-0.0062103271
0.057830811
0.0703125
0.1114502
0.055053711
-0.00094890594
-0.0043449402
0.089172363
-0.0041313171
-0.00064277649
0.01247406
0.12792969
0.055267334
-0.002325058
0.093261719
-0.0036315918
0.10119629
-0.0022468567
0.026931763
0.063903809
0.056518555
-0.0024242401
0.050048828
-0.0011835098
-0.0041313171
-0.0039710999
0.010505676
-0.0028038025
-0.0063285828
0.065979004
0.057861328
-0.0042266846
0.019073486
0.032836914
0.091308594
-0.0040245056
0.015762329
0.0026950836
0.004989624
0.086730957
-0.0089187622
0.014175415
-0.0022735596
0.076782227
0.079406738
0.071960449
0.086364746
0.01663208
0.070922852
-0.0040435791
-0.00068807602
-0.0035495758
-0.0078430176
0.084411621
-0.00018107891
-0.0038719177
0.085205078
-0.0050354004
0.11712646
0.017913818
0.031768799
0.0073928833
0.078796387
-0.003698349
0.064025879
0.033843994
-0.0037078857
-0.0096282959
0.032440186
0.11071777
-0.0093536377
0.034759521
-0.0077476501
0.020431519
-0.0049171448
0.080749512
-0.0038166046
0.088012695
-0.006526947
0.064575195
0.098022461
0.045349121
-0.005191803
0.0032653809
0.014778137
-0.0016260147
-0.0084152222
-0.0059318542
0.044677734
0.073608398
0.0073165894
-0.0025978088
-0.00084257126
-0.0020198822
0.019622803
0.10083008
0.062164307
-0.0048179626
0.031219482
-0.0046653748
0.11669922
-0.0071716309
-0.0015926361
0.055999756
0.0064620972
0.013153076
0.075683594
-0.0058479309
-0.0050201416
0.013771057
-0.0026226044
0.026977539
0.015617371
-0.0048522949
0.061157227
0.0080490112
-0.002538681
0.04486084
0.054412842
0.084289551
-0.00041127205
-0.0071182251
0.044525146
0.014701843
0.10620117
0.13146973
0.0039291382
-0.0024776459
-0.0062103271
0.057830811
0.0703125
0.1114502
0.055053711
-0.00094890594
-0.0043449402
0.089172363
-0.0041313171
-0.00064277649
0.01247406
0.12792969
0.055267334
-0.002325058
0.093261719
-0.0036315918
0.10119629
-0.0022468567
0.026931763
0.063903809
0.056518555
-0.0024242401
0.050048828
-0.0011835098
-0.0041313171
-0.0039710999
0.010505676
-0.0028038025
-0.0063285828
0.065979004
0.057861328
-0.0042266846
0.019073486
0.032836914
0.091308594
-0.0040245056
0.015762329
0.0026950836
0.004989624
0.086730957
-0.0089187622
0.014175415
-0.0022735596
0.076782227
0.079406738
0.071960449
0.086364746
0.01663208
0.070922852
-0.0040435791
-0.00068807602
-0.0035495758
-0.0078430176
0.084411621
-0.00018107891
-0.0038719177
0.085205078
-0.0050354004
0.11712646
0.017913818
0.031768799
0.0073928833
0.078796387
-0.003698349
0.064025879
0.033843994
-0.0037078857
-0.0096282959
0.032440186
0.11071777
-0.0093536377
0.034759521
-0.0077476501
0.020431519
-0.0049171448
0.080749512
-0.0038166046
0.088012695
-0.006526947
0.064575195
0.098022461
0.045349121
-0.005191803
0.0032653809
0.014778137
-0.0016260147
-0.0084152222
-0.0059318542
0.044677734
0.073608398
0.0073165894
-0.0025978088
-0.00084257126
-0.0020198822
0.019622803
0.10083008
0.062164307
-0.0048179626
0.031219482
-0.0046653748
0.11669922
-0.0071716309
-0.0015926361
0.055999756
0.0064620972
0.013153076
0.075683594
-0.0058479309
-0.0050201416
0.013771057
-0.0026226044
0.026977539
0.015617371
-0.0048522949
0.061157227
0.0080490112
-0.002538681
0.04486084
0.054412842
0.084289551
-0.00041127205
-0.0071182251
0.044525146
0.014701843
0.10620117
0.13146973
0.0039291382
-0.0024776459
-0.0062103271
0.057830811
0.0703125
0.1114502
0.055053711
-0.00094890594
-0.0043449402
0.089172363
-0.0041313171
-0.00064277649
0.01247406
0.12792969
0.055267334
-0.002325058
0.093261719
-0.0036315918
0.10119629
-0.0022468567
0.026931763
0.063903809
0.056518555
-0.0024242401
0.050048828
-0.0011835098
-0.0041313171
-0.0039710999
0.010505676
-0.0028038025
-0.0063285828
0.065979004
0.057861328
-0.0042266846
0.019073486
0.032836914
0.091308594
-0.0040245056
0.015762329
0.0026950836
0.004989624
0.086730957
-0.0089187622
0.014175415
-0.0022735596
0.076782227
0.079406738
0.071960449
0.086364746
0.01663208
0.070922852
-0.0040435791
-0.00068807602
-0.0035495758
-0.0078430176
0.084411621
-0.00018107891
-0.0038719177
0.085205078
-0.0050354004
0.11712646
0.017913818
0.031768799
0.0073928833
0.078796387
-0.003698349
0.064025879
0.033843994
-0.0037078857
-0.0096282959
0.032440186
0.11071777
-0.0093536377
0.034759521
-0.0077476501
0.020431519
-0.0049171448
0.080749512
-0.0038166046
0.088012695
-0.006526947
0.064575195
0.098022461
0.045349121
-0.005191803
0.0032653809
0.014778137
-0.0016260147
-0.0084152222
-0.0059318542
0.044677734
0.073608398
0.0073165894
-0.0025978088
-0.00084257126
-0.0020198822
0.019622803
0.10083008
0.062164307
-0.0048179626
0.031219482
-0.0046653748
0.11669922
-0.0071716309
-0.0015926361
0.055999756
0.0064620972
0.013153076
0.075683594
-0.0058479309
-0.0050201416
0.013771057
-0.0026226044
0.026977539
0.015617371
-0.0048522949
0.061157227
0.0080490112
-0.002538681
0.04486084
0.054412842
0.084289551
-0.00041127205
-0.0071182251
0.044525146
0.014701843
0.10620117
0.13146973
0.0039291382
-0.0024776459
-0.0062103271
0.057830811
0.0703125
0.1114502
0.055053711
-0.00094890594
-0.0043449402
0.089172363
-0.0041313171
-0.00064277649
0.01247406
0.12792969
0.055267334
-0.002325058
0.093261719
-0.0036315918
0.10119629
-0.0022468567
0.026931763
0.063903809
0.056518555
-0.0024242401
0.050048828
-0.0011835098
-0.0041313171
-0.0039710999
0.010505676
-0.0028038025
-0.0063285828
0.065979004
0.057861328
-0.0042266846
0.019073486
0.032836914
0.091308594
-0.0040245056
0.015762329
0.0026950836
0.004989624
0.086730957
-0.0089187622
0.014175415
-0.0022735596
0.076782227
0.079406738
0.071960449
0.086364746
0.01663208
0.070922852
-0.0040435791
-0.00068807602
-0.0035495758
-0.0078430176
0.084411621
-0.00018107891
-0.0038719177
0.085205078
-0.0050354004
0.11712646
0.017913818
0.031768799
0.0073928833
0.078796387
-0.003698349
0.064025879
0.033843994
-0.0037078857
-0.0096282959
0.032440186
0.11071777
-0.0093536377
0.034759521
-0.0077476501
0.020431519
-0.0049171448
0.080749512
-0.0038166046
0.088012695
-0.006526947
0.064575195
0.098022461
0.045349121
-0.005191803
0.0032653809
0.014778137
-0.0016260147
-0.0084152222
-0.0059318542
0.044677734
0.073608398
0.0073165894
-0.0025978088
-0.00084257126
-0.0020198822
0.019622803
0.10083008
0.062164307
-0.0048179626
0.031219482
-0.0046653748
0.11669922
-0.0071716309
-0.0015926361
0.055999756
0.0064620972
0.013153076
0.075683594
-0.0058479309
-0.0050201416
0.013771057
-0.0026226044
0.026977539
0.015617371
-0.0048522949
0.061157227
0.0080490112
-0.002538681
0.04486084
0.054412842
0.084289551
-0.00041127205
-0.0071182251
0.044525146
0.014701843
0.10620117
0.13146973
0.0039291382
-0.0024776459
-0.0062103271
0.057830811
0.0703125
0.1114502
0.055053711
-0.00094890594
-0.0043449402
0.089172363
-0.0041313171
-0.00064277649
0.01247406
0.12792969
0.055267334
-0.002325058
0.093261719
-0.0036315918
0.10119629
-0.0022468567
0.026931763
0.063903809
0.056518555
-0.0024242401
0.050048828
-0.0011835098
-0.0041313171
-0.0039710999
0.010505676
-0.0028038025
-0.0063285828
0.065979004
0.057861328
-0.0042266846
0.019073486
0.032836914
0.091308594
-0.0040245056
0.015762329
0.0026950836
0.004989624
0.086730957
-0.0089187622
0.014175415
-0.0022735596
0.076782227
0.079406738
0.071960449
0.086364746
0.01663208
0.070922852
-0.0040435791
-0.00068807602
-0.0035495758
-0.0078430176
0.084411621
-0.00018107891
-0.0038719177
0.085205078
-0.0050354004
0.11712646
0.017913818
0.031768799
0.0073928833
0.078796387
-0.003698349
0.064025879
0.033843994
-0.0037078857
-0.0096282959
0.032440186
0.11071777
-0.0093536377
0.034759521
-0.0077476501
0.020431519
-0.0049171448
0.080749512
-0.0038166046
0.088012695
-0.006526947
0.064575195
0.098022461
0.045349121
-0.005191803
0.0032653809
0.014778137
-0.0016260147
-0.0084152222
-0.0059318542
0.044677734
0.073608398
0.0073165894
-0.0025978088
-0.00084257126
-0.0020198822
0.019622803
0.10083008
0.062164307
-0.0048179626
0.031219482
-0.0046653748
0.11669922
-0.0071716309
-0.0015926361
0.055999756
0.0064620972
0.013153076
0.075683594
-0.0058479309
-0.0050201416
0.013771057
-0.0026226044
0.026977539
0.015617371
-0.0048522949
0.061157227
0.0080490112
-0.002538681
0.04486084
0.054412842
0.084289551
-0.00041127205
-0.0071182251
0.044525146
0.014701843
0.10620117
0.13146973
0.0039291382
-0.0024776459
-0.0062103271
0.057830811
0.0703125
0.1114502
0.055053711
-0.00094890594
-0.0043449402
0.089172363
-0.0041313171
-0.00064277649
0.01247406
0.12792969
0.055267334
-0.002325058
0.093261719
-0.0036315918
0.10119629
-0.0022468567
0.026931763
0.063903809
0.056518555
-0.0024242401
0.050048828
-0.0011835098
-0.0041313171
-0.0039710999
0.010505676
-0.0028038025
-0.0063285828
0.065979004
0.057861328
-0.0042266846
0.019073486
0.032836914
0.091308594
-0.0040245056
0.015762329
0.0026950836
0.004989624
0.086730957
-0.0089187622
0.014175415
-0.0022735596
0.076782227
0.079406738
0.071960449
0.086364746
0.01663208
0.070922852
-0.0040435791
-0.00068807602
-0.0035495758
-0.0078430176
0.084411621
-0.00018107891
-0.0038719177
0.085205078
-0.0050354004
0.11712646
0.017913818
0.031768799
0.0073928833
0.078796387
-0.003698349
0.064025879
0.033843994
-0.0037078857
-0.0096282959
0.032440186
0.11071777
-0.0093536377
0.034759521
-0.0077476501
0.020431519
-0.0049171448
0.080749512
-0.0038166046
0.088012695
-0.006526947
0.064575195
0.098022461
0.045349121
-0.005191803
0.0032653809
0.014778137
-0.0016260147
-0.0084152222
-0.0059318542
0.044677734
0.073608398
0.0073165894
-0.0025978088
-0.00084257126
-0.0020198822
0.019622803
0.10083008
0.062164307
-0.0048179626
0.031219482
-0.0046653748
0.11669922
-0.0071716309
-0.0015926361
0.055999756
0.0064620972
0.013153076
0.075683594
-0.0058479309
-0.0050201416
0.013771057
-0.0026226044
0.026977539
0.015617371
-0.0048522949
0.061157227
0.0080490112
-0.002538681
0.04486084
0.054412842
0.084289551
-0.00041127205
-0.0071182251
0.044525146
0.014701843
0.10620117
0.13146973
0.0039291382
-0.0024776459
-0.0062103271
0.057830811
0.0703125
0.1114502
0.055053711
-0.00094890594
-0.0043449402
0.089172363
-0.0041313171
-0.00064277649
0.01247406
0.12792969
0.055267334
-0.002325058
0.093261719
-0.0036315918
0.10119629
-0.0022468567
0.026931763
0.063903809
0.056518555
-0.0024242401
0.050048828
-0.0011835098
-0.0041313171
-0.0039710999
0.010505676
-0.0028038025
-0.0063285828
0.065979004
0.057861328
-0.0042266846
0.019073486
0.032836914
0.091308594
-0.0040245056
0.015762329
0.0026950836
0.004989624
0.086730957
-0.0089187622
0.014175415
-0.0022735596
0.076782227
0.079406738
0.071960449
0.086364746
0.01663208
0.070922852
-0.0040435791
-0.00068807602
-0.0035495758
-0.0078430176
0.084411621
-0.00018107891
-0.0038719177
0.085205078
-0.0050354004
0.11712646
0.017913818
0.031768799
0.0073928833
0.078796387
-0.003698349
0.064025879
0.033843994
-0.0037078857
-0.0096282959
0.032440186
0.11071777
-0.0093536377
0.034759521
-0.0077476501
0.020431519
-0.0049171448
0.080749512
-0.0038166046
0.088012695
-0.006526947
0.064575195
0.098022461
0.045349121
-0.005191803
0.0032653809
0.014778137
-0.0016260147
-0.0084152222
-0.0059318542
0.044677734
0.073608398
0.0073165894
-0.0025978088
-0.00084257126
-0.0020198822
0.019622803
0.10083008
0.062164307
-0.0048179626
0.031219482
-0.0046653748
0.11669922
-0.0071716309
-0.0015926361
0.055999756
0.0064620972
0.013153076
0.075683594
-0.0058479309
-0.0050201416
0.013771057
-0.0026226044
0.026977539
0.015617371
-0.0048522949
0.061157227
0.0080490112
-0.002538681
0.04486084
0.054412842
0.084289551
-0.00041127205
-0.0071182251
0.044525146
0.014701843
0.10620117
0.13146973
0.0039291382
-0.0024776459
-0.0062103271
0.057830811
0.0703125
0.1114502
0.055053711
-0.00094890594
-0.0043449402
0.089172363
-0.0041313171
-0.00064277649
0.01247406
0.12792969
0.055267334
-0.002325058
0.093261719
-0.0036315918
0.10119629
-0.0022468567
0.026931763
0.063903809
0.056518555
-0.0024242401
0.050048828
-0.0011835098
-0.0041313171
-0.0039710999
0.010505676
-0.0028038025
-0.0063285828
0.065979004
0.057861328
-0.0042266846
0.019073486
0.032836914
0.091308594
-0.0040245056
0.015762329
0.0026950836
0.004989624
0.086730957
-0.0089187622
0.014175415
-0.0022735596
0.076782227
0.079406738
0.071960449
0.086364746
0.01663208
0.070922852
-0.0040435791
-0.00068807602
-0.0035495758
-0.0078430176
0.084411621
-0.00018107891
-0.0038719177
0.085205078
-0.0050354004
0.11712646
0.017913818
0.031768799
0.0073928833
0.078796387
-0.003698349
0.064025879
0.033843994
-0.0037078857
-0.0096282959
0.032440186
0.11071777
-0.0093536377
0.034759521
-0.0077476501
0.020431519
-0.0049171448
0.080749512
-0.0038166046
0.088012695
-0.006526947
0.064575195
0.098022461
0.045349121
-0.005191803
0.0032653809
0.014778137
-0.0016260147
-0.0084152222
-0.0059318542
0.044677734
0.073608398
0.0073165894
-0.0025978088
-0.00084257126
-0.0020198822
0.019622803
0.10083008
0.062164307
-0.0048179626
0.031219482
-0.0046653748
0.11669922
-0.0071716309
-0.0015926361
0.055999756
0.0064620972
0.013153076
0.075683594
-0.0058479309
-0.0050201416
0.013771057
-0.0026226044
0.026977539
0.015617371
-0.0048522949
0.061157227
0.0080490112
-0.002538681
0.04486084
0.054412842
0.084289551
-0.00041127205
-0.0071182251
0.044525146
0.014701843
0.10620117
0.13146973
0.0039291382
-0.0024776459
-0.0062103271
0.057830811
0.0703125
0.1114502
0.055053711
-0.00094890594
-0.0043449402
0.089172363
-0.0041313171
-0.00064277649
0.01247406
0.12792969
0.055267334
-0.002325058
0.093261719
-0.0036315918
0.10119629
-0.0022468567
0.026931763
0.063903809
0.056518555
-0.0024242401
0.050048828
-0.0011835098
-0.0041313171
-0.0039710999
0.010505676
-0.0028038025
-0.0063285828
0.065979004
0.057861328
-0.0042266846
0.019073486
0.032836914
0.091308594
-0.0040245056
0.015762329
0.0026950836
0.004989624
0.086730957
-0.0089187622
0.014175415
-0.0022735596
0.076782227
0.079406738
0.071960449
0.086364746
0.01663208
0.070922852
-0.0040435791
-0.00068807602
-0.0035495758
-0.0078430176
0.084411621
-0.00018107891
-0.0038719177
0.085205078
-0.0050354004
0.11712646
0.017913818
0.031768799
0.0073928833
0.078796387
-0.003698349
0.064025879
0.033843994
-0.0037078857
-0.0096282959
0.032440186
0.11071777
-0.0093536377
0.034759521
-0.0077476501
0.020431519
-0.0049171448
0.080749512
-0.0038166046
0.088012695
-0.006526947
0.064575195
0.098022461
0.045349121
-0.005191803
0.0032653809
0.014778137
-0.0016260147
-0.0084152222
-0.0059318542
0.044677734
0.073608398
0.0073165894
-0.0025978088
-0.00084257126
-0.0020198822
0.019622803
0.10083008
0.062164307
-0.0048179626
0.031219482
-0.0046653748
0.11669922
-0.0071716309
-0.0015926361
0.055999756
0.0064620972
0.013153076
0.075683594
-0.0058479309
-0.0050201416
0.013771057
-0.0026226044
0.026977539
0.015617371
-0.0048522949
0.061157227
0.0080490112
-0.002538681
0.04486084
0.054412842
0.084289551
-0.00041127205
-0.0071182251
0.044525146
0.014701843
0.10620117
0.13146973
0.0039291382
-0.0024776459
-0.0062103271
0.057830811
0.0703125
0.1114502
0.055053711
-0.00094890594
-0.0043449402
0.089172363
-0.0041313171
-0.00064277649
0.01247406
0.12792969
0.055267334
-0.002325058
0.093261719
-0.0036315918
0.10119629
-0.0022468567
0.026931763
0.063903809
0.056518555
-0.0024242401
0.050048828
-0.0011835098
-0.0041313171
-0.0039710999
0.010505676
-0.0028038025
-0.0063285828
0.065979004
0.057861328
-0.0042266846
0.019073486
0.032836914
0.091308594
-0.0040245056
0.015762329
0.0026950836
0.004989624
0.086730957
-0.0089187622
0.014175415
-0.0022735596
0.076782227
0.079406738
0.071960449
0.086364746
0.01663208
0.070922852
-0.0040435791
-0.00068807602
-0.0035495758
-0.0078430176
0.084411621
-0.00018107891
-0.0038719177
0.085205078
-0.0050354004
0.11712646
0.017913818
0.031768799
0.0073928833
0.078796387
-0.003698349
0.064025879
0.033843994
-0.0037078857
-0.0096282959
0.032440186
0.11071777
-0.0093536377
0.034759521
-0.0077476501
0.020431519
-0.0049171448
0.080749512
-0.0038166046
0.088012695
-0.006526947
0.064575195
0.098022461
0.045349121
-0.005191803
0.0032653809
0.014778137
-0.0016260147
-0.0084152222
-0.0059318542
0.044677734
0.073608398
0.0073165894
-0.0025978088
-0.00084257126
-0.0020198822
0.019622803
0.10083008
0.062164307
-0.0048179626
0.031219482
-0.0046653748
0.11669922
-0.0071716309
-0.0015926361
0.055999756
0.0064620972
0.013153076
0.075683594
-0.0058479309
-0.0050201416
0.013771057
-0.0026226044
0.026977539
0.015617371
-0.0048522949
0.061157227
0.0080490112
-0.002538681
0.04486084
0.054412842
0.084289551
-0.00041127205
-0.0071182251
0.044525146
0.014701843
0.10620117
0.13146973
0.0039291382
-0.0024776459
-0.0062103271
0.057830811
0.0703125
0.1114502
0.055053711
-0.00094890594
-0.0043449402
0.089172363
-0.0041313171
-0.00064277649
0.01247406
0.12792969
0.055267334
-0.002325058
0.093261719
-0.0036315918
0.10119629
-0.0022468567
0.026931763
0.063903809
0.056518555
-0.0024242401
0.050048828
-0.0011835098
-0.0041313171
-0.0039710999
0.010505676
-0.0028038025
-0.0063285828
0.065979004
0.057861328
-0.0042266846
0.019073486
0.032836914
0.091308594
-0.0040245056
0.015762329
0.0026950836
0.004989624
0.086730957
-0.0089187622
0.014175415
-0.0022735596
0.076782227
0.079406738
0.071960449
0.086364746
0.01663208
0.070922852
-0.0040435791
-0.00068807602
-0.0035495758
-0.0078430176
0.084411621
-0.00018107891
-0.0038719177
0.085205078
-0.0050354004
0.11712646
0.017913818
0.031768799
0.0073928833
0.078796387
-0.003698349
0.064025879
0.033843994
-0.0037078857
-0.0096282959
0.032440186
0.11071777
-0.0093536377
0.034759521
-0.0077476501
0.020431519
-0.0049171448
0.080749512
-0.0038166046
0.088012695
-0.006526947
0.064575195
0.098022461
0.045349121
-0.005191803
0.0032653809
0.014778137
-0.0016260147
-0.0084152222
-0.0059318542
0.044677734
0.073608398
0.0073165894
-0.0025978088
-0.00084257126
-0.0020198822
0.019622803
0.10083008
0.062164307
-0.0048179626
0.031219482
-0.0046653748
0.11669922
-0.0071716309
-0.0015926361
0.055999756
0.0064620972
0.013153076
0.075683594
-0.0058479309
-0.0050201416
0.013771057
-0.0026226044
0.026977539
0.015617371
-0.0048522949
0.061157227
0.0080490112
-0.002538681
0.04486084
0.054412842
0.084289551
-0.00041127205
-0.0071182251
0.044525146
0.014701843
0.10620117
0.13146973
0.0039291382
-0.0024776459
-0.0062103271
0.057830811
0.0703125
0.1114502
0.055053711
-0.00094890594
-0.0043449402
0.089172363
-0.0041313171
-0.00064277649
0.01247406
0.12792969
0.055267334
-0.002325058
0.093261719
-0.0036315918
0.10119629
-0.0022468567
0.026931763
0.063903809
0.056518555
-0.0024242401
0.050048828
-0.0011835098
-0.0041313171
-0.0039710999
0.010505676
-0.0028038025
-0.0063285828
0.065979004
0.057861328
-0.0042266846
0.019073486
0.032836914
0.091308594
-0.0040245056
0.015762329
0.0026950836
0.004989624
0.086730957
-0.0089187622
0.014175415
-0.0022735596
0.076782227
0.079406738
0.071960449
0.086364746
0.01663208
0.070922852
-0.0040435791
-0.00068807602
-0.0035495758
-0.0078430176
0.084411621
-0.00018107891
-0.0038719177
0.085205078
-0.0050354004
0.11712646
0.017913818
0.031768799
0.0073928833
0.078796387
-0.003698349
0.064025879
0.033843994
-0.0037078857
-0.0096282959
0.032440186
0.11071777
-0.0093536377
0.034759521
-0.0077476501
0.020431519
-0.0049171448
0.080749512
-0.0038166046
0.088012695
-0.006526947
0.064575195
0.098022461
0.045349121
-0.005191803
0.0032653809
0.014778137
-0.0016260147
-0.0084152222
-0.0059318542
0.044677734
0.073608398
0.0073165894
-0.0025978088
-0.00084257126
-0.0020198822
0.019622803
0.10083008
0.062164307
-0.0048179626
0.031219482
-0.0046653748
0.11669922
-0.0071716309
-0.0015926361
0.055999756
0.0064620972
0.013153076
0.075683594
-0.0058479309
-0.0050201416
0.013771057
-0.0026226044
0.026977539
0.015617371
-0.0048522949
0.061157227
0.0080490112
-0.002538681
0.04486084
0.054412842
0.084289551
-0.00041127205
-0.0071182251
0.044525146
0.014701843
0.10620117
0.13146973
0.0039291382
-0.0024776459
-0.0062103271
0.057830811
0.0703125
0.1114502
0.055053711
-0.00094890594
-0.0043449402
0.089172363
-0.0041313171
-0.00064277649
0.01247406
0.12792969
0.055267334
-0.002325058
0.093261719
-0.0036315918
0.10119629
-0.0022468567
0.026931763
0.063903809
0.056518555
-0.0024242401
0.050048828
-0.0011835098
-0.0041313171
-0.0039710999
0.010505676
-0.0028038025
-0.0063285828
0.065979004
0.057861328
-0.0042266846
0.019073486
0.032836914
0.091308594
-0.0040245056
0.015762329
0.0026950836
0.004989624
0.086730957
-0.0089187622
0.014175415
-0.0022735596
0.076782227
0.079406738
0.071960449
0.086364746
0.01663208
0.070922852
-0.0040435791
-0.00068807602
-0.0035495758
-0.0078430176
0.084411621
-0.00018107891
-0.0038719177
0.085205078
-0.0050354004
0.11712646
0.017913818
0.031768799
0.0073928833
0.078796387
-0.003698349
0.064025879
0.033843994
-0.0037078857
-0.0096282959
0.032440186
0.11071777
-0.0093536377
0.034759521
-0.0077476501
0.020431519
-0.0049171448
0.080749512
-0.0038166046
0.088012695
-0.006526947
0.064575195
0.098022461
0.045349121
-0.005191803
0.0032653809
0.014778137
-0.0016260147
-0.0084152222
-0.0059318542
0.044677734
0.073608398
0.0073165894
-0.0025978088
-0.00084257126
-0.0020198822
0.019622803
0.10083008
0.062164307
-0.0048179626
0.031219482
-0.0046653748
0.11669922
-0.0071716309
-0.0015926361
0.055999756
0.0064620972
0.013153076
0.075683594
-0.0058479309
-0.0050201416
0.013771057
-0.0026226044
0.026977539
0.015617371
-0.0048522949
0.061157227
0.0080490112
-0.002538681
0.04486084
0.054412842
0.084289551
-0.00041127205
-0.0071182251
0.044525146
0.014701843
0.10620117
0.13146973
0.0039291382
-0.0024776459
-0.0062103271
0.057830811
0.0703125
0.1114502
0.055053711
-0.00094890594
-0.0043449402
0.089172363
-0.0041313171
-0.00064277649
0.01247406
0.12792969
0.055267334
-0.002325058
0.093261719
-0.0036315918
0.10119629
-0.0022468567
0.026931763
0.063903809
0.056518555
-0.0024242401
0.050048828
-0.0011835098
-0.0041313171
-0.0039710999
0.010505676
-0.0028038025
-0.0063285828
0.065979004
0.057861328
-0.0042266846
0.019073486
0.032836914
0.091308594
-0.0040245056
0.015762329
0.0026950836
0.004989624
0.086730957
-0.0089187622
0.014175415
-0.0022735596
0.076782227
0.079406738
0.071960449
0.086364746
0.01663208
0.070922852
-0.0040435791
-0.00068807602
-0.0035495758
-0.0078430176
0.084411621
-0.00018107891
-0.0038719177
0.085205078
-0.0050354004
0.11712646
0.017913818
0.031768799
0.0073928833
0.078796387
-0.003698349
0.064025879
0.033843994
-0.0037078857
-0.0096282959
0.032440186
0.11071777
-0.0093536377
0.034759521
-0.0077476501
0.020431519
-0.0049171448
0.080749512
-0.0038166046
0.088012695
-0.006526947
0.064575195
0.098022461
0.045349121
-0.005191803
0.0032653809
0.014778137
-0.0016260147
-0.0084152222
-0.0059318542
0.044677734
0.073608398
0.0073165894
-0.0025978088
-0.00084257126
-0.0020198822
0.019622803
0.10083008
0.062164307
-0.0048179626
0.031219482
-0.0046653748
0.11669922
-0.0071716309
-0.0015926361
0.055999756
0.0064620972
0.013153076
0.075683594
-0.0058479309
-0.0050201416
0.013771057
-0.0026226044
0.026977539
0.015617371
-0.0048522949
0.061157227
0.0080490112
-0.002538681
0.04486084
0.054412842
0.084289551
-0.00041127205
-0.0071182251
0.044525146
0.014701843
0.10620117
0.13146973
0.0039291382
-0.0024776459
-0.0062103271
0.057830811
0.0703125
0.1114502
0.055053711
-0.00094890594
-0.0043449402
0.089172363
-0.0041313171
-0.00064277649
0.01247406
0.12792969
0.055267334
-0.002325058
0.093261719
-0.0036315918
0.10119629
-0.0022468567
0.026931763
0.063903809
0.056518555
-0.0024242401
0.050048828
-0.0011835098
-0.0041313171
-0.0039710999
0.010505676
-0.0028038025
-0.0063285828
0.065979004
0.057861328
-0.0042266846
0.019073486
0.032836914
0.091308594
-0.0040245056
0.015762329
0.0026950836
0.004989624
0.086730957
-0.0089187622
0.014175415
-0.0022735596
0.076782227
0.079406738
0.071960449
0.086364746
0.01663208
0.070922852
-0.0040435791
-0.00068807602
-0.0035495758
-0.0078430176
0.084411621
-0.00018107891
-0.0038719177
0.085205078
-0.0050354004
0.11712646
0.017913818
0.031768799
0.0073928833
0.078796387
-0.003698349
0.064025879
0.033843994
-0.0037078857
-0.0096282959
0.032440186
0.11071777
-0.0093536377
0.034759521
-0.0077476501
0.020431519
-0.0049171448
0.080749512
-0.0038166046
0.088012695
-0.006526947
0.064575195
0.098022461
0.045349121
-0.005191803
0.0032653809
0.014778137
-0.0016260147
-0.0084152222
-0.0059318542
0.044677734
0.073608398
0.0073165894
-0.0025978088
-0.00084257126
-0.0020198822
0.019622803
0.10083008
0.062164307
-0.0048179626
0.031219482
-0.0046653748
0.11669922
-0.0071716309
-0.0015926361
0.055999756
0.0064620972
0.013153076
0.075683594
-0.0058479309
-0.0050201416
0.013771057
-0.0026226044
0.026977539
0.015617371
-0.0048522949
0.061157227
0.0080490112
-0.002538681
0.04486084
0.054412842
0.084289551
-0.00041127205
-0.0071182251
0.044525146
0.014701843
0.10620117
0.13146973
0.0039291382
-0.0024776459
-0.0062103271
0.057830811
0.0703125
0.1114502
0.055053711
-0.00094890594
-0.0043449402
0.089172363
-0.0041313171
-0.00064277649
0.01247406
0.12792969
0.055267334
-0.002325058
0.093261719
-0.0036315918
0.10119629
-0.0022468567
0.026931763
0.063903809
0.056518555
-0.0024242401
0.050048828
-0.0011835098
-0.0041313171
-0.0039710999
0.010505676
-0.0028038025
-0.0063285828
0.065979004
0.057861328
-0.0042266846
0.019073486
0.032836914
0.091308594
-0.0040245056
0.015762329
0.0026950836
0.004989624
0.086730957
-0.0089187622
0.014175415
-0.0022735596
0.076782227
0.079406738
0.071960449
0.086364746
0.01663208
0.070922852
-0.0040435791
-0.00068807602
-0.0035495758
-0.0078430176
0.084411621
-0.00018107891
-0.0038719177
0.085205078
-0.0050354004
0.11712646
0.017913818
0.031768799
0.0073928833
0.078796387
-0.003698349
0.064025879
0.033843994
-0.0037078857
-0.0096282959
0.032440186
0.11071777
-0.0093536377
0.034759521
-0.0077476501
0.020431519
-0.0049171448
0.080749512
-0.0038166046
0.088012695
-0.006526947
0.064575195
0.098022461
0.045349121
-0.005191803
0.0032653809
0.014778137
-0.0016260147
-0.0084152222
-0.0059318542
0.044677734
0.073608398
0.0073165894
-0.0025978088
-0.00084257126
-0.0020198822
0.019622803
0.10083008
0.062164307
-0.0048179626
0.031219482
-0.0046653748
0.11669922
-0.0071716309
-0.0015926361
0.055999756
0.0064620972
0.013153076
0.075683594
-0.0058479309
-0.0050201416
0.013771057
-0.0026226044
0.026977539
0.015617371
-0.0048522949
0.061157227
0.0080490112
-0.002538681
0.04486084
0.054412842
0.084289551
-0.00041127205
-0.0071182251
0.044525146
0.014701843
0.10620117
0.13146973
0.0039291382
-0.0024776459
-0.0062103271
0.057830811
0.0703125
0.1114502
0.055053711
-0.00094890594
-0.0043449402
0.089172363
-0.0041313171
-0.00064277649
0.01247406
0.12792969
0.055267334
-0.002325058
0.093261719
-0.0036315918
0.10119629
-0.0022468567
0.026931763
0.063903809
0.056518555
-0.0024242401
0.050048828
-0.0011835098
-0.0041313171
-0.0039710999
0.010505676
-0.0028038025
-0.0063285828
0.065979004
0.057861328
-0.0042266846
0.019073486
0.032836914
0.091308594
-0.0040245056
0.015762329
0.0026950836
0.004989624
0.086730957
-0.0089187622
0.014175415
-0.0022735596
0.076782227
0.079406738
0.071960449
0.086364746
0.01663208
0.070922852
-0.0040435791
-0.00068807602
-0.0035495758
-0.0078430176
0.084411621
-0.00018107891
-0.0038719177
0.085205078
-0.0050354004
0.11712646
0.017913818
0.031768799
0.0073928833
0.078796387
-0.003698349
0.064025879
0.033843994
-0.0037078857
-0.0096282959
0.032440186
0.11071777
-0.0093536377
0.034759521
-0.0077476501
0.020431519
-0.0049171448
0.080749512
-0.0038166046
0.088012695
-0.006526947
0.064575195
0.098022461
0.045349121
-0.005191803
0.0032653809
0.014778137
-0.0016260147
-0.0084152222
-0.0059318542
0.044677734
0.073608398
0.0073165894
-0.0025978088
-0.00084257126
-0.0020198822
0.019622803
0.10083008
0.062164307
-0.0048179626
0.031219482
-0.0046653748
0.11669922
-0.0071716309
-0.0015926361
0.055999756
0.0064620972
0.013153076
0.075683594
-0.0058479309
-0.0050201416
0.013771057
-0.0026226044
0.026977539
0.015617371
-0.0048522949
0.061157227
0.0080490112
-0.002538681
0.04486084
0.054412842
0.084289551
-0.00041127205
-0.0071182251
0.044525146
0.014701843
0.10620117
0.13146973
0.0039291382
-0.0024776459
-0.0062103271
0.057830811
0.0703125
0.1114502
0.055053711
-0.00094890594
-0.0043449402
0.089172363
-0.0041313171
-0.00064277649
0.01247406
0.12792969
0.055267334
-0.002325058
0.093261719
-0.0036315918
0.10119629
-0.0022468567
0.026931763
0.063903809
0.056518555
-0.0024242401
0.050048828
-0.0011835098
-0.0041313171
-0.0039710999
0.010505676
-0.0028038025
-0.0063285828
0.065979004
0.057861328
-0.0042266846
0.019073486
0.032836914
0.091308594
-0.0040245056
0.015762329
0.0026950836
0.004989624
0.086730957
-0.0089187622
0.014175415
-0.0022735596
0.076782227
0.079406738
0.071960449
0.086364746
0.01663208
0.070922852
-0.0040435791
-0.00068807602
-0.0035495758
-0.0078430176
0.084411621
-0.00018107891
-0.0038719177
0.085205078
-0.0050354004
0.11712646
0.017913818
0.031768799
0.0073928833
0.078796387
-0.003698349
0.064025879
0.033843994
-0.0037078857
-0.0096282959
0.032440186
0.11071777
-0.0093536377
0.034759521
-0.0077476501
0.020431519
-0.0049171448
0.080749512
-0.0038166046
0.088012695
-0.006526947
0.064575195
0.098022461
0.045349121
-0.005191803
0.0032653809
0.014778137
-0.0016260147
-0.0084152222
-0.0059318542
0.044677734
0.073608398
0.0073165894
-0.0025978088
-0.00084257126
-0.0020198822
0.019622803
0.10083008
0.062164307
-0.0048179626
0.031219482
-0.0046653748
0.11669922
-0.0071716309
-0.0015926361
0.055999756
0.0064620972
0.013153076
0.075683594
-0.0058479309
-0.0050201416
0.013771057
-0.0026226044
0.026977539
0.015617371
-0.0048522949
0.061157227
0.0080490112
-0.002538681
0.04486084
0.054412842
0.084289551
-0.00041127205
-0.0071182251
0.044525146
0.014701843
0.10620117
0.13146973
0.0039291382
-0.0024776459
-0.0062103271
0.057830811
0.0703125
0.1114502
0.055053711
-0.00094890594
-0.0043449402
0.089172363
-0.0041313171
-0.00064277649
0.01247406
0.12792969
0.055267334
-0.002325058
0.093261719
-0.0036315918
0.10119629
-0.0022468567
0.026931763
0.063903809
0.056518555
-0.0024242401
0.050048828
-0.0011835098
-0.0041313171
-0.0039710999
0.010505676
-0.0028038025
-0.0063285828
0.065979004
0.057861328
-0.0042266846
0.019073486
0.032836914
0.091308594
-0.0040245056
0.015762329
0.0026950836
0.004989624
0.086730957
-0.0089187622
0.014175415
-0.0022735596
0.076782227
0.079406738
0.071960449
0.086364746
0.01663208
0.070922852
-0.0040435791
-0.00068807602
-0.0035495758
-0.0078430176
0.084411621
-0.00018107891
-0.0038719177
0.085205078
-0.0050354004
0.11712646
0.017913818
0.031768799
0.0073928833
0.078796387
-0.003698349
0.064025879
0.033843994
-0.0037078857
-0.0096282959
0.032440186
0.11071777
-0.0093536377
0.034759521
-0.0077476501
0.020431519
-0.0049171448
0.080749512
-0.0038166046
0.088012695
-0.006526947
0.064575195
0.098022461
0.045349121
-0.005191803
0.0032653809
0.014778137
-0.0016260147
-0.0084152222
-0.0059318542
0.044677734
0.073608398
0.0073165894
-0.0025978088
-0.00084257126
-0.0020198822
0.019622803
0.10083008
0.062164307
-0.0048179626
0.031219482
-0.0046653748
0.11669922
-0.0071716309
-0.0015926361
0.055999756
0.0064620972
0.013153076
0.075683594
-0.0058479309
-0.0050201416
0.013771057
-0.0026226044
0.026977539
0.015617371
-0.0048522949
0.061157227
0.0080490112
-0.002538681
0.04486084
0.054412842
0.084289551
-0.00041127205
-0.0071182251
0.044525146
0.014701843
0.10620117
0.13146973
0.0039291382
-0.0024776459
-0.0062103271
0.057830811
0.0703125
0.1114502
0.055053711
-0.00094890594
-0.0043449402
0.089172363
-0.0041313171
-0.00064277649
0.01247406
0.12792969
0.055267334
-0.002325058
0.093261719
-0.0036315918
0.10119629
-0.0022468567
0.026931763
0.063903809
0.056518555
-0.0024242401
0.050048828
-0.0011835098
-0.0041313171
-0.0039710999
0.010505676
-0.0028038025
-0.0063285828
0.065979004
0.057861328
-0.0042266846
0.019073486
0.032836914
0.091308594
-0.0040245056
0.015762329
0.0026950836
0.004989624
0.086730957
-0.0089187622
0.014175415
-0.0022735596
0.076782227
0.079406738
0.071960449
0.086364746
0.01663208
0.070922852
-0.0040435791
-0.00068807602
-0.0035495758
-0.0078430176
0.084411621
-0.00018107891
-0.0038719177
0.085205078
-0.0050354004
0.11712646
0.017913818
0.031768799
0.0073928833
0.078796387
-0.003698349
0.064025879
0.033843994
-0.0037078857
-0.0096282959
0.032440186
0.11071777
-0.0093536377
0.034759521
-0.0077476501
0.020431519
-0.0049171448
0.080749512
-0.0038166046
0.088012695
-0.006526947
0.064575195
0.098022461
0.045349121
-0.005191803
0.0032653809
0.014778137
-0.0016260147
-0.0084152222
-0.0059318542
0.044677734
0.073608398
0.0073165894
-0.0025978088
-0.00084257126
-0.0020198822
0.019622803
0.10083008
0.062164307
-0.0048179626
0.031219482
-0.0046653748
0.11669922
-0.0071716309
-0.0015926361
0.055999756
0.0064620972
0.013153076
0.075683594
-0.0058479309
-0.0050201416
0.013771057
-0.0026226044
0.026977539
0.015617371
-0.0048522949
0.061157227
0.0080490112
-0.002538681
0.04486084
0.054412842
0.084289551
-0.00041127205
-0.0071182251
0.044525146
0.014701843
0.10620117
0.13146973
0.0039291382
-0.0024776459
-0.0062103271
0.057830811
0.0703125
0.1114502
0.055053711
-0.00094890594
-0.0043449402
0.089172363
-0.0041313171
-0.00064277649
0.01247406
0.12792969
0.055267334
-0.002325058
0.093261719
-0.0036315918
0.10119629
-0.0022468567
0.026931763
0.063903809
0.056518555
-0.0024242401
0.050048828
-0.0011835098
-0.0041313171
-0.0039710999
0.010505676
-0.0028038025
-0.0063285828
0.065979004
0.057861328
-0.0042266846
0.019073486
0.032836914
0.091308594
-0.0040245056
0.015762329
0.0026950836
0.004989624
0.086730957
-0.0089187622
0.014175415
-0.0022735596
0.076782227
0.079406738
0.071960449
0.086364746
0.01663208
0.070922852
-0.0040435791
-0.00068807602
-0.0035495758
-0.0078430176
0.084411621
-0.00018107891
-0.0038719177
0.085205078
-0.0050354004
0.11712646
0.017913818
0.031768799
0.0073928833
0.078796387
-0.003698349
0.064025879
0.033843994
-0.0037078857
-0.0096282959
0.032440186
0.11071777
-0.0093536377
0.034759521
-0.0077476501
0.020431519
-0.0049171448
0.080749512
-0.0038166046
0.088012695
-0.006526947
0.064575195
0.098022461
0.045349121
-0.005191803
0.0032653809
0.014778137
-0.0016260147
-0.0084152222
-0.0059318542
0.044677734
0.073608398
0.0073165894
-0.0025978088
-0.00084257126
-0.0020198822
0.019622803
0.10083008
0.062164307
-0.0048179626
0.031219482
-0.0046653748
0.11669922
-0.0071716309
-0.0015926361
0.055999756
0.0064620972
0.013153076
0.075683594
-0.0058479309
-0.0050201416
0.013771057
-0.0026226044
0.026977539
0.015617371
-0.0048522949
0.061157227
0.0080490112
-0.002538681
0.04486084
0.054412842
0.084289551
-0.00041127205
-0.0071182251
0.044525146
0.014701843
0.10620117
0.13146973
0.0039291382
-0.0024776459
-0.0062103271
0.057830811
0.0703125
0.1114502
0.055053711
-0.00094890594
-0.0043449402
0.089172363
-0.0041313171
-0.00064277649
0.01247406
0.12792969
0.055267334
-0.002325058
0.093261719
-0.0036315918
0.10119629
-0.0022468567
0.026931763
0.063903809
0.056518555
-0.0024242401
0.050048828
-0.0011835098
-0.0041313171
-0.0039710999
0.010505676
-0.0028038025
-0.0063285828
0.065979004
0.057861328
-0.0042266846
0.019073486
0.032836914
0.091308594
-0.0040245056
0.015762329
0.0026950836
0.004989624
0.086730957
-0.0089187622
0.014175415
-0.0022735596
0.076782227
0.079406738
0.071960449
0.086364746
0.01663208
0.070922852
-0.0040435791
-0.00068807602
-0.0035495758
-0.0078430176
0.084411621
-0.00018107891
-0.0038719177
0.085205078
-0.0050354004
0.11712646
0.017913818
0.031768799
0.0073928833
0.078796387
-0.003698349
0.064025879
0.033843994
-0.0037078857
-0.0096282959
0.032440186
0.11071777
-0.0093536377
0.034759521
-0.0077476501
0.020431519
-0.0049171448
0.080749512
-0.0038166046
0.088012695
-0.006526947
0.064575195
0.098022461
0.045349121
-0.005191803
0.0032653809
0.014778137
-0.0016260147
-0.0084152222
-0.0059318542
0.044677734
0.073608398
0.0073165894
-0.0025978088
-0.00084257126
-0.0020198822
0.019622803
0.10083008
0.062164307
-0.0048179626
0.031219482
-0.0046653748
0.11669922
-0.0071716309
-0.0015926361
0.055999756
0.0064620972
0.013153076
0.075683594
-0.0058479309
-0.0050201416
0.013771057
-0.0026226044
0.026977539
0.015617371
-0.0048522949
0.061157227
0.0080490112
-0.002538681
0.04486084
0.054412842
0.084289551
-0.00041127205
-0.0071182251
0.044525146
0.014701843
0.10620117
0.13146973
0.0039291382
-0.0024776459
-0.0062103271
0.057830811
0.0703125
0.1114502
0.055053711
-0.00094890594
-0.0043449402
0.089172363
-0.0041313171
-0.00064277649
0.01247406
0.12792969
0.055267334
-0.002325058
0.093261719
-0.0036315918
0.10119629
-0.0022468567
0.026931763
0.063903809
0.056518555
-0.0024242401
0.050048828
-0.0011835098
-0.0041313171
-0.0039710999
0.010505676
-0.0028038025
-0.0063285828
0.065979004
0.057861328
-0.0042266846
0.019073486
0.032836914
0.091308594
-0.0040245056
0.015762329
0.0026950836
0.004989624
0.086730957
-0.0089187622
0.014175415
-0.0022735596
0.076782227
0.079406738
0.071960449
0.086364746
0.01663208
0.070922852
-0.0040435791
-0.00068807602
-0.0035495758
-0.0078430176
0.084411621
-0.00018107891
-0.0038719177
0.085205078
-0.0050354004
0.11712646
0.017913818
0.031768799
0.0073928833
0.078796387
-0.003698349
0.064025879
0.033843994
-0.0037078857
-0.0096282959
0.032440186
0.11071777
-0.0093536377
0.034759521
-0.0077476501
0.020431519
-0.0049171448
0.080749512
-0.0038166046
0.088012695
-0.006526947
0.064575195
0.098022461
0.045349121
-0.005191803
0.0032653809
0.014778137
-0.0016260147
-0.0084152222
-0.0059318542
0.044677734
0.073608398
0.0073165894
-0.0025978088
-0.00084257126
-0.0020198822
0.019622803
0.10083008
0.062164307
-0.0048179626
0.031219482
-0.0046653748
0.11669922
-0.0071716309
-0.0015926361
0.055999756
0.0064620972
0.013153076
0.075683594
-0.0058479309
-0.0050201416
0.013771057
-0.0026226044
0.026977539
0.015617371
-0.0048522949
0.061157227
0.0080490112
-0.002538681
0.04486084
0.054412842
0.084289551
-0.00041127205
-0.0071182251
0.044525146
0.014701843
0.10620117
0.13146973
0.0039291382
-0.0024776459
-0.0062103271
0.057830811
0.0703125
0.1114502
0.055053711
-0.00094890594
-0.0043449402
0.089172363
-0.0041313171
-0.00064277649
0.01247406
0.12792969
0.055267334
-0.002325058
0.093261719
-0.0036315918
0.10119629
-0.0022468567
0.026931763
0.063903809
0.056518555
-0.0024242401
0.050048828
-0.0011835098
-0.0041313171
-0.0039710999
0.010505676
-0.0028038025
-0.0063285828
0.065979004
0.057861328
-0.0042266846
0.019073486
0.032836914
0.091308594
-0.0040245056
0.015762329
0.0026950836
0.004989624
0.086730957
-0.0089187622
0.014175415
-0.0022735596
0.076782227
0.079406738
0.071960449
0.086364746
0.01663208
0.070922852
-0.0040435791
-0.00068807602
-0.0035495758
-0.0078430176
0.084411621
-0.00018107891
-0.0038719177
0.085205078
-0.0050354004
0.11712646
0.017913818
0.031768799
0.0073928833
0.078796387
-0.003698349
0.064025879
0.033843994
-0.0037078857
-0.0096282959
0.032440186
0.11071777
-0.0093536377
0.034759521
-0.0077476501
0.020431519
-0.0049171448
0.080749512
-0.0038166046
0.088012695
-0.006526947
0.064575195
0.098022461
0.045349121
-0.005191803
0.0032653809
0.014778137
-0.0016260147
-0.0084152222
-0.0059318542
0.044677734
0.073608398
0.0073165894
-0.0025978088
-0.00084257126
-0.0020198822
0.019622803
0.10083008
0.062164307
-0.0048179626
0.031219482
-0.0046653748
0.11669922
-0.0071716309
-0.0015926361
0.055999756
0.0064620972
0.013153076
0.075683594
-0.0058479309
-0.0050201416
0.013771057
-0.0026226044
0.026977539
0.015617371
-0.0048522949
0.061157227
0.0080490112
-0.002538681
0.04486084
0.054412842
0.084289551
-0.00041127205
-0.0071182251
0.044525146
0.014701843
0.10620117
0.13146973
0.0039291382
-0.0024776459
-0.0062103271
0.057830811
0.0703125
0.1114502
0.055053711
-0.00094890594
-0.0043449402
0.089172363
-0.0041313171
-0.00064277649
0.01247406
0.12792969
0.055267334
-0.002325058
0.093261719
-0.0036315918
0.10119629
-0.0022468567
0.026931763
0.063903809
0.056518555
-0.0024242401
0.050048828
-0.0011835098
-0.0041313171
-0.0039710999
0.010505676
-0.0028038025
-0.0063285828
0.065979004
0.057861328
-0.0042266846
0.019073486
0.032836914
0.091308594
-0.0040245056
0.015762329
0.0026950836
0.004989624
0.086730957
-0.0089187622
0.014175415
-0.0022735596
0.076782227
0.079406738
0.071960449
0.086364746
0.01663208
0.070922852
-0.0040435791
-0.00068807602
-0.0035495758
-0.0078430176
0.084411621
-0.00018107891
-0.0038719177
0.085205078
-0.0050354004
0.11712646
0.017913818
0.031768799
0.0073928833
0.078796387
-0.003698349
0.064025879
0.033843994
-0.0037078857
-0.0096282959
0.032440186
0.11071777
-0.0093536377
0.034759521
-0.0077476501
0.020431519
-0.0049171448
0.080749512
-0.0038166046
0.088012695
-0.006526947
0.064575195
0.098022461
0.045349121
-0.005191803
0.0032653809
0.014778137
-0.0016260147
-0.0084152222
-0.0059318542
0.044677734
0.073608398
0.0073165894
-0.0025978088
-0.00084257126
-0.0020198822
0.019622803
0.10083008
0.062164307
-0.0048179626
0.031219482
-0.0046653748
0.11669922
-0.0071716309
-0.0015926361
0.055999756
0.0064620972
0.013153076
0.075683594
-0.0058479309
-0.0050201416
0.013771057
-0.0026226044
0.026977539
0.015617371
-0.0048522949
0.061157227
0.0080490112
-0.002538681
0.04486084
0.054412842
0.084289551
-0.00041127205
-0.0071182251
0.044525146
0.014701843
0.10620117
0.13146973
0.0039291382
-0.0024776459
-0.0062103271
0.057830811
0.0703125
0.1114502
0.055053711
-0.00094890594
-0.0043449402
0.089172363
-0.0041313171
-0.00064277649
0.01247406
0.12792969
0.055267334
-0.002325058
0.093261719
-0.0036315918
0.10119629
-0.0022468567
0.026931763
0.063903809
0.056518555
-0.0024242401
0.050048828
-0.0011835098
-0.0041313171
-0.0039710999
0.010505676
-0.0028038025
-0.0063285828
0.065979004
0.057861328
-0.0042266846
0.019073486
0.032836914
0.091308594
-0.0040245056
0.015762329
0.0026950836
0.004989624
0.086730957
-0.0089187622
0.014175415
-0.0022735596
0.076782227
0.079406738
0.071960449
0.086364746
0.01663208
0.070922852
-0.0040435791
-0.00068807602
-0.0035495758
-0.0078430176
0.084411621
-0.00018107891
-0.0038719177
0.085205078
-0.0050354004
0.11712646
0.017913818
0.031768799
0.0073928833
0.078796387
-0.003698349
0.064025879
0.033843994
-0.0037078857
-0.0096282959
0.032440186
0.11071777
-0.0093536377
0.034759521
-0.0077476501
0.020431519
-0.0049171448
0.080749512
-0.0038166046
0.088012695
-0.006526947
0.064575195
0.098022461
0.045349121
-0.005191803
0.0032653809
0.014778137
-0.0016260147
-0.0084152222
-0.0059318542
0.044677734
0.073608398
0.0073165894
-0.0025978088
-0.00084257126
-0.0020198822
0.019622803
0.10083008
0.062164307
-0.0048179626
0.031219482
-0.0046653748
0.11669922
-0.0071716309
-0.0015926361
0.055999756
0.0064620972
0.013153076
0.075683594
-0.0058479309
-0.0050201416
0.013771057
-0.0026226044
0.026977539
0.015617371
-0.0048522949
0.061157227
0.0080490112
-0.002538681
0.04486084
0.054412842
0.084289551
-0.00041127205
-0.0071182251
0.044525146
0.014701843
0.10620117
0.13146973
0.0039291382
-0.0024776459
-0.0062103271
0.057830811
0.0703125
0.1114502
0.055053711
-0.00094890594
-0.0043449402
0.089172363
-0.0041313171
-0.00064277649
0.01247406
0.12792969
0.055267334
-0.002325058
0.093261719
-0.0036315918
0.10119629
-0.0022468567
0.026931763
0.063903809
0.056518555
-0.0024242401
0.050048828
-0.0011835098
-0.0041313171
-0.0039710999
0.010505676
-0.0028038025
-0.0063285828
0.065979004
0.057861328
-0.0042266846
0.019073486
0.032836914
0.091308594
-0.0040245056
0.015762329
0.0026950836
0.004989624
0.086730957
-0.0089187622
0.014175415
-0.0022735596
0.076782227
0.079406738
0.071960449
0.086364746
0.01663208
0.070922852
-0.0040435791
-0.00068807602
-0.0035495758
-0.0078430176
0.084411621
-0.00018107891
-0.0038719177
0.085205078
-0.0050354004
0.11712646
0.017913818
0.031768799
0.0073928833
0.078796387
-0.003698349
0.064025879
0.033843994
-0.0037078857
-0.0096282959
0.032440186
0.11071777
-0.0093536377
0.034759521
-0.0077476501
0.020431519
-0.0049171448
0.080749512
-0.0038166046
0.088012695
-0.006526947
0.064575195
0.098022461
0.045349121
-0.005191803
0.0032653809
0.014778137
-0.0016260147
-0.0084152222
-0.0059318542
0.044677734
0.073608398
0.0073165894
-0.0025978088
-0.00084257126
-0.0020198822
0.019622803
0.10083008
0.062164307
-0.0048179626
0.031219482
-0.0046653748
0.11669922
-0.0071716309
-0.0015926361
0.055999756
0.0064620972
0.013153076
0.075683594
-0.0058479309
-0.0050201416
0.013771057
-0.0026226044
0.026977539
0.015617371
-0.0048522949
0.061157227
0.0080490112
-0.002538681
0.04486084
0.054412842
0.084289551
-0.00041127205
-0.0071182251
0.044525146
0.014701843
0.10620117
0.13146973
0.0039291382
-0.0024776459
-0.0062103271
0.057830811
0.0703125
0.1114502
0.055053711
-0.00094890594
-0.0043449402
0.089172363
-0.0041313171
-0.00064277649
0.01247406
0.12792969
0.055267334
-0.002325058
0.093261719
-0.0036315918
0.10119629
-0.0022468567
0.026931763
0.063903809
0.056518555
-0.0024242401
0.050048828
-0.0011835098
-0.0041313171
-0.0039710999
0.010505676
-0.0028038025
-0.0063285828
0.065979004
0.057861328
-0.0042266846
0.019073486
0.032836914
0.091308594
-0.0040245056
0.015762329
0.0026950836
0.004989624
0.086730957
-0.0089187622
0.014175415
-0.0022735596
0.076782227
0.079406738
0.071960449
0.086364746
0.01663208
0.070922852
-0.0040435791
-0.00068807602
-0.0035495758
-0.0078430176
0.084411621
-0.00018107891
-0.0038719177
0.085205078
-0.0050354004
0.11712646
0.017913818
0.031768799
0.0073928833
0.078796387
-0.003698349
0.064025879
0.033843994
-0.0037078857
-0.0096282959
0.032440186
0.11071777
-0.0093536377
0.034759521
-0.0077476501
0.020431519
-0.0049171448
0.080749512
-0.0038166046
0.088012695
-0.006526947
0.064575195
0.098022461
0.045349121
-0.005191803
0.0032653809
0.014778137
-0.0016260147
-0.0084152222
-0.0059318542
0.044677734
0.073608398
0.0073165894
-0.0025978088
-0.00084257126
-0.0020198822
0.019622803
0.10083008
0.062164307
-0.0048179626
0.031219482
-0.0046653748
0.11669922
-0.0071716309
-0.0015926361
0.055999756
0.0064620972
0.013153076
0.075683594
-0.0058479309
-0.0050201416
0.013771057
-0.0026226044
0.026977539
0.015617371
-0.0048522949
0.061157227
0.0080490112
-0.002538681
0.04486084
0.054412842
0.084289551
-0.00041127205
-0.0071182251
0.044525146
0.014701843
0.10620117
0.13146973
0.0039291382
-0.0024776459
-0.0062103271
0.057830811
0.0703125
0.1114502
0.055053711
-0.00094890594
-0.0043449402
0.089172363
-0.0041313171
-0.00064277649
0.01247406
0.12792969
0.055267334
-0.002325058
0.093261719
-0.0036315918
0.10119629
-0.0022468567
0.026931763
0.063903809
0.056518555
-0.0024242401
0.050048828
-0.0011835098
-0.0041313171
-0.0039710999
0.010505676
-0.0028038025
-0.0063285828
0.065979004
0.057861328
-0.0042266846
0.019073486
0.032836914
0.091308594
-0.0040245056
0.015762329
0.0026950836
0.004989624
0.086730957
-0.0089187622
0.014175415
-0.0022735596
0.076782227
0.079406738
0.071960449
0.086364746
0.01663208
0.070922852
-0.0040435791
-0.00068807602
-0.0035495758
-0.0078430176
0.084411621
-0.00018107891
-0.0038719177
0.085205078
-0.0050354004
0.11712646
0.017913818
0.031768799
0.0073928833
0.078796387
-0.003698349
0.064025879
0.033843994
-0.0037078857
-0.0096282959
0.032440186
0.11071777
-0.0093536377
0.034759521
-0.0077476501
0.020431519
-0.0049171448
0.080749512
-0.0038166046
0.088012695
-0.006526947
0.064575195
0.098022461
0.045349121
-0.005191803
0.0032653809
0.014778137
-0.0016260147
-0.0084152222
-0.0059318542
0.044677734
0.073608398
0.0073165894
-0.0025978088
-0.00084257126
-0.0020198822
0.019622803
0.10083008
0.062164307
-0.0048179626
0.031219482
-0.0046653748
0.11669922
-0.0071716309
-0.0015926361
0.055999756
0.0064620972
0.013153076
0.075683594
-0.0058479309
-0.0050201416
0.013771057
-0.0026226044
0.026977539
0.015617371
-0.0048522949
0.061157227
0.0080490112
-0.002538681
0.04486084
0.054412842
0.084289551
-0.00041127205
-0.0071182251
0.044525146
0.014701843
0.10620117
0.13146973
0.0039291382
-0.0024776459
-0.0062103271
0.057830811
0.0703125
0.1114502
0.055053711
-0.00094890594
-0.0043449402
0.089172363
-0.0041313171
-0.00064277649
0.01247406
0.12792969
0.055267334
-0.002325058
0.093261719
-0.0036315918
0.10119629
-0.0022468567
0.026931763
0.063903809
0.056518555
-0.0024242401
0.050048828
-0.0011835098
-0.0041313171
-0.0039710999
0.010505676
-0.0028038025
-0.0063285828
0.065979004
0.057861328
-0.0042266846
0.019073486
0.032836914
0.091308594
-0.0040245056
0.015762329
0.0026950836
0.004989624
0.086730957
-0.0089187622
0.014175415
-0.0022735596
0.076782227
0.079406738
0.071960449
0.086364746
0.01663208
0.070922852
-0.0040435791
-0.00068807602
-0.0035495758
-0.0078430176
0.084411621
-0.00018107891
-0.0038719177
0.085205078
-0.0050354004
0.11712646
0.017913818
0.031768799
0.0073928833
0.078796387
-0.003698349
0.064025879
0.033843994
-0.0037078857
-0.0096282959
0.032440186
0.11071777
-0.0093536377
0.034759521
-0.0077476501
0.020431519
-0.0049171448
0.080749512
-0.0038166046
0.088012695
-0.006526947
0.064575195
0.098022461
0.045349121
-0.005191803
0.0032653809
0.014778137
-0.0016260147
-0.0084152222
-0.0059318542
0.044677734
0.073608398
0.0073165894
-0.0025978088
-0.00084257126
-0.0020198822
0.019622803
0.10083008
0.062164307
-0.0048179626
0.031219482
-0.0046653748
0.11669922
-0.0071716309
-0.0015926361
0.055999756
0.0064620972
0.013153076
0.075683594
-0.0058479309
-0.0050201416
0.013771057
-0.0026226044
0.026977539
0.015617371
-0.0048522949
0.061157227
0.0080490112
-0.002538681
0.04486084
0.054412842
0.084289551
-0.00041127205
-0.0071182251
0.044525146
0.014701843
0.10620117
0.13146973
0.0039291382
-0.0024776459
-0.0062103271
0.057830811
0.0703125
0.1114502
0.055053711
-0.00094890594
-0.0043449402
0.089172363
-0.0041313171
-0.00064277649
0.01247406
0.12792969
0.055267334
-0.002325058
0.093261719
-0.0036315918
0.10119629
-0.0022468567
0.026931763
0.063903809
0.056518555
-0.0024242401
0.050048828
-0.0011835098
-0.0041313171
-0.0039710999
0.010505676
-0.0028038025
-0.0063285828
0.065979004
0.057861328
-0.0042266846
0.019073486
0.032836914
0.091308594
-0.0040245056
0.015762329
0.0026950836
0.004989624
0.086730957
-0.0089187622
0.014175415
-0.0022735596
0.076782227
0.079406738
0.071960449
0.086364746
0.01663208
0.070922852
-0.0040435791
-0.00068807602
-0.0035495758
-0.0078430176
0.084411621
-0.00018107891
-0.0038719177
0.085205078
-0.0050354004
0.11712646
0.017913818
0.031768799
0.0073928833
0.078796387
-0.003698349
0.064025879
0.033843994
-0.0037078857
-0.0096282959
0.032440186
0.11071777
-0.0093536377
0.034759521
-0.0077476501
0.020431519
-0.0049171448
0.080749512
-0.0038166046
0.088012695
-0.006526947
0.064575195
0.098022461
0.045349121
-0.005191803
0.0032653809
0.014778137
-0.0016260147
-0.0084152222
-0.0059318542
0.044677734
0.073608398
0.0073165894
-0.0025978088
-0.00084257126
-0.0020198822
0.019622803
0.10083008
0.062164307
-0.0048179626
0.031219482
-0.0046653748
0.11669922
-0.0071716309
-0.0015926361
0.055999756
0.0064620972
0.013153076
0.075683594
-0.0058479309
-0.0050201416
0.013771057
-0.0026226044
0.026977539
0.015617371
-0.0048522949
0.061157227
0.0080490112
-0.002538681
0.04486084
0.054412842
0.084289551
-0.00041127205
-0.0071182251
0.044525146
0.014701843
0.10620117
0.13146973
0.0039291382
-0.0024776459
-0.0062103271
0.057830811
0.0703125
0.1114502
0.055053711
-0.00094890594
-0.0043449402
0.089172363
-0.0041313171
-0.00064277649
0.01247406
0.12792969
0.055267334
-0.002325058
0.093261719
-0.0036315918
0.10119629
-0.0022468567
0.026931763
0.063903809
0.056518555
-0.0024242401
0.050048828
-0.0011835098
-0.0041313171
-0.0039710999
0.010505676
-0.0028038025
-0.0063285828
0.065979004
0.057861328
-0.0042266846
0.019073486
0.032836914
0.091308594
-0.0040245056
0.015762329
0.0026950836
0.004989624
0.086730957
-0.0089187622
0.014175415
-0.0022735596
0.076782227
0.079406738
0.071960449
0.086364746
0.01663208
0.070922852
-0.0040435791
-0.00068807602
-0.0035495758
-0.0078430176
0.084411621
-0.00018107891
-0.0038719177
0.085205078
-0.0050354004
0.11712646
0.017913818
0.031768799
0.0073928833
0.078796387
-0.003698349
0.064025879
0.033843994
-0.0037078857
-0.0096282959
0.032440186
0.11071777
-0.0093536377
0.034759521
-0.0077476501
0.020431519
-0.0049171448
0.080749512
-0.0038166046
0.088012695
-0.006526947
0.064575195
0.098022461
0.045349121
-0.005191803
0.0032653809
0.014778137
-0.0016260147
-0.0084152222
-0.0059318542
0.044677734
0.073608398
0.0073165894
-0.0025978088
-0.00084257126
-0.0020198822
0.019622803
0.10083008
0.062164307
-0.0048179626
0.031219482
-0.0046653748
0.11669922
-0.0071716309
-0.0015926361
0.055999756
0.0064620972
0.013153076
0.075683594
-0.0058479309
-0.0050201416
0.013771057
-0.0026226044
0.026977539
0.015617371
-0.0048522949
0.061157227
0.0080490112
-0.002538681
0.04486084
0.054412842
0.084289551
-0.00041127205
-0.0071182251
0.044525146
0.014701843
0.10620117
0.13146973
0.0039291382
-0.0024776459
-0.0062103271
0.057830811
0.0703125
0.1114502
0.055053711
-0.00094890594
-0.0043449402
0.089172363
-0.0041313171
-0.00064277649
0.01247406
0.12792969
0.055267334
-0.002325058
0.093261719
-0.0036315918
0.10119629
-0.0022468567
0.026931763
0.063903809
0.056518555
-0.0024242401
0.050048828
-0.0011835098
-0.0041313171
-0.0039710999
0.010505676
-0.0028038025
-0.0063285828
0.065979004
0.057861328
-0.0042266846
0.019073486
0.032836914
0.091308594
-0.0040245056
0.015762329
0.0026950836
0.004989624
0.086730957
-0.0089187622
0.014175415
-0.0022735596
0.076782227
0.079406738
0.071960449
0.086364746
0.01663208
0.070922852
-0.0040435791
-0.00068807602
-0.0035495758
-0.0078430176
0.084411621
-0.00018107891
-0.0038719177
0.085205078
-0.0050354004
0.11712646
0.017913818
0.031768799
0.0073928833
0.078796387
-0.003698349
0.064025879
0.033843994
-0.0037078857
-0.0096282959
0.032440186
0.11071777
-0.0093536377
0.034759521
-0.0077476501
0.020431519
-0.0049171448
0.080749512
-0.0038166046
0.088012695
-0.006526947
0.064575195
0.098022461
0.045349121
-0.005191803
0.0032653809
0.014778137
-0.0016260147
-0.0084152222
-0.0059318542
0.044677734
0.073608398
0.0073165894
-0.0025978088
-0.00084257126
-0.0020198822
0.019622803
0.10083008
0.062164307
-0.0048179626
0.031219482
-0.0046653748
0.11669922
-0.0071716309
-0.0015926361
0.055999756
0.0064620972
0.013153076
0.075683594
-0.0058479309
-0.0050201416
0.013771057
-0.0026226044
0.026977539
0.015617371
-0.0048522949
0.061157227
0.0080490112
-0.002538681
0.04486084
0.054412842
0.084289551
-0.00041127205
-0.0071182251
0.044525146
0.014701843
0.10620117
0.13146973
0.0039291382
-0.0024776459
-0.0062103271
0.057830811
0.0703125
0.1114502
0.055053711
-0.00094890594
-0.0043449402
0.089172363
-0.0041313171
-0.00064277649
0.01247406
0.12792969
0.055267334
-0.002325058
0.093261719
-0.0036315918
0.10119629
-0.0022468567
0.026931763
0.063903809
0.056518555
-0.0024242401
0.050048828
-0.0011835098
-0.0041313171
-0.0039710999
0.010505676
-0.0028038025
-0.0063285828
0.065979004
0.057861328
-0.0042266846
0.019073486
0.032836914
0.091308594
-0.0040245056
0.015762329
0.0026950836
0.004989624
0.086730957
-0.0089187622
0.014175415
-0.0022735596
0.076782227
0.079406738
0.071960449
0.086364746
0.01663208
0.070922852
-0.0040435791
-0.00068807602
-0.0035495758
-0.0078430176
0.084411621
-0.00018107891
-0.0038719177
0.085205078
-0.0050354004
0.11712646
0.017913818
0.031768799
0.0073928833
0.078796387
-0.003698349
0.064025879
0.033843994
-0.0037078857
-0.0096282959
0.032440186
0.11071777
-0.0093536377
0.034759521
-0.0077476501
0.020431519
-0.0049171448
0.080749512
-0.0038166046
0.088012695
-0.006526947
0.064575195
0.098022461
0.045349121
-0.005191803
0.0032653809
0.014778137
-0.0016260147
-0.0084152222
-0.0059318542
0.044677734
0.073608398
0.0073165894
-0.0025978088
-0.00084257126
-0.0020198822
0.019622803
0.10083008
0.062164307
-0.0048179626
0.031219482
-0.0046653748
0.11669922
-0.0071716309
-0.0015926361
0.055999756
0.0064620972
0.013153076
0.075683594
-0.0058479309
-0.0050201416
0.013771057
-0.0026226044
0.026977539
0.015617371
-0.0048522949
0.061157227
0.0080490112
-0.002538681
0.04486084
0.054412842
0.084289551
-0.00041127205
-0.0071182251
0.044525146
0.014701843
0.10620117
0.13146973
0.0039291382
-0.0024776459
-0.0062103271
0.057830811
0.0703125
0.1114502
0.055053711
-0.00094890594
-0.0043449402
0.089172363
-0.0041313171
-0.00064277649
0.01247406
0.12792969
0.055267334
-0.002325058
0.093261719
-0.0036315918
0.10119629
-0.0022468567
0.026931763
0.063903809
