0.102058
0.511171
0.087350
1.990478
0.380928
0.075041
0.115565
0.103416
0.999636
0.007152
0.144447
0.060544
0.191840
0.001259
0.677898
0.021489
0.016531
0.080564
0.709267
0.402901
0.000554
0.514732
2.341543
0.130150
0.495133
0.083177
1.022313
0.118411
0.002099
1.818851
0.603877
0.012893
0.892153
0.031380
0.010936
0.092937
0.005749
0.089318
2.277719
0.046166
0.879913
0.534929
0.721667
0.116379
0.037850
0.038527
0.024719
0.166247
0.118751
0.241345
0.195996
0.003070
2.156232
0.191788
0.061581
0.018697
0.036532
0.782569
0.871263
0.110786
1.068647
0.302819
0.144206
0.179687
