0.456055
0.069519
-0.016891
0.344971
-0.001372
-0.000042
-0.019516
0.027222
-0.014771
0.471436
0.506836
0.217407
0.095032
0.023071
0.383301
0.060089
0.303467
-0.008636
0.423828
0.554688
-0.009659
-0.030533
0.278320
0.377197
0.270264
0.179565
0.183838
0.405762
-0.001034
-0.001550
-0.012329
0.068420
0.189697
-0.011208
-0.008644
0.126099
-0.015884
0.315186
0.141113
0.080994
0.316406
-0.030640
0.088806
-0.019791
-0.012001
0.250488
-0.008247
-0.008904
-0.022415
0.089417
-0.025299
0.525879
-0.056641
0.057251
0.235352
0.093628
0.106812
-0.008347
0.268555
0.450439
1.081055
0.317383
-0.007256
0.163086
0.214111
-0.015274
-0.023804
0.220947
0.339111
-0.023315
0.333252
0.042786
-0.004421
-0.052734
0.055847
0.253662
0.216309
-0.025146
0.000052
-0.007278
0.466309
-0.017883
0.236938
-0.024933
0.144287
-0.026947
0.332520
-0.015930
0.127563
-0.007019
0.028214
0.069885
0.450684
-0.021210
0.335205
-0.001025
0.014114
0.344971
0.144165
0.414551
0.398438
-0.000090
0.235352
0.120239
0.100098
-0.002439
0.525391
-0.003675
0.549805
0.439453
0.256104
0.406494
-0.034668
-0.019028
-0.002758
-0.032928
0.173706
-0.008911
0.399414
0.469238
0.032562
0.352783
-0.031372
-0.019211
-0.029663
0.259521
-0.004974
0.231812
0.453857
0.306396
-0.035950
0.316895
-0.012070
-0.031525
-0.004105
0.048767
-0.028717
0.390625
0.883301
0.462402
0.154541
0.013451
0.061707
0.321289
0.208008
-0.025940
0.213867
0.718262
0.035980
-0.041534
0.483887
0.700195
0.537598
0.435303
-0.023727
0.497559
-0.039886
-0.015205
-0.025406
0.410645
0.167725
-0.037842
0.026108
0.221436
0.012680
0.457275
0.237671
0.403320
0.552734
-0.025116
0.426025
-0.049133
-0.000166
0.178589
-0.005512
-0.022232
-0.007950
-0.022766
-0.002565
0.584961
-0.107361
-0.013512
0.104492
0.198730
0.119263
-0.034332
0.368164
0.101318
1.437500
0.119995
-0.074402
-0.005909
0.056763
-0.039764
-0.027390
-0.010857
0.757812
-0.042755
0.358154
-0.035492
-0.009186
-0.072876
-0.023376
0.048279
0.703613
-0.054596
-0.008293
-0.065491
0.581543
0.504883
0.551758
-0.061798
0.377197
-0.040497
0.412354
0.071228
0.073120
0.122437
0.019455
0.099060
0.661133
-0.069824
0.460938
-0.039795
0.158813
0.477051
-0.002253
0.262451
0.378906
-0.039337
0.431641
0.093201
0.032257
-0.010948
0.931641
0.055115
0.665039
0.572754
0.350342
0.079651
-0.056763
-0.010033
0.178833
-0.032867
0.212280
-0.017471
0.644043
0.687500
-0.035675
-0.004356
-0.063171
-0.021835
-0.042084
0.038025
-0.065918
0.057129
0.391357
0.205811
-0.034760
0.338867
-0.030426
-0.027420
0.038208
0.007843
-0.003874
0.259521
0.618164
0.171753
0.162476
-0.016113
0.331299
0.238525
0.189697
-0.003798
0.229736
0.439697
0.283447
-0.025528
-0.000764
0.218872
0.191650
0.157837
0.108826
0.427979
-0.026428
-0.010712
0.100769
0.177246
0.114258
-0.018875
0.089661
-0.003273
-0.003712
0.443848
0.191772
0.324951
0.493408
-0.042877
0.265137
-0.043854
-0.022400
0.302734
-0.016815
-0.002380
-0.015945
0.162109
0.047394
0.382568
-0.077209
-0.008026
0.227905
0.270020
-0.010742
-0.004005
0.455566
0.343018
1.068359
0.247803
-0.012222
-0.009666
0.208740
-0.017273
-0.024033
0.067505
0.500977
-0.045471
0.369141
-0.008316
-0.019363
-0.055084
-0.006001
0.002903
0.199707
-0.050415
0.007919
-0.003622
0.419189
-0.016678
0.274170
-0.043060
0.478516
-0.027145
0.425781
0.055115
0.324463
0.160156
-0.008354
-0.001550
0.456543
-0.033417
0.506348
-0.018631
0.101135
0.404785
0.182861
0.217529
0.512695
0.174194
0.204956
-0.015717
0.129150
0.009254
0.755371
-0.008011
0.679199
0.361328
0.334473
0.446045
-0.028915
-0.025421
-0.012138
-0.014053
0.323730
-0.020920
0.457275
0.649902
-0.027283
0.157227
-0.060303
-0.010025
-0.033661
0.093811
-0.024307
0.180664
0.332764
0.161499
-0.031738
0.370850
-0.032928
-0.013031
-0.015404
-0.032867
-0.006603
0.466064
0.457764
0.341797
0.239624
-0.002100
0.102844
0.101501
0.271729
0.145020
0.107178
0.684570
-0.010017
-0.019333
0.278320
0.547852
0.211182
-0.002914
-0.003748
0.651367
-0.010651
-0.008766
0.008781
-0.010475
0.165039
-0.030136
-0.015266
-0.007473
-0.039520
0.447998
0.245361
0.109436
0.737793
-0.052429
-0.005020
-0.010254
-0.031006
0.334473
0.054077
0.003368
-0.020981
0.184326
0.052734
0.652832
-0.081909
0.036072
0.428955
-0.004566
-0.006950
-0.015320
0.390381
0.559082
1.165039
0.264404
0.187500
0.266846
0.579590
0.066772
-0.021042
0.060913
0.400879
-0.052521
0.416992
0.100708
0.234009
-0.047516
0.181152
0.495361
0.035767
-0.040344
0.229614
-0.010101
0.404053
-0.029327
0.168335
-0.042786
0.296387
-0.000306
0.394043
-0.008820
0.194946
0.175171
-0.007729
-0.009239
0.531738
-0.009384
0.573242
-0.042053
0.229492
0.405273
0.358398
0.542969
1.004883
0.509766
0.459717
0.022003
0.266602
-0.000933
0.822754
0.011017
0.701172
0.756348
0.406250
0.380859
-0.024155
-0.030380
-0.007275
-0.015106
0.198608
-0.022995
0.674316
0.431396
-0.022659
0.382324
-0.079590
-0.026108
-0.057648
0.082153
-0.035339
0.501953
0.239624
0.113037
-0.004368
0.184204
-0.007290
-0.019318
-0.005863
0.054047
-0.017502
0.361816
0.412109
0.129761
0.096497
-0.001182
0.102417
0.103394
0.121399
-0.011139
0.215210
0.354736
-0.012100
-0.013695
0.056610
0.251709
0.222412
0.237671
0.073669
0.328369
-0.013954
-0.004105
-0.004078
0.083679
0.055725
-0.014694
0.022552
0.129883
0.007622
0.238525
0.165161
0.160645
0.290771
-0.017410
0.171997
-0.019806
-0.009781
0.181763
-0.006374
-0.000416
-0.010864
-0.002842
-0.021606
0.377686
-0.050659
-0.005619
0.082825
0.141357
0.038788
-0.009163
0.099182
0.230591
0.720703
0.100281
-0.029327
-0.007790
0.083496
-0.019943
-0.011154
-0.001302
0.313965
-0.017120
0.204102
-0.010635
-0.001239
-0.042297
-0.008194
0.117004
0.337891
-0.025375
-0.002361
-0.013885
0.259033
-0.004360
0.214966
-0.024796
0.074463
-0.021317
0.270752
0.003012
0.093689
0.066101
0.033173
0.091003
0.442383
-0.025269
0.280273
-0.004169
0.139771
0.300293
0.050659
0.247437
0.235352
-0.014771
0.256104
0.069092
0.098694
-0.004913
0.427246
0.039673
0.270508
0.366943
0.303467
0.201294
-0.027252
-0.011742
0.022980
-0.014259
0.038696
-0.011337
0.352539
0.494873
-0.010498
0.127563
-0.032928
-0.006748
-0.012733
-0.001161
-0.018799
0.135742
0.680664
0.570801
-0.036652
0.019577
0.392334
0.507812
-0.017548
0.139893
-0.001307
0.724121
0.513184
0.789062
0.081665
0.081482
0.737793
0.739746
0.386475
-0.018555
0.706055
0.919434
-0.028870
-0.023117
0.941895
0.271240
0.417480
0.208252
0.241211
0.165527
-0.001429
0.082336
-0.015106
-0.080566
1.114258
-0.017639
-0.050293
-0.007328
-0.034454
-0.004276
0.173706
-0.042786
0.543945
-0.078613
-0.000569
-0.023041
-0.052582
0.310547
-0.032043
0.200439
-0.090637
-0.038055
0.183716
0.410889
-0.091003
-0.051819
-0.006584
0.594238
-0.016449
-0.001607
0.632324
0.133789
1.619141
0.809082
-0.059113
0.897949
0.545410
0.295654
-0.017471
0.644531
0.032013
0.207031
0.533203
-0.053528
-0.029922
-0.051697
0.330322
0.333252
0.143311
-0.029236
-0.012733
0.270752
1.034180
-0.047913
0.326416
-0.046570
0.314453
-0.029419
0.390381
-0.018356
0.463623
-0.033173
1.004883
0.414795
0.737793
-0.062469
0.405029
-0.020874
-0.056427
0.358643
-0.019669
0.164795
0.752441
0.316406
0.217163
-0.015472
0.463135
0.520508
0.691406
0.057526
0.709473
0.967773
0.486084
0.604004
-0.051514
-0.009277
0.366943
0.341797
0.404541
-0.051666
0.894531
0.532227
0.553711
0.642578
-0.097290
-0.017578
-0.057068
0.243042
-0.035736
0.315674
0.587402
0.328613
-0.040344
0.177734
-0.019806
-0.043518
0.020462
0.197998
-0.040100
0.504395
0.597656
0.605469
0.111084
-0.016449
0.141113
0.225586
0.125122
-0.016968
0.313477
0.677246
-0.017136
-0.034882
0.400391
0.491211
0.508789
0.296875
-0.017914
0.470947
-0.021866
-0.005810
-0.000731
0.270020
0.171509
-0.043488
-0.004826
0.168457
-0.001762
0.638184
0.093689
0.054840
0.431152
-0.047241
0.331299
-0.056671
0.052307
0.294434
-0.023193
0.214844
-0.045837
-0.010597
-0.038147
0.661621
-0.096924
-0.030640
-0.014259
0.246704
0.215942
-0.023575
0.268555
0.338867
1.336914
0.277832
-0.075562
-0.012161
-0.000134
-0.010384
-0.019638
-0.014641
0.481689
-0.017227
0.175781
-0.057068
-0.018768
-0.063171
-0.021835
0.029129
0.810059
-0.036682
-0.019821
-0.043091
0.380371
0.343262
0.416748
-0.046936
0.405762
-0.055969
0.187500
0.097656
0.416992
0.049133
0.137451
0.112671
0.840332
-0.048126
0.668945
0.008652
0.028961
0.734375
-0.012520
0.188843
0.567383
-0.061157
0.525391
0.115845
0.185669
-0.024536
0.540039
0.080017
0.754395
0.729492
0.506836
0.036224
-0.062683
-0.000545
0.030777
-0.027496
0.250488
-0.022125
0.611328
0.757812
-0.004917
0.125732
-0.043243
-0.023148
-0.021729
0.077148
-0.018860
0.187988
0.841797
0.125122
-0.018738
0.232910
-0.048126
0.022461
-0.003216
0.251953
-0.008987
0.576660
0.320557
0.671387
0.049957
-0.006912
0.692383
0.174316
0.507812
-0.012962
0.911133
0.814941
-0.019684
-0.055237
0.417725
0.557129
0.369385
0.128906
0.073608
0.364502
-0.007706
0.112366
-0.001191
-0.019135
0.467773
-0.028275
-0.026138
-0.018021
-0.017700
0.379150
-0.007744
-0.041351
0.357422
-0.059479
-0.021530
-0.053802
-0.032349
0.159424
-0.035553
0.255371
-0.072205
-0.005348
-0.042511
0.466064
-0.088501
-0.025345
-0.041840
0.524414
0.037354
0.155884
0.339844
0.378906
1.494141
0.804688
-0.035767
0.292480
0.421875
0.432617
-0.011635
0.171753
0.011780
-0.007053
0.040283
-0.053619
-0.052856
-0.049377
-0.004742
0.021759
0.374023
-0.029190
-0.020950
0.006557
0.868164
-0.034424
0.360840
-0.048004
0.470215
-0.030777
0.193115
-0.014030
0.425293
-0.027420
0.162354
0.280518
0.873047
-0.013901
0.569336
0.417969
-0.029388
0.420898
-0.005573
0.165649
0.817871
-0.007328
0.528320
-0.008766
0.314209
-0.014679
0.324951
0.132324
0.728027
0.663574
0.445801
0.689941
-0.046753
-0.021332
-0.014336
-0.021744
0.364258
-0.057648
0.943848
0.819336
0.308594
0.523438
-0.052795
-0.028763
-0.038330
0.338135
0.326904
0.270996
0.197021
0.225464
0.128662
0.031342
-0.007156
-0.003597
0.171265
-0.005772
-0.003256
0.174072
0.160034
0.186035
0.050476
-0.000942
0.049347
0.121765
0.101257
-0.006996
0.160889
0.340820
-0.015556
-0.014893
0.228638
0.201050
0.258301
0.072510
0.108887
0.089966
0.101562
-0.008682
-0.013191
-0.035248
0.193115
-0.002296
0.024902
-0.009468
-0.010643
0.019897
0.112305
0.096252
0.003778
-0.014297
0.130615
-0.016525
-0.018463
0.012596
-0.019958
-0.005024
-0.013367
-0.003067
-0.003292
0.118896
-0.023636
-0.011642
-0.022095
0.186035
-0.003199
0.152710
0.077026
-0.011917
0.319336
0.223755
-0.011162
0.273682
0.129761
0.051910
-0.012566
0.054626
0.028412
0.052643
-0.007896
-0.014648
0.008301
-0.021683
0.043152
0.159546
-0.007584
-0.018784
-0.009422
-0.004066
0.366699
0.098999
0.024063
-0.010590
0.114929
-0.001234
0.230469
-0.008904
-0.001331
-0.006531
0.141113
0.322754
0.016647
-0.017166
0.041229
-0.010818
0.137085
0.032318
0.085449
0.156738
0.041565
-0.009087
0.055481
0.029892
-0.003059
0.156006
0.235229
0.003845
-0.002762
0.124634
0.155762
0.264404
-0.005966
-0.012894
0.037384
0.197510
0.037476
-0.007324
0.264404
0.133301
0.146484
0.042755
-0.008667
0.041931
-0.012154
0.118469
-0.007133
0.084167
0.056519
-0.002424
0.050049
-0.001184
-0.004131
-0.003971
0.010506
-0.002804
-0.006329
0.065979
0.057861
-0.004227
0.019073
0.032837
0.091309
-0.004025
0.015762
0.002695
0.004990
0.086731
-0.008919
0.014175
-0.002274
0.076782
0.079407
0.071960
0.086365
0.016632
0.070923
-0.004044
-0.000688
-0.003550
-0.007843
0.084412
-0.000181
-0.003872
0.085205
-0.005035
0.117126
0.017914
0.031769
0.007393
0.078796
-0.003698
0.064026
0.033844
-0.003708
-0.009628
0.032440
0.110718
-0.009354
0.034760
-0.007748
0.020432
-0.004917
0.080750
-0.003817
0.088013
-0.006527
0.064575
0.098022
0.045349
-0.005192
0.003265
0.014778
-0.001626
-0.008415
-0.005932
0.044678
0.073608
0.007317
-0.002598
-0.000843
-0.002020
0.019623
0.100830
0.062164
-0.004818
0.031219
-0.004665
0.116699
-0.007172
-0.001593
0.056000
0.006462
0.013153
0.075684
-0.005848
-0.005020
0.013771
-0.002623
0.026978
0.015617
-0.004852
0.061157
0.008049
-0.002539
0.044861
0.054413
0.084290
-0.000411
-0.007118
0.044525
0.014702
0.106201
0.131470
0.003929
-0.002478
-0.006210
0.057831
0.070312
0.111450
0.055054
-0.000949
-0.004345
0.089172
-0.004131
-0.000643
0.012474
0.127930
0.055267
-0.002325
0.093262
-0.003632
0.101196
-0.002247
0.026932
0.063904
0.056519
-0.002424
0.050049
-0.001184
-0.004131
-0.003971
0.010506
-0.002804
-0.006329
0.065979
0.057861
-0.004227
0.019073
0.032837
0.091309
-0.004025
0.015762
0.002695
0.004990
0.086731
-0.008919
0.014175
-0.002274
0.076782
0.079407
0.071960
0.086365
0.016632
0.070923
-0.004044
-0.000688
-0.003550
-0.007843
0.084412
-0.000181
-0.003872
0.085205
-0.005035
0.117126
0.017914
0.031769
0.007393
0.078796
-0.003698
0.064026
0.033844
-0.003708
-0.009628
0.032440
0.110718
-0.009354
0.034760
-0.007748
0.020432
-0.004917
0.080750
-0.003817
0.088013
-0.006527
0.064575
0.098022
0.045349
-0.005192
0.003265
0.014778
-0.001626
-0.008415
-0.005932
0.044678
0.073608
0.007317
-0.002598
-0.000843
-0.002020
0.019623
0.100830
0.062164
-0.004818
0.031219
-0.004665
0.116699
-0.007172
-0.001593
0.056000
0.006462
0.013153
0.075684
-0.005848
-0.005020
0.013771
-0.002623
0.026978
0.015617
-0.004852
0.061157
0.008049
-0.002539
0.044861
0.054413
0.084290
-0.000411
-0.007118
0.044525
0.014702
0.106201
0.131470
0.003929
-0.002478
-0.006210
0.057831
0.070312
0.111450
0.055054
-0.000949
-0.004345
0.089172
-0.004131
-0.000643
0.012474
0.127930
0.055267
-0.002325
0.093262
-0.003632
0.101196
-0.002247
0.026932
0.063904
0.056519
-0.002424
0.050049
-0.001184
-0.004131
-0.003971
0.010506
-0.002804
-0.006329
0.065979
0.057861
-0.004227
0.019073
0.032837
0.091309
-0.004025
0.015762
0.002695
0.004990
0.086731
-0.008919
0.014175
-0.002274
0.076782
0.079407
0.071960
0.086365
0.016632
0.070923
-0.004044
-0.000688
-0.003550
-0.007843
0.084412
-0.000181
-0.003872
0.085205
-0.005035
0.117126
0.017914
0.031769
0.007393
0.078796
-0.003698
0.064026
0.033844
-0.003708
-0.009628
0.032440
0.110718
-0.009354
0.034760
-0.007748
0.020432
-0.004917
0.080750
-0.003817
0.088013
-0.006527
0.064575
0.098022
0.045349
-0.005192
0.003265
0.014778
-0.001626
-0.008415
-0.005932
0.044678
0.073608
0.007317
-0.002598
-0.000843
-0.002020
0.019623
0.100830
0.062164
-0.004818
0.031219
-0.004665
0.116699
-0.007172
-0.001593
0.056000
0.006462
0.013153
0.075684
-0.005848
-0.005020
0.013771
-0.002623
0.026978
0.015617
-0.004852
0.061157
0.008049
-0.002539
0.044861
0.054413
0.084290
-0.000411
-0.007118
0.044525
0.014702
0.106201
0.131470
0.003929
-0.002478
-0.006210
0.057831
0.070312
0.111450
0.055054
-0.000949
-0.004345
0.089172
-0.004131
-0.000643
0.012474
0.127930
0.055267
-0.002325
0.093262
-0.003632
0.101196
-0.002247
0.026932
0.063904
0.056519
-0.002424
0.050049
-0.001184
-0.004131
-0.003971
0.010506
-0.002804
-0.006329
0.065979
0.057861
-0.004227
0.019073
0.032837
0.091309
-0.004025
0.015762
0.002695
0.004990
0.086731
-0.008919
0.014175
-0.002274
0.076782
0.079407
0.071960
0.086365
0.016632
0.070923
-0.004044
-0.000688
-0.003550
-0.007843
0.084412
-0.000181
-0.003872
0.085205
-0.005035
0.117126
0.017914
0.031769
0.007393
0.078796
-0.003698
0.064026
0.033844
-0.003708
-0.009628
0.032440
0.110718
-0.009354
0.034760
-0.007748
0.020432
-0.004917
0.080750
-0.003817
0.088013
-0.006527
0.064575
0.098022
0.045349
-0.005192
0.003265
0.014778
-0.001626
-0.008415
-0.005932
0.044678
0.073608
0.007317
-0.002598
-0.000843
-0.002020
0.019623
0.100830
0.062164
-0.004818
0.031219
-0.004665
0.116699
-0.007172
-0.001593
0.056000
0.006462
0.013153
0.075684
-0.005848
-0.005020
0.013771
-0.002623
0.026978
0.015617
-0.004852
0.061157
0.008049
-0.002539
0.044861
0.054413
0.084290
-0.000411
-0.007118
0.044525
0.014702
0.106201
0.131470
0.003929
-0.002478
-0.006210
0.057831
0.070312
0.111450
0.055054
-0.000949
-0.004345
0.089172
-0.004131
-0.000643
0.012474
0.127930
0.055267
-0.002325
0.093262
-0.003632
0.101196
-0.002247
0.026932
0.063904
0.056519
-0.002424
0.050049
-0.001184
-0.004131
-0.003971
0.010506
-0.002804
-0.006329
0.065979
0.057861
-0.004227
0.019073
0.032837
0.091309
-0.004025
0.015762
0.002695
0.004990
0.086731
-0.008919
0.014175
-0.002274
0.076782
0.079407
0.071960
0.086365
0.016632
0.070923
-0.004044
-0.000688
-0.003550
-0.007843
0.084412
-0.000181
-0.003872
0.085205
-0.005035
0.117126
0.017914
0.031769
0.007393
0.078796
-0.003698
0.064026
0.033844
-0.003708
-0.009628
0.032440
0.110718
-0.009354
0.034760
-0.007748
0.020432
-0.004917
0.080750
-0.003817
0.088013
-0.006527
0.064575
0.098022
0.045349
-0.005192
0.003265
0.014778
-0.001626
-0.008415
-0.005932
0.044678
0.073608
0.007317
-0.002598
-0.000843
-0.002020
0.019623
0.100830
0.062164
-0.004818
0.031219
-0.004665
0.116699
-0.007172
-0.001593
0.056000
0.006462
0.013153
0.075684
-0.005848
-0.005020
0.013771
-0.002623
0.026978
0.015617
-0.004852
0.061157
0.008049
-0.002539
0.044861
0.054413
0.084290
-0.000411
-0.007118
0.044525
0.014702
0.106201
0.131470
0.003929
-0.002478
-0.006210
0.057831
0.070312
0.111450
0.055054
-0.000949
-0.004345
0.089172
-0.004131
-0.000643
0.012474
0.127930
0.055267
-0.002325
0.093262
-0.003632
0.101196
-0.002247
0.026932
0.063904
0.056519
-0.002424
0.050049
-0.001184
-0.004131
-0.003971
0.010506
-0.002804
-0.006329
0.065979
0.057861
-0.004227
0.019073
0.032837
0.091309
-0.004025
0.015762
0.002695
0.004990
0.086731
-0.008919
0.014175
-0.002274
0.076782
0.079407
0.071960
0.086365
0.016632
0.070923
-0.004044
-0.000688
-0.003550
-0.007843
0.084412
-0.000181
-0.003872
0.085205
-0.005035
0.117126
0.017914
0.031769
0.007393
0.078796
-0.003698
0.064026
0.033844
-0.003708
-0.009628
0.032440
0.110718
-0.009354
0.034760
-0.007748
0.020432
-0.004917
0.080750
-0.003817
0.088013
-0.006527
0.064575
0.098022
0.045349
-0.005192
0.003265
0.014778
-0.001626
-0.008415
-0.005932
0.044678
0.073608
0.007317
-0.002598
-0.000843
-0.002020
0.019623
0.100830
0.062164
-0.004818
0.031219
-0.004665
0.116699
-0.007172
-0.001593
0.056000
0.006462
0.013153
0.075684
-0.005848
-0.005020
0.013771
-0.002623
0.026978
0.015617
-0.004852
0.061157
0.008049
-0.002539
0.044861
0.054413
0.084290
-0.000411
-0.007118
0.044525
0.014702
0.106201
0.131470
0.003929
-0.002478
-0.006210
0.057831
0.070312
0.111450
0.055054
-0.000949
-0.004345
0.089172
-0.004131
-0.000643
0.012474
0.127930
0.055267
-0.002325
0.093262
-0.003632
0.101196
-0.002247
0.026932
0.063904
0.056519
-0.002424
0.050049
-0.001184
-0.004131
-0.003971
0.010506
-0.002804
-0.006329
0.065979
0.057861
-0.004227
0.019073
0.032837
0.091309
-0.004025
0.015762
0.002695
0.004990
0.086731
-0.008919
0.014175
-0.002274
0.076782
0.079407
0.071960
0.086365
0.016632
0.070923
-0.004044
-0.000688
-0.003550
-0.007843
0.084412
-0.000181
-0.003872
0.085205
-0.005035
0.117126
0.017914
0.031769
0.007393
0.078796
-0.003698
0.064026
0.033844
-0.003708
-0.009628
0.032440
0.110718
-0.009354
0.034760
-0.007748
0.020432
-0.004917
0.080750
-0.003817
0.088013
-0.006527
0.064575
0.098022
0.045349
-0.005192
0.003265
0.014778
-0.001626
-0.008415
-0.005932
0.044678
0.073608
0.007317
-0.002598
-0.000843
-0.002020
0.019623
0.100830
0.062164
-0.004818
0.031219
-0.004665
0.116699
-0.007172
-0.001593
0.056000
0.006462
0.013153
0.075684
-0.005848
-0.005020
0.013771
-0.002623
0.026978
0.015617
-0.004852
0.061157
0.008049
-0.002539
0.044861
0.054413
0.084290
-0.000411
-0.007118
0.044525
0.014702
0.106201
0.131470
0.003929
-0.002478
-0.006210
0.057831
0.070312
0.111450
0.055054
-0.000949
-0.004345
0.089172
-0.004131
-0.000643
0.012474
0.127930
0.055267
-0.002325
0.093262
-0.003632
0.101196
-0.002247
0.026932
0.063904
0.056519
-0.002424
0.050049
-0.001184
-0.004131
-0.003971
0.010506
-0.002804
-0.006329
0.065979
0.057861
-0.004227
0.019073
0.032837
0.091309
-0.004025
0.015762
0.002695
0.004990
0.086731
-0.008919
0.014175
-0.002274
0.076782
0.079407
0.071960
0.086365
0.016632
0.070923
-0.004044
-0.000688
-0.003550
-0.007843
0.084412
-0.000181
-0.003872
0.085205
-0.005035
0.117126
0.017914
0.031769
0.007393
0.078796
-0.003698
0.064026
0.033844
-0.003708
-0.009628
0.032440
0.110718
-0.009354
0.034760
-0.007748
0.020432
-0.004917
0.080750
-0.003817
0.088013
-0.006527
0.064575
0.098022
0.045349
-0.005192
0.003265
0.014778
-0.001626
-0.008415
-0.005932
0.044678
0.073608
0.007317
-0.002598
-0.000843
-0.002020
0.019623
0.100830
0.062164
-0.004818
0.031219
-0.004665
0.116699
-0.007172
-0.001593
0.056000
0.006462
0.013153
0.075684
-0.005848
-0.005020
0.013771
-0.002623
0.026978
0.015617
-0.004852
0.061157
0.008049
-0.002539
0.044861
0.054413
0.084290
-0.000411
-0.007118
0.044525
0.014702
0.106201
0.131470
0.003929
-0.002478
-0.006210
0.057831
0.070312
0.111450
0.055054
-0.000949
-0.004345
0.089172
-0.004131
-0.000643
0.012474
0.127930
0.055267
-0.002325
0.093262
-0.003632
0.101196
-0.002247
0.026932
0.063904
0.056519
-0.002424
0.050049
-0.001184
-0.004131
-0.003971
0.010506
-0.002804
-0.006329
0.065979
0.057861
-0.004227
0.019073
0.032837
0.091309
-0.004025
0.015762
0.002695
0.004990
0.086731
-0.008919
0.014175
-0.002274
0.076782
0.079407
0.071960
0.086365
0.016632
0.070923
-0.004044
-0.000688
-0.003550
-0.007843
0.084412
-0.000181
-0.003872
0.085205
-0.005035
0.117126
0.017914
0.031769
0.007393
0.078796
-0.003698
0.064026
0.033844
-0.003708
-0.009628
0.032440
0.110718
-0.009354
0.034760
-0.007748
0.020432
-0.004917
0.080750
-0.003817
0.088013
-0.006527
0.064575
0.098022
0.045349
-0.005192
0.003265
0.014778
-0.001626
-0.008415
-0.005932
0.044678
0.073608
0.007317
-0.002598
-0.000843
-0.002020
0.019623
0.100830
0.062164
-0.004818
0.031219
-0.004665
0.116699
-0.007172
-0.001593
0.056000
0.006462
0.013153
0.075684
-0.005848
-0.005020
0.013771
-0.002623
0.026978
0.015617
-0.004852
0.061157
0.008049
-0.002539
0.044861
0.054413
0.084290
-0.000411
-0.007118
0.044525
0.014702
0.106201
0.131470
0.003929
-0.002478
-0.006210
0.057831
0.070312
0.111450
0.055054
-0.000949
-0.004345
0.089172
-0.004131
-0.000643
0.012474
0.127930
0.055267
-0.002325
0.093262
-0.003632
0.101196
-0.002247
0.026932
0.063904
0.056519
-0.002424
0.050049
-0.001184
-0.004131
-0.003971
0.010506
-0.002804
-0.006329
0.065979
0.057861
-0.004227
0.019073
0.032837
0.091309
-0.004025
0.015762
0.002695
0.004990
0.086731
-0.008919
0.014175
-0.002274
0.076782
0.079407
0.071960
0.086365
0.016632
0.070923
-0.004044
-0.000688
-0.003550
-0.007843
0.084412
-0.000181
-0.003872
0.085205
-0.005035
0.117126
0.017914
0.031769
0.007393
0.078796
-0.003698
0.064026
0.033844
-0.003708
-0.009628
0.032440
0.110718
-0.009354
0.034760
-0.007748
0.020432
-0.004917
0.080750
-0.003817
0.088013
-0.006527
0.064575
0.098022
0.045349
-0.005192
0.003265
0.014778
-0.001626
-0.008415
-0.005932
0.044678
0.073608
0.007317
-0.002598
-0.000843
-0.002020
0.019623
0.100830
0.062164
-0.004818
0.031219
-0.004665
0.116699
-0.007172
-0.001593
0.056000
0.006462
0.013153
0.075684
-0.005848
-0.005020
0.013771
-0.002623
0.026978
0.015617
-0.004852
0.061157
0.008049
-0.002539
0.044861
0.054413
0.084290
-0.000411
-0.007118
0.044525
0.014702
0.106201
0.131470
0.003929
-0.002478
-0.006210
0.057831
0.070312
0.111450
0.055054
-0.000949
-0.004345
0.089172
-0.004131
-0.000643
0.012474
0.127930
0.055267
-0.002325
0.093262
-0.003632
0.101196
-0.002247
0.026932
0.063904
0.056519
-0.002424
0.050049
-0.001184
-0.004131
-0.003971
0.010506
-0.002804
-0.006329
0.065979
0.057861
-0.004227
0.019073
0.032837
0.091309
-0.004025
0.015762
0.002695
0.004990
0.086731
-0.008919
0.014175
-0.002274
0.076782
0.079407
0.071960
0.086365
0.016632
0.070923
-0.004044
-0.000688
-0.003550
-0.007843
0.084412
-0.000181
-0.003872
0.085205
-0.005035
0.117126
0.017914
0.031769
0.007393
0.078796
-0.003698
0.064026
0.033844
-0.003708
-0.009628
0.032440
0.110718
-0.009354
0.034760
-0.007748
0.020432
-0.004917
0.080750
-0.003817
0.088013
-0.006527
0.064575
0.098022
0.045349
-0.005192
0.003265
0.014778
-0.001626
-0.008415
-0.005932
0.044678
0.073608
0.007317
-0.002598
-0.000843
-0.002020
0.019623
0.100830
0.062164
-0.004818
0.031219
-0.004665
0.116699
-0.007172
-0.001593
0.056000
0.006462
0.013153
0.075684
-0.005848
-0.005020
0.013771
-0.002623
0.026978
0.015617
-0.004852
0.061157
0.008049
-0.002539
0.044861
0.054413
0.084290
-0.000411
-0.007118
0.044525
0.014702
0.106201
0.131470
0.003929
-0.002478
-0.006210
0.057831
0.070312
0.111450
0.055054
-0.000949
-0.004345
0.089172
-0.004131
-0.000643
0.012474
0.127930
0.055267
-0.002325
0.093262
-0.003632
0.101196
-0.002247
0.026932
0.063904
0.056519
-0.002424
0.050049
-0.001184
-0.004131
-0.003971
0.010506
-0.002804
-0.006329
0.065979
0.057861
-0.004227
0.019073
0.032837
0.091309
-0.004025
0.015762
0.002695
0.004990
0.086731
-0.008919
0.014175
-0.002274
0.076782
0.079407
0.071960
0.086365
0.016632
0.070923
-0.004044
-0.000688
-0.003550
-0.007843
0.084412
-0.000181
-0.003872
0.085205
-0.005035
0.117126
0.017914
0.031769
0.007393
0.078796
-0.003698
0.064026
0.033844
-0.003708
-0.009628
0.032440
0.110718
-0.009354
0.034760
-0.007748
0.020432
-0.004917
0.080750
-0.003817
0.088013
-0.006527
0.064575
0.098022
0.045349
-0.005192
0.003265
0.014778
-0.001626
-0.008415
-0.005932
0.044678
0.073608
0.007317
-0.002598
-0.000843
-0.002020
0.019623
0.100830
0.062164
-0.004818
0.031219
-0.004665
0.116699
-0.007172
-0.001593
0.056000
0.006462
0.013153
0.075684
-0.005848
-0.005020
0.013771
-0.002623
0.026978
0.015617
-0.004852
0.061157
0.008049
-0.002539
0.044861
0.054413
0.084290
-0.000411
-0.007118
0.044525
0.014702
0.106201
0.131470
0.003929
-0.002478
-0.006210
0.057831
0.070312
0.111450
0.055054
-0.000949
-0.004345
0.089172
-0.004131
-0.000643
0.012474
0.127930
0.055267
-0.002325
0.093262
-0.003632
0.101196
-0.002247
0.026932
0.063904
0.056519
-0.002424
0.050049
-0.001184
-0.004131
-0.003971
0.010506
-0.002804
-0.006329
0.065979
0.057861
-0.004227
0.019073
0.032837
0.091309
-0.004025
0.015762
0.002695
0.004990
0.086731
-0.008919
0.014175
-0.002274
0.076782
0.079407
0.071960
0.086365
0.016632
0.070923
-0.004044
-0.000688
-0.003550
-0.007843
0.084412
-0.000181
-0.003872
0.085205
-0.005035
0.117126
0.017914
0.031769
0.007393
0.078796
-0.003698
0.064026
0.033844
-0.003708
-0.009628
0.032440
0.110718
-0.009354
0.034760
-0.007748
0.020432
-0.004917
0.080750
-0.003817
0.088013
-0.006527
0.064575
0.098022
0.045349
-0.005192
0.003265
0.014778
-0.001626
-0.008415
-0.005932
0.044678
0.073608
0.007317
-0.002598
-0.000843
-0.002020
0.019623
0.100830
0.062164
-0.004818
0.031219
-0.004665
0.116699
-0.007172
-0.001593
0.056000
0.006462
0.013153
0.075684
-0.005848
-0.005020
0.013771
-0.002623
0.026978
0.015617
-0.004852
0.061157
0.008049
-0.002539
0.044861
0.054413
0.084290
-0.000411
-0.007118
0.044525
0.014702
0.106201
0.131470
0.003929
-0.002478
-0.006210
0.057831
0.070312
0.111450
0.055054
-0.000949
-0.004345
0.089172
-0.004131
-0.000643
0.012474
0.127930
0.055267
-0.002325
0.093262
-0.003632
0.101196
-0.002247
0.026932
0.063904
0.056519
-0.002424
0.050049
-0.001184
-0.004131
-0.003971
0.010506
-0.002804
-0.006329
0.065979
0.057861
-0.004227
0.019073
0.032837
0.091309
-0.004025
0.015762
0.002695
0.004990
0.086731
-0.008919
0.014175
-0.002274
0.076782
0.079407
0.071960
0.086365
0.016632
0.070923
-0.004044
-0.000688
-0.003550
-0.007843
0.084412
-0.000181
-0.003872
0.085205
-0.005035
0.117126
0.017914
0.031769
0.007393
0.078796
-0.003698
0.064026
0.033844
-0.003708
-0.009628
0.032440
0.110718
-0.009354
0.034760
-0.007748
0.020432
-0.004917
0.080750
-0.003817
0.088013
-0.006527
0.064575
0.098022
0.045349
-0.005192
0.003265
0.014778
-0.001626
-0.008415
-0.005932
0.044678
0.073608
0.007317
-0.002598
-0.000843
-0.002020
0.019623
0.100830
0.062164
-0.004818
0.031219
-0.004665
0.116699
-0.007172
-0.001593
0.056000
0.006462
0.013153
0.075684
-0.005848
-0.005020
0.013771
-0.002623
0.026978
0.015617
-0.004852
0.061157
0.008049
-0.002539
0.044861
0.054413
0.084290
-0.000411
-0.007118
0.044525
0.014702
0.106201
0.131470
0.003929
-0.002478
-0.006210
0.057831
0.070312
0.111450
0.055054
-0.000949
-0.004345
0.089172
-0.004131
-0.000643
0.012474
0.127930
0.055267
-0.002325
0.093262
-0.003632
0.101196
-0.002247
0.026932
0.063904
0.056519
-0.002424
0.050049
-0.001184
-0.004131
-0.003971
0.010506
-0.002804
-0.006329
0.065979
0.057861
-0.004227
0.019073
0.032837
0.091309
-0.004025
0.015762
0.002695
0.004990
0.086731
-0.008919
0.014175
-0.002274
0.076782
0.079407
0.071960
0.086365
0.016632
0.070923
-0.004044
-0.000688
-0.003550
-0.007843
0.084412
-0.000181
-0.003872
0.085205
-0.005035
0.117126
0.017914
0.031769
0.007393
0.078796
-0.003698
0.064026
0.033844
-0.003708
-0.009628
0.032440
0.110718
-0.009354
0.034760
-0.007748
0.020432
-0.004917
0.080750
-0.003817
0.088013
-0.006527
0.064575
0.098022
0.045349
-0.005192
0.003265
0.014778
-0.001626
-0.008415
-0.005932
0.044678
0.073608
0.007317
-0.002598
-0.000843
-0.002020
0.019623
0.100830
0.062164
-0.004818
0.031219
-0.004665
0.116699
-0.007172
-0.001593
0.056000
0.006462
0.013153
0.075684
-0.005848
-0.005020
0.013771
-0.002623
0.026978
0.015617
-0.004852
0.061157
0.008049
-0.002539
0.044861
0.054413
0.084290
-0.000411
-0.007118
0.044525
0.014702
0.106201
0.131470
0.003929
-0.002478
-0.006210
0.057831
0.070312
0.111450
0.055054
-0.000949
-0.004345
0.089172
-0.004131
-0.000643
0.012474
0.127930
0.055267
-0.002325
0.093262
-0.003632
0.101196
-0.002247
0.026932
0.063904
0.056519
-0.002424
0.050049
-0.001184
-0.004131
-0.003971
0.010506
-0.002804
-0.006329
0.065979
0.057861
-0.004227
0.019073
0.032837
0.091309
-0.004025
0.015762
0.002695
0.004990
0.086731
-0.008919
0.014175
-0.002274
0.076782
0.079407
0.071960
0.086365
0.016632
0.070923
-0.004044
-0.000688
-0.003550
-0.007843
0.084412
-0.000181
-0.003872
0.085205
-0.005035
0.117126
0.017914
0.031769
0.007393
0.078796
-0.003698
0.064026
0.033844
-0.003708
-0.009628
0.032440
0.110718
-0.009354
0.034760
-0.007748
0.020432
-0.004917
0.080750
-0.003817
0.088013
-0.006527
0.064575
0.098022
0.045349
-0.005192
0.003265
0.014778
-0.001626
-0.008415
-0.005932
0.044678
0.073608
0.007317
-0.002598
-0.000843
-0.002020
0.019623
0.100830
0.062164
-0.004818
0.031219
-0.004665
0.116699
-0.007172
-0.001593
0.056000
0.006462
0.013153
0.075684
-0.005848
-0.005020
0.013771
-0.002623
0.026978
0.015617
-0.004852
0.061157
0.008049
-0.002539
0.044861
0.054413
0.084290
-0.000411
-0.007118
0.044525
0.014702
0.106201
0.131470
0.003929
-0.002478
-0.006210
0.057831
0.070312
0.111450
0.055054
-0.000949
-0.004345
0.089172
-0.004131
-0.000643
0.012474
0.127930
0.055267
-0.002325
0.093262
-0.003632
0.101196
-0.002247
0.026932
0.063904
