-0.083923
1.191406
-0.037933
-0.037689
0.161499
1.182617
0.384033
-0.042450
0.404053
-0.093018
0.707031
0.357422
0.222900
1.845703
0.415527
-0.085205
-0.014435
1.252930
-0.020660
-0.000030
0.021561
-0.088745
0.534180
0.936035
-0.078247
-0.059814
0.606934
0.497803
-0.069519
1.309570
-0.107483
0.045319
-0.012321
-0.092590
0.724121
-0.166748
0.038849
0.907715
1.501953
-0.007313
-0.116394
0.604004
0.962402
-0.181152
-0.078857
0.065002
-0.174805
0.108154
-0.016846
0.281738
2.031250
-0.132812
-0.070129
0.065674
-0.060760
-0.102234
0.557129
-0.007881
-0.002161
0.031677
0.211304
-0.120666
1.627930
0.501953
