-0.001456
-0.002089
-0.003584
-0.007545
0.006851
0.088684
-0.003122
-0.006611
-0.000131
-0.007210
0.027374
0.007717
-0.006813
0.092773
-0.004963
-0.006248
0.086121
-0.002981
0.043152
0.075012
0.001077
0.053467
0.004955
-0.000892
-0.006691
-0.007156
-0.001347
-0.007301
0.028534
0.029297
-0.003319
0.016357
-0.004105
-0.000280
0.067383
0.011246
0.111084
-0.001081
0.059570
0.035828
0.069763
0.023270
-0.004585
0.038666
-0.003468
-0.002892
-0.004246
0.037628
0.001485
0.064514
0.045898
0.055542
0.072510
-0.004791
-0.005253
-0.005802
0.015305
-0.003763
-0.007313
0.106445
0.033661
0.109192
0.063354
-0.006016
0.051025
0.028275
-0.002142
-0.004257
0.068359
0.060608
-0.005775
0.083984
0.039856
0.020874
0.051208
-0.004215
0.013634
0.067383
-0.006824
-0.007065
0.066895
0.040649
0.034576
-0.006111
0.013565
0.044037
0.001237
-0.006573
-0.003632
-0.006470
0.065979
0.019333
0.056091
-0.001596
0.026489
0.015312
0.029694
0.082825
-0.004265
-0.006615
0.071045
-0.002226
0.030533
-0.002693
-0.002115
-0.004967
-0.004272
-0.006969
-0.001515
-0.002563
-0.002748
-0.003918
0.001886
-0.002287
0.055847
-0.003536
0.001091
-0.004627
0.067505
0.021240
-0.002275
0.009438
-0.000071
-0.001540
0.081055
-0.007740
0.020218
0.012688
-0.001456
-0.002089
-0.003584
-0.007545
0.006851
0.088684
-0.003122
-0.006611
-0.000131
-0.007210
0.027374
0.007717
-0.006813
0.092773
-0.004963
-0.006248
0.086121
-0.002981
0.043152
0.075012
0.001077
0.053467
0.004955
-0.000892
-0.006691
-0.007156
-0.001347
-0.007301
0.028534
0.029297
-0.003319
0.016357
-0.004105
-0.000280
0.067383
0.011246
0.111084
-0.001081
0.059570
0.035828
0.069763
0.023270
-0.004585
0.038666
-0.003468
-0.002892
-0.004246
0.037628
0.001485
0.064514
0.045898
0.055542
0.072510
-0.004791
-0.005253
-0.005802
0.015305
-0.003763
-0.007313
0.106445
0.033661
0.109192
0.063354
-0.006016
0.051025
0.028275
-0.002142
-0.004257
0.068359
0.060608
-0.005775
0.083984
0.039856
0.020874
0.051208
-0.004215
0.013634
0.067383
-0.006824
-0.007065
0.066895
0.040649
0.034576
-0.006111
0.013565
0.044037
0.001237
-0.006573
-0.003632
-0.006470
0.065979
0.019333
0.056091
-0.001596
0.026489
0.015312
0.029694
0.082825
-0.004265
-0.006615
0.071045
-0.002226
0.030533
-0.002693
-0.002115
-0.004967
-0.004272
-0.006969
-0.001515
-0.002563
-0.002748
-0.003918
0.001886
-0.002287
0.055847
-0.003536
0.001091
-0.004627
0.067505
0.021240
-0.002275
0.009438
-0.000071
-0.001540
0.081055
-0.007740
0.020218
0.012688
-0.001456
-0.002089
-0.003584
-0.007545
0.006851
0.088684
-0.003122
-0.006611
-0.000131
-0.007210
0.027374
0.007717
-0.006813
0.092773
-0.004963
-0.006248
0.086121
-0.002981
0.043152
0.075012
0.001077
0.053467
0.004955
-0.000892
-0.006691
-0.007156
-0.001347
-0.007301
0.028534
0.029297
-0.003319
0.016357
-0.004105
-0.000280
0.067383
0.011246
0.111084
-0.001081
0.059570
0.035828
0.069763
0.023270
-0.004585
0.038666
-0.003468
-0.002892
-0.004246
0.037628
0.001485
0.064514
0.045898
0.055542
0.072510
-0.004791
-0.005253
-0.005802
0.015305
-0.003763
-0.007313
0.106445
0.033661
0.109192
0.063354
-0.006016
0.051025
0.028275
-0.002142
-0.004257
0.068359
0.060608
-0.005775
0.083984
0.039856
0.020874
0.051208
-0.004215
0.013634
0.067383
-0.006824
-0.007065
0.066895
0.040649
0.034576
-0.006111
0.013565
0.044037
0.001237
-0.006573
-0.003632
-0.006470
0.065979
0.019333
0.056091
-0.001596
0.026489
0.015312
0.029694
0.082825
-0.004265
-0.006615
0.071045
-0.002226
0.030533
-0.002693
-0.002115
-0.004967
-0.004272
-0.006969
-0.001515
-0.002563
-0.002748
-0.003918
0.001886
-0.002287
0.055847
-0.003536
0.001091
-0.004627
0.067505
0.021240
-0.002275
0.009438
-0.000071
-0.001540
0.081055
-0.007740
0.020218
0.012688
-0.001456
-0.002089
-0.003584
-0.007545
0.006851
0.088684
-0.003122
-0.006611
-0.000131
-0.007210
0.027374
0.007717
-0.006813
0.092773
-0.004963
-0.006248
0.086121
-0.002981
0.043152
0.075012
0.001077
0.053467
0.004955
-0.000892
-0.006691
-0.007156
-0.001347
-0.007301
0.028534
0.029297
-0.003319
0.016357
-0.004105
-0.000280
0.067383
0.011246
0.111084
-0.001081
0.059570
0.035828
0.069763
0.023270
-0.004585
0.038666
-0.003468
-0.002892
-0.004246
0.037628
0.001485
0.064514
0.045898
0.055542
0.072510
-0.004791
-0.005253
-0.005802
0.015305
-0.003763
-0.007313
0.106445
0.033661
0.109192
0.063354
-0.006016
0.051025
0.028275
-0.002142
-0.004257
0.068359
0.060608
-0.005775
0.083984
0.039856
0.020874
0.051208
-0.004215
0.013634
0.067383
-0.006824
-0.007065
0.066895
0.040649
0.034576
-0.006111
0.013565
0.044037
0.001237
-0.006573
-0.003632
-0.006470
0.065979
0.019333
0.056091
-0.001596
0.026489
0.015312
0.029694
0.082825
-0.004265
-0.006615
0.071045
-0.002226
0.030533
-0.002693
-0.002115
-0.004967
-0.004272
-0.006969
-0.001515
-0.002563
-0.002748
-0.003918
0.001886
-0.002287
0.055847
-0.003536
0.001091
-0.004627
0.067505
0.021240
-0.002275
0.009438
-0.000071
-0.001540
0.081055
-0.007740
0.020218
0.012688
-0.001456
-0.002089
-0.003584
-0.007545
0.006851
0.088684
-0.003122
-0.006611
-0.000131
-0.007210
0.027374
0.007717
-0.006813
0.092773
-0.004963
-0.006248
0.086121
-0.002981
0.043152
0.075012
0.001077
0.053467
0.004955
-0.000892
-0.006691
-0.007156
-0.001347
-0.007301
0.028534
0.029297
-0.003319
0.016357
-0.004105
-0.000280
0.067383
0.011246
0.111084
-0.001081
0.059570
0.035828
0.069763
0.023270
-0.004585
0.038666
-0.003468
-0.002892
-0.004246
0.037628
0.001485
0.064514
0.045898
0.055542
0.072510
-0.004791
-0.005253
-0.005802
0.015305
-0.003763
-0.007313
0.106445
0.033661
0.109192
0.063354
-0.006016
0.051025
0.028275
-0.002142
-0.004257
0.068359
0.060608
-0.005775
0.083984
0.039856
0.020874
0.051208
-0.004215
0.013634
0.067383
-0.006824
-0.007065
0.066895
0.040649
0.034576
-0.006111
0.013565
0.044037
0.001237
-0.006573
-0.003632
-0.006470
0.065979
0.019333
0.056091
-0.001596
0.026489
0.015312
0.029694
0.082825
-0.004265
-0.006615
0.071045
-0.002226
0.030533
-0.002693
-0.002115
-0.004967
-0.004272
-0.006969
-0.001515
-0.002563
-0.002748
-0.003918
0.001886
-0.002287
0.055847
-0.003536
0.001091
-0.004627
0.067505
0.021240
-0.002275
0.009438
-0.000071
-0.001540
0.081055
-0.007740
0.020218
0.012688
-0.001456
-0.002089
-0.003584
-0.007545
0.006851
0.088684
-0.003122
-0.006611
-0.000131
-0.007210
0.027374
0.007717
-0.006813
0.092773
-0.004963
-0.006248
0.086121
-0.002981
0.043152
0.075012
0.001077
0.053467
0.004955
-0.000892
-0.006691
-0.007156
-0.001347
-0.007301
0.028534
0.029297
-0.003319
0.016357
-0.004105
-0.000280
0.067383
0.011246
0.111084
-0.001081
0.059570
0.035828
0.069763
0.023270
-0.004585
0.038666
-0.003468
-0.002892
-0.004246
0.037628
0.001485
0.064514
0.045898
0.055542
0.072510
-0.004791
-0.005253
-0.005802
0.015305
-0.003763
-0.007313
0.106445
0.033661
0.109192
0.063354
-0.006016
0.051025
0.028275
-0.002142
-0.004257
0.068359
0.060608
-0.005775
0.083984
0.039856
0.020874
0.051208
-0.004215
0.013634
0.067383
-0.006824
-0.007065
0.066895
0.040649
0.034576
-0.006111
0.013565
0.044037
0.001237
-0.006573
-0.003632
-0.006470
0.065979
0.019333
0.056091
-0.001596
0.026489
0.015312
0.029694
0.082825
-0.004265
-0.006615
0.071045
-0.002226
0.030533
-0.002693
-0.002115
-0.004967
-0.004272
-0.006969
-0.001515
-0.002563
-0.002748
-0.003918
0.001886
-0.002287
0.055847
-0.003536
0.001091
-0.004627
0.067505
0.021240
-0.002275
0.009438
-0.000071
-0.001540
0.081055
-0.007740
0.020218
0.012688
-0.001456
-0.002089
-0.003584
-0.007545
0.006851
0.088684
-0.003122
-0.006611
-0.000131
-0.007210
0.027374
0.007717
-0.006813
0.092773
-0.004963
-0.006248
0.086121
-0.002981
0.043152
0.075012
0.001077
0.053467
0.004955
-0.000892
-0.006691
-0.007156
-0.001347
-0.007301
0.028534
0.029297
-0.003319
0.016357
-0.004105
-0.000280
0.067383
0.011246
0.111084
-0.001081
0.059570
0.035828
0.069763
0.023270
-0.004585
0.038666
-0.003468
-0.002892
-0.004246
0.037628
0.001485
0.064514
0.045898
0.055542
0.072510
-0.004791
-0.005253
-0.005802
0.015305
-0.003763
-0.007313
0.106445
0.033661
0.109192
0.063354
-0.006016
0.051025
0.028275
-0.002142
-0.004257
0.068359
0.060608
-0.005775
0.083984
0.039856
0.020874
0.051208
-0.004215
0.013634
0.067383
-0.006824
-0.007065
0.066895
0.040649
0.034576
-0.006111
0.013565
0.044037
0.001237
-0.006573
-0.003632
-0.006470
0.065979
0.019333
0.056091
-0.001596
0.026489
0.015312
0.029694
0.082825
-0.004265
-0.006615
0.071045
-0.002226
0.030533
-0.002693
-0.002115
-0.004967
-0.004272
-0.006969
-0.001515
-0.002563
-0.002748
-0.003918
0.001886
-0.002287
0.055847
-0.003536
0.001091
-0.004627
0.067505
0.021240
-0.002275
0.009438
-0.000071
-0.001540
0.081055
-0.007740
0.020218
0.012688
-0.001456
-0.002089
-0.003584
-0.007545
0.006851
0.088684
-0.003122
-0.006611
-0.000131
-0.007210
0.027374
0.007717
-0.006813
0.092773
-0.004963
-0.006248
0.086121
-0.002981
0.043152
0.075012
0.001077
0.053467
0.004955
-0.000892
-0.006691
-0.007156
-0.001347
-0.007301
0.028534
0.029297
-0.003319
0.016357
-0.004105
-0.000280
0.067383
0.011246
0.111084
-0.001081
0.059570
0.035828
0.069763
0.023270
-0.004585
0.038666
-0.003468
-0.002892
-0.004246
0.037628
0.001485
0.064514
0.045898
0.055542
0.072510
-0.004791
-0.005253
-0.005802
0.015305
-0.003763
-0.007313
0.106445
0.033661
0.109192
0.063354
-0.006016
0.051025
0.028275
-0.002142
-0.004257
0.068359
0.060608
-0.005775
0.083984
0.039856
0.020874
0.051208
-0.004215
0.013634
0.067383
-0.006824
-0.007065
0.066895
0.040649
0.034576
-0.006111
0.013565
0.044037
0.001237
-0.006573
-0.003632
-0.006470
0.065979
0.019333
0.056091
-0.001596
0.026489
0.015312
0.029694
0.082825
-0.004265
-0.006615
0.071045
-0.002226
0.030533
-0.002693
-0.002115
-0.004967
-0.004272
-0.006969
-0.001515
-0.002563
-0.002748
-0.003918
0.001886
-0.002287
0.055847
-0.003536
0.001091
-0.004627
0.067505
0.021240
-0.002275
0.009438
-0.000071
-0.001540
0.081055
-0.007740
0.020218
0.012688
-0.001456
-0.002089
-0.003584
-0.007545
0.006851
0.088684
-0.003122
-0.006611
-0.000131
-0.007210
0.027374
0.007717
-0.006813
0.092773
-0.004963
-0.006248
0.086121
-0.002981
0.043152
0.075012
0.001077
0.053467
0.004955
-0.000892
-0.006691
-0.007156
-0.001347
-0.007301
0.028534
0.029297
-0.003319
0.016357
-0.004105
-0.000280
0.067383
0.011246
0.111084
-0.001081
0.059570
0.035828
0.069763
0.023270
-0.004585
0.038666
-0.003468
-0.002892
-0.004246
0.037628
0.001485
0.064514
0.045898
0.055542
0.072510
-0.004791
-0.005253
-0.005802
0.015305
-0.003763
-0.007313
0.106445
0.033661
0.109192
0.063354
-0.006016
0.051025
0.028275
-0.002142
-0.004257
0.068359
0.060608
-0.005775
0.083984
0.039856
0.020874
0.051208
-0.004215
0.013634
0.067383
-0.006824
-0.007065
0.066895
0.040649
0.034576
-0.006111
0.013565
0.044037
0.001237
-0.006573
-0.003632
-0.006470
0.065979
0.019333
0.056091
-0.001596
0.026489
0.015312
0.029694
0.082825
-0.004265
-0.006615
0.071045
-0.002226
0.030533
-0.002693
-0.002115
-0.004967
-0.004272
-0.006969
-0.001515
-0.002563
-0.002748
-0.003918
0.001886
-0.002287
0.055847
-0.003536
0.001091
-0.004627
0.067505
0.021240
-0.002275
0.009438
-0.000071
-0.001540
0.081055
-0.007740
0.020218
0.012688
-0.001456
-0.002089
-0.003584
-0.007545
0.006851
0.088684
-0.003122
-0.006611
-0.000131
-0.007210
0.027374
0.007717
-0.006813
0.092773
-0.004963
-0.006248
0.086121
-0.002981
0.043152
0.075012
0.001077
0.053467
0.004955
-0.000892
-0.006691
-0.007156
-0.001347
-0.007301
0.028534
0.029297
-0.003319
0.016357
-0.004105
-0.000280
0.067383
0.011246
0.111084
-0.001081
0.059570
0.035828
0.069763
0.023270
-0.004585
0.038666
-0.003468
-0.002892
-0.004246
0.037628
0.001485
0.064514
0.045898
0.055542
0.072510
-0.004791
-0.005253
-0.005802
0.015305
-0.003763
-0.007313
0.106445
0.033661
0.109192
0.063354
-0.006016
0.051025
0.028275
-0.002142
-0.004257
0.068359
0.060608
-0.005775
0.083984
0.039856
0.020874
0.051208
-0.004215
0.013634
0.067383
-0.006824
-0.007065
0.066895
0.040649
0.034576
-0.006111
0.013565
0.044037
0.001237
-0.006573
-0.003632
-0.006470
0.065979
0.019333
0.056091
-0.001596
0.026489
0.015312
0.029694
0.082825
-0.004265
-0.006615
0.071045
-0.002226
0.030533
-0.002693
-0.002115
-0.004967
-0.004272
-0.006969
-0.001515
-0.002563
-0.002748
-0.003918
0.001886
-0.002287
0.055847
-0.003536
0.001091
-0.004627
0.067505
0.021240
-0.002275
0.009438
-0.000071
-0.001540
0.081055
-0.007740
0.020218
0.012688
-0.001456
-0.002089
-0.003584
-0.007545
0.006851
0.088684
-0.003122
-0.006611
-0.000131
-0.007210
0.027374
0.007717
-0.006813
0.092773
-0.004963
-0.006248
0.086121
-0.002981
0.043152
0.075012
0.001077
0.053467
0.004955
-0.000892
-0.006691
-0.007156
-0.001347
-0.007301
0.028534
0.029297
-0.003319
0.016357
-0.004105
-0.000280
0.067383
0.011246
0.111084
-0.001081
0.059570
0.035828
0.069763
0.023270
-0.004585
0.038666
-0.003468
-0.002892
-0.004246
0.037628
0.001485
0.064514
0.045898
0.055542
0.072510
-0.004791
-0.005253
-0.005802
0.015305
-0.003763
-0.007313
0.106445
0.033661
0.109192
0.063354
-0.006016
0.051025
0.028275
-0.002142
-0.004257
0.068359
0.060608
-0.005775
0.083984
0.039856
0.020874
0.051208
-0.004215
0.013634
0.067383
-0.006824
-0.007065
0.066895
0.040649
0.034576
-0.006111
0.013565
0.044037
0.001237
-0.006573
-0.003632
-0.006470
0.065979
0.019333
0.056091
-0.001596
0.026489
0.015312
0.029694
0.082825
-0.004265
-0.006615
0.071045
-0.002226
0.030533
-0.002693
-0.002115
-0.004967
-0.004272
-0.006969
-0.001515
-0.002563
-0.002748
-0.003918
0.001886
-0.002287
0.055847
-0.003536
0.001091
-0.004627
0.067505
0.021240
-0.002275
0.009438
-0.000071
-0.001540
0.081055
-0.007740
0.020218
0.012688
-0.001456
-0.002089
-0.003584
-0.007545
0.006851
0.088684
-0.003122
-0.006611
-0.000131
-0.007210
0.027374
0.007717
-0.006813
0.092773
-0.004963
-0.006248
0.086121
-0.002981
0.043152
0.075012
0.001077
0.053467
0.004955
-0.000892
-0.006691
-0.007156
-0.001347
-0.007301
0.028534
0.029297
-0.003319
0.016357
-0.004105
-0.000280
0.067383
0.011246
0.111084
-0.001081
0.059570
0.035828
0.069763
0.023270
-0.004585
0.038666
-0.003468
-0.002892
-0.004246
0.037628
0.001485
0.064514
0.045898
0.055542
0.072510
-0.004791
-0.005253
-0.005802
0.015305
-0.003763
-0.007313
0.106445
0.033661
0.109192
0.063354
-0.006016
0.051025
0.028275
-0.002142
-0.004257
0.068359
0.060608
-0.005775
0.083984
0.039856
0.020874
0.051208
-0.004215
0.013634
0.067383
-0.006824
-0.007065
0.066895
0.040649
0.034576
-0.006111
0.013565
0.044037
0.001237
-0.006573
-0.003632
-0.006470
0.065979
0.019333
0.056091
-0.001596
0.026489
0.015312
0.029694
0.082825
-0.004265
-0.006615
0.071045
-0.002226
0.030533
-0.002693
-0.002115
-0.004967
-0.004272
-0.006969
-0.001515
-0.002563
-0.002748
-0.003918
0.001886
-0.002287
0.055847
-0.003536
0.001091
-0.004627
0.067505
0.021240
-0.002275
0.009438
-0.000071
-0.001540
0.081055
-0.007740
0.020218
0.012688
-0.001456
-0.002089
-0.003584
-0.007545
0.006851
0.088684
-0.003122
-0.006611
-0.000131
-0.007210
0.027374
0.007717
-0.006813
0.092773
-0.004963
-0.006248
0.086121
-0.002981
0.043152
0.075012
0.001077
0.053467
0.004955
-0.000892
-0.006691
-0.007156
-0.001347
-0.007301
0.028534
0.029297
-0.003319
0.016357
-0.004105
-0.000280
0.067383
0.011246
0.111084
-0.001081
0.059570
0.035828
0.069763
0.023270
-0.004585
0.038666
-0.003468
-0.002892
-0.004246
0.037628
0.001485
0.064514
0.045898
0.055542
0.072510
-0.004791
-0.005253
-0.005802
0.015305
-0.003763
-0.007313
0.106445
0.033661
0.109192
0.063354
-0.006016
0.051025
0.028275
-0.002142
-0.004257
0.068359
0.060608
-0.005775
0.083984
0.039856
0.020874
0.051208
-0.004215
0.013634
0.067383
-0.006824
-0.007065
0.066895
0.040649
0.034576
-0.006111
0.013565
0.044037
0.001237
-0.006573
-0.003632
-0.006470
0.065979
0.019333
0.056091
-0.001596
0.026489
0.015312
0.029694
0.082825
-0.004265
-0.006615
0.071045
-0.002226
0.030533
-0.002693
-0.002115
-0.004967
-0.004272
-0.006969
-0.001515
-0.002563
-0.002748
-0.003918
0.001886
-0.002287
0.055847
-0.003536
0.001091
-0.004627
0.067505
0.021240
-0.002275
0.009438
-0.000071
-0.001540
0.081055
-0.007740
0.020218
0.012688
-0.001456
-0.002089
-0.003584
-0.007545
0.006851
0.088684
-0.003122
-0.006611
-0.000131
-0.007210
0.027374
0.007717
-0.006813
0.092773
-0.004963
-0.006248
0.086121
-0.002981
0.043152
0.075012
0.001077
0.053467
0.004955
-0.000892
-0.006691
-0.007156
-0.001347
-0.007301
0.028534
0.029297
-0.003319
0.016357
-0.004105
-0.000280
0.067383
0.011246
0.111084
-0.001081
0.059570
0.035828
0.069763
0.023270
-0.004585
0.038666
-0.003468
-0.002892
-0.004246
0.037628
0.001485
0.064514
0.045898
0.055542
0.072510
-0.004791
-0.005253
-0.005802
0.015305
-0.003763
-0.007313
0.106445
0.033661
0.109192
0.063354
-0.006016
0.051025
0.028275
-0.002142
-0.004257
0.068359
0.060608
-0.005775
0.083984
0.039856
0.020874
0.051208
-0.004215
0.013634
0.067383
-0.006824
-0.007065
0.066895
0.040649
0.034576
-0.006111
0.013565
0.044037
0.001237
-0.006573
-0.003632
-0.006470
0.065979
0.019333
0.056091
-0.001596
0.026489
0.015312
0.029694
0.082825
-0.004265
-0.006615
0.071045
-0.002226
0.030533
-0.002693
-0.002115
-0.004967
-0.004272
-0.006969
-0.001515
-0.002563
-0.002748
-0.003918
0.001886
-0.002287
0.055847
-0.003536
0.001091
-0.004627
0.067505
0.021240
-0.002275
0.009438
-0.000071
-0.001540
0.081055
-0.007740
0.020218
0.012688
-0.001456
-0.002089
-0.003584
-0.007545
0.006851
0.088684
-0.003122
-0.006611
-0.000131
-0.007210
0.027374
0.007717
-0.006813
0.092773
-0.004963
-0.006248
0.086121
-0.002981
0.043152
0.075012
0.001077
0.053467
0.004955
-0.000892
-0.006691
-0.007156
-0.001347
-0.007301
0.028534
0.029297
-0.003319
0.016357
-0.004105
-0.000280
0.067383
0.011246
0.111084
-0.001081
0.059570
0.035828
0.069763
0.023270
-0.004585
0.038666
-0.003468
-0.002892
-0.004246
0.037628
0.001485
0.064514
0.045898
0.055542
0.072510
-0.004791
-0.005253
-0.005802
0.015305
-0.003763
-0.007313
0.106445
0.033661
0.109192
0.063354
-0.006016
0.051025
0.028275
-0.002142
-0.004257
0.068359
0.060608
-0.005775
0.083984
0.039856
0.020874
0.051208
-0.004215
0.013634
0.067383
-0.006824
-0.007065
0.066895
0.040649
0.034576
-0.006111
0.013565
0.044037
0.001237
-0.006573
-0.003632
-0.006470
0.065979
0.019333
0.056091
-0.001596
0.026489
0.015312
0.029694
0.082825
-0.004265
-0.006615
0.071045
-0.002226
0.030533
-0.002693
-0.002115
-0.004967
-0.004272
-0.006969
-0.001515
-0.002563
-0.002748
-0.003918
0.001886
-0.002287
0.055847
-0.003536
0.001091
-0.004627
0.067505
0.021240
-0.002275
0.009438
-0.000071
-0.001540
0.081055
-0.007740
0.020218
0.012688
-0.001456
-0.002089
-0.003584
-0.007545
0.006851
0.088684
-0.003122
-0.006611
-0.000131
-0.007210
0.027374
0.007717
-0.006813
0.092773
-0.004963
-0.006248
0.086121
-0.002981
0.043152
0.075012
0.001077
0.053467
0.004955
-0.000892
-0.006691
-0.007156
-0.001347
-0.007301
0.028534
0.029297
-0.003319
0.016357
-0.004105
-0.000280
0.067383
0.011246
0.111084
-0.001081
0.059570
0.035828
0.069763
0.023270
-0.004585
0.038666
-0.003468
-0.002892
-0.004246
0.037628
0.001485
0.064514
0.045898
0.055542
0.072510
-0.004791
-0.005253
-0.005802
0.015305
-0.003763
-0.007313
0.106445
0.033661
0.109192
0.063354
-0.006016
0.051025
0.028275
-0.002142
-0.004257
0.068359
0.060608
-0.005775
0.083984
0.039856
0.020874
0.051208
-0.004215
0.013634
0.067383
-0.006824
-0.007065
0.066895
0.040649
0.034576
-0.006111
0.013565
0.044037
0.001237
-0.006573
-0.003632
-0.006470
0.065979
0.019333
0.056091
-0.001596
0.026489
0.015312
0.029694
0.082825
-0.004265
-0.006615
0.071045
-0.002226
0.030533
-0.002693
-0.002115
-0.004967
-0.004272
-0.006969
-0.001515
-0.002563
-0.002748
-0.003918
0.001886
-0.002287
0.055847
-0.003536
0.001091
-0.004627
0.067505
0.021240
-0.002275
0.009438
-0.000071
-0.001540
0.081055
-0.007740
0.020218
0.012688
-0.001456
-0.002089
-0.003584
-0.007545
0.006851
0.088684
-0.003122
-0.006611
-0.000131
-0.007210
0.027374
0.007717
-0.006813
0.092773
-0.004963
-0.006248
0.086121
-0.002981
0.043152
0.075012
0.001077
0.053467
0.004955
-0.000892
-0.006691
-0.007156
-0.001347
-0.007301
0.028534
0.029297
-0.003319
0.016357
-0.004105
-0.000280
0.067383
0.011246
0.111084
-0.001081
0.059570
0.035828
0.069763
0.023270
-0.004585
0.038666
-0.003468
-0.002892
-0.004246
0.037628
0.001485
0.064514
0.045898
0.055542
0.072510
-0.004791
-0.005253
-0.005802
0.015305
-0.003763
-0.007313
0.106445
0.033661
0.109192
0.063354
-0.006016
0.051025
0.028275
-0.002142
-0.004257
0.068359
0.060608
-0.005775
0.083984
0.039856
0.020874
0.051208
-0.004215
0.013634
0.067383
-0.006824
-0.007065
0.066895
0.040649
0.034576
-0.006111
0.013565
0.044037
0.001237
-0.006573
-0.003632
-0.006470
0.065979
0.019333
0.056091
-0.001596
0.026489
0.015312
0.029694
0.082825
-0.004265
-0.006615
0.071045
-0.002226
0.030533
-0.002693
-0.002115
-0.004967
-0.004272
-0.006969
-0.001515
-0.002563
-0.002748
-0.003918
0.001886
-0.002287
0.055847
-0.003536
0.001091
-0.004627
0.067505
0.021240
-0.002275
0.009438
-0.000071
-0.001540
0.081055
-0.007740
0.020218
0.012688
-0.001456
-0.002089
-0.003584
-0.007545
0.006851
0.088684
-0.003122
-0.006611
-0.000131
-0.007210
0.027374
0.007717
-0.006813
0.092773
-0.004963
-0.006248
0.086121
-0.002981
0.043152
0.075012
0.001077
0.053467
0.004955
-0.000892
-0.006691
-0.007156
-0.001347
-0.007301
0.028534
0.029297
-0.003319
0.016357
-0.004105
-0.000280
0.067383
0.011246
0.111084
-0.001081
0.059570
0.035828
0.069763
0.023270
-0.004585
0.038666
-0.003468
-0.002892
-0.004246
0.037628
0.001485
0.064514
0.045898
0.055542
0.072510
-0.004791
-0.005253
-0.005802
0.015305
-0.003763
-0.007313
0.106445
0.033661
0.109192
0.063354
-0.006016
0.051025
0.028275
-0.002142
-0.004257
0.068359
0.060608
-0.005775
0.083984
0.039856
0.020874
0.051208
-0.004215
0.013634
0.067383
-0.006824
-0.007065
0.066895
0.040649
0.034576
-0.006111
0.013565
0.044037
0.001237
-0.006573
-0.003632
-0.006470
0.065979
0.019333
0.056091
-0.001596
0.026489
0.015312
0.029694
0.082825
-0.004265
-0.006615
0.071045
-0.002226
0.030533
-0.002693
-0.002115
-0.004967
-0.004272
-0.006969
-0.001515
-0.002563
-0.002748
-0.003918
0.001886
-0.002287
0.055847
-0.003536
0.001091
-0.004627
0.067505
0.021240
-0.002275
0.009438
-0.000071
-0.001540
0.081055
-0.007740
0.020218
0.012688
-0.001456
-0.002089
-0.003584
-0.007545
0.006851
0.088684
-0.003122
-0.006611
-0.000131
-0.007210
0.027374
0.007717
-0.006813
0.092773
-0.004963
-0.006248
0.086121
-0.002981
0.043152
0.075012
0.001077
0.053467
0.004955
-0.000892
-0.006691
-0.007156
-0.001347
-0.007301
0.028534
0.029297
-0.003319
0.016357
-0.004105
-0.000280
0.067383
0.011246
0.111084
-0.001081
0.059570
0.035828
0.069763
0.023270
-0.004585
0.038666
-0.003468
-0.002892
-0.004246
0.037628
0.001485
0.064514
0.045898
0.055542
0.072510
-0.004791
-0.005253
-0.005802
0.015305
-0.003763
-0.007313
0.106445
0.033661
0.109192
0.063354
-0.006016
0.051025
0.028275
-0.002142
-0.004257
0.068359
0.060608
-0.005775
0.083984
0.039856
0.020874
0.051208
-0.004215
0.013634
0.067383
-0.006824
-0.007065
0.066895
0.040649
0.034576
-0.006111
0.013565
0.044037
0.001237
-0.006573
-0.003632
-0.006470
0.065979
0.019333
0.056091
-0.001596
0.026489
0.015312
0.029694
0.082825
-0.004265
-0.006615
0.071045
-0.002226
0.030533
-0.002693
-0.002115
-0.004967
-0.004272
-0.006969
-0.001515
-0.002563
-0.002748
-0.003918
0.001886
-0.002287
0.055847
-0.003536
0.001091
-0.004627
0.067505
0.021240
-0.002275
0.009438
-0.000071
-0.001540
0.081055
-0.007740
0.020218
0.012688
-0.001456
-0.002089
-0.003584
-0.007545
0.006851
0.088684
-0.003122
-0.006611
-0.000131
-0.007210
0.027374
0.007717
-0.006813
0.092773
-0.004963
-0.006248
0.086121
-0.002981
0.043152
0.075012
0.001077
0.053467
0.004955
-0.000892
-0.006691
-0.007156
-0.001347
-0.007301
0.028534
0.029297
-0.003319
0.016357
-0.004105
-0.000280
0.067383
0.011246
0.111084
-0.001081
0.059570
0.035828
0.069763
0.023270
-0.004585
0.038666
-0.003468
-0.002892
-0.004246
0.037628
0.001485
0.064514
0.045898
0.055542
0.072510
-0.004791
-0.005253
-0.005802
0.015305
-0.003763
-0.007313
0.106445
0.033661
0.109192
0.063354
-0.006016
0.051025
0.028275
-0.002142
-0.004257
0.068359
0.060608
-0.005775
0.083984
0.039856
0.020874
0.051208
-0.004215
0.013634
0.067383
-0.006824
-0.007065
0.066895
0.040649
0.034576
-0.006111
0.013565
0.044037
0.001237
-0.006573
-0.003632
-0.006470
0.065979
0.019333
0.056091
-0.001596
0.026489
0.015312
0.029694
0.082825
-0.004265
-0.006615
0.071045
-0.002226
0.030533
-0.002693
-0.002115
-0.004967
-0.004272
-0.006969
-0.001515
-0.002563
-0.002748
-0.003918
0.001886
-0.002287
0.055847
-0.003536
0.001091
-0.004627
0.067505
0.021240
-0.002275
0.009438
-0.000071
-0.001540
0.081055
-0.007740
0.020218
0.012688
-0.001456
-0.002089
-0.003584
-0.007545
0.006851
0.088684
-0.003122
-0.006611
-0.000131
-0.007210
0.027374
0.007717
-0.006813
0.092773
-0.004963
-0.006248
0.086121
-0.002981
0.043152
0.075012
0.001077
0.053467
0.004955
-0.000892
-0.006691
-0.007156
-0.001347
-0.007301
0.028534
0.029297
-0.003319
0.016357
-0.004105
-0.000280
0.067383
0.011246
0.111084
-0.001081
0.059570
0.035828
0.069763
0.023270
-0.004585
0.038666
-0.003468
-0.002892
-0.004246
0.037628
0.001485
0.064514
0.045898
0.055542
0.072510
-0.004791
-0.005253
-0.005802
0.015305
-0.003763
-0.007313
0.106445
0.033661
0.109192
0.063354
-0.006016
0.051025
0.028275
-0.002142
-0.004257
0.068359
0.060608
-0.005775
0.083984
0.039856
0.020874
0.051208
-0.004215
0.013634
0.067383
-0.006824
-0.007065
0.066895
0.040649
0.034576
-0.006111
0.013565
0.044037
0.001237
-0.006573
-0.003632
-0.006470
0.065979
0.019333
0.056091
-0.001596
0.026489
0.015312
0.029694
0.082825
-0.004265
-0.006615
0.071045
-0.002226
0.030533
-0.002693
-0.002115
-0.004967
-0.004272
-0.006969
-0.001515
-0.002563
-0.002748
-0.003918
0.001886
-0.002287
0.055847
-0.003536
0.001091
-0.004627
0.067505
0.021240
-0.002275
0.009438
-0.000071
-0.001540
0.081055
-0.007740
0.020218
0.012688
-0.001456
-0.002089
-0.003584
-0.007545
0.006851
0.088684
-0.003122
-0.006611
-0.000131
-0.007210
0.027374
0.007717
-0.006813
0.092773
-0.004963
-0.006248
0.086121
-0.002981
0.043152
0.075012
0.001077
0.053467
0.004955
-0.000892
-0.006691
-0.007156
-0.001347
-0.007301
0.028534
0.029297
-0.003319
0.016357
-0.004105
-0.000280
0.067383
0.011246
0.111084
-0.001081
0.059570
0.035828
0.069763
0.023270
-0.004585
0.038666
-0.003468
-0.002892
-0.004246
0.037628
0.001485
0.064514
0.045898
0.055542
0.072510
-0.004791
-0.005253
-0.005802
0.015305
-0.003763
-0.007313
0.106445
0.033661
0.109192
0.063354
-0.006016
0.051025
0.028275
-0.002142
-0.004257
0.068359
0.060608
-0.005775
0.083984
0.039856
0.020874
0.051208
-0.004215
0.013634
0.067383
-0.006824
-0.007065
0.066895
0.040649
0.034576
-0.006111
0.013565
0.044037
0.001237
-0.006573
-0.003632
-0.006470
0.065979
0.019333
0.056091
-0.001596
0.026489
0.015312
0.029694
0.082825
-0.004265
-0.006615
0.071045
-0.002226
0.030533
-0.002693
-0.002115
-0.004967
-0.004272
-0.006969
-0.001515
-0.002563
-0.002748
-0.003918
0.001886
-0.002287
0.055847
-0.003536
0.001091
-0.004627
0.067505
0.021240
-0.002275
0.009438
-0.000071
-0.001540
0.081055
-0.007740
0.020218
0.012688
-0.001456
-0.002089
-0.003584
-0.007545
0.006851
0.088684
-0.003122
-0.006611
-0.000131
-0.007210
0.027374
0.007717
-0.006813
0.092773
-0.004963
-0.006248
0.086121
-0.002981
0.043152
0.075012
0.001077
0.053467
0.004955
-0.000892
-0.006691
-0.007156
-0.001347
-0.007301
0.028534
0.029297
-0.003319
0.016357
-0.004105
-0.000280
0.067383
0.011246
0.111084
-0.001081
0.059570
0.035828
0.069763
0.023270
-0.004585
0.038666
-0.003468
-0.002892
-0.004246
0.037628
0.001485
0.064514
0.045898
0.055542
0.072510
-0.004791
-0.005253
-0.005802
0.015305
-0.003763
-0.007313
0.106445
0.033661
0.109192
0.063354
-0.006016
0.051025
0.028275
-0.002142
-0.004257
0.068359
0.060608
-0.005775
0.083984
0.039856
0.020874
0.051208
-0.004215
0.013634
0.067383
-0.006824
-0.007065
0.066895
0.040649
0.034576
-0.006111
0.013565
0.044037
0.001237
-0.006573
-0.003632
-0.006470
0.065979
0.019333
0.056091
-0.001596
0.026489
0.015312
0.029694
0.082825
-0.004265
-0.006615
0.071045
-0.002226
0.030533
-0.002693
-0.002115
-0.004967
-0.004272
-0.006969
-0.001515
-0.002563
-0.002748
-0.003918
0.001886
-0.002287
0.055847
-0.003536
0.001091
-0.004627
0.067505
0.021240
-0.002275
0.009438
-0.000071
-0.001540
0.081055
-0.007740
0.020218
0.012688
-0.001456
-0.002089
-0.003584
-0.007545
0.006851
0.088684
-0.003122
-0.006611
-0.000131
-0.007210
0.027374
0.007717
-0.006813
0.092773
-0.004963
-0.006248
0.086121
-0.002981
0.043152
0.075012
0.001077
0.053467
0.004955
-0.000892
-0.006691
-0.007156
-0.001347
-0.007301
0.028534
0.029297
-0.003319
0.016357
-0.004105
-0.000280
0.067383
0.011246
0.111084
-0.001081
0.059570
0.035828
0.069763
0.023270
-0.004585
0.038666
-0.003468
-0.002892
-0.004246
0.037628
0.001485
0.064514
0.045898
0.055542
0.072510
-0.004791
-0.005253
-0.005802
0.015305
-0.003763
-0.007313
0.106445
0.033661
0.109192
0.063354
-0.006016
0.051025
0.028275
-0.002142
-0.004257
0.068359
0.060608
-0.005775
0.083984
0.039856
0.020874
0.051208
-0.004215
0.013634
0.067383
-0.006824
-0.007065
0.066895
0.040649
0.034576
-0.006111
0.013565
0.044037
0.001237
-0.006573
-0.003632
-0.006470
0.065979
0.019333
0.056091
-0.001596
0.026489
0.015312
0.029694
0.082825
-0.004265
-0.006615
0.071045
-0.002226
0.030533
-0.002693
-0.002115
-0.004967
-0.004272
-0.006969
-0.001515
-0.002563
-0.002748
-0.003918
0.001886
-0.002287
0.055847
-0.003536
0.001091
-0.004627
0.067505
0.021240
-0.002275
0.009438
-0.000071
-0.001540
0.081055
-0.007740
0.020218
0.012688
-0.001456
-0.002089
-0.003584
-0.007545
0.006851
0.088684
-0.003122
-0.006611
-0.000131
-0.007210
0.027374
0.007717
-0.006813
0.092773
-0.004963
-0.006248
0.086121
-0.002981
0.043152
0.075012
0.001077
0.053467
0.004955
-0.000892
-0.006691
-0.007156
-0.001347
-0.007301
0.028534
0.029297
-0.003319
0.016357
-0.004105
-0.000280
0.067383
0.011246
0.111084
-0.001081
0.059570
0.035828
0.069763
0.023270
-0.004585
0.038666
-0.003468
-0.002892
-0.004246
0.037628
0.001485
0.064514
0.045898
0.055542
0.072510
-0.004791
-0.005253
-0.005802
0.015305
-0.003763
-0.007313
0.106445
0.033661
0.109192
0.063354
-0.006016
0.051025
0.028275
-0.002142
-0.004257
0.068359
0.060608
-0.005775
0.083984
0.039856
0.020874
0.051208
-0.004215
0.013634
0.067383
-0.006824
-0.007065
0.066895
0.040649
0.034576
-0.006111
0.013565
0.044037
0.001237
-0.006573
-0.003632
-0.006470
0.065979
0.019333
0.056091
-0.001596
0.026489
0.015312
0.029694
0.082825
-0.004265
-0.006615
0.071045
-0.002226
0.030533
-0.002693
-0.002115
-0.004967
-0.004272
-0.006969
-0.001515
-0.002563
-0.002748
-0.003918
0.001886
-0.002287
0.055847
-0.003536
0.001091
-0.004627
0.067505
0.021240
-0.002275
0.009438
-0.000071
-0.001540
0.081055
-0.007740
0.020218
0.012688
