0.056945801
0.26953125
0.20007324
0.18005371
0.40063477
0.006477356
-0.02722168
-0.011001587
0.22216797
-0.016799927
-0.0046386719
-0.026000977
-0.0032196045
0.06463623
0.021514893
-0.021331787
-0.03137207
-0.032684326
0.23364258
-0.0044059753
0.31469727
0.33081055
0.16491699
-0.003320694
0.26586914
0.072509766
-0.013038635
0.19519043
0.39648438
-0.0010175705
0.11071777
-0.0093078613
-0.037811279
0.13769531
-0.015853882
-0.0084228516
0.012451172
-0.0062599182
-0.0090942383
0.10253906
0.039215088
0.008605957
0.22692871
0.13269043
-0.024688721
0.013832092
0.089294434
0.19689941
0.41015625
0.18811035
-0.0031661987
0.17285156
0.078735352
0.15100098
0.045471191
0.12438965
0.36767578
0.33959961
0.19665527
-0.008605957
0.12854004
0.22399902
-0.0031681061
0.4519043
0.028335571
0.2565918
-0.0016355515
-0.0040664673
0.38769531
-0.0074119568
0.23962402
0.050628662
0.19262695
0.19482422
0.23815918
0.066040039
0.068786621
-0.010871887
0.18798828
0.17102051
0.1328125
-0.0059738159
-0.020889282
-0.029953003
0.15930176
0.23193359
-0.013473511
-0.0034599304
0.069702148
-0.0049476624
-0.010772705
-0.0030651093
0.18725586
0.22155762
0.076049805
-0.01259613
0.054473877
0.17700195
-0.0080718994
-0.00058412552
0.083740234
-0.032867432
-0.0007185936
0.043823242
-0.00099563599
0.26831055
-0.001698494
0.039154053
0.055908203
0.083129883
-0.0019359589
0.029403687
-0.014579773
0.41162109
-0.012664795
0.21398926
-0.005443573
-0.0092086792
0.16552734
0.16149902
-0.0018043518
0.027816772
-0.0050315857
0.17602539
-0.0262146
0.078735352
0.078369141
-0.010490417
0.19665527
0.40551758
0.17053223
-0.0104599
0.37988281
0.20507812
-0.014732361
-0.012550354
0.044616699
-0.011672974
-0.019470215
-0.037719727
-0.0077400208
-0.004573822
0.10577393
-0.034301758
-0.053009033
-0.031219482
0.36572266
-0.015029907
0.30932617
0.52929688
0.096496582
-0.006023407
0.22766113
0.057373047
-0.02230835
0.14196777
0.39575195
0.080505371
0.066589355
-0.019058228
-0.04989624
0.08026123
-5.954504e-05
-0.016357422
0.07409668
0.022109985
-0.0078582764
0.33007812
0.002243042
0.37768555
0.28686523
0.14208984
-0.038482666
0.055755615
0.24768066
0.27319336
0.36645508
0.042327881
0.056610107
0.20385742
-0.0045967102
0.076782227
-0.0062675476
0.087219238
0.56689453
0.30053711
0.46264648
-0.023971558
0.057861328
0.12268066
-0.0037288666
0.64208984
-0.0078353882
0.32592773
0.0027656555
0.065734863
0.40478516
-0.0044212341
0.18054199
-0.0093383789
0.16455078
0.29248047
0.43505859
0.015098572
0.15490723
-0.0095062256
0.21618652
0.079345703
0.18823242
-0.035766602
-0.018692017
-0.03012085
0.18554688
0.30541992
-0.024673462
-0.012214661
0.10321045
-0.019393921
-0.0075874329
0.010269165
0.17114258
0.24755859
0.093017578
-0.042114258
0.016799927
0.25585938
-0.008430481
0.010131836
0.086853027
-0.03338623
-0.0038051605
0.045715332
0.22790527
0.23132324
0.078063965
0.033050537
-0.018325806
-0.0022506714
-0.010673523
0.047973633
-0.0011577606
0.45898438
-0.0067138672
0.34790039
-0.0046768188
-0.0099105835
0.14208984
0.52148438
0.14160156
-0.020263672
-0.013137817
0.25878906
-0.0088729858
0.0038719177
-0.0028038025
-0.013641357
0.092285156
0.3894043
0.23962402
0.10632324
0.39990234
0.071289062
-0.028198242
-0.017944336
0.17248535
-0.013000488
-0.00073051453
-0.029449463
-0.010009766
0.10491943
0.0033626556
-0.023880005
-0.03036499
-0.027572632
0.29541016
-0.014442444
0.28930664
0.26708984
0.011566162
-0.0022125244
0.15673828
-0.001001358
-0.012962341
0.13952637
0.45288086
0.18920898
0.071411133
-0.0042877197
-0.036407471
-0.0015363693
-0.013114929
-0.016738892
0.1204834
0.15161133
-0.012969971
0.16601562
-0.0022602081
0.10290527
0.16784668
0.14233398
-0.02671814
0.11712646
0.20251465
0.14794922
0.29321289
0.18103027
0.027984619
0.078796387
0.1282959
0.17333984
-0.0059318542
0.081970215
0.3684082
0.34204102
0.265625
-0.0056533813
0.10180664
0.20288086
0.012054443
0.47094727
0.068847656
0.14282227
0.012512207
0.016860962
0.34326172
0.029907227
0.15356445
-0.006275177
0.096740723
0.28051758
0.27709961
0.082275391
0.089477539
-0.006690979
0.11920166
0.035522461
0.19152832
-0.019485474
-0.022903442
-0.026611328
0.27758789
0.21484375
-0.010543823
-0.0065002441
0.097229004
-0.0083312988
-0.012863159
0.028060913
0.1005249
0.14453125
0.18859863
-0.022216797
-0.00093173981
0.25927734
-0.021392822
0.045593262
0.082580566
-0.021194458
0.099487305
0.075073242
0.12164307
0.32470703
-0.014030457
-0.0018396378
-0.010772705
0.12646484
-0.011833191
0.041107178
-0.0060310364
0.4140625
-0.015945435
0.27148438
-0.00084972382
-0.0031700134
0.18444824
0.25708008
0.061096191
-0.010231018
-0.0078353882
0.17224121
-0.025924683
0.012969971
0.012031555
-0.0068702698
0.047271729
0.46166992
0.20056152
0.17504883
0.55957031
-0.0020236969
-0.041320801
-0.018630981
0.23913574
-0.012138367
-0.00098991394
-0.036560059
-0.0089874268
0.054016113
-0.0021133423
-0.036621094
-0.043548584
-0.048950195
0.34179688
-0.015274048
0.36425781
0.30249023
0.026489258
0.067871094
0.35498047
-0.0018463135
-0.029052734
0.18457031
0.48071289
0.094177246
0.2644043
-0.013938904
-0.04800415
0.16967773
-0.02003479
-0.0013561249
0.1151123
0.07598877
-0.010421753
0.26342773
0.10754395
-0.0068397522
0.46166992
0.088256836
-0.038208008
0.064819336
0.12121582
0.14538574
0.41772461
0.28295898
0.16906738
0.16809082
0.10015869
0.1817627
-0.018188477
0.21826172
0.46386719
0.48950195
0.17248535
-0.0043869019
0.14428711
0.32519531
-0.0015907288
0.44970703
0.0081176758
0.20007324
0.00031852722
0.17358398
0.39331055
0.01399231
0.37036133
0.19714355
0.40283203
0.14172363
0.23974609
-0.007648468
0.088928223
-0.0038986206
0.14038086
0.390625
-0.0014591217
-0.0074501038
-0.027908325
-0.038543701
0.17858887
0.15942383
-0.016357422
-0.0082855225
-0.013626099
-0.00095272064
-0.016983032
-0.0065460205
0.10455322
0.35961914
0.090637207
-0.015914917
-0.00017523766
0.27856445
-0.011375427
0.13720703
0.06237793
-0.04208374
-0.00075292587
0.18261719
-0.011512756
0.375
-0.0042266846
-0.0026130676
0.015808105
0.1373291
0.024642944
0.11895752
-0.0075111389
0.48876953
-0.0024642944
0.40722656
-0.0017967224
-0.015129089
0.11419678
0.24121094
-0.00021910667
-0.0081100464
-0.0099563599
0.23474121
-0.035369873
0.1472168
0.032348633
-0.006942749
0.062469482
0.22253418
0.11016846
0.026992798
0.23339844
0.055511475
-0.016326904
-0.013298035
0.14245605
-0.014465332
-0.0061607361
-0.02293396
-0.0056381226
0.0084915161
0.070983887
-0.019638062
-0.027145386
-0.021865845
0.21276855
-0.010574341
0.26391602
0.23925781
0.13098145
-0.0055236816
0.16564941
0.048431396
-0.011528015
0.06842041
0.29370117
0.0062713623
0.044677734
-0.012557983
-0.026885986
0.07623291
-0.0078659058
-0.0067253113
0.0340271
0.066101074
0.0036468506
0.13134766
0.06048584
0.067932129
0.22180176
0.082702637
-0.020706177
0.048797607
0.13171387
0.2199707
0.32641602
0.1048584
0.015350342
0.12023926
0.02494812
0.099975586
-0.00040793419
0.094421387
0.2890625
0.27978516
0.25
-0.0029811859
0.025192261
0.13439941
0.004901886
0.32006836
-0.0058174133
0.13110352
0.0027484894
-0.0036487579
0.30297852
0.014846802
0.19006348
0.023635864
0.098144531
0.18078613
0.23730469
0.024032593
0.054351807
-0.0012178421
0.14477539
0.1550293
0.12481689
-0.016647339
-0.012649536
-0.01675415
0.1295166
0.10894775
-0.009185791
-0.0061454773
0.071899414
-0.0030460358
-0.0032920837
-0.00068044662
0.068237305
0.18078613
0.075134277
-0.017501831
0.025772095
0.11206055
-0.0095901489
-0.00069475174
0.087524414
-0.01991272
-0.0025463104
0.033630371
0.10021973
0.15820312
-0.0039367676
0.031402588
-0.0026817322
0.027496338
-0.0031528473
0.034057617
-0.0041847229
0.31420898
-0.0090103149
0.23266602
0.0049629211
-0.010597229
0.15808105
0.2376709
0.054962158
-0.0067558289
-0.0048522949
0.13085938
-0.0099487305
0.052154541
-0.0025596619
-0.0055198669
0.10949707
0.45385742
0.10296631
0.46582031
0.79052734
0.052154541
-0.036193848
-0.021438599
0.034393311
-0.00548172
0.038909912
-0.035400391
0.040405273
-0.0055503845
-0.037017822
-0.034545898
-0.034240723
-0.03692627
0.22766113
0.14953613
0.34179688
0.28930664
0.13879395
0.2668457
0.55273438
0.15515137
-0.021835327
0.47192383
0.54980469
-0.016815186
0.17333984
0.048858643
-0.0440979
0.19763184
-0.00011354685
-0.012107849
0.11541748
-0.017211914
-0.027511597
-0.012756348
0.07421875
0.06161499
0.076538086
0.20349121
-0.052215576
0.070068359
0.048187256
0.17797852
0.55908203
0.2388916
-0.0071754456
0.43334961
0.17858887
0.23059082
0.23974609
0.21850586
0.41821289
0.36938477
0.29248047
-0.029251099
0.2824707
0.53515625
-0.0055007935
0.44311523
-0.0012340546
0.45922852
-0.0097732544
-0.0027313232
0.50683594
-0.055419922
0.46630859
0.0011701584
0.091247559
0.25976562
0.58105469
0.020004272
0.20300293
-0.035705566
0.096313477
0.027984619
0.105896
0.15625
-0.0088272095
-0.035247803
-0.0051307678
0.62353516
-0.0024585724
0.13916016
-0.013786316
-0.0095367432
-0.021591187
0.30859375
0.11456299
0.43017578
0.19372559
0.21240234
0.0023269653
0.17919922
-0.0079727173
0.042236328
0.40820312
-0.051605225
-0.0085067749
-0.019180298
0.32470703
0.28808594
0.16467285
-0.0103302
0.16210938
-0.015823364
-0.0022010803
0.047088623
-0.032165527
0.37744141
-0.018173218
0.15649414
-0.005859375
0.055938721
-0.0068778992
0.40478516
-0.010978699
0.38330078
-0.013496399
0.33081055
-0.047271729
0.038024902
0.30566406
-0.028762817
0.068847656
0.30273438
0.2668457
0.046966553
0.43164062
0.12744141
-0.0051383972
-0.013198853
0.11773682
-0.022216797
-0.011444092
-0.029953003
-0.0061454773
-0.0095367432
0.093688965
-0.021133423
-0.04864502
-0.014533997
0.30151367
-0.0035247803
0.42333984
0.44360352
0.088989258
0.093383789
0.28515625
-0.0033969879
-0.022354126
0.1776123
0.50976562
0.24450684
0.12347412
-0.020858765
-0.044799805
0.041137695
-0.0085449219
-0.0075759888
-0.0047225952
-0.0084915161
-0.016708374
0.30981445
-0.0059356689
0.25048828
0.34448242
0.15686035
-0.041442871
0.16235352
0.20605469
0.25561523
0.40039062
0.10791016
0.049438477
0.18469238
-0.0081634521
0.10522461
-0.0013246536
0.17858887
0.56835938
0.34155273
0.28833008
-0.013381958
0.069580078
0.34228516
0.040496826
0.65722656
-0.0052566528
0.24914551
-0.0085754395
-0.007144928
0.51025391
-0.0025138855
0.36694336
-0.0056762695
0.11853027
0.28393555
0.33325195
0.00076913834
0.14672852
-0.012886047
0.17333984
0.094909668
0.35400391
-0.036071777
-0.019134521
-0.0390625
0.10449219
0.37866211
-0.0062828064
-0.020751953
0.19604492
-0.0006685257
-0.0021629333
0.085632324
-0.0049629211
0.26171875
0.066162109
-0.034881592
0.16345215
0.21264648
-0.0095214844
0.047180176
0.24816895
-0.032684326
-0.020843506
0.088684082
0.17199707
0.19311523
0.035125732
0.024612427
-0.0097427368
0.058959961
-0.013092041
-0.0056343079
-0.0050315857
0.4609375
-0.018890381
0.27685547
0.10235596
-0.018432617
0.22717285
0.50244141
-0.00077533722
-0.0012798309
-0.014373779
0.32299805
-0.013092041
0.049560547
-0.0042686462
-0.017364502
0.079223633
0.31762695
0.36962891
0.31298828
0.76708984
-0.0049324036
-0.024581909
-0.019287109
0.13037109
-0.026321411
0.052490234
-0.020858765
0.026290894
0.038116455
-0.0072746277
-0.0088653564
-0.032104492
-0.025543213
0.23400879
0.1862793
0.44580078
0.35595703
0.25488281
0.23120117
0.23071289
0.21398926
-0.01121521
0.29418945
0.62402344
0.15686035
0.14855957
-0.0083312988
-0.031280518
0.04699707
-0.0052261353
0.01499176
-0.011123657
-0.023193359
-0.017669678
0.10296631
0.018707275
0.03074646
0.18188477
0.23937988
-0.033874512
0.089416504
0.19384766
0.077331543
0.62988281
0.33618164
-0.0031166077
0.26342773
0.10241699
0.31762695
0.16931152
0.05078125
0.45703125
0.2512207
0.15979004
-0.033416748
0.12915039
0.54589844
-0.013328552
0.62207031
0.039978027
0.30444336
-0.019104004
-0.016067505
0.60986328
-0.030899048
0.37475586
-0.0076255798
-0.00089883804
0.096496582
0.31176758
0.11437988
0.11712646
-0.027770996
0.21008301
-0.00075483322
0.34594727
-0.015083313
-0.019119263
-0.045074463
0.10412598
0.41845703
0.062103271
-0.012039185
0.28295898
0.08190918
-0.020980835
0.21862793
0.046813965
0.29125977
-0.0016336441
0.037750244
0.21313477
0.30249023
-0.0075378418
-0.0047874451
0.36987305
-0.046081543
-0.029724121
0.034729004
0.076965332
0.44018555
-0.00187397
0.0039482117
0.13903809
0.049865723
-0.0095062256
0.017990112
-0.027862549
0.5546875
-0.0075721741
0.21948242
0.0039710999
-0.010108948
0.064819336
0.22497559
-0.014610291
0.16137695
-0.022354126
0.2878418
-0.032348633
-4.6133995e-05
0.11633301
-0.024017334
0.022659302
0.15942383
-0.0093383789
0.05947876
0.17724609
-2.6226044e-06
-0.0099029541
-0.011123657
-0.005645752
-0.0013599396
0.029464722
-0.014923096
0.02230835
0.060394287
0.015304565
-0.010673523
-0.0037784576
-0.014266968
0.098327637
-0.00059461594
0.1328125
0.084533691
0.20910645
-0.0045814514
0.073791504
0.15234375
0.012290955
0.035430908
0.13806152
-0.011116028
0.034698486
0.040496826
-0.0078430176
-0.00026130676
0.048522949
-0.0063056946
0.014900208
0.088928223
0.0027828217
-0.0059890747
0.096374512
0.025482178
0.043609619
0.082763672
-0.018783569
0.021835327
0.026092529
0.15991211
0.24633789
-0.0010662079
-0.006401062
0.059692383
0.09173584
0.08972168
0.13989258
-0.0082778931
0.048614502
0.12200928
0.11242676
-0.0105896
-0.0019073486
0.017974854
0.0028533936
0.065246582
0.0063858032
0.025863647
0.0049362183
-0.003282547
0.1340332
-0.016098022
-0.0020847321
0.0034542084
0.030395508
0.044647217
0.22241211
0.095581055
0.020904541
-0.0103302
0.19714355
0.087097168
-0.0037612915
-0.0014190674
0.044067383
-0.002532959
0.15148926
0.054870605
-0.0064201355
0.013244629
0.012054443
-0.010017395
0.073181152
0.083862305
0.093322754
0.03717041
0.020339966
0.010429382
0.014038086
-0.0024986267
0.073181152
-0.0015354156
0.041564941
-0.015960693
0.094726562
-0.0028266907
0.088989258
0.11737061
0.039855957
0.0055656433
0.008026123
-0.013366699
0.02545166
0.061737061
-0.0082321167
0.12298584
-0.011627197
0.15869141
-0.010749817
0.025222778
0.017242432
0.14538574
0.010749817
-0.0044212341
-0.00042676926
0.089904785
-0.0039749146
-0.0016927719
0.072937012
-0.0022010803
0.016998291
0.047668457
-0.0059280396
0.051116943
0.03616333
-0.0026912689
-0.0058898926
-0.0098190308
-9.9658966e-05
-0.00028204918
0.011901855
-0.0097122192
-0.00057029724
0.035858154
0.065307617
-0.0050964355
0.052612305
-0.0019607544
0.085693359
-0.004447937
0.054992676
0.031768799
0.095458984
-0.0040130615
0.036102295
0.063537598
0.040924072
0.006778717
0.080932617
-0.0049972534
-0.0026741028
0.078552246
-0.00015413761
-0.0057868958
0.010505676
-0.0074577332
0.018493652
0.093261719
0.014175415
-0.0058288574
0.038635254
-0.0053634644
0.057861328
-0.0021266937
-0.008972168
0.066162109
0.0093231201
0.13085938
0.19104004
-0.0010070801
-0.0041351318
0.074523926
-0.0010023117
0.015777588
0.11242676
-0.0055809021
-0.0023651123
0.16333008
0.05355835
0.0051879883
0.0076751709
-0.0017175674
0.054870605
-0.00086259842
-0.0011777878
-0.0069618225
0.0010452271
-0.0069160461
0.081176758
0.018920898
0.036346436
0.058685303
-0.00047016144
0.0092849731
0.074645996
0.12042236
-0.0022068024
-0.0030231476
0.1505127
0.1541748
0.03137207
-0.00069379807
0.078063965
0.033660889
0.10290527
-0.0036125183
0.028640747
0.029556274
0.073852539
-0.0019569397
0.11187744
0.028579712
0.0059623718
0.02961731
0.0080108643
0.034515381
0.030136108
-0.0024833679
0.0076332092
-0.0018110275
0.049987793
0.021148682
0.026977539
0.03817749
0.051239014
0.042572021
-0.0030288696
0.044036865
0.026229858
-0.00440979
0.046813965
0.072692871
-0.002532959
0.054962158
-0.0094985962
0.11151123
-0.0027103424
0.0032234192
0.11889648
0.050811768
0.055908203
-0.0073661804
0.01096344
-0.0031452179
-0.0014820099
0.050933838
-0.0018053055
0.051879883
0.016998291
0.047668457
-0.0059280396
0.051116943
0.03616333
-0.0026912689
-0.0058898926
-0.0098190308
-9.9658966e-05
-0.00028204918
0.011901855
-0.0097122192
-0.00057029724
0.035858154
0.065307617
-0.0050964355
0.052612305
-0.0019607544
0.085693359
-0.004447937
0.054992676
0.031768799
0.095458984
-0.0040130615
0.036102295
0.063537598
0.040924072
0.006778717
0.080932617
-0.0049972534
-0.0026741028
0.078552246
-0.00015413761
-0.0057868958
0.010505676
-0.0074577332
0.018493652
0.093261719
0.014175415
-0.0058288574
0.038635254
-0.0053634644
0.057861328
-0.0021266937
-0.008972168
0.066162109
0.0093231201
0.13085938
0.19104004
-0.0010070801
-0.0041351318
0.074523926
-0.0010023117
0.015777588
0.11242676
-0.0055809021
-0.0023651123
0.16333008
0.05355835
0.0051879883
0.0076751709
-0.0017175674
0.054870605
-0.00086259842
-0.0011777878
-0.0069618225
0.0010452271
-0.0069160461
0.081176758
0.018920898
0.036346436
0.058685303
-0.00047016144
0.0092849731
0.074645996
0.12042236
-0.0022068024
-0.0030231476
0.1505127
0.1541748
0.03137207
-0.00069379807
0.078063965
0.033660889
0.10290527
-0.0036125183
0.028640747
0.029556274
0.073852539
-0.0019569397
0.11187744
0.028579712
0.0059623718
0.02961731
0.0080108643
0.034515381
0.030136108
-0.0024833679
0.0076332092
-0.0018110275
0.049987793
0.021148682
0.026977539
0.03817749
0.051239014
0.042572021
-0.0030288696
0.044036865
0.026229858
-0.00440979
0.046813965
0.072692871
-0.002532959
0.054962158
-0.0094985962
0.11151123
-0.0027103424
0.0032234192
0.11889648
0.050811768
0.055908203
-0.0073661804
0.01096344
-0.0031452179
-0.0014820099
0.050933838
-0.0018053055
0.051879883
0.016998291
0.047668457
-0.0059280396
0.051116943
0.03616333
-0.0026912689
-0.0058898926
-0.0098190308
-9.9658966e-05
-0.00028204918
0.011901855
-0.0097122192
-0.00057029724
0.035858154
0.065307617
-0.0050964355
0.052612305
-0.0019607544
0.085693359
-0.004447937
0.054992676
0.031768799
0.095458984
-0.0040130615
0.036102295
0.063537598
0.040924072
0.006778717
0.080932617
-0.0049972534
-0.0026741028
0.078552246
-0.00015413761
-0.0057868958
0.010505676
-0.0074577332
0.018493652
0.093261719
0.014175415
-0.0058288574
0.038635254
-0.0053634644
0.057861328
-0.0021266937
-0.008972168
0.066162109
0.0093231201
0.13085938
0.19104004
-0.0010070801
-0.0041351318
0.074523926
-0.0010023117
0.015777588
0.11242676
-0.0055809021
-0.0023651123
0.16333008
0.05355835
0.0051879883
0.0076751709
-0.0017175674
0.054870605
-0.00086259842
-0.0011777878
-0.0069618225
0.0010452271
-0.0069160461
0.081176758
0.018920898
0.036346436
0.058685303
-0.00047016144
0.0092849731
0.074645996
0.12042236
-0.0022068024
-0.0030231476
0.1505127
0.1541748
0.03137207
-0.00069379807
0.078063965
0.033660889
0.10290527
-0.0036125183
0.028640747
0.029556274
0.073852539
-0.0019569397
0.11187744
0.028579712
0.0059623718
0.02961731
0.0080108643
0.034515381
0.030136108
-0.0024833679
0.0076332092
-0.0018110275
0.049987793
0.021148682
0.026977539
0.03817749
0.051239014
0.042572021
-0.0030288696
0.044036865
0.026229858
-0.00440979
0.046813965
0.072692871
-0.002532959
0.054962158
-0.0094985962
0.11151123
-0.0027103424
0.0032234192
0.11889648
0.050811768
0.055908203
-0.0073661804
0.01096344
-0.0031452179
-0.0014820099
0.050933838
-0.0018053055
0.051879883
0.016998291
0.047668457
-0.0059280396
0.051116943
0.03616333
-0.0026912689
-0.0058898926
-0.0098190308
-9.9658966e-05
-0.00028204918
0.011901855
-0.0097122192
-0.00057029724
0.035858154
0.065307617
-0.0050964355
0.052612305
-0.0019607544
0.085693359
-0.004447937
0.054992676
0.031768799
0.095458984
-0.0040130615
0.036102295
0.063537598
0.040924072
0.006778717
0.080932617
-0.0049972534
-0.0026741028
0.078552246
-0.00015413761
-0.0057868958
0.010505676
-0.0074577332
0.018493652
0.093261719
0.014175415
-0.0058288574
0.038635254
-0.0053634644
0.057861328
-0.0021266937
-0.008972168
0.066162109
0.0093231201
0.13085938
0.19104004
-0.0010070801
-0.0041351318
0.074523926
-0.0010023117
0.015777588
0.11242676
-0.0055809021
-0.0023651123
0.16333008
0.05355835
0.0051879883
0.0076751709
-0.0017175674
0.054870605
-0.00086259842
-0.0011777878
-0.0069618225
0.0010452271
-0.0069160461
0.081176758
0.018920898
0.036346436
0.058685303
-0.00047016144
0.0092849731
0.074645996
0.12042236
-0.0022068024
-0.0030231476
0.1505127
0.1541748
0.03137207
-0.00069379807
0.078063965
0.033660889
0.10290527
-0.0036125183
0.028640747
0.029556274
0.073852539
-0.0019569397
0.11187744
0.028579712
0.0059623718
0.02961731
0.0080108643
0.034515381
0.030136108
-0.0024833679
0.0076332092
-0.0018110275
0.049987793
0.021148682
0.026977539
0.03817749
0.051239014
0.042572021
-0.0030288696
0.044036865
0.026229858
-0.00440979
0.046813965
0.072692871
-0.002532959
0.054962158
-0.0094985962
0.11151123
-0.0027103424
0.0032234192
0.11889648
0.050811768
0.055908203
-0.0073661804
0.01096344
-0.0031452179
-0.0014820099
0.050933838
-0.0018053055
0.051879883
0.016998291
0.047668457
-0.0059280396
0.051116943
0.03616333
-0.0026912689
-0.0058898926
-0.0098190308
-9.9658966e-05
-0.00028204918
0.011901855
-0.0097122192
-0.00057029724
0.035858154
0.065307617
-0.0050964355
0.052612305
-0.0019607544
0.085693359
-0.004447937
0.054992676
0.031768799
0.095458984
-0.0040130615
0.036102295
0.063537598
0.040924072
0.006778717
0.080932617
-0.0049972534
-0.0026741028
0.078552246
-0.00015413761
-0.0057868958
0.010505676
-0.0074577332
0.018493652
0.093261719
0.014175415
-0.0058288574
0.038635254
-0.0053634644
0.057861328
-0.0021266937
-0.008972168
0.066162109
0.0093231201
0.13085938
0.19104004
-0.0010070801
-0.0041351318
0.074523926
-0.0010023117
0.015777588
0.11242676
-0.0055809021
-0.0023651123
0.16333008
0.05355835
0.0051879883
0.0076751709
-0.0017175674
0.054870605
-0.00086259842
-0.0011777878
-0.0069618225
0.0010452271
-0.0069160461
0.081176758
0.018920898
0.036346436
0.058685303
-0.00047016144
0.0092849731
0.074645996
0.12042236
-0.0022068024
-0.0030231476
0.1505127
0.1541748
0.03137207
-0.00069379807
0.078063965
0.033660889
0.10290527
-0.0036125183
0.028640747
0.029556274
0.073852539
-0.0019569397
0.11187744
0.028579712
0.0059623718
0.02961731
0.0080108643
0.034515381
0.030136108
-0.0024833679
0.0076332092
-0.0018110275
0.049987793
0.021148682
0.026977539
0.03817749
0.051239014
0.042572021
-0.0030288696
0.044036865
0.026229858
-0.00440979
0.046813965
0.072692871
-0.002532959
0.054962158
-0.0094985962
0.11151123
-0.0027103424
0.0032234192
0.11889648
0.050811768
0.055908203
-0.0073661804
0.01096344
-0.0031452179
-0.0014820099
0.050933838
-0.0018053055
0.051879883
0.016998291
0.047668457
-0.0059280396
0.051116943
0.03616333
-0.0026912689
-0.0058898926
-0.0098190308
-9.9658966e-05
-0.00028204918
0.011901855
-0.0097122192
-0.00057029724
0.035858154
0.065307617
-0.0050964355
0.052612305
-0.0019607544
0.085693359
-0.004447937
0.054992676
0.031768799
0.095458984
-0.0040130615
0.036102295
0.063537598
0.040924072
0.006778717
0.080932617
-0.0049972534
-0.0026741028
0.078552246
-0.00015413761
-0.0057868958
0.010505676
-0.0074577332
0.018493652
0.093261719
0.014175415
-0.0058288574
0.038635254
-0.0053634644
0.057861328
-0.0021266937
-0.008972168
0.066162109
0.0093231201
0.13085938
0.19104004
-0.0010070801
-0.0041351318
0.074523926
-0.0010023117
0.015777588
0.11242676
-0.0055809021
-0.0023651123
0.16333008
0.05355835
0.0051879883
0.0076751709
-0.0017175674
0.054870605
-0.00086259842
-0.0011777878
-0.0069618225
0.0010452271
-0.0069160461
0.081176758
0.018920898
0.036346436
0.058685303
-0.00047016144
0.0092849731
0.074645996
0.12042236
-0.0022068024
-0.0030231476
0.1505127
0.1541748
0.03137207
-0.00069379807
0.078063965
0.033660889
0.10290527
-0.0036125183
0.028640747
0.029556274
0.073852539
-0.0019569397
0.11187744
0.028579712
0.0059623718
0.02961731
0.0080108643
0.034515381
0.030136108
-0.0024833679
0.0076332092
-0.0018110275
0.049987793
0.021148682
0.026977539
0.03817749
0.051239014
0.042572021
-0.0030288696
0.044036865
0.026229858
-0.00440979
0.046813965
0.072692871
-0.002532959
0.054962158
-0.0094985962
0.11151123
-0.0027103424
0.0032234192
0.11889648
0.050811768
0.055908203
-0.0073661804
0.01096344
-0.0031452179
-0.0014820099
0.050933838
-0.0018053055
0.051879883
0.016998291
0.047668457
-0.0059280396
0.051116943
0.03616333
-0.0026912689
-0.0058898926
-0.0098190308
-9.9658966e-05
-0.00028204918
0.011901855
-0.0097122192
-0.00057029724
0.035858154
0.065307617
-0.0050964355
0.052612305
-0.0019607544
0.085693359
-0.004447937
0.054992676
0.031768799
0.095458984
-0.0040130615
0.036102295
0.063537598
0.040924072
0.006778717
0.080932617
-0.0049972534
-0.0026741028
0.078552246
-0.00015413761
-0.0057868958
0.010505676
-0.0074577332
0.018493652
0.093261719
0.014175415
-0.0058288574
0.038635254
-0.0053634644
0.057861328
-0.0021266937
-0.008972168
0.066162109
0.0093231201
0.13085938
0.19104004
-0.0010070801
-0.0041351318
0.074523926
-0.0010023117
0.015777588
0.11242676
-0.0055809021
-0.0023651123
0.16333008
0.05355835
0.0051879883
0.0076751709
-0.0017175674
0.054870605
-0.00086259842
-0.0011777878
-0.0069618225
0.0010452271
-0.0069160461
0.081176758
0.018920898
0.036346436
0.058685303
-0.00047016144
0.0092849731
0.074645996
0.12042236
-0.0022068024
-0.0030231476
0.1505127
0.1541748
0.03137207
-0.00069379807
0.078063965
0.033660889
0.10290527
-0.0036125183
0.028640747
0.029556274
0.073852539
-0.0019569397
0.11187744
0.028579712
0.0059623718
0.02961731
0.0080108643
0.034515381
0.030136108
-0.0024833679
0.0076332092
-0.0018110275
0.049987793
0.021148682
0.026977539
0.03817749
0.051239014
0.042572021
-0.0030288696
0.044036865
0.026229858
-0.00440979
0.046813965
0.072692871
-0.002532959
0.054962158
-0.0094985962
0.11151123
-0.0027103424
0.0032234192
0.11889648
0.050811768
0.055908203
-0.0073661804
0.01096344
-0.0031452179
-0.0014820099
0.050933838
-0.0018053055
0.051879883
0.016998291
0.047668457
-0.0059280396
0.051116943
0.03616333
-0.0026912689
-0.0058898926
-0.0098190308
-9.9658966e-05
-0.00028204918
0.011901855
-0.0097122192
-0.00057029724
0.035858154
0.065307617
-0.0050964355
0.052612305
-0.0019607544
0.085693359
-0.004447937
0.054992676
0.031768799
0.095458984
-0.0040130615
0.036102295
0.063537598
0.040924072
0.006778717
0.080932617
-0.0049972534
-0.0026741028
0.078552246
-0.00015413761
-0.0057868958
0.010505676
-0.0074577332
0.018493652
0.093261719
0.014175415
-0.0058288574
0.038635254
-0.0053634644
0.057861328
-0.0021266937
-0.008972168
0.066162109
0.0093231201
0.13085938
0.19104004
-0.0010070801
-0.0041351318
0.074523926
-0.0010023117
0.015777588
0.11242676
-0.0055809021
-0.0023651123
0.16333008
0.05355835
0.0051879883
0.0076751709
-0.0017175674
0.054870605
-0.00086259842
-0.0011777878
-0.0069618225
0.0010452271
-0.0069160461
0.081176758
0.018920898
0.036346436
0.058685303
-0.00047016144
0.0092849731
0.074645996
0.12042236
-0.0022068024
-0.0030231476
0.1505127
0.1541748
0.03137207
-0.00069379807
0.078063965
0.033660889
0.10290527
-0.0036125183
0.028640747
0.029556274
0.073852539
-0.0019569397
0.11187744
0.028579712
0.0059623718
0.02961731
0.0080108643
0.034515381
0.030136108
-0.0024833679
0.0076332092
-0.0018110275
0.049987793
0.021148682
0.026977539
0.03817749
0.051239014
0.042572021
-0.0030288696
0.044036865
0.026229858
-0.00440979
0.046813965
0.072692871
-0.002532959
0.054962158
-0.0094985962
0.11151123
-0.0027103424
0.0032234192
0.11889648
0.050811768
0.055908203
-0.0073661804
0.01096344
-0.0031452179
-0.0014820099
0.050933838
-0.0018053055
0.051879883
0.016998291
0.047668457
-0.0059280396
0.051116943
0.03616333
-0.0026912689
-0.0058898926
-0.0098190308
-9.9658966e-05
-0.00028204918
0.011901855
-0.0097122192
-0.00057029724
0.035858154
0.065307617
-0.0050964355
0.052612305
-0.0019607544
0.085693359
-0.004447937
0.054992676
0.031768799
0.095458984
-0.0040130615
0.036102295
0.063537598
0.040924072
0.006778717
0.080932617
-0.0049972534
-0.0026741028
0.078552246
-0.00015413761
-0.0057868958
0.010505676
-0.0074577332
0.018493652
0.093261719
0.014175415
-0.0058288574
0.038635254
-0.0053634644
0.057861328
-0.0021266937
-0.008972168
0.066162109
0.0093231201
0.13085938
0.19104004
-0.0010070801
-0.0041351318
0.074523926
-0.0010023117
0.015777588
0.11242676
-0.0055809021
-0.0023651123
0.16333008
0.05355835
0.0051879883
0.0076751709
-0.0017175674
0.054870605
-0.00086259842
-0.0011777878
-0.0069618225
0.0010452271
-0.0069160461
0.081176758
0.018920898
0.036346436
0.058685303
-0.00047016144
0.0092849731
0.074645996
0.12042236
-0.0022068024
-0.0030231476
0.1505127
0.1541748
0.03137207
-0.00069379807
0.078063965
0.033660889
0.10290527
-0.0036125183
0.028640747
0.029556274
0.073852539
-0.0019569397
0.11187744
0.028579712
0.0059623718
0.02961731
0.0080108643
0.034515381
0.030136108
-0.0024833679
0.0076332092
-0.0018110275
0.049987793
0.021148682
0.026977539
0.03817749
0.051239014
0.042572021
-0.0030288696
0.044036865
0.026229858
-0.00440979
0.046813965
0.072692871
-0.002532959
0.054962158
-0.0094985962
0.11151123
-0.0027103424
0.0032234192
0.11889648
0.050811768
0.055908203
-0.0073661804
0.01096344
-0.0031452179
-0.0014820099
0.050933838
-0.0018053055
0.051879883
0.016998291
0.047668457
-0.0059280396
0.051116943
0.03616333
-0.0026912689
-0.0058898926
-0.0098190308
-9.9658966e-05
-0.00028204918
0.011901855
-0.0097122192
-0.00057029724
0.035858154
0.065307617
-0.0050964355
0.052612305
-0.0019607544
0.085693359
-0.004447937
0.054992676
0.031768799
0.095458984
-0.0040130615
0.036102295
0.063537598
0.040924072
0.006778717
0.080932617
-0.0049972534
-0.0026741028
0.078552246
-0.00015413761
-0.0057868958
0.010505676
-0.0074577332
0.018493652
0.093261719
0.014175415
-0.0058288574
0.038635254
-0.0053634644
0.057861328
-0.0021266937
-0.008972168
0.066162109
0.0093231201
0.13085938
0.19104004
-0.0010070801
-0.0041351318
0.074523926
-0.0010023117
0.015777588
0.11242676
-0.0055809021
-0.0023651123
0.16333008
0.05355835
0.0051879883
0.0076751709
-0.0017175674
0.054870605
-0.00086259842
-0.0011777878
-0.0069618225
0.0010452271
-0.0069160461
0.081176758
0.018920898
0.036346436
0.058685303
-0.00047016144
0.0092849731
0.074645996
0.12042236
-0.0022068024
-0.0030231476
0.1505127
0.1541748
0.03137207
-0.00069379807
0.078063965
0.033660889
0.10290527
-0.0036125183
0.028640747
0.029556274
0.073852539
-0.0019569397
0.11187744
0.028579712
0.0059623718
0.02961731
0.0080108643
0.034515381
0.030136108
-0.0024833679
0.0076332092
-0.0018110275
0.049987793
0.021148682
0.026977539
0.03817749
0.051239014
0.042572021
-0.0030288696
0.044036865
0.026229858
-0.00440979
0.046813965
0.072692871
-0.002532959
0.054962158
-0.0094985962
0.11151123
-0.0027103424
0.0032234192
0.11889648
0.050811768
0.055908203
-0.0073661804
0.01096344
-0.0031452179
-0.0014820099
0.050933838
-0.0018053055
0.051879883
0.016998291
0.047668457
-0.0059280396
0.051116943
0.03616333
-0.0026912689
-0.0058898926
-0.0098190308
-9.9658966e-05
-0.00028204918
0.011901855
-0.0097122192
-0.00057029724
0.035858154
0.065307617
-0.0050964355
0.052612305
-0.0019607544
0.085693359
-0.004447937
0.054992676
0.031768799
0.095458984
-0.0040130615
0.036102295
0.063537598
0.040924072
0.006778717
0.080932617
-0.0049972534
-0.0026741028
0.078552246
-0.00015413761
-0.0057868958
0.010505676
-0.0074577332
0.018493652
0.093261719
0.014175415
-0.0058288574
0.038635254
-0.0053634644
0.057861328
-0.0021266937
-0.008972168
0.066162109
0.0093231201
0.13085938
0.19104004
-0.0010070801
-0.0041351318
0.074523926
-0.0010023117
0.015777588
0.11242676
-0.0055809021
-0.0023651123
0.16333008
0.05355835
0.0051879883
0.0076751709
-0.0017175674
0.054870605
-0.00086259842
-0.0011777878
-0.0069618225
0.0010452271
-0.0069160461
0.081176758
0.018920898
0.036346436
0.058685303
-0.00047016144
0.0092849731
0.074645996
0.12042236
-0.0022068024
-0.0030231476
0.1505127
0.1541748
0.03137207
-0.00069379807
0.078063965
0.033660889
0.10290527
-0.0036125183
0.028640747
0.029556274
0.073852539
-0.0019569397
0.11187744
0.028579712
0.0059623718
0.02961731
0.0080108643
0.034515381
0.030136108
-0.0024833679
0.0076332092
-0.0018110275
0.049987793
0.021148682
0.026977539
0.03817749
0.051239014
0.042572021
-0.0030288696
0.044036865
0.026229858
-0.00440979
0.046813965
0.072692871
-0.002532959
0.054962158
-0.0094985962
0.11151123
-0.0027103424
0.0032234192
0.11889648
0.050811768
0.055908203
-0.0073661804
0.01096344
-0.0031452179
-0.0014820099
0.050933838
-0.0018053055
0.051879883
0.016998291
0.047668457
-0.0059280396
0.051116943
0.03616333
-0.0026912689
-0.0058898926
-0.0098190308
-9.9658966e-05
-0.00028204918
0.011901855
-0.0097122192
-0.00057029724
0.035858154
0.065307617
-0.0050964355
0.052612305
-0.0019607544
0.085693359
-0.004447937
0.054992676
0.031768799
0.095458984
-0.0040130615
0.036102295
0.063537598
0.040924072
0.006778717
0.080932617
-0.0049972534
-0.0026741028
0.078552246
-0.00015413761
-0.0057868958
0.010505676
-0.0074577332
0.018493652
0.093261719
0.014175415
-0.0058288574
0.038635254
-0.0053634644
0.057861328
-0.0021266937
-0.008972168
0.066162109
0.0093231201
0.13085938
0.19104004
-0.0010070801
-0.0041351318
0.074523926
-0.0010023117
0.015777588
0.11242676
-0.0055809021
-0.0023651123
0.16333008
0.05355835
0.0051879883
0.0076751709
-0.0017175674
0.054870605
-0.00086259842
-0.0011777878
-0.0069618225
0.0010452271
-0.0069160461
0.081176758
0.018920898
0.036346436
0.058685303
-0.00047016144
0.0092849731
0.074645996
0.12042236
-0.0022068024
-0.0030231476
0.1505127
0.1541748
0.03137207
-0.00069379807
0.078063965
0.033660889
0.10290527
-0.0036125183
0.028640747
0.029556274
0.073852539
-0.0019569397
0.11187744
0.028579712
0.0059623718
0.02961731
0.0080108643
0.034515381
0.030136108
-0.0024833679
0.0076332092
-0.0018110275
0.049987793
0.021148682
0.026977539
0.03817749
0.051239014
0.042572021
-0.0030288696
0.044036865
0.026229858
-0.00440979
0.046813965
0.072692871
-0.002532959
0.054962158
-0.0094985962
0.11151123
-0.0027103424
0.0032234192
0.11889648
0.050811768
0.055908203
-0.0073661804
0.01096344
-0.0031452179
-0.0014820099
0.050933838
-0.0018053055
0.051879883
0.016998291
0.047668457
-0.0059280396
0.051116943
0.03616333
-0.0026912689
-0.0058898926
-0.0098190308
-9.9658966e-05
-0.00028204918
0.011901855
-0.0097122192
-0.00057029724
0.035858154
0.065307617
-0.0050964355
0.052612305
-0.0019607544
0.085693359
-0.004447937
0.054992676
0.031768799
0.095458984
-0.0040130615
0.036102295
0.063537598
0.040924072
0.006778717
0.080932617
-0.0049972534
-0.0026741028
0.078552246
-0.00015413761
-0.0057868958
0.010505676
-0.0074577332
0.018493652
0.093261719
0.014175415
-0.0058288574
0.038635254
-0.0053634644
0.057861328
-0.0021266937
-0.008972168
0.066162109
0.0093231201
0.13085938
0.19104004
-0.0010070801
-0.0041351318
0.074523926
-0.0010023117
0.015777588
0.11242676
-0.0055809021
-0.0023651123
0.16333008
0.05355835
0.0051879883
0.0076751709
-0.0017175674
0.054870605
-0.00086259842
-0.0011777878
-0.0069618225
0.0010452271
-0.0069160461
0.081176758
0.018920898
0.036346436
0.058685303
-0.00047016144
0.0092849731
0.074645996
0.12042236
-0.0022068024
-0.0030231476
0.1505127
0.1541748
0.03137207
-0.00069379807
0.078063965
0.033660889
0.10290527
-0.0036125183
0.028640747
0.029556274
0.073852539
-0.0019569397
0.11187744
0.028579712
0.0059623718
0.02961731
0.0080108643
0.034515381
0.030136108
-0.0024833679
0.0076332092
-0.0018110275
0.049987793
0.021148682
0.026977539
0.03817749
0.051239014
0.042572021
-0.0030288696
0.044036865
0.026229858
-0.00440979
0.046813965
0.072692871
-0.002532959
0.054962158
-0.0094985962
0.11151123
-0.0027103424
0.0032234192
0.11889648
0.050811768
0.055908203
-0.0073661804
0.01096344
-0.0031452179
-0.0014820099
0.050933838
-0.0018053055
0.051879883
0.016998291
0.047668457
-0.0059280396
0.051116943
0.03616333
-0.0026912689
-0.0058898926
-0.0098190308
-9.9658966e-05
-0.00028204918
0.011901855
-0.0097122192
-0.00057029724
0.035858154
0.065307617
-0.0050964355
0.052612305
-0.0019607544
0.085693359
-0.004447937
0.054992676
0.031768799
0.095458984
-0.0040130615
0.036102295
0.063537598
0.040924072
0.006778717
0.080932617
-0.0049972534
-0.0026741028
0.078552246
-0.00015413761
-0.0057868958
0.010505676
-0.0074577332
0.018493652
0.093261719
0.014175415
-0.0058288574
0.038635254
-0.0053634644
0.057861328
-0.0021266937
-0.008972168
0.066162109
0.0093231201
0.13085938
0.19104004
-0.0010070801
-0.0041351318
0.074523926
-0.0010023117
0.015777588
0.11242676
-0.0055809021
-0.0023651123
0.16333008
0.05355835
0.0051879883
0.0076751709
-0.0017175674
0.054870605
-0.00086259842
-0.0011777878
-0.0069618225
0.0010452271
-0.0069160461
0.081176758
0.018920898
0.036346436
0.058685303
-0.00047016144
0.0092849731
0.074645996
0.12042236
-0.0022068024
-0.0030231476
0.1505127
0.1541748
0.03137207
-0.00069379807
0.078063965
0.033660889
0.10290527
-0.0036125183
0.028640747
0.029556274
0.073852539
-0.0019569397
0.11187744
0.028579712
0.0059623718
0.02961731
0.0080108643
0.034515381
0.030136108
-0.0024833679
0.0076332092
-0.0018110275
0.049987793
0.021148682
0.026977539
0.03817749
0.051239014
0.042572021
-0.0030288696
0.044036865
0.026229858
-0.00440979
0.046813965
0.072692871
-0.002532959
0.054962158
-0.0094985962
0.11151123
-0.0027103424
0.0032234192
0.11889648
0.050811768
0.055908203
-0.0073661804
0.01096344
-0.0031452179
-0.0014820099
0.050933838
-0.0018053055
0.051879883
0.016998291
0.047668457
-0.0059280396
0.051116943
0.03616333
-0.0026912689
-0.0058898926
-0.0098190308
-9.9658966e-05
-0.00028204918
0.011901855
-0.0097122192
-0.00057029724
0.035858154
0.065307617
-0.0050964355
0.052612305
-0.0019607544
0.085693359
-0.004447937
0.054992676
0.031768799
0.095458984
-0.0040130615
0.036102295
0.063537598
0.040924072
0.006778717
0.080932617
-0.0049972534
-0.0026741028
0.078552246
-0.00015413761
-0.0057868958
0.010505676
-0.0074577332
0.018493652
0.093261719
0.014175415
-0.0058288574
0.038635254
-0.0053634644
0.057861328
-0.0021266937
-0.008972168
0.066162109
0.0093231201
0.13085938
0.19104004
-0.0010070801
-0.0041351318
0.074523926
-0.0010023117
0.015777588
0.11242676
-0.0055809021
-0.0023651123
0.16333008
0.05355835
0.0051879883
0.0076751709
-0.0017175674
0.054870605
-0.00086259842
-0.0011777878
-0.0069618225
0.0010452271
-0.0069160461
0.081176758
0.018920898
0.036346436
0.058685303
-0.00047016144
0.0092849731
0.074645996
0.12042236
-0.0022068024
-0.0030231476
0.1505127
0.1541748
0.03137207
-0.00069379807
0.078063965
0.033660889
0.10290527
-0.0036125183
0.028640747
0.029556274
0.073852539
-0.0019569397
0.11187744
0.028579712
0.0059623718
0.02961731
0.0080108643
0.034515381
0.030136108
-0.0024833679
0.0076332092
-0.0018110275
0.049987793
0.021148682
0.026977539
0.03817749
0.051239014
0.042572021
-0.0030288696
0.044036865
0.026229858
-0.00440979
0.046813965
0.072692871
-0.002532959
0.054962158
-0.0094985962
0.11151123
-0.0027103424
0.0032234192
0.11889648
0.050811768
0.055908203
-0.0073661804
0.01096344
-0.0031452179
-0.0014820099
0.050933838
-0.0018053055
0.051879883
0.016998291
0.047668457
-0.0059280396
0.051116943
0.03616333
-0.0026912689
-0.0058898926
-0.0098190308
-9.9658966e-05
-0.00028204918
0.011901855
-0.0097122192
-0.00057029724
0.035858154
0.065307617
-0.0050964355
0.052612305
-0.0019607544
0.085693359
-0.004447937
0.054992676
0.031768799
0.095458984
-0.0040130615
0.036102295
0.063537598
0.040924072
0.006778717
0.080932617
-0.0049972534
-0.0026741028
0.078552246
-0.00015413761
-0.0057868958
0.010505676
-0.0074577332
0.018493652
0.093261719
0.014175415
-0.0058288574
0.038635254
-0.0053634644
0.057861328
-0.0021266937
-0.008972168
0.066162109
0.0093231201
0.13085938
0.19104004
-0.0010070801
-0.0041351318
0.074523926
-0.0010023117
0.015777588
0.11242676
-0.0055809021
-0.0023651123
0.16333008
0.05355835
0.0051879883
0.0076751709
-0.0017175674
0.054870605
-0.00086259842
-0.0011777878
-0.0069618225
0.0010452271
-0.0069160461
0.081176758
0.018920898
0.036346436
0.058685303
-0.00047016144
0.0092849731
0.074645996
0.12042236
-0.0022068024
-0.0030231476
0.1505127
0.1541748
0.03137207
-0.00069379807
0.078063965
0.033660889
0.10290527
-0.0036125183
0.028640747
0.029556274
0.073852539
-0.0019569397
0.11187744
0.028579712
0.0059623718
0.02961731
0.0080108643
0.034515381
0.030136108
-0.0024833679
0.0076332092
-0.0018110275
0.049987793
0.021148682
0.026977539
0.03817749
0.051239014
0.042572021
-0.0030288696
0.044036865
0.026229858
-0.00440979
0.046813965
0.072692871
-0.002532959
0.054962158
-0.0094985962
0.11151123
-0.0027103424
0.0032234192
0.11889648
0.050811768
0.055908203
-0.0073661804
0.01096344
-0.0031452179
-0.0014820099
0.050933838
-0.0018053055
0.051879883
0.016998291
0.047668457
-0.0059280396
0.051116943
0.03616333
-0.0026912689
-0.0058898926
-0.0098190308
-9.9658966e-05
-0.00028204918
0.011901855
-0.0097122192
-0.00057029724
0.035858154
0.065307617
-0.0050964355
0.052612305
-0.0019607544
0.085693359
-0.004447937
0.054992676
0.031768799
0.095458984
-0.0040130615
0.036102295
0.063537598
0.040924072
0.006778717
0.080932617
-0.0049972534
-0.0026741028
0.078552246
-0.00015413761
-0.0057868958
0.010505676
-0.0074577332
0.018493652
0.093261719
0.014175415
-0.0058288574
0.038635254
-0.0053634644
0.057861328
-0.0021266937
-0.008972168
0.066162109
0.0093231201
0.13085938
0.19104004
-0.0010070801
-0.0041351318
0.074523926
-0.0010023117
0.015777588
0.11242676
-0.0055809021
-0.0023651123
0.16333008
0.05355835
0.0051879883
0.0076751709
-0.0017175674
0.054870605
-0.00086259842
-0.0011777878
-0.0069618225
0.0010452271
-0.0069160461
0.081176758
0.018920898
0.036346436
0.058685303
-0.00047016144
0.0092849731
0.074645996
0.12042236
-0.0022068024
-0.0030231476
0.1505127
0.1541748
0.03137207
-0.00069379807
0.078063965
0.033660889
0.10290527
-0.0036125183
0.028640747
0.029556274
0.073852539
-0.0019569397
0.11187744
0.028579712
0.0059623718
0.02961731
0.0080108643
0.034515381
0.030136108
-0.0024833679
0.0076332092
-0.0018110275
0.049987793
0.021148682
0.026977539
0.03817749
0.051239014
0.042572021
-0.0030288696
0.044036865
0.026229858
-0.00440979
0.046813965
0.072692871
-0.002532959
0.054962158
-0.0094985962
0.11151123
-0.0027103424
0.0032234192
0.11889648
0.050811768
0.055908203
-0.0073661804
0.01096344
-0.0031452179
-0.0014820099
0.050933838
-0.0018053055
0.051879883
0.016998291
0.047668457
-0.0059280396
0.051116943
0.03616333
-0.0026912689
-0.0058898926
-0.0098190308
-9.9658966e-05
-0.00028204918
0.011901855
-0.0097122192
-0.00057029724
0.035858154
0.065307617
-0.0050964355
0.052612305
-0.0019607544
0.085693359
-0.004447937
0.054992676
0.031768799
0.095458984
-0.0040130615
0.036102295
0.063537598
0.040924072
0.006778717
0.080932617
-0.0049972534
-0.0026741028
0.078552246
-0.00015413761
-0.0057868958
0.010505676
-0.0074577332
0.018493652
0.093261719
0.014175415
-0.0058288574
0.038635254
-0.0053634644
0.057861328
-0.0021266937
-0.008972168
0.066162109
0.0093231201
0.13085938
0.19104004
-0.0010070801
-0.0041351318
0.074523926
-0.0010023117
0.015777588
0.11242676
-0.0055809021
-0.0023651123
0.16333008
0.05355835
0.0051879883
0.0076751709
-0.0017175674
0.054870605
-0.00086259842
-0.0011777878
-0.0069618225
0.0010452271
-0.0069160461
0.081176758
0.018920898
0.036346436
0.058685303
-0.00047016144
0.0092849731
0.074645996
0.12042236
-0.0022068024
-0.0030231476
0.1505127
0.1541748
0.03137207
-0.00069379807
0.078063965
0.033660889
0.10290527
-0.0036125183
0.028640747
0.029556274
0.073852539
-0.0019569397
0.11187744
0.028579712
0.0059623718
0.02961731
0.0080108643
0.034515381
0.030136108
-0.0024833679
0.0076332092
-0.0018110275
0.049987793
0.021148682
0.026977539
0.03817749
0.051239014
0.042572021
-0.0030288696
0.044036865
0.026229858
-0.00440979
0.046813965
0.072692871
-0.002532959
0.054962158
-0.0094985962
0.11151123
-0.0027103424
0.0032234192
0.11889648
0.050811768
0.055908203
-0.0073661804
0.01096344
-0.0031452179
-0.0014820099
0.050933838
-0.0018053055
0.051879883
0.016998291
0.047668457
-0.0059280396
0.051116943
0.03616333
-0.0026912689
-0.0058898926
-0.0098190308
-9.9658966e-05
-0.00028204918
0.011901855
-0.0097122192
-0.00057029724
0.035858154
0.065307617
-0.0050964355
0.052612305
-0.0019607544
0.085693359
-0.004447937
0.054992676
0.031768799
0.095458984
-0.0040130615
0.036102295
0.063537598
0.040924072
0.006778717
0.080932617
-0.0049972534
-0.0026741028
0.078552246
-0.00015413761
-0.0057868958
0.010505676
-0.0074577332
0.018493652
0.093261719
0.014175415
-0.0058288574
0.038635254
-0.0053634644
0.057861328
-0.0021266937
-0.008972168
0.066162109
0.0093231201
0.13085938
0.19104004
-0.0010070801
-0.0041351318
0.074523926
-0.0010023117
0.015777588
0.11242676
-0.0055809021
-0.0023651123
0.16333008
0.05355835
0.0051879883
0.0076751709
-0.0017175674
0.054870605
-0.00086259842
-0.0011777878
-0.0069618225
0.0010452271
-0.0069160461
0.081176758
0.018920898
0.036346436
0.058685303
-0.00047016144
0.0092849731
0.074645996
0.12042236
-0.0022068024
-0.0030231476
0.1505127
0.1541748
0.03137207
-0.00069379807
0.078063965
0.033660889
0.10290527
-0.0036125183
0.028640747
0.029556274
0.073852539
-0.0019569397
0.11187744
0.028579712
0.0059623718
0.02961731
0.0080108643
0.034515381
0.030136108
-0.0024833679
0.0076332092
-0.0018110275
0.049987793
0.021148682
0.026977539
0.03817749
0.051239014
0.042572021
-0.0030288696
0.044036865
0.026229858
-0.00440979
0.046813965
0.072692871
-0.002532959
0.054962158
-0.0094985962
0.11151123
-0.0027103424
0.0032234192
0.11889648
0.050811768
0.055908203
-0.0073661804
0.01096344
-0.0031452179
-0.0014820099
0.050933838
-0.0018053055
0.051879883
0.016998291
0.047668457
-0.0059280396
0.051116943
0.03616333
-0.0026912689
-0.0058898926
-0.0098190308
-9.9658966e-05
-0.00028204918
0.011901855
-0.0097122192
-0.00057029724
0.035858154
0.065307617
-0.0050964355
0.052612305
-0.0019607544
0.085693359
-0.004447937
0.054992676
0.031768799
0.095458984
-0.0040130615
0.036102295
0.063537598
0.040924072
0.006778717
0.080932617
-0.0049972534
-0.0026741028
0.078552246
-0.00015413761
-0.0057868958
0.010505676
-0.0074577332
0.018493652
0.093261719
0.014175415
-0.0058288574
0.038635254
-0.0053634644
0.057861328
-0.0021266937
-0.008972168
0.066162109
0.0093231201
0.13085938
0.19104004
-0.0010070801
-0.0041351318
0.074523926
-0.0010023117
0.015777588
0.11242676
-0.0055809021
-0.0023651123
0.16333008
0.05355835
0.0051879883
0.0076751709
-0.0017175674
0.054870605
-0.00086259842
-0.0011777878
-0.0069618225
0.0010452271
-0.0069160461
0.081176758
0.018920898
0.036346436
0.058685303
-0.00047016144
0.0092849731
0.074645996
0.12042236
-0.0022068024
-0.0030231476
0.1505127
0.1541748
0.03137207
-0.00069379807
0.078063965
0.033660889
0.10290527
-0.0036125183
0.028640747
0.029556274
0.073852539
-0.0019569397
0.11187744
0.028579712
0.0059623718
0.02961731
0.0080108643
0.034515381
0.030136108
-0.0024833679
0.0076332092
-0.0018110275
0.049987793
0.021148682
0.026977539
0.03817749
0.051239014
0.042572021
-0.0030288696
0.044036865
0.026229858
-0.00440979
0.046813965
0.072692871
-0.002532959
0.054962158
-0.0094985962
0.11151123
-0.0027103424
0.0032234192
0.11889648
0.050811768
0.055908203
-0.0073661804
0.01096344
-0.0031452179
-0.0014820099
0.050933838
-0.0018053055
0.051879883
0.016998291
0.047668457
-0.0059280396
0.051116943
0.03616333
-0.0026912689
-0.0058898926
-0.0098190308
-9.9658966e-05
-0.00028204918
0.011901855
-0.0097122192
-0.00057029724
0.035858154
0.065307617
-0.0050964355
0.052612305
-0.0019607544
0.085693359
-0.004447937
0.054992676
0.031768799
0.095458984
-0.0040130615
0.036102295
0.063537598
0.040924072
0.006778717
0.080932617
-0.0049972534
-0.0026741028
0.078552246
-0.00015413761
-0.0057868958
0.010505676
-0.0074577332
0.018493652
0.093261719
0.014175415
-0.0058288574
0.038635254
-0.0053634644
0.057861328
-0.0021266937
-0.008972168
0.066162109
0.0093231201
0.13085938
0.19104004
-0.0010070801
-0.0041351318
0.074523926
-0.0010023117
0.015777588
0.11242676
-0.0055809021
-0.0023651123
0.16333008
0.05355835
0.0051879883
0.0076751709
-0.0017175674
0.054870605
-0.00086259842
-0.0011777878
-0.0069618225
0.0010452271
-0.0069160461
0.081176758
0.018920898
0.036346436
0.058685303
-0.00047016144
0.0092849731
0.074645996
0.12042236
-0.0022068024
-0.0030231476
0.1505127
0.1541748
0.03137207
-0.00069379807
0.078063965
0.033660889
0.10290527
-0.0036125183
0.028640747
0.029556274
0.073852539
-0.0019569397
0.11187744
0.028579712
0.0059623718
0.02961731
0.0080108643
0.034515381
0.030136108
-0.0024833679
0.0076332092
-0.0018110275
0.049987793
0.021148682
0.026977539
0.03817749
0.051239014
0.042572021
-0.0030288696
0.044036865
0.026229858
-0.00440979
0.046813965
0.072692871
-0.002532959
0.054962158
-0.0094985962
0.11151123
-0.0027103424
0.0032234192
0.11889648
0.050811768
0.055908203
-0.0073661804
0.01096344
-0.0031452179
-0.0014820099
0.050933838
-0.0018053055
0.051879883
0.016998291
0.047668457
-0.0059280396
0.051116943
0.03616333
-0.0026912689
-0.0058898926
-0.0098190308
-9.9658966e-05
-0.00028204918
0.011901855
-0.0097122192
-0.00057029724
0.035858154
0.065307617
-0.0050964355
0.052612305
-0.0019607544
0.085693359
-0.004447937
0.054992676
0.031768799
0.095458984
-0.0040130615
0.036102295
0.063537598
0.040924072
0.006778717
0.080932617
-0.0049972534
-0.0026741028
0.078552246
-0.00015413761
-0.0057868958
0.010505676
-0.0074577332
0.018493652
0.093261719
0.014175415
-0.0058288574
0.038635254
-0.0053634644
0.057861328
-0.0021266937
-0.008972168
0.066162109
0.0093231201
0.13085938
0.19104004
-0.0010070801
-0.0041351318
0.074523926
-0.0010023117
0.015777588
0.11242676
-0.0055809021
-0.0023651123
0.16333008
0.05355835
0.0051879883
0.0076751709
-0.0017175674
0.054870605
-0.00086259842
-0.0011777878
-0.0069618225
0.0010452271
-0.0069160461
0.081176758
0.018920898
0.036346436
0.058685303
-0.00047016144
0.0092849731
0.074645996
0.12042236
-0.0022068024
-0.0030231476
0.1505127
0.1541748
0.03137207
-0.00069379807
0.078063965
0.033660889
0.10290527
-0.0036125183
0.028640747
0.029556274
0.073852539
-0.0019569397
0.11187744
0.028579712
0.0059623718
0.02961731
0.0080108643
0.034515381
0.030136108
-0.0024833679
0.0076332092
-0.0018110275
0.049987793
0.021148682
0.026977539
0.03817749
0.051239014
0.042572021
-0.0030288696
0.044036865
0.026229858
-0.00440979
0.046813965
0.072692871
-0.002532959
0.054962158
-0.0094985962
0.11151123
-0.0027103424
0.0032234192
0.11889648
0.050811768
0.055908203
-0.0073661804
0.01096344
-0.0031452179
-0.0014820099
0.050933838
-0.0018053055
0.051879883
0.016998291
0.047668457
-0.0059280396
0.051116943
0.03616333
-0.0026912689
-0.0058898926
-0.0098190308
-9.9658966e-05
-0.00028204918
0.011901855
-0.0097122192
-0.00057029724
0.035858154
0.065307617
-0.0050964355
0.052612305
-0.0019607544
0.085693359
-0.004447937
0.054992676
0.031768799
0.095458984
-0.0040130615
0.036102295
0.063537598
0.040924072
0.006778717
0.080932617
-0.0049972534
-0.0026741028
0.078552246
-0.00015413761
-0.0057868958
0.010505676
-0.0074577332
0.018493652
0.093261719
0.014175415
-0.0058288574
0.038635254
-0.0053634644
0.057861328
-0.0021266937
-0.008972168
0.066162109
0.0093231201
0.13085938
0.19104004
-0.0010070801
-0.0041351318
0.074523926
-0.0010023117
0.015777588
0.11242676
-0.0055809021
-0.0023651123
0.16333008
0.05355835
0.0051879883
0.0076751709
-0.0017175674
0.054870605
-0.00086259842
-0.0011777878
-0.0069618225
0.0010452271
-0.0069160461
0.081176758
0.018920898
0.036346436
0.058685303
-0.00047016144
0.0092849731
0.074645996
0.12042236
-0.0022068024
-0.0030231476
0.1505127
0.1541748
0.03137207
-0.00069379807
0.078063965
0.033660889
0.10290527
-0.0036125183
0.028640747
0.029556274
0.073852539
-0.0019569397
0.11187744
0.028579712
0.0059623718
0.02961731
0.0080108643
0.034515381
0.030136108
-0.0024833679
0.0076332092
-0.0018110275
0.049987793
0.021148682
0.026977539
0.03817749
0.051239014
0.042572021
-0.0030288696
0.044036865
0.026229858
-0.00440979
0.046813965
0.072692871
-0.002532959
0.054962158
-0.0094985962
0.11151123
-0.0027103424
0.0032234192
0.11889648
0.050811768
0.055908203
-0.0073661804
0.01096344
-0.0031452179
-0.0014820099
0.050933838
-0.0018053055
0.051879883
0.016998291
0.047668457
-0.0059280396
0.051116943
0.03616333
-0.0026912689
-0.0058898926
-0.0098190308
-9.9658966e-05
-0.00028204918
0.011901855
-0.0097122192
-0.00057029724
0.035858154
0.065307617
-0.0050964355
0.052612305
-0.0019607544
0.085693359
-0.004447937
0.054992676
0.031768799
0.095458984
-0.0040130615
0.036102295
0.063537598
0.040924072
0.006778717
0.080932617
-0.0049972534
-0.0026741028
0.078552246
-0.00015413761
-0.0057868958
0.010505676
-0.0074577332
0.018493652
0.093261719
0.014175415
-0.0058288574
0.038635254
-0.0053634644
0.057861328
-0.0021266937
-0.008972168
0.066162109
0.0093231201
0.13085938
0.19104004
-0.0010070801
-0.0041351318
0.074523926
-0.0010023117
0.015777588
0.11242676
-0.0055809021
-0.0023651123
0.16333008
0.05355835
0.0051879883
0.0076751709
-0.0017175674
0.054870605
-0.00086259842
-0.0011777878
-0.0069618225
0.0010452271
-0.0069160461
0.081176758
0.018920898
0.036346436
0.058685303
-0.00047016144
0.0092849731
0.074645996
0.12042236
-0.0022068024
-0.0030231476
0.1505127
0.1541748
0.03137207
-0.00069379807
0.078063965
0.033660889
0.10290527
-0.0036125183
0.028640747
0.029556274
0.073852539
-0.0019569397
0.11187744
0.028579712
0.0059623718
0.02961731
0.0080108643
0.034515381
0.030136108
-0.0024833679
0.0076332092
-0.0018110275
0.049987793
0.021148682
0.026977539
0.03817749
0.051239014
0.042572021
-0.0030288696
0.044036865
0.026229858
-0.00440979
0.046813965
0.072692871
-0.002532959
0.054962158
-0.0094985962
0.11151123
-0.0027103424
0.0032234192
0.11889648
0.050811768
0.055908203
-0.0073661804
0.01096344
-0.0031452179
-0.0014820099
0.050933838
-0.0018053055
0.051879883
0.016998291
0.047668457
-0.0059280396
0.051116943
0.03616333
-0.0026912689
-0.0058898926
-0.0098190308
-9.9658966e-05
-0.00028204918
0.011901855
-0.0097122192
-0.00057029724
0.035858154
0.065307617
-0.0050964355
0.052612305
-0.0019607544
0.085693359
-0.004447937
0.054992676
0.031768799
0.095458984
-0.0040130615
0.036102295
0.063537598
0.040924072
0.006778717
0.080932617
-0.0049972534
-0.0026741028
0.078552246
-0.00015413761
-0.0057868958
0.010505676
-0.0074577332
0.018493652
0.093261719
0.014175415
-0.0058288574
0.038635254
-0.0053634644
0.057861328
-0.0021266937
-0.008972168
0.066162109
0.0093231201
0.13085938
0.19104004
-0.0010070801
-0.0041351318
0.074523926
-0.0010023117
0.015777588
0.11242676
-0.0055809021
-0.0023651123
0.16333008
0.05355835
0.0051879883
0.0076751709
-0.0017175674
0.054870605
-0.00086259842
-0.0011777878
-0.0069618225
0.0010452271
-0.0069160461
0.081176758
0.018920898
0.036346436
0.058685303
-0.00047016144
0.0092849731
0.074645996
0.12042236
-0.0022068024
-0.0030231476
0.1505127
0.1541748
0.03137207
-0.00069379807
0.078063965
0.033660889
0.10290527
-0.0036125183
0.028640747
0.029556274
0.073852539
-0.0019569397
0.11187744
0.028579712
0.0059623718
0.02961731
0.0080108643
0.034515381
0.030136108
-0.0024833679
0.0076332092
-0.0018110275
0.049987793
0.021148682
0.026977539
0.03817749
0.051239014
0.042572021
-0.0030288696
0.044036865
0.026229858
-0.00440979
0.046813965
0.072692871
-0.002532959
0.054962158
-0.0094985962
0.11151123
-0.0027103424
0.0032234192
0.11889648
0.050811768
0.055908203
-0.0073661804
0.01096344
-0.0031452179
-0.0014820099
0.050933838
-0.0018053055
0.051879883
0.016998291
0.047668457
-0.0059280396
0.051116943
0.03616333
-0.0026912689
-0.0058898926
-0.0098190308
-9.9658966e-05
-0.00028204918
0.011901855
-0.0097122192
-0.00057029724
0.035858154
0.065307617
-0.0050964355
0.052612305
-0.0019607544
0.085693359
-0.004447937
0.054992676
0.031768799
0.095458984
-0.0040130615
0.036102295
0.063537598
0.040924072
0.006778717
0.080932617
-0.0049972534
-0.0026741028
0.078552246
-0.00015413761
-0.0057868958
0.010505676
-0.0074577332
0.018493652
0.093261719
0.014175415
-0.0058288574
0.038635254
-0.0053634644
0.057861328
-0.0021266937
-0.008972168
0.066162109
0.0093231201
0.13085938
0.19104004
-0.0010070801
-0.0041351318
0.074523926
-0.0010023117
0.015777588
0.11242676
-0.0055809021
-0.0023651123
0.16333008
0.05355835
0.0051879883
0.0076751709
-0.0017175674
0.054870605
-0.00086259842
-0.0011777878
-0.0069618225
0.0010452271
-0.0069160461
0.081176758
0.018920898
0.036346436
0.058685303
-0.00047016144
0.0092849731
0.074645996
0.12042236
-0.0022068024
-0.0030231476
0.1505127
0.1541748
0.03137207
-0.00069379807
0.078063965
0.033660889
0.10290527
-0.0036125183
0.028640747
0.029556274
0.073852539
-0.0019569397
0.11187744
0.028579712
0.0059623718
0.02961731
0.0080108643
0.034515381
0.030136108
-0.0024833679
0.0076332092
-0.0018110275
0.049987793
0.021148682
0.026977539
0.03817749
0.051239014
0.042572021
-0.0030288696
0.044036865
0.026229858
-0.00440979
0.046813965
0.072692871
-0.002532959
0.054962158
-0.0094985962
0.11151123
-0.0027103424
0.0032234192
0.11889648
0.050811768
0.055908203
-0.0073661804
0.01096344
-0.0031452179
-0.0014820099
0.050933838
-0.0018053055
0.051879883
0.016998291
0.047668457
-0.0059280396
0.051116943
0.03616333
-0.0026912689
-0.0058898926
-0.0098190308
-9.9658966e-05
-0.00028204918
0.011901855
-0.0097122192
-0.00057029724
0.035858154
0.065307617
-0.0050964355
0.052612305
-0.0019607544
0.085693359
-0.004447937
0.054992676
0.031768799
0.095458984
-0.0040130615
0.036102295
0.063537598
0.040924072
0.006778717
0.080932617
-0.0049972534
-0.0026741028
0.078552246
-0.00015413761
-0.0057868958
0.010505676
-0.0074577332
0.018493652
0.093261719
0.014175415
-0.0058288574
0.038635254
-0.0053634644
0.057861328
-0.0021266937
-0.008972168
0.066162109
0.0093231201
0.13085938
0.19104004
-0.0010070801
-0.0041351318
0.074523926
-0.0010023117
0.015777588
0.11242676
-0.0055809021
-0.0023651123
0.16333008
0.05355835
0.0051879883
0.0076751709
-0.0017175674
0.054870605
-0.00086259842
-0.0011777878
-0.0069618225
0.0010452271
-0.0069160461
0.081176758
0.018920898
0.036346436
0.058685303
-0.00047016144
0.0092849731
0.074645996
0.12042236
-0.0022068024
-0.0030231476
0.1505127
0.1541748
0.03137207
-0.00069379807
0.078063965
0.033660889
0.10290527
-0.0036125183
0.028640747
0.029556274
0.073852539
-0.0019569397
0.11187744
0.028579712
0.0059623718
0.02961731
0.0080108643
0.034515381
0.030136108
-0.0024833679
0.0076332092
-0.0018110275
0.049987793
0.021148682
0.026977539
0.03817749
0.051239014
0.042572021
-0.0030288696
0.044036865
0.026229858
-0.00440979
0.046813965
0.072692871
-0.002532959
0.054962158
-0.0094985962
0.11151123
-0.0027103424
0.0032234192
0.11889648
0.050811768
0.055908203
-0.0073661804
0.01096344
-0.0031452179
-0.0014820099
0.050933838
-0.0018053055
0.051879883
0.016998291
0.047668457
-0.0059280396
0.051116943
0.03616333
-0.0026912689
-0.0058898926
-0.0098190308
-9.9658966e-05
-0.00028204918
0.011901855
-0.0097122192
-0.00057029724
0.035858154
0.065307617
-0.0050964355
0.052612305
-0.0019607544
0.085693359
-0.004447937
0.054992676
0.031768799
0.095458984
-0.0040130615
0.036102295
0.063537598
0.040924072
0.006778717
0.080932617
-0.0049972534
-0.0026741028
0.078552246
-0.00015413761
-0.0057868958
0.010505676
-0.0074577332
0.018493652
0.093261719
0.014175415
-0.0058288574
0.038635254
-0.0053634644
0.057861328
-0.0021266937
-0.008972168
0.066162109
0.0093231201
0.13085938
0.19104004
-0.0010070801
-0.0041351318
0.074523926
-0.0010023117
0.015777588
0.11242676
-0.0055809021
-0.0023651123
0.16333008
0.05355835
0.0051879883
0.0076751709
-0.0017175674
0.054870605
-0.00086259842
-0.0011777878
-0.0069618225
0.0010452271
-0.0069160461
0.081176758
0.018920898
0.036346436
0.058685303
-0.00047016144
0.0092849731
0.074645996
0.12042236
-0.0022068024
-0.0030231476
0.1505127
0.1541748
0.03137207
-0.00069379807
0.078063965
0.033660889
0.10290527
-0.0036125183
0.028640747
0.029556274
0.073852539
-0.0019569397
0.11187744
0.028579712
0.0059623718
0.02961731
0.0080108643
0.034515381
0.030136108
-0.0024833679
0.0076332092
-0.0018110275
0.049987793
0.021148682
0.026977539
0.03817749
0.051239014
0.042572021
-0.0030288696
0.044036865
0.026229858
-0.00440979
0.046813965
0.072692871
-0.002532959
0.054962158
-0.0094985962
0.11151123
-0.0027103424
0.0032234192
0.11889648
0.050811768
0.055908203
-0.0073661804
0.01096344
-0.0031452179
-0.0014820099
0.050933838
-0.0018053055
0.051879883
0.016998291
0.047668457
-0.0059280396
0.051116943
0.03616333
-0.0026912689
-0.0058898926
-0.0098190308
-9.9658966e-05
-0.00028204918
0.011901855
-0.0097122192
-0.00057029724
0.035858154
0.065307617
-0.0050964355
0.052612305
-0.0019607544
0.085693359
-0.004447937
0.054992676
0.031768799
0.095458984
-0.0040130615
0.036102295
0.063537598
0.040924072
0.006778717
0.080932617
-0.0049972534
-0.0026741028
0.078552246
-0.00015413761
-0.0057868958
0.010505676
-0.0074577332
0.018493652
0.093261719
0.014175415
-0.0058288574
0.038635254
-0.0053634644
0.057861328
-0.0021266937
-0.008972168
0.066162109
0.0093231201
0.13085938
0.19104004
-0.0010070801
-0.0041351318
0.074523926
-0.0010023117
0.015777588
0.11242676
-0.0055809021
-0.0023651123
0.16333008
0.05355835
0.0051879883
0.0076751709
-0.0017175674
0.054870605
-0.00086259842
-0.0011777878
-0.0069618225
0.0010452271
-0.0069160461
0.081176758
0.018920898
0.036346436
0.058685303
-0.00047016144
0.0092849731
0.074645996
0.12042236
-0.0022068024
-0.0030231476
0.1505127
0.1541748
0.03137207
-0.00069379807
0.078063965
0.033660889
0.10290527
-0.0036125183
0.028640747
0.029556274
0.073852539
-0.0019569397
0.11187744
0.028579712
0.0059623718
0.02961731
0.0080108643
0.034515381
0.030136108
-0.0024833679
0.0076332092
-0.0018110275
0.049987793
0.021148682
0.026977539
0.03817749
0.051239014
0.042572021
-0.0030288696
0.044036865
0.026229858
-0.00440979
0.046813965
0.072692871
-0.002532959
0.054962158
-0.0094985962
0.11151123
-0.0027103424
0.0032234192
0.11889648
0.050811768
0.055908203
-0.0073661804
0.01096344
-0.0031452179
-0.0014820099
0.050933838
-0.0018053055
0.051879883
0.016998291
0.047668457
-0.0059280396
0.051116943
0.03616333
-0.0026912689
-0.0058898926
-0.0098190308
-9.9658966e-05
-0.00028204918
0.011901855
-0.0097122192
-0.00057029724
0.035858154
0.065307617
-0.0050964355
0.052612305
-0.0019607544
0.085693359
-0.004447937
0.054992676
0.031768799
0.095458984
-0.0040130615
0.036102295
0.063537598
0.040924072
0.006778717
0.080932617
-0.0049972534
-0.0026741028
0.078552246
-0.00015413761
-0.0057868958
0.010505676
-0.0074577332
0.018493652
0.093261719
0.014175415
-0.0058288574
0.038635254
-0.0053634644
0.057861328
-0.0021266937
-0.008972168
0.066162109
0.0093231201
0.13085938
0.19104004
-0.0010070801
-0.0041351318
0.074523926
-0.0010023117
0.015777588
0.11242676
-0.0055809021
-0.0023651123
0.16333008
0.05355835
0.0051879883
0.0076751709
-0.0017175674
0.054870605
-0.00086259842
-0.0011777878
-0.0069618225
0.0010452271
-0.0069160461
0.081176758
0.018920898
0.036346436
0.058685303
-0.00047016144
0.0092849731
0.074645996
0.12042236
-0.0022068024
-0.0030231476
0.1505127
0.1541748
0.03137207
-0.00069379807
0.078063965
0.033660889
0.10290527
-0.0036125183
0.028640747
0.029556274
0.073852539
-0.0019569397
0.11187744
0.028579712
0.0059623718
0.02961731
0.0080108643
0.034515381
0.030136108
-0.0024833679
0.0076332092
-0.0018110275
0.049987793
0.021148682
0.026977539
0.03817749
0.051239014
0.042572021
-0.0030288696
0.044036865
0.026229858
-0.00440979
0.046813965
0.072692871
-0.002532959
0.054962158
-0.0094985962
0.11151123
-0.0027103424
0.0032234192
0.11889648
0.050811768
0.055908203
-0.0073661804
0.01096344
-0.0031452179
-0.0014820099
0.050933838
-0.0018053055
0.051879883
0.016998291
0.047668457
-0.0059280396
0.051116943
0.03616333
-0.0026912689
-0.0058898926
-0.0098190308
-9.9658966e-05
-0.00028204918
0.011901855
-0.0097122192
-0.00057029724
0.035858154
0.065307617
-0.0050964355
0.052612305
-0.0019607544
0.085693359
-0.004447937
0.054992676
0.031768799
0.095458984
-0.0040130615
0.036102295
0.063537598
0.040924072
0.006778717
0.080932617
-0.0049972534
-0.0026741028
0.078552246
-0.00015413761
-0.0057868958
0.010505676
-0.0074577332
0.018493652
0.093261719
0.014175415
-0.0058288574
0.038635254
-0.0053634644
0.057861328
-0.0021266937
-0.008972168
0.066162109
0.0093231201
0.13085938
0.19104004
-0.0010070801
-0.0041351318
0.074523926
-0.0010023117
0.015777588
0.11242676
-0.0055809021
-0.0023651123
0.16333008
0.05355835
0.0051879883
0.0076751709
-0.0017175674
0.054870605
-0.00086259842
-0.0011777878
-0.0069618225
0.0010452271
-0.0069160461
0.081176758
0.018920898
0.036346436
0.058685303
-0.00047016144
0.0092849731
0.074645996
0.12042236
-0.0022068024
-0.0030231476
0.1505127
0.1541748
0.03137207
-0.00069379807
0.078063965
0.033660889
0.10290527
-0.0036125183
0.028640747
0.029556274
0.073852539
-0.0019569397
0.11187744
0.028579712
0.0059623718
0.02961731
0.0080108643
0.034515381
0.030136108
-0.0024833679
0.0076332092
-0.0018110275
0.049987793
0.021148682
0.026977539
0.03817749
0.051239014
0.042572021
-0.0030288696
0.044036865
0.026229858
-0.00440979
0.046813965
0.072692871
-0.002532959
0.054962158
-0.0094985962
0.11151123
-0.0027103424
0.0032234192
0.11889648
0.050811768
0.055908203
-0.0073661804
0.01096344
-0.0031452179
-0.0014820099
0.050933838
-0.0018053055
0.051879883
0.016998291
0.047668457
-0.0059280396
0.051116943
0.03616333
-0.0026912689
-0.0058898926
-0.0098190308
-9.9658966e-05
-0.00028204918
0.011901855
-0.0097122192
-0.00057029724
0.035858154
0.065307617
-0.0050964355
0.052612305
-0.0019607544
0.085693359
-0.004447937
0.054992676
0.031768799
0.095458984
-0.0040130615
0.036102295
0.063537598
0.040924072
0.006778717
0.080932617
-0.0049972534
-0.0026741028
0.078552246
-0.00015413761
-0.0057868958
0.010505676
-0.0074577332
0.018493652
0.093261719
0.014175415
-0.0058288574
0.038635254
-0.0053634644
0.057861328
-0.0021266937
-0.008972168
0.066162109
0.0093231201
0.13085938
0.19104004
-0.0010070801
-0.0041351318
0.074523926
-0.0010023117
0.015777588
0.11242676
-0.0055809021
-0.0023651123
0.16333008
0.05355835
0.0051879883
0.0076751709
-0.0017175674
0.054870605
-0.00086259842
-0.0011777878
-0.0069618225
0.0010452271
-0.0069160461
0.081176758
0.018920898
0.036346436
0.058685303
-0.00047016144
0.0092849731
0.074645996
0.12042236
-0.0022068024
-0.0030231476
0.1505127
0.1541748
0.03137207
-0.00069379807
0.078063965
0.033660889
0.10290527
-0.0036125183
0.028640747
0.029556274
0.073852539
-0.0019569397
0.11187744
0.028579712
0.0059623718
0.02961731
0.0080108643
0.034515381
0.030136108
-0.0024833679
0.0076332092
-0.0018110275
0.049987793
0.021148682
0.026977539
0.03817749
0.051239014
0.042572021
-0.0030288696
0.044036865
0.026229858
-0.00440979
0.046813965
0.072692871
-0.002532959
0.054962158
-0.0094985962
0.11151123
-0.0027103424
0.0032234192
0.11889648
0.050811768
0.055908203
-0.0073661804
0.01096344
-0.0031452179
-0.0014820099
0.050933838
-0.0018053055
0.051879883
0.016998291
0.047668457
-0.0059280396
0.051116943
0.03616333
-0.0026912689
-0.0058898926
-0.0098190308
-9.9658966e-05
-0.00028204918
0.011901855
-0.0097122192
-0.00057029724
0.035858154
0.065307617
-0.0050964355
0.052612305
-0.0019607544
0.085693359
-0.004447937
0.054992676
0.031768799
0.095458984
-0.0040130615
0.036102295
0.063537598
0.040924072
0.006778717
0.080932617
-0.0049972534
-0.0026741028
0.078552246
-0.00015413761
-0.0057868958
0.010505676
-0.0074577332
0.018493652
0.093261719
0.014175415
-0.0058288574
0.038635254
-0.0053634644
0.057861328
-0.0021266937
-0.008972168
0.066162109
0.0093231201
0.13085938
0.19104004
-0.0010070801
-0.0041351318
0.074523926
-0.0010023117
0.015777588
0.11242676
-0.0055809021
-0.0023651123
0.16333008
0.05355835
0.0051879883
0.0076751709
-0.0017175674
0.054870605
-0.00086259842
-0.0011777878
-0.0069618225
0.0010452271
-0.0069160461
0.081176758
0.018920898
0.036346436
0.058685303
-0.00047016144
0.0092849731
0.074645996
0.12042236
-0.0022068024
-0.0030231476
0.1505127
0.1541748
0.03137207
-0.00069379807
0.078063965
0.033660889
0.10290527
-0.0036125183
0.028640747
0.029556274
0.073852539
-0.0019569397
0.11187744
0.028579712
0.0059623718
0.02961731
0.0080108643
0.034515381
0.030136108
-0.0024833679
0.0076332092
-0.0018110275
0.049987793
0.021148682
0.026977539
0.03817749
0.051239014
0.042572021
-0.0030288696
0.044036865
0.026229858
-0.00440979
0.046813965
0.072692871
-0.002532959
0.054962158
-0.0094985962
0.11151123
-0.0027103424
0.0032234192
0.11889648
0.050811768
0.055908203
-0.0073661804
0.01096344
-0.0031452179
-0.0014820099
0.050933838
-0.0018053055
0.051879883
0.016998291
0.047668457
-0.0059280396
0.051116943
0.03616333
-0.0026912689
-0.0058898926
-0.0098190308
-9.9658966e-05
-0.00028204918
0.011901855
-0.0097122192
-0.00057029724
0.035858154
0.065307617
-0.0050964355
0.052612305
-0.0019607544
0.085693359
-0.004447937
0.054992676
0.031768799
0.095458984
-0.0040130615
0.036102295
0.063537598
0.040924072
0.006778717
0.080932617
-0.0049972534
-0.0026741028
0.078552246
-0.00015413761
-0.0057868958
0.010505676
-0.0074577332
0.018493652
0.093261719
0.014175415
-0.0058288574
0.038635254
-0.0053634644
0.057861328
-0.0021266937
-0.008972168
0.066162109
0.0093231201
0.13085938
0.19104004
-0.0010070801
-0.0041351318
0.074523926
-0.0010023117
0.015777588
0.11242676
-0.0055809021
-0.0023651123
0.16333008
0.05355835
0.0051879883
0.0076751709
-0.0017175674
0.054870605
-0.00086259842
-0.0011777878
-0.0069618225
0.0010452271
-0.0069160461
0.081176758
0.018920898
0.036346436
0.058685303
-0.00047016144
0.0092849731
0.074645996
0.12042236
-0.0022068024
-0.0030231476
0.1505127
0.1541748
0.03137207
-0.00069379807
0.078063965
0.033660889
0.10290527
-0.0036125183
0.028640747
0.029556274
0.073852539
-0.0019569397
0.11187744
0.028579712
0.0059623718
0.02961731
0.0080108643
0.034515381
0.030136108
-0.0024833679
0.0076332092
-0.0018110275
0.049987793
0.021148682
0.026977539
0.03817749
0.051239014
0.042572021
-0.0030288696
0.044036865
0.026229858
-0.00440979
0.046813965
0.072692871
-0.002532959
0.054962158
-0.0094985962
0.11151123
-0.0027103424
0.0032234192
0.11889648
0.050811768
0.055908203
-0.0073661804
0.01096344
-0.0031452179
-0.0014820099
0.050933838
-0.0018053055
0.051879883
0.016998291
0.047668457
-0.0059280396
0.051116943
0.03616333
-0.0026912689
-0.0058898926
-0.0098190308
-9.9658966e-05
-0.00028204918
0.011901855
-0.0097122192
-0.00057029724
0.035858154
0.065307617
-0.0050964355
0.052612305
-0.0019607544
0.085693359
-0.004447937
0.054992676
0.031768799
0.095458984
-0.0040130615
0.036102295
0.063537598
0.040924072
0.006778717
0.080932617
-0.0049972534
-0.0026741028
0.078552246
-0.00015413761
-0.0057868958
0.010505676
-0.0074577332
0.018493652
0.093261719
0.014175415
-0.0058288574
0.038635254
-0.0053634644
0.057861328
-0.0021266937
-0.008972168
0.066162109
0.0093231201
0.13085938
0.19104004
-0.0010070801
-0.0041351318
0.074523926
-0.0010023117
0.015777588
0.11242676
-0.0055809021
-0.0023651123
0.16333008
0.05355835
0.0051879883
0.0076751709
-0.0017175674
0.054870605
-0.00086259842
-0.0011777878
-0.0069618225
0.0010452271
-0.0069160461
0.081176758
0.018920898
0.036346436
0.058685303
-0.00047016144
0.0092849731
0.074645996
0.12042236
-0.0022068024
-0.0030231476
0.1505127
0.1541748
0.03137207
-0.00069379807
0.078063965
0.033660889
0.10290527
-0.0036125183
0.028640747
0.029556274
0.073852539
-0.0019569397
0.11187744
0.028579712
0.0059623718
0.02961731
0.0080108643
0.034515381
0.030136108
-0.0024833679
0.0076332092
-0.0018110275
0.049987793
0.021148682
0.026977539
0.03817749
0.051239014
0.042572021
-0.0030288696
0.044036865
0.026229858
-0.00440979
0.046813965
0.072692871
-0.002532959
0.054962158
-0.0094985962
0.11151123
-0.0027103424
0.0032234192
0.11889648
0.050811768
0.055908203
-0.0073661804
0.01096344
-0.0031452179
-0.0014820099
0.050933838
-0.0018053055
0.051879883
0.016998291
0.047668457
-0.0059280396
0.051116943
0.03616333
-0.0026912689
-0.0058898926
-0.0098190308
-9.9658966e-05
-0.00028204918
0.011901855
-0.0097122192
-0.00057029724
0.035858154
0.065307617
-0.0050964355
0.052612305
-0.0019607544
0.085693359
-0.004447937
0.054992676
0.031768799
0.095458984
-0.0040130615
0.036102295
0.063537598
0.040924072
0.006778717
0.080932617
-0.0049972534
-0.0026741028
0.078552246
-0.00015413761
-0.0057868958
0.010505676
-0.0074577332
0.018493652
0.093261719
0.014175415
-0.0058288574
0.038635254
-0.0053634644
0.057861328
-0.0021266937
-0.008972168
0.066162109
0.0093231201
0.13085938
0.19104004
-0.0010070801
-0.0041351318
0.074523926
-0.0010023117
0.015777588
0.11242676
-0.0055809021
-0.0023651123
0.16333008
0.05355835
0.0051879883
0.0076751709
-0.0017175674
0.054870605
-0.00086259842
-0.0011777878
-0.0069618225
0.0010452271
-0.0069160461
0.081176758
0.018920898
0.036346436
0.058685303
-0.00047016144
0.0092849731
0.074645996
0.12042236
-0.0022068024
-0.0030231476
0.1505127
0.1541748
0.03137207
-0.00069379807
0.078063965
0.033660889
0.10290527
-0.0036125183
0.028640747
0.029556274
0.073852539
-0.0019569397
0.11187744
0.028579712
0.0059623718
0.02961731
0.0080108643
0.034515381
0.030136108
-0.0024833679
0.0076332092
-0.0018110275
0.049987793
0.021148682
0.026977539
0.03817749
0.051239014
0.042572021
-0.0030288696
0.044036865
0.026229858
-0.00440979
0.046813965
0.072692871
-0.002532959
0.054962158
-0.0094985962
0.11151123
-0.0027103424
0.0032234192
0.11889648
0.050811768
0.055908203
-0.0073661804
0.01096344
-0.0031452179
-0.0014820099
0.050933838
-0.0018053055
0.051879883
0.016998291
0.047668457
-0.0059280396
0.051116943
0.03616333
-0.0026912689
-0.0058898926
-0.0098190308
-9.9658966e-05
-0.00028204918
0.011901855
-0.0097122192
-0.00057029724
0.035858154
0.065307617
-0.0050964355
0.052612305
-0.0019607544
0.085693359
-0.004447937
0.054992676
0.031768799
0.095458984
-0.0040130615
0.036102295
0.063537598
0.040924072
0.006778717
0.080932617
-0.0049972534
-0.0026741028
0.078552246
-0.00015413761
-0.0057868958
0.010505676
-0.0074577332
0.018493652
0.093261719
0.014175415
-0.0058288574
0.038635254
-0.0053634644
0.057861328
-0.0021266937
-0.008972168
0.066162109
0.0093231201
0.13085938
0.19104004
-0.0010070801
-0.0041351318
0.074523926
-0.0010023117
0.015777588
0.11242676
-0.0055809021
-0.0023651123
0.16333008
0.05355835
0.0051879883
0.0076751709
-0.0017175674
0.054870605
-0.00086259842
-0.0011777878
-0.0069618225
0.0010452271
-0.0069160461
0.081176758
0.018920898
0.036346436
0.058685303
-0.00047016144
0.0092849731
0.074645996
0.12042236
-0.0022068024
-0.0030231476
0.1505127
0.1541748
0.03137207
-0.00069379807
0.078063965
0.033660889
0.10290527
-0.0036125183
0.028640747
0.029556274
0.073852539
-0.0019569397
0.11187744
0.028579712
0.0059623718
0.02961731
0.0080108643
0.034515381
0.030136108
-0.0024833679
0.0076332092
-0.0018110275
0.049987793
0.021148682
0.026977539
0.03817749
0.051239014
0.042572021
-0.0030288696
0.044036865
0.026229858
-0.00440979
0.046813965
0.072692871
-0.002532959
0.054962158
-0.0094985962
0.11151123
-0.0027103424
0.0032234192
0.11889648
0.050811768
0.055908203
-0.0073661804
0.01096344
-0.0031452179
-0.0014820099
0.050933838
-0.0018053055
0.051879883
0.016998291
0.047668457
-0.0059280396
0.051116943
0.03616333
-0.0026912689
-0.0058898926
-0.0098190308
-9.9658966e-05
-0.00028204918
0.011901855
-0.0097122192
-0.00057029724
0.035858154
0.065307617
-0.0050964355
0.052612305
-0.0019607544
0.085693359
-0.004447937
0.054992676
0.031768799
0.095458984
-0.0040130615
0.036102295
0.063537598
0.040924072
0.006778717
0.080932617
-0.0049972534
-0.0026741028
0.078552246
-0.00015413761
-0.0057868958
0.010505676
-0.0074577332
0.018493652
0.093261719
0.014175415
-0.0058288574
0.038635254
-0.0053634644
0.057861328
-0.0021266937
-0.008972168
0.066162109
0.0093231201
0.13085938
0.19104004
-0.0010070801
-0.0041351318
0.074523926
-0.0010023117
0.015777588
0.11242676
-0.0055809021
-0.0023651123
0.16333008
0.05355835
0.0051879883
0.0076751709
-0.0017175674
0.054870605
-0.00086259842
-0.0011777878
-0.0069618225
0.0010452271
-0.0069160461
0.081176758
0.018920898
0.036346436
0.058685303
-0.00047016144
0.0092849731
0.074645996
0.12042236
-0.0022068024
-0.0030231476
0.1505127
0.1541748
0.03137207
-0.00069379807
0.078063965
0.033660889
0.10290527
-0.0036125183
0.028640747
0.029556274
0.073852539
-0.0019569397
0.11187744
0.028579712
0.0059623718
0.02961731
0.0080108643
0.034515381
0.030136108
-0.0024833679
0.0076332092
-0.0018110275
0.049987793
0.021148682
0.026977539
0.03817749
0.051239014
0.042572021
-0.0030288696
0.044036865
0.026229858
-0.00440979
0.046813965
0.072692871
-0.002532959
0.054962158
-0.0094985962
0.11151123
-0.0027103424
0.0032234192
0.11889648
0.050811768
0.055908203
-0.0073661804
0.01096344
-0.0031452179
-0.0014820099
0.050933838
-0.0018053055
0.051879883
0.016998291
0.047668457
-0.0059280396
0.051116943
0.03616333
-0.0026912689
-0.0058898926
-0.0098190308
-9.9658966e-05
-0.00028204918
0.011901855
-0.0097122192
-0.00057029724
0.035858154
0.065307617
-0.0050964355
0.052612305
-0.0019607544
0.085693359
-0.004447937
0.054992676
0.031768799
0.095458984
-0.0040130615
0.036102295
0.063537598
0.040924072
0.006778717
0.080932617
-0.0049972534
-0.0026741028
0.078552246
-0.00015413761
-0.0057868958
0.010505676
-0.0074577332
0.018493652
0.093261719
0.014175415
-0.0058288574
0.038635254
-0.0053634644
0.057861328
-0.0021266937
-0.008972168
0.066162109
0.0093231201
0.13085938
0.19104004
-0.0010070801
-0.0041351318
0.074523926
-0.0010023117
0.015777588
0.11242676
-0.0055809021
-0.0023651123
0.16333008
0.05355835
0.0051879883
0.0076751709
-0.0017175674
0.054870605
-0.00086259842
-0.0011777878
-0.0069618225
0.0010452271
-0.0069160461
0.081176758
0.018920898
0.036346436
0.058685303
-0.00047016144
0.0092849731
0.074645996
0.12042236
-0.0022068024
-0.0030231476
0.1505127
0.1541748
0.03137207
-0.00069379807
0.078063965
0.033660889
0.10290527
-0.0036125183
0.028640747
0.029556274
0.073852539
-0.0019569397
0.11187744
0.028579712
0.0059623718
0.02961731
0.0080108643
0.034515381
0.030136108
-0.0024833679
0.0076332092
-0.0018110275
0.049987793
0.021148682
0.026977539
0.03817749
0.051239014
0.042572021
-0.0030288696
0.044036865
0.026229858
-0.00440979
0.046813965
0.072692871
-0.002532959
0.054962158
-0.0094985962
0.11151123
-0.0027103424
0.0032234192
0.11889648
0.050811768
0.055908203
-0.0073661804
0.01096344
-0.0031452179
-0.0014820099
0.050933838
-0.0018053055
0.051879883
0.016998291
0.047668457
-0.0059280396
0.051116943
0.03616333
-0.0026912689
-0.0058898926
-0.0098190308
-9.9658966e-05
-0.00028204918
0.011901855
-0.0097122192
-0.00057029724
0.035858154
0.065307617
-0.0050964355
0.052612305
-0.0019607544
0.085693359
-0.004447937
0.054992676
0.031768799
0.095458984
-0.0040130615
0.036102295
0.063537598
0.040924072
0.006778717
0.080932617
-0.0049972534
-0.0026741028
0.078552246
-0.00015413761
-0.0057868958
0.010505676
-0.0074577332
0.018493652
0.093261719
0.014175415
-0.0058288574
0.038635254
-0.0053634644
0.057861328
-0.0021266937
-0.008972168
0.066162109
0.0093231201
0.13085938
0.19104004
-0.0010070801
-0.0041351318
0.074523926
-0.0010023117
0.015777588
0.11242676
-0.0055809021
-0.0023651123
0.16333008
0.05355835
0.0051879883
0.0076751709
-0.0017175674
0.054870605
-0.00086259842
-0.0011777878
-0.0069618225
0.0010452271
-0.0069160461
0.081176758
0.018920898
0.036346436
0.058685303
-0.00047016144
0.0092849731
0.074645996
0.12042236
-0.0022068024
-0.0030231476
0.1505127
0.1541748
0.03137207
-0.00069379807
0.078063965
0.033660889
0.10290527
-0.0036125183
0.028640747
0.029556274
0.073852539
-0.0019569397
0.11187744
0.028579712
0.0059623718
0.02961731
0.0080108643
0.034515381
0.030136108
-0.0024833679
0.0076332092
-0.0018110275
0.049987793
0.021148682
0.026977539
0.03817749
0.051239014
0.042572021
-0.0030288696
0.044036865
0.026229858
-0.00440979
0.046813965
0.072692871
-0.002532959
0.054962158
-0.0094985962
0.11151123
-0.0027103424
0.0032234192
0.11889648
0.050811768
0.055908203
-0.0073661804
0.01096344
-0.0031452179
-0.0014820099
0.050933838
-0.0018053055
0.051879883
0.016998291
0.047668457
-0.0059280396
0.051116943
0.03616333
-0.0026912689
-0.0058898926
-0.0098190308
-9.9658966e-05
-0.00028204918
0.011901855
-0.0097122192
-0.00057029724
0.035858154
0.065307617
-0.0050964355
0.052612305
-0.0019607544
0.085693359
-0.004447937
0.054992676
0.031768799
0.095458984
-0.0040130615
0.036102295
0.063537598
0.040924072
0.006778717
0.080932617
-0.0049972534
-0.0026741028
0.078552246
-0.00015413761
-0.0057868958
0.010505676
-0.0074577332
0.018493652
0.093261719
0.014175415
-0.0058288574
0.038635254
-0.0053634644
0.057861328
-0.0021266937
-0.008972168
0.066162109
0.0093231201
0.13085938
0.19104004
-0.0010070801
-0.0041351318
0.074523926
-0.0010023117
0.015777588
0.11242676
-0.0055809021
-0.0023651123
0.16333008
0.05355835
0.0051879883
0.0076751709
-0.0017175674
0.054870605
-0.00086259842
-0.0011777878
-0.0069618225
0.0010452271
-0.0069160461
0.081176758
0.018920898
0.036346436
0.058685303
-0.00047016144
0.0092849731
0.074645996
0.12042236
-0.0022068024
-0.0030231476
0.1505127
0.1541748
0.03137207
-0.00069379807
0.078063965
0.033660889
0.10290527
-0.0036125183
0.028640747
0.029556274
0.073852539
-0.0019569397
0.11187744
0.028579712
0.0059623718
0.02961731
0.0080108643
0.034515381
0.030136108
-0.0024833679
0.0076332092
-0.0018110275
0.049987793
0.021148682
0.026977539
0.03817749
0.051239014
0.042572021
-0.0030288696
0.044036865
0.026229858
-0.00440979
0.046813965
0.072692871
-0.002532959
0.054962158
-0.0094985962
0.11151123
-0.0027103424
0.0032234192
0.11889648
0.050811768
0.055908203
-0.0073661804
0.01096344
-0.0031452179
-0.0014820099
0.050933838
-0.0018053055
0.051879883
