-0.069026537
0.10809612
0.74635261
0.12153403
0.37921983
0.13766937
-0.019282399
-0.053271681
0.43443075
0.01597232
0.024572615
0.31854346
-0.026098028
-0.016913479
0.22915486
-0.074793205
-0.092190109
-0.0065069995
0.12068558
-0.0040367506
0.095322661
0.5988698
0.073168233
0.086533442
-0.032691203
-0.12822865
-0.024587711
-0.062589705
0.20925045
-0.072090946
0.1581277
0.68635273
0.098049589
0.11567
-0.0088752033
-0.023723038
0.086858243
-0.083899237
0.33537191
0.28701749
-0.011570754
0.24859694
0.52236104
0.1661658
0.0026938803
-0.090355888
0.67594922
0.25749078
-0.011360647
0.19656345
-0.027456487
-0.080303878
0.19971681
0.3552486
0.12857622
-0.08195322
0.24037403
0.31785372
-0.032187235
-0.034407988
-0.12444615
0.31035462
0.26479715
-0.0049719801
-0.048256397
0.18068799
-0.034617707
0.23397851
-0.012284325
-0.062653244
0.31338471
0.52970016
-0.035030197
-0.0030405612
0.51800501
0.22633383
0.38771427
0.44089204
-0.046077468
-0.0037871778
-0.046145927
0.41676873
0.57619071
0.11077939
0.44495755
0.24886157
0.37294096
-0.03414901
-0.03715878
0.41440243
0.13304044
-0.023271577
0.24069199
-0.021163326
-0.022195658
0.21752469
-0.015931485
0.14503901
-0.0022544388
-0.063428931
-0.02839967
0.35439393
-0.024717717
-0.005500657
-0.047485333
0.35318208
0.44087166
0.348768
-0.046758104
-0.013611912
0.02977765
0.24134541
-0.043835867
-0.027469704
0.51795149
0.51708728
-0.012581459
-0.0047497689
-0.014222455
-0.071856499
0.037285082
0.17457578
-0.0049168007
-0.037335087
0.14978018
-0.13995665
0.29971296
0.19708988
-0.46608487
-0.025894223
-0.11713387
-0.54024905
-0.022635644
-0.10659192
-0.31912911
-0.055850822
1.3933386
1.3636317
-0.13180932
3.0431063
0.16024172
-0.38495815
-0.096898511
-0.49031112
0.84294951
-0.40684029
1.1792828
-0.081426531
0.83094168
-0.41935465
0.50475115
0.86987984
0.30344453
1.6896479
-0.1397047
3.4854257
-0.034303766
-0.20931457
2.3106222
-0.057714202
-0.3197521
-0.039391786
0.15106346
1.6712476
0.90877944
0.12379524
-0.16295154
-0.44221362
-0.17359982
-0.43643817
-0.13374574
-0.20270161
0.24330005
1.6956716
1.2650484
0.4799248
-0.21427265
-0.028562674
1.1615996
-0.15603751
0.6509673
-0.0079182135
1.2608448
0.55868649
-0.3594794
-0.38929567
-0.0062833498
0.069100983
-0.13600132
1.2126706
-0.041895248
1.1596688
1.0413901
2.0466509
-0.30761212
2.6101828
-0.10739636
-0.33815241
-0.54801548
0.73541021
1.4058828
-0.20151392
-0.086536817
-0.29919243
-0.40498748
0.78195781
2.9434834
-0.030324025
2.6285424
2.993573
-0.19505207
-0.017920831
-0.31926593
0.43654713
1.5271107
-0.30204949
-0.21265642
0.92728114
-0.14715105
1.72803
-0.11639875
1.4904013
-0.1007572
-0.22041003
-0.37744734
-0.33193693
1.2742524
-0.15028003
0.56020504
2.3203616
1.1370702
-0.71214432
-0.2060709
2.6486597
0.016204152
-0.10059664
-0.12991853
0.086764671
-0.1140486
-0.22263479
2.5875869
1.0124302
1.0935355
-0.16660891
1.2837754
-0.019240418
-0.016042495
1.1834108
-0.31535867
-0.15767126
1.6323786
3.8832293
-0.28374609
-0.19701478
-0.018442988
-0.12689756
-0.04677996
-0.049992323
1.5893204
1.517653
0.25883561
-0.013182702
-0.099177219
-0.27553293
1.4617338
0.57410306
1.2445322
-0.01185404
0.73065305
-0.017583584
-0.0081646582
-0.033670757
-0.19180383
-0.029584898
-0.059663948
0.03377476
0.56048071
0.437549
0.003423661
-0.074155308
-0.053276867
-0.53613818
-0.036824118
-0.33279556
-0.013526014
-0.21182428
0.10882796
1.8128496
0.46318996
0.47099587
-0.013068435
-0.062818356
0.032068931
-0.23742388
0.161688
0.5324502
0.45773074
-0.010268561
0.14098346
0.18226102
-0.1467825
-0.2349813
1.6565721
-0.096882947
-0.016432835
-0.024622334
-0.054851782
-0.20072417
0.35924873
0.99980056
-0.018771565
-0.21533234
0.97619563
0.30524594
-0.026548946
-0.092748575
-0.33811387
0.45984364
-0.0073507228
0.20385355
-0.016442405
-0.033956144
0.27917492
-0.011372241
0.31014368
-0.091061033
0.43937004
-0.04458005
-0.25257322
0.48449457
0.65065515
1.0314806
0.41331449
-0.11005863
-0.078467622
0.058403783
-0.234017
0.16079222
1.5500191
-0.034794319
1.1686492
-0.075407267
-0.066349469
0.96064723
-0.035702419
0.51062977
-0.053784847
-0.0042904196
0.20528689
-0.090706386
-0.0081856176
0.64629644
0.17677613
-0.0027325503
-0.011843177
1.2575434
-0.009325535
-0.096948251
-0.15170509
0.20386101
-0.065622695
0.16823632
0.2386125
0.67719197
0.17668168
-0.0041022729
0.3875244
0.94886011
-0.044024073
-0.066067554
0.45036611
0.4381246
-0.24779594
-0.097675465
0.56430674
-0.29261014
0.91274261
0.48850659
0.51293582
-0.26229748
1.4169301
-0.28667071
0.30972677
1.6276249
3.6091678
-0.10490759
-0.32899511
2.5550017
-0.72288823
0.71689683
1.1519299
-0.46821275
-0.097277761
0.037352849
0.41147846
3.4767363
0.21799713
0.80226749
1.5100011
3.7166789
-0.095487431
1.8187541
-0.080260441
-0.045376558
1.7022454
0.39949769
-0.086652711
-0.3845242
1.4258744
-0.8010869
0.13091689
-0.35470676
-0.095325984
1.5145844
-0.083813667
-0.091492653
1.0905024
1.451131
2.9147177
-0.31981066
3.0131857
-0.2828643
0.60014093
-0.18632326
-0.05093338
1.1620543
-0.045771383
1.0813462
-0.31148502
-0.41320691
-0.037620958
-0.22129841
1.7289761
0.59791356
0.031390097
4.3758135
-0.044688657
-0.48625752
-0.042238679
0.23225616
1.606348
-0.0048203352
-0.074453793
0.63230461
-0.010001741
-0.094610572
-0.067180023
0.15075928
-0.2988472
0.44480902
0.87937796
-0.51241767
0.42719415
-0.066375867
0.91980553
-0.31543979
-0.68777841
2.5719066
-0.33486816
0.35134935
0.97502387
-0.020335717
0.56497782
0.099585854
-0.015184042
0.99336046
-0.17862971
-0.38354763
3.2000039
-0.15480256
-0.35475546
-0.02437616
1.6907071
0.63825935
-0.13970065
-0.35928723
-0.060381841
-0.25449884
1.0586146
-0.28142536
2.3178153
0.78094906
-0.38164672
3.1488674
-0.011201479
-0.86438197
-0.31133455
1.2337509
-0.062938601
-0.14649682
0.89039016
-0.0087179458
2.8116174
4.1904578
-0.050946992
-0.060958531
-0.048995297
1.3690372
-0.013836724
-0.11207437
-0.73371351
-0.034080725
0.68351525
-0.48282313
0.060601488
-0.010006901
-0.22165366
-0.46668902
0.40872511
2.0251031
-0.4136079
2.4571474
-0.18514308
0.52994251
2.3600321
0.76254302
0.71555221
-0.16171993
-0.23020153
-0.140214
1.1496962
0.88814378
1.0750322
0.25043023
-0.038727369
-0.31445187
0.66509789
-0.27742371
-0.24404736
-0.23118131
-0.12490397
-0.33321118
0.46258903
-0.043791719
0.57559031
1.0168198
-0.0018983152
-0.31361014
-0.098970853
-0.24058104
-0.12515816
-0.34255198
0.35372475
1.3584181
1.4034697
-0.026212627
-0.15089959
1.1046767
0.51078719
0.33860976
0.10814155
0.60336292
0.010097243
-0.15764424
0.3092933
-0.23236191
-0.033289112
-0.14903247
1.1527374
0.56318015
0.17621228
0.21694127
-0.15059006
-0.06357085
-0.0035801397
0.98718315
-0.17908686
-0.2684612
-0.053949535
-0.13447367
-0.2928651
-0.085162215
-0.5277909
1.4836018
-0.050992947
0.90351868
-0.32162425
1.0911776
-0.0081351986
0.62807453
-0.029186973
-0.38739288
-0.12174469
0.10324119
-0.12277049
-0.11021476
0.65896678
-0.080539428
-0.21091576
0.32104903
0.98719984
-0.023139413
0.083215088
1.8365543
0.8682155
-0.08342766
-0.070342682
-0.019880857
2.0857568
-0.11323213
-0.19972928
0.61852366
0.8054074
0.65183508
-0.040440742
-0.12747411
-0.095032655
-0.076116107
-0.10221168
-0.0013525601
0.92719346
-0.078847356
0.58177203
-0.073817633
-0.030344019
-0.35866627
-0.069898851
0.64567274
-0.013916574
0.76555473
-0.086828917
-0.050970495
0.38377097
0.48946005
0.38461131
-0.00083721953
0.92042041
1.6784167
0.50066322
-0.012161565
-0.13004039
-0.26723543
-0.11142073
-0.039310142
1.1780509
0.93218976
-0.14937381
-0.47228098
1.3700473
0.031577528
-0.021945616
-0.14869617
2.1981132
2.4884238
-0.023807814
0.48265687
-0.037134677
-0.60408968
2.2638836
0.93870604
2.1392109
0.67167532
0.7702378
-0.054591775
0.057651274
0.45626298
-0.33583698
0.43729487
-0.06007826
0.65424025
0.82651663
0.86885476
-0.013879475
-0.18492429
-0.068112068
-1.0523142
-0.051438626
-0.58801901
0.10739377
-0.26589558
0.79381061
2.9785616
-0.026168888
0.67050999
0.43264496
-0.19602171
0.26599669
-0.61915797
1.0016762
-0.03273711
1.152643
0.18261647
1.0285345
0.66701376
-0.36830598
-0.51490057
3.4069257
-0.21064906
-0.012328598
-0.013391013
0.16700062
-0.36792731
0.51329333
0.48086503
0.95849568
-0.36412993
2.839577
1.5519884
0.13968724
-0.11984984
-0.43355122
0.2853044
-0.018854773
0.31311271
0.010488825
-0.069428176
0.21864326
-0.12162719
0.91247225
-0.14146091
0.92736715
-0.1341735
-0.52657777
1.5340108
0.77769858
2.8036292
1.1308322
-0.09453167
-0.16704856
0.32042244
-0.40960178
-0.031064153
2.423157
-0.17364013
2.75947
-0.20415567
-0.25969431
1.5192703
-0.043854441
1.4385507
-0.17037572
-0.039064657
0.48717007
-0.22654919
0.1700137
0.079954669
0.60565567
-0.015681049
-0.062332153
3.1729126
-0.037610907
-0.21034947
-0.38168815
1.2830844
-0.095034771
-0.0068446817
0.56175911
0.97061914
2.07108
1.4603375
0.37823576
1.3869684
-0.14294843
-0.073883094
-0.0025907995
0.78594273
-0.64246202
-0.15845197
1.6146719
-0.56215638
2.5524318
1.8765966
0.40915084
-0.57994503
3.0348217
-0.33131531
0.34457028
3.5250459
-0.03275425
-0.090873718
-0.32400152
-0.25097451
-0.74282008
0.55283409
-0.1064392
2.4942515
1.5553358
1.8384391
-0.14604293
4.7922463
-0.03222017
2.1260552
1.1507924
-0.28342363
1.5979484
-0.14946371
2.1390576
0.60628986
1.6701093
-0.45078418
-0.018596614
-0.16175722
2.5092671
1.6457461
0.54790002
3.947371
0.516101
1.9752978
-0.04150242
0.024398476
-0.1325144
2.9430254
1.7391011
-0.086592287
1.0922266
2.3978536
-0.13913919
-0.23790324
-0.10448231
-0.15446417
-0.15671901
1.0503316
-0.10388302
0.80564004
-0.010927275
1.1002704
0.12892248
0.3948929
0.42101729
3.4389925
1.209659
-0.34256154
1.2030621
1.9307024
-0.54860061
-0.20154214
2.6728573
1.5015694
1.4462403
-0.072140135
0.72393888
0.89831173
1.0149873
1.1615214
-0.12536901
-0.12628286
-0.46553069
2.1361244
-0.10764903
0.47877288
-0.075414099
0.51632482
-0.25313708
-0.40861565
1.2474749
0.15032293
0.50286621
-0.06616319
0.46853238
4.2588415
-0.17040266
1.4231915
0.93690246
2.2728586
1.0587251
-0.035778303
1.5254962
0.77733487
-0.089698017
-0.3664777
0.10720491
2.3295991
1.8301957
-0.072351456
0.2624827
-0.14242217
-0.4670274
-0.16481802
-0.00079804286
-0.42544803
0.73718798
-0.050235391
-0.30376884
-0.057370383
0.70228946
1.3681252
-0.41792366
-0.056239452
-0.21721159
-0.33008596
1.0620118
-0.041229688
1.6380411
-0.63475561
0.62443823
0.51067185
0.85437429
0.70577621
-0.1038984
-0.4726468
-0.059013706
1.8969674
-0.037936121
0.80632961
-0.75730568
-0.16516621
-0.41543171
0.11980844
8.908659
6.2197194
2.1729922
-0.48140121
-0.68703854
-0.695746
6.239409
1.8181268
4.6177635
-0.0099283727
1.6010844
-0.48824149
2.1462884
-0.71492696
-0.98100197
-0.59393501
-0.46535364
-0.82511723
2.3242683
0.56615365
2.1094832
1.409947
-0.040304255
-1.6365932
-0.20161359
-1.2391454
-0.30255413
-1.2233214
0.16921629
6.291698
6.6985393
0.31326157
-0.44109461
1.9801486
2.2859268
-0.12627952
1.6621368
5.223052
1.1471176
-0.41733906
0.97511429
-0.54548693
-0.2088062
-0.71784174
5.2760282
0.18635182
-0.009018572
0.76956034
-0.74904317
-0.39695129
0.62152356
4.3700895
-0.69698995
-0.99616528
-0.05527826
-0.19491957
-0.73353577
-0.40054184
-1.8135685
4.3294096
-0.040932227
1.9342912
-0.9116022
1.9036119
1.4741406
1.5743487
0.47411799
-1.0325134
-0.11603101
-0.0099256458
-0.65362924
-0.30041823
3.1283958
-0.087992959
-0.32640252
-0.10724828
-0.046556678
0.15516953
-0.4221839
5.0613966
5.6168294
-0.032102276
0.50312299
-0.11657844
4.0306115
-0.093242206
-0.53693879
1.049484
1.8749566
1.4340526
1.0391691
-0.44356552
-0.10861626
0.93227923
-0.032306794
1.3498437
1.0346894
0.81174713
0.98793709
-0.29194906
-0.34614363
-0.7337479
-0.39418083
0.091700867
-0.081410922
4.2484937
-0.36989829
-0.2278295
1.004153
2.7540829
0.78125447
-0.27474347
4.2983055
3.8359382
-0.027136469
-0.11062801
-0.32621536
-1.1296786
-0.039494157
-0.14400619
2.6959076
-0.16543911
-0.045760043
-1.7298521
2.8827109
3.1872692
-0.98497003
-0.0071010948
-0.33025202
-1.1303998
-0.05246615
-0.2194809
-0.7223078
-0.11064079
2.746412
2.5141497
-0.27922225
6.2696018
1.0422461
-0.71260363
-0.18738925
-1.0330446
2.1052179
-0.79960817
2.6041493
-0.088500403
1.5415171
-0.84321547
1.0597342
1.1708503
0.59556341
2.9863923
-0.25518224
7.5800266
-0.055573639
-0.4203386
4.7325964
-0.19144887
-0.62772924
-0.10895842
0.42764109
2.9892399
2.3335862
0.20965803
-0.29058388
-0.83203
-0.39646277
-0.89125186
-0.33695817
-0.38885251
0.41170472
3.4978209
3.1182375
1.077057
-0.46166497
-0.062331568
2.3617716
-0.30996004
2.0737422
0.5572139
2.2970636
1.4144881
-0.74142152
-0.83120126
0.27667773
-0.012712257
-0.27793816
2.1121418
-0.07969036
1.6732659
2.4930613
4.649272
-0.61563128
5.7599072
-0.2019913
-0.65519583
-1.1482054
1.500065
3.0946565
-0.3899475
-0.18514048
-0.63445181
-0.80347967
1.725825
5.8632436
-0.0029056517
5.4601731
6.0005817
-0.3871049
-0.038242329
-0.64908218
0.49348173
3.0826018
-0.66116613
-0.40841779
2.3815913
-0.27215436
3.8591454
-0.18284298
3.3091764
-0.1916033
-0.45650554
-0.76315755
-0.69291455
2.5622997
-0.35946915
0.68687409
4.9730077
2.0447891
-1.4273129
-0.44723231
5.1881814
-0.013992286
-0.2212805
-0.26644126
0.028926395
-0.26598546
-0.46795806
5.2814016
1.6498247
2.4788837
-0.42476088
3.1540267
-0.074730426
-0.015432968
2.3381307
-0.60394734
-0.37941524
2.9886634
8.653306
-0.52085179
-0.4147965
-0.14893755
-0.22147094
-0.081615232
-0.20350531
5.2459888
4.1375346
0.68973953
-0.0065515563
-0.21425581
-0.96010131
4.3738656
1.7617562
4.4360332
0.35118484
1.9938459
-0.071486644
0.10312646
-0.029610252
-0.64683408
-0.020439545
-0.12553294
0.19266208
1.5077478
1.5391266
-0.010625376
-0.27783403
-0.072181217
-1.7647551
-0.12193301
-1.027164
-0.014269176
-0.55562109
0.97776997
6.1170645
0.67082864
1.2806418
-0.0004565038
-0.23302965
-0.017451921
-0.91198301
0.96923858
0.64338779
1.888877
0.011513785
1.5287287
0.66980726
-0.5454759
-0.81051725
5.7798386
-0.30555645
-0.080163911
-0.031436052
-0.087179221
-0.68074363
1.4886433
1.7630997
0.32866606
-0.69416201
4.3406768
2.0784352
-0.044170123
-0.23797882
-0.94029397
0.90488201
-0.03959924
0.64434218
0.16306765
-0.10226679
0.78114021
-0.071236804
1.0547799
-0.25284499
1.8178041
-0.19254008
-0.85380572
2.4921162
2.2321703
3.8149104
1.5549062
-0.27679259
-0.27529234
0.37426218
-0.77342969
0.10765199
4.695972
-0.19753844
4.1904979
-0.29216871
-0.30427435
2.9907138
-0.11139166
1.9973296
-0.22231205
-0.053846966
1.0556322
-0.31657898
0.018168978
0.92186689
1.2579478
0.034335781
-0.042038597
4.3421869
-0.014420631
-0.30868414
-0.63071471
1.7040939
-0.21298423
0.75465238
0.78753233
1.9714174
1.6376379
0.88149893
0.78474903
3.1765351
-0.18178497
-0.17120312
0.73597562
1.654516
-0.91770977
-0.26420262
2.4434161
-0.99581212
3.8516438
2.3207276
1.2458779
-0.91538095
5.2133775
-0.73615086
0.97517353
5.6669636
-0.90458363
1.7356235
1.2064668
-0.79512101
2.0468042
-0.41704684
-0.84544384
-0.30947015
2.6366937
0.86107939
-0.091822289
3.246357
0.47089449
-0.98145241
-0.13167046
-0.98970556
-0.14660902
-0.81329298
0.75133908
-0.54176676
1.1297355
-0.36985776
1.1442835
2.6092997
0.80968988
-0.19004729
-0.27627206
2.1128995
-0.33193752
-0.79695815
3.5245941
-0.048613083
-0.10733731
-0.24551637
-0.040095951
2.7529418
2.9738152
0.6369639
-0.17732753
-0.40755677
-0.35670146
-0.76015371
-0.094404876
-0.63377482
2.0582008
0.79208821
2.607429
1.6929597
-0.3220787
0.10086075
-0.13277884
-0.29050228
1.4788929
1.5862134
-0.22559758
-0.32641873
-0.28665894
-0.74859136
-0.54392952
-0.2035803
-0.941782
3.8903654
-0.1313979
1.1168611
-0.35002142
5.5777588
-0.46570596
5.1642351
-0.027909253
-1.1011511
-0.88291401
1.2697631
0.81598133
-0.35751709
-0.11532893
-0.59570783
-0.93409866
1.2911407
6.5977888
-0.024545595
4.7116532
5.346858
-0.25202134
-0.23953934
-0.62482738
-0.0072228955
4.3903418
-0.84100831
-0.50758356
1.0463622
-0.037230495
4.3162093
-0.078875363
0.88638377
-0.40897322
-0.44953069
-0.74901885
-0.45595965
4.0717173
-0.48330709
0.068804659
3.2596674
0.72424948
-1.5063549
-0.40945598
4.9231143
-0.036405884
-0.17625822
-0.25682378
0.3621664
-0.055459764
-0.075794786
4.8848839
1.1925341
3.3366051
2.0141423
2.9574015
-0.059176434
-0.25334096
-0.22042203
-0.80256206
-0.16962911
1.7711396
8.3807392
-0.60154158
-0.97378427
2.8286614
-0.04538469
3.2013836
-0.21130557
-0.17904441
3.178694
-0.69415802
1.3356246
1.980733
-1.2564139
0.50507897
0.02542947
1.4431406
5.167294
0.94482589
-0.015370684
1.5315273
5.8920779
-0.41009974
4.1890602
-0.12603091
0.40918216
3.5602655
2.2857468
-0.11136426
-0.57073998
-0.064320989
-1.8014306
-0.084648743
-0.87466586
-0.1536652
-0.0028838678
1.050347
0.39683095
0.042199694
1.3435643
4.4805655
-0.5718568
3.8966362
-1.0450629
1.3743446
-0.40739995
-0.030716151
1.6521844
0.9623217
1.651721
-0.53070116
-0.9823572
2.2464955
-0.44101378
0.75859857
0.64406621
0.33412582
1.0943426
-0.010938011
-0.54629838
0.506365
-0.14004309
5.5730653
2.4967046
-0.048495442
-0.040980022
-0.3119854
-0.11450469
-0.036635961
1.7218363
-0.28627706
0.063141555
0.73508495
-0.61756682
3.2941978
-0.23917353
0.94504791
-0.43629953
-1.1878904
3.4085228
-0.278606
4.7090054
2.505055
-0.054925799
0.10927776
0.47012994
-0.26193187
1.2719142
0.22559011
-0.53077328
5.2004557
-0.43942332
-0.82586545
0.033196285
1.9844964
2.0861812
-0.35718057
-0.38798225
0.16292885
-0.48035532
1.8018897
-0.4057084
1.4841524
0.89514273
-0.39781281
7.2784677
-0.058152914
-1.0677342
-0.78666085
1.2043946
-0.16572145
-0.10684247
1.8627825
0.34345144
6.8924613
8.6820154
-0.11375909
0.95019132
-0.075803787
-0.017443916
-0.01492124
0.58686256
-1.3533822
-0.13871796
2.2674651
-0.92984432
1.5613906
3.346734
-0.27650425
-1.146338
3.1910634
0.10995005
-0.18096972
7.0027413
-0.042624015
-0.035736524
1.4358473
1.1025813
0.27139542
-0.019277846
-0.063633829
-0.17258811
1.1599275
0.56472766
0.87203538
-0.0022629031
0.24826765
-0.022115655
0.10141817
-0.049989816
-0.13339278
-0.042287733
-0.045965828
-0.034088012
0.45443216
0.37721393
0.070221096
-0.027822191
-0.036617097
-0.36921313
-0.044982862
-0.22416067
-0.012984413
-0.1716224
0.10488188
1.4546721
0.29529724
0.32067516
-0.016475266
-0.026114304
-0.011848382
-0.16105829
0.0070898235
0.24185321
0.32859305
0.01253394
0.25375947
-0.0011676915
-0.088326968
-0.15769681
1.1243558
-0.056521006
-0.0087976521
-0.024473179
-0.049365293
-0.14033681
0.12680376
0.70699197
-0.014738889
-0.1655584
0.60506564
0.25220177
-0.032669667
-0.063509338
-0.25935304
0.38344681
-0.010826119
0.38344702
-0.030970572
-0.024972031
0.10959239
0.069746003
-0.002896243
-0.080624059
0.24503775
-0.02591436
-0.17420356
0.25930166
0.48701501
0.66495246
0.20283119
-0.081561618
-0.05244714
-0.0078822849
-0.16330333
0.44265795
1.1887265
-0.014973211
0.74805576
-0.040285211
-0.028885378
0.74742657
-0.03413216
0.47908014
-0.025171174
-0.018198237
0.064742051
-0.062270958
-0.013650094
0.54722905
0.065780655
0.085481316
-0.014426271
0.69555676
0.043985341
-0.070479795
-0.10093116
-0.0014163032
-0.054720927
0.15411063
0.21783243
0.57511836
0.010045268
-0.017503047
0.26556051
0.56079501
-0.023572873
-0.055903401
0.33206883
0.50278473
-0.15299393
-0.072225213
0.28747633
-0.19582705
0.50596344
0.32129726
0.59497958
-0.19185743
0.87367558
-0.22321777
0.34725654
1.0217993
-0.75510806
-0.17629334
-0.59381062
-1.2724159
-0.58731264
-0.049999252
-0.66455454
3.3437734
3.8119466
3.9325714
-0.28580117
7.5476189
0.96572173
-0.28548691
-0.17876579
-1.0203888
4.2772961
-0.76064485
6.2856746
2.9063354
1.3694656
-1.2374794
-0.057428312
-0.1044763
4.0689764
5.9506688
-0.062911861
11.507138
1.1448402
0.15450475
2.9259708
0.16928999
-0.80153531
2.63939
2.0836263
1.6128581
1.2645652
1.7991765
-0.39206335
-0.8807562
-0.22956164
-0.81276542
-0.45408747
-0.010096527
-0.18802761
5.5581632
3.2557447
2.193944
-0.41252261
-0.0039388724
4.2411594
-0.1872998
4.2741213
-0.21172605
5.6502442
2.6029103
-1.0579418
-0.84735423
4.9778976
2.3980861
0.84733742
-0.010272661
-0.013680741
1.139719
7.3412542
3.7476003
-0.59146982
3.4759662
-0.75496161
-0.024431644
-0.92595798
2.1018121
2.6542196
-0.13927846
-0.32472292
-0.86346191
-0.42311665
0.2059619
3.9830627
-0.073052809
2.1359112
5.9918303
-0.44676447
1.6147714
-0.36768526
3.1769698
3.3310769
-0.34912473
-0.10613181
2.1642947
-0.37187895
0.34747747
-0.14810759
6.6289558
0.43888721
-0.29674426
-0.50797981
-0.80246776
-0.13687418
-0.52381074
-0.0075880042
2.4990869
2.7209523
-0.8554374
-0.51158208
4.3251791
-0.040862452
-0.072507612
-0.71203864
-0.25628337
-0.42217812
-0.63324624
3.7389259
1.5056052
1.9337581
-1.0522865
1.9874241
-0.060939379
2.8408656
3.2627139
-0.43642193
-0.70188731
2.6518815
8.9496861
-0.23967241
-0.085680462
-0.95723087
-0.39464459
3.3925297
-0.17369971
-0.538459
1.2419975
-1.154384
0.212864
1.2203771
1.6030933
-0.0098519018
1.8330892
-0.11485445
6.5813174
-0.14455679
3.1796319
3.6307237
0.31142348
0.30020177
-0.011403525
1.2296782
-0.11646789
2.4712043
-0.43391314
-0.034370147
-0.30617565
3.2213163
-0.086468138
0.95187789
1.3862778
0.19434258
4.1680584
-0.15942684
-0.072751895
0.61814725
3.5917535
1.8938181
-0.10093867
3.1628942
2.477427
0.088625602
-0.21782212
-0.014335851
-0.057261117
-0.19072615
1.5035102
-0.33823285
-0.096350797
-0.15664066
0.64774507
1.9796102
1.4540013
-0.092013516
7.9884477
0.4216274
-0.71587843
0.12559876
2.7183492
-0.56343907
-0.15871823
1.3651119
2.9612205
2.0407472
-0.17564379
0.62372774
1.4215722
-0.27985445
0.80441433
0.46039227
-0.57053655
-0.44525966
1.7914854
-0.018796545
-0.10601269
-0.42698431
0.74191922
-0.42032298
-0.38342404
2.6030481
1.3347936
-0.0018309634
-0.057410587
1.3412024
4.6007438
-0.2509416
0.18249509
3.1650331
2.017947
0.34093884
0.51920778
1.9124846
0.86530775
0.099314936
-0.60821211
-0.090523206
-0.054035831
3.4999399
-0.23881488
3.6137772
0.82208806
-0.68491769
0.18890177
0.46575493
-0.98226213
-0.017478466
0.99551547
-0.18981372
-0.25491038
0.63281751
2.9796059
-0.28465536
1.6392473
-0.29155624
-0.43790612
0.25991255
0.70638144
1.2163806
-0.6745193
-0.14265688
1.6182524
0.2454282
-0.12830661
0.20820907
-0.52010149
-0.12428246
-0.043427974
-0.075575784
3.0162513
-0.98811311
-0.21309268
-0.25418469
-0.18563659
9.1654367
5.7680736
1.6784284
-0.18620595
-0.48484212
-0.98322976
6.648376
2.5500107
5.350265
0.088853315
2.1726403
-0.16430204
0.5837065
-0.40857506
-0.89023602
-0.24624133
-0.27492782
-0.32579824
2.4258289
2.4116378
0.62642634
-0.13463257
-0.14502488
-2.0297892
-0.17454527
-1.3367485
-0.093211345
-0.99412727
0.9379673
8.8865204
3.0459116
2.0126791
-0.12306932
-0.1656204
-0.065281779
-0.7771005
0.83918059
2.5351994
1.0878819
-0.080483243
1.8152912
-0.099431925
-0.39417955
-0.92112523
6.282609
-0.22348252
-0.083235174
-0.039269563
-0.41700888
-0.79880923
1.630924
3.3116474
-0.23353295
-0.99216777
3.0486023
1.7113017
-0.24757829
-0.4453508
-1.543539
2.7365925
-0.016680134
1.4836501
-0.22266471
-0.010900654
0.75921726
1.3031517
0.43395525
-0.54817677
1.7885965
-0.08203315
-0.90780526
1.6203105
2.9896226
2.1641688
0.75401539
-0.38443846
-0.25819874
-0.013386971
-0.93647498
2.3292613
6.2982883
-0.048955623
3.7314007
-0.20013583
-0.0055031832
2.4135938
-0.22206628
1.7061343
-0.090330295
-0.065894417
1.5268073
-0.33455342
-0.076578878
2.19753
0.50121051
0.61921775
-0.068953283
3.3247731
0.35821372
-0.32043061
-0.63349855
-0.11477271
-0.38508999
0.70655066
1.0440091
2.9303496
-0.1114305
-0.15731215
1.7949194
4.2782035
-0.10218149
-0.34641394
2.9808621
3.0015771
-0.70617479
-0.29259801
1.3164076
-1.2232448
2.8413579
0.97736752
2.2366529
-0.81470263
5.3038054
-1.3758506
1.7159802
5.7270174
2.8960938
-0.21168287
-0.14880002
3.408824
-0.63789135
1.484606
1.848586
-1.3256097
0.6844449
0.050405651
1.5781541
5.0589209
1.2945281
-0.013829479
1.448983
5.8352938
-0.44111916
4.1869688
-0.14487161
0.67475069
3.5661516
2.3922834
-0.10179602
-0.57923311
-0.10632416
-1.8846695
-0.085637532
-0.93831366
-0.14179781
-0.04985122
1.1958287
0.6417855
-0.017013773
1.24447
4.1660442
-0.5724746
3.7442319
-1.1096219
1.51601
-0.40170246
-0.019432416
1.4429494
0.90985417
1.6352834
-0.55842423
-1.0341681
2.6762788
-0.47207814
0.51330394
0.4619244
0.45185184
0.38453305
-0.0078561967
-0.48842803
0.67621827
-0.16707574
5.7019606
2.7313089
-0.039783917
-0.062946603
-0.34289193
-0.11483727
-0.030678535
1.8702514
-0.26434466
0.054217383
0.87134409
-0.58166975
3.7392666
-0.25892943
0.87668031
-0.43819627
-1.2077261
3.2830455
-0.22655249
5.147686
2.4482055
-0.062184282
-0.010024536
0.52205789
-0.29560167
1.2269157
0.61313605
-0.51602286
5.2636232
-0.46979925
-0.84473658
0.23301356
1.7912389
2.330411
-0.37995991
-0.35864827
0.21371558
-0.5029158
1.7596288
-0.38952327
1.4193602
0.69910687
-0.35844064
7.6452599
-0.04835904
-1.0308846
-0.80627728
1.1654333
-0.16159822
-0.093763642
1.9876654
0.39886594
7.2330127
8.6443043
-0.095280737
1.0444148
-0.085480914
-0.027809953
-0.018696947
0.68818045
-1.3841013
-0.17289266
2.4493318
-0.95267123
2.0257962
3.5909233
-0.25610062
-1.1984539
3.4077096
-0.02110905
-0.13789825
7.3011327
1.2536197
-0.11307669
-0.28373563
-0.027764916
-0.66391975
0.27605218
0.36351842
1.7048988
0.58456552
1.3098751
-0.094850607
3.9921134
-0.073667407
1.9486445
1.6941981
-0.081539974
0.62543631
-0.06806244
1.032444
-0.025480723
1.5097452
-0.32553095
-0.0042119971
-0.13573873
2.090075
0.34858108
0.45632935
1.9046886
0.36558753
2.0666857
-0.077795886
-0.01768817
-0.018706186
2.5253973
1.2035943
-0.050045308
1.574239
1.9066788
-0.049529288
-0.17199056
-0.021461604
-0.073317952
-0.11472499
0.84242523
-0.15034281
0.039737433
-0.064442776
0.50049818
0.85183752
0.66041297
-0.026571495
4.0183897
0.51811445
-0.38572505
0.52204961
1.712216
-0.39542973
-0.12899306
1.4929692
1.7787318
1.2093762
-0.06964688
0.43986449
0.85289568
-0.058254022
0.39307866
-0.0086581679
-0.25947085
-0.32892075
1.3064958
-0.049076475
-0.021115787
-0.1748192
0.18471177
-0.23564284
-0.26623723
1.3605621
0.39172602
0.015831668
-0.055221517
0.46983334
3.1358891
-0.14202701
0.7266345
1.523339
1.6203442
0.36009926
0.37772527
0.98818159
0.3500115
-0.041166648
-0.36048147
-0.031032076
0.65015692
2.0866377
-0.089869156
1.4992468
-0.0047329501
-0.42047229
-0.030921945
0.33663538
-0.49574944
0.31228733
0.11495765
-0.17275326
-0.11717398
0.33972856
1.6112033
-0.2588779
0.33121127
-0.19526647
-0.29069874
0.56904095
0.27475047
1.0159802
-0.46851873
-0.024285359
0.89702326
0.2282275
-0.011604954
-0.02992568
-0.34827897
-0.057594012
0.43809009
-0.055902291
1.3849121
-0.59911674
-0.12765013
3.8162487
-0.072402038
-0.56972539
2.344156
-1.1867979
1.1179519
1.0381627
-0.05204853
-0.12702248
1.3830194
-0.036070775
5.5661793
-0.1247728
1.9883851
3.4636009
1.9385254
-0.031752486
1.6808567
0.37665588
-0.098283112
2.2050929
-0.28026721
-0.086246952
-0.42027029
2.6441126
-0.34502161
1.1889546
-0.0080634784
-0.043693148
4.4485841
-0.19128905
-0.13960394
1.141075
3.2329416
1.9643877
-0.27069017
3.2367477
1.1379343
0.61979175
-0.17183827
-0.05853067
0.77496231
-0.16011555
1.8406337
-0.37254027
-0.31580216
-0.13662241
0.41202348
2.9514904
1.6885369
0.023655735
8.5634718
0.3293494
-0.69533831
-0.018183831
2.3004034
-0.30550647
-0.082634702
0.24847433
2.5210466
1.3087095
-0.18196797
0.25432581
0.95462424
-0.42703506
0.8671698
1.0524842
-0.64723164
-0.33094653
1.4873793
0.96150863
-0.1930369
-0.57303262
1.9999467
-0.40200883
-0.23839615
3.0198271
1.7732434
0.28894725
-0.0022656212
1.2051896
3.3370328
-0.2371885
-0.21450673
3.8618512
1.067856
-0.027694106
-0.0025883042
2.4355164
1.3422873
0.096090272
-0.61275816
-0.066680729
-0.18659173
2.7129402
-0.37223393
3.4680212
1.2668345
-0.63164049
0.63127404
0.18219057
-1.1243495
-0.12405059
1.9436055
-0.10153239
-0.25433382
0.87350667
2.1126323
-0.063095145
2.7500458
-0.22803281
-0.26607448
-0.084971182
1.0606868
0.82747465
-0.51176184
-0.37106857
1.534103
0.45943516
-0.35741529
0.36904234
-0.38514635
-0.23806868
-0.13435322
-0.043093991
3.0876069
-0.93969548
-0.09375383
-0.14355192
0.50350815
1.6476018
0.21911034
0.6322999
-0.096807241
-0.15191521
-0.091584645
0.6269154
0.45860052
0.48579159
0.29655737
-0.030902335
-0.20068507
0.53440684
-0.20822661
-0.1796888
-0.13506858
-0.046644546
-0.20738085
0.18539162
0.066929355
0.1866
0.65826052
0.033763327
-0.20751496
-0.071919352
-0.13171704
-0.072035484
-0.2356898
0.20212737
1.1492543
0.74640834
-0.0029003264
-0.096313477
0.57501525
0.33456242
-0.017685002
0.3673442
0.34876442
-0.01522506
-0.066870891
0.55387938
-0.13678148
0.034598991
-0.12567504
0.93026745
0.65699196
-0.010447094
0.28079456
-0.10494881
-0.067361489
0.16685182
0.73156667
-0.070456825
-0.18333729
-0.022496937
-0.070665583
-0.19891261
-0.056134071
-0.35582256
0.88564461
-0.017612947
0.54540199
-0.22270639
1.0077462
-0.041710984
0.47857347
-0.023276219
-0.26787937
-0.068139695
0.50628358
-0.080404125
-0.075508408
0.58943814
-0.051619496
-0.11786447
0.5560506
0.4064227
-0.021924684
-0.00083662797
1.2658514
0.55380094
-0.050105333
-0.032589402
0.0098095313
1.4767438
-0.11810056
-0.13509054
0.70674205
0.66808492
0.3023071
0.013551228
-0.065551423
-0.058129877
-0.051988896
-0.083062403
-0.0045946068
0.6014089
-0.10285529
0.1218854
-0.0018629221
-0.019739674
-0.2152988
-0.05738711
0.62347323
0.24169238
0.43186668
-0.072017245
-0.03641583
0.33283591
0.30468917
-1.5513599e-05
0.074585326
0.72038609
1.2330668
0.31452718
-0.028328558
-0.090376422
-0.18176125
-0.087325156
-0.016004696
0.63243204
0.73169607
-0.081302971
-0.34495178
0.96045017
0.021439888
-0.68217379
1.7828857
3.087106
-0.38682005
1.912349
-0.39268842
-0.76216179
-0.30414176
2.7737525
1.0258845
0.49949053
1.6629189
-0.0014975198
-0.92196923
-0.066622838
-0.86122847
-0.32410109
-0.79841965
-0.12499823
-0.69710201
0.8740533
-0.21405144
1.0909339
2.7051058
0.92467898
-0.4034391
-0.23825471
-0.11255906
-0.27815408
-0.828242
2.0442357
1.0543998
1.1940833
-0.20153384
-0.1144341
2.6805267
2.4421272
1.6087054
-0.11098433
-0.17857066
-0.25188148
-0.61900491
-0.044106677
-0.65159553
1.0946463
-0.07529521
2.2391145
1.5658417
-0.16457231
0.43581241
-0.21820498
-0.17679842
0.53181535
1.9669573
-0.40077266
-0.51490939
-0.1854208
-0.62438452
-0.68952203
-0.25906381
-1.0774965
4.2796416
-0.1676942
0.76171941
-0.58621204
4.558363
-0.30427295
3.9153349
-0.038490403
-1.112753
-0.59724814
0.47677553
-0.07706403
-0.28996405
0.049730033
-0.49453002
-0.86653864
0.87995791
5.233561
0.053259626
3.2229657
4.8536205
-0.12403207
-0.28292289
-0.44021297
-0.0077833124
5.1295276
-0.64136809
-0.51960546
0.70382184
0.42712581
3.4849427
-0.087127917
-0.093644232
-0.40405416
-0.34764487
-0.51919067
-0.28972104
3.4737167
-0.40306416
0.54437536
1.3776119
0.40733787
-1.2570422
-0.27579245
3.9501042
-0.056349661
-0.093564205
-0.23443861
-0.035320994
0.67651504
0.32494363
3.2056315
1.3484017
3.2011328
3.6799765
2.3188307
-0.037180968
-0.31846237
-0.43963009
-0.63959402
-0.12607099
1.5527978
6.7908487
-0.55238408
-1.0346211
3.110142
-0.042593483
0.078173876
-0.032020848
0.55876619
0.72249907
0.10916935
-0.0082507199
-0.0051731775
-0.10686272
0.50138998
0.41939092
0.55536669
-0.0063461796
0.12337439
-0.0025890288
0.16792306
0.18316631
-0.050574761
-0.028141946
-0.02555641
-0.010100065
0.25929826
0.029276956
0.047582574
-0.020796159
-0.0086753005
-0.24004479
-0.036079329
-0.13096045
-0.011341228
-0.089237198
0.06985461
0.61398494
-0.014739784
0.13000458
-0.012393665
-0.0038243197
-0.0079235202
-0.11989673
-0.0016924844
-0.021532416
0.35825098
0.12713256
0.10454501
-0.00079813524
-0.085234948
-0.095590524
0.71403712
-0.056712307
0.10075571
-0.02519531
-0.0022267408
-0.069830485
-0.0093275644
0.29266718
0.16917095
-0.079569772
0.3907339
0.13706943
-0.014981729
-0.0016298408
-0.11541945
0.05512701
-0.017719043
0.38550657
-0.0030312832
-0.039904337
0.20063512
-0.034189779
0.054780282
-0.034865297
-0.0085143475
-0.056529742
-0.12501247
0.14800882
0.075292453
0.6685096
-0.005111265
-0.062245589
-0.027726838
-0.011644549
-0.086507373
0.13356902
0.55639219
-0.037346259
0.45139325
-0.0468565
-0.062110126
0.74725151
-0.017249947
0.36255866
-0.033631708
-0.0052236398
-0.016610965
-0.050757091
-0.0019037292
0.15732422
0.18562295
0.080325261
-0.00066087348
0.64840424
0.19770682
-0.064973511
-0.066294879
0.098543838
-0.025825907
-0.0050303284
0.060976371
0.27073485
0.47509968
0.1719996
0.016689597
0.087273918
-0.014707903
-0.01443358
-0.017033082
0.27841401
-0.1426505
-0.063121744
0.40171853
-0.09536498
0.47054198
0.44523501
0.5689038
-0.16330677
0.30595452
-0.075061738
0.17006859
0.72660631
-0.4932656
1.2835338
1.6828388
-0.3550514
1.3428086
-0.22883475
-0.47254682
-0.17520876
1.4443233
0.43630233
-0.015605894
1.4116112
-0.0010193475
-0.58022791
-0.041311521
-0.58173496
-0.19346529
-0.46449772
-0.0053952034
-0.38690051
0.54063565
-0.12016445
0.48831451
1.6954284
0.64577496
-0.2046074
-0.16016644
0.27279145
-0.1708051
-0.51354814
1.5671504
0.5914886
0.09709204
-0.11470906
-0.060817149
1.3427675
1.5270529
0.30495965
-0.043904334
-0.15515739
-0.18406288
-0.36730093
0.043103438
-0.39343944
1.1763825
-0.04849292
1.624709
1.3838875
-0.15662174
0.43037805
-0.11236628
-0.15413843
0.72133929
1.1171967
-0.15224093
-0.29216349
-0.10610862
-0.39166778
-0.40178996
-0.1304075
-0.64016253
2.3994575
-0.073102102
0.60241956
-0.32438877
3.2390263
-0.24433784
2.8079791
-0.031028772
-0.69023567
-0.39838049
0.87132442
-0.009042236
-0.1913829
-0.00025826693
-0.31678215
-0.52481788
1.0644332
3.2685661
-0.02207974
2.0462134
3.0993261
-0.095000267
-0.16305721
-0.30275866
0.23651282
3.1616292
-0.47134128
-0.31824991
0.85220069
0.29372498
2.2136757
-0.021905009
0.031012528
-0.24134767
-0.23659408
-0.38357395
-0.22263229
2.2518899
-0.30419636
-0.00098069909
1.7321706
0.25262624
-0.80616665
-0.20497954
2.777036
-0.0045902096
-0.081618406
-0.16362856
-0.023874655
0.3011176
-0.0068956874
1.9692907
0.92933321
2.0985031
2.0582602
1.4305587
-0.059190627
-0.17645143
-0.23764668
-0.43883714
-0.086820439
0.84797931
4.5848517
-0.33510134
-0.66429967
1.9446925
-0.029008204
1.9274603
-0.074362904
-0.34553626
0.77555656
-0.72796649
0.38355154
0.77494675
0.78767699
-0.010134405
0.96056885
-0.063426942
4.0515532
-0.09838748
2.022383
2.3769131
0.24245098
0.029109571
0.37309971
0.66069585
-0.047887888
1.3992465
-0.2358264
-0.025584728
-0.21224944
1.7773042
-0.076188803
0.76577085
0.94319546
0.095307872
2.6901357
-0.098993972
-0.062783279
0.59531707
1.998332
1.2814873
-0.10389847
2.0456581
1.1878564
0.20979396
-0.10939036
-0.019972512
-0.019284418
-0.11029582
1.1378154
-0.20832753
-0.092981815
-0.081450805
0.65785271
1.387499
1.0662751
-0.032182023
5.2104878
0.2442359
-0.41945544
-0.01105168
1.4746459
-0.29968053
-0.08908765
0.67995644
1.7063521
1.2659111
-0.12110757
0.53510112
0.75682509
-0.20959269
0.57428795
0.33534774
-0.34344876
-0.25848114
1.1868515
0.37908751
-0.052546065
-0.26811531
0.8341136
-0.23671709
-0.2173651
1.9571692
0.98611516
0.038473867
-0.015855843
0.89620632
2.7877274
-0.13911092
-0.012361272
2.2262414
1.2610983
0.19407348
0.11308402
1.2505118
0.70508891
0.22751197
-0.3762016
-0.026003623
-0.047998942
2.0107839
-0.15838535
2.2642241
0.68672788
-0.42357087
-0.0031513658
0.055562969
-0.62737763
-0.017457806
0.94210643
-0.11034224
-0.16245122
0.53316534
2.0240383
-0.16411988
1.1585585
-0.1731431
-0.24922509
-0.018373501
0.16588333
0.84082246
-0.3836005
-0.095502123
0.97722948
-0.0015601554
-0.096979313
0.17682742
-0.30149806
-0.10246543
-0.029492904
-0.030690281
1.6806153
-0.61575001
-0.11278237
4.4522319
-0.22733997
-0.77463639
1.3036354
-1.6548179
0.39246914
1.2620785
2.5017633
0.38913912
2.4781551
-0.18033575
9.5917521
-0.17912489
4.8540959
5.1320925
-0.023518283
0.58701462
-0.0027395932
2.0179746
-0.12617572
3.3990169
-0.63216758
-0.049718264
-0.44395056
4.7303662
-0.098604389
1.5486575
2.7357938
0.53708446
6.1458588
-0.21139149
-0.097847998
0.78712207
5.1809802
2.8438306
-0.18241949
4.4950733
3.6548645
0.19675702
-0.29299971
-0.030446326
-0.089727186
-0.27402288
2.2174706
-0.46447906
-0.11835463
-0.21436921
1.25757
2.6382506
2.1484087
-0.12527962
11.398669
0.78633022
-0.98475474
0.11593282
3.8041718
-0.82372731
-0.22692947
2.3683758
4.0418968
3.1315594
-0.25976712
0.97905928
1.8938876
-0.38020241
1.3259958
0.61712909
-0.75866145
-0.66928804
2.7638958
-0.010490735
-0.13155507
-0.59002846
1.2280337
-0.57558078
-0.56875795
4.1234384
2.0123823
-0.0037168679
-0.061714448
1.7979047
7.0768862
-0.31951678
0.5385201
4.603241
2.9426773
0.63102841
0.39632508
2.9439836
1.4404745
0.13709542
-0.86407489
-0.084739469
-0.022486629
4.9853983
-0.31543672
5.0663342
0.78683388
-1.0169472
-0.011141068
0.4118911
-1.3686616
-0.028801499
1.5481369
-0.29818392
-0.35827693
0.91302979
4.435976
-0.45998368
2.2799103
-0.43734762
-0.62756371
0.47959885
0.55588591
2.0503173
-1.016632
-0.1449315
2.4362473
0.45273545
-0.17110924
0.23708731
-0.78505391
-0.2060457
-0.014259544
-0.081710622
3.9395087
-1.4519732
-0.2924833
1.0528502
-0.088062905
-0.047873724
1.5280459
-0.14695039
0.28801262
0.42786655
-0.43410715
0.16128394
0.23849069
0.67625105
1.2973686
0.85954571
0.085326239
0.44617042
2.0330667
-0.11416306
0.91205925
-0.092533074
0.29600987
1.0860285
0.52884895
-0.02098735
-0.17190346
-0.052093793
-0.65026182
-0.040382199
-0.34869835
-0.065998331
-0.090086691
0.28123161
0.15392825
-0.018406242
0.44058344
0.70944715
-0.14453365
0.95600474
-0.35128722
0.47287208
-0.11258111
0.15536915
0.25867999
-0.0099555189
0.43048012
-0.20576759
-0.32699764
1.0620607
-0.21768856
0.15847507
-0.018747244
0.075186826
-0.025188897
-0.018004175
-0.08317253
0.3331424
-0.064296
1.6031299
0.55203897
-0.019256933
-0.015727097
-0.13086498
-0.053393196
-0.017559519
0.8009457
-0.065830976
-0.014537684
0.61933285
-0.17825459
1.5338145
-0.099303082
-0.022496747
-0.17413166
-0.3976495
0.77649486
-0.066159904
1.8428394
0.34205529
-0.093438476
-0.0088541303
-0.0056441091
-0.10092524
0.13084453
0.28858969
-0.15601747
1.3948509
-0.17904435
-0.29188713
0.53649253
0.33866695
0.87116736
-0.1270422
-0.065751441
-0.038855031
-0.18244623
0.58648151
-0.087424628
0.53982002
0.2607556
-0.060760118
2.7905331
0.23601651
-0.31381997
-0.23521958
0.14598778
-0.041186627
-0.046512846
0.56941807
0.028662475
2.7835
2.3675554
-0.025025958
0.013526142
-0.026318466
0.047628067
-0.047362983
0.17158404
-0.46832067
-0.10701223
0.79855913
-0.29151136
0.87210023
1.2246175
-0.0094205383
-0.42640898
0.79807764
-0.016525764
-0.018287908
2.5154181
-0.73126763
2.5528145
4.1131587
-0.23877075
2.0742342
-0.43419352
-0.84100956
-0.37409657
2.8850536
0.99759394
1.2184399
1.0968399
0.55632961
-0.93785304
0.3329888
-0.96177179
-0.5165351
-0.76582068
-0.17819639
-0.78920156
0.93032026
-0.10750771
0.73641366
2.4973474
0.91920984
-0.66686326
-0.22485316
-0.28356978
-0.30521643
-0.99388677
1.4292668
2.0195205
2.4014652
-0.17032893
-0.24742918
2.425926
2.6540136
1.2693685
0.14697191
0.053300567
-0.22740173
-0.55960441
-0.026455954
-0.67541045
1.017045
-0.26839504
3.2535324
2.2728724
-0.13205694
1.0782628
-0.34342679
-0.23924878
1.2917269
3.2855802
-0.46102032
-0.64627594
-0.15901934
-0.6200645
-0.81173879
-0.29731718
-1.334115
4.4193816
-0.14499615
0.77401018
-0.79770255
5.1915092
-0.26892814
3.9867482
-0.011533159
-1.1846633
-0.53692836
1.02829
-0.1521173
-0.30730578
1.0883884
-0.47249943
-0.79955024
1.5839374
4.3493099
0.2766653
2.1474664
4.6478796
-0.022361903
-0.31315774
-0.40663734
0.057826646
6.0504694
-0.70308977
-0.58078617
1.4821892
1.5340478
3.3657129
0.31400001
-0.16549405
-0.38011375
-0.33974859
-0.47995916
-0.21384001
3.8533514
-0.48674026
0.48157448
0.96759301
-0.0043165027
-1.2370706
-0.30505785
3.4097252
-0.04706521
-0.043265939
-0.27528891
-0.11446984
0.92959136
1.0855696
2.0688894
0.92385221
3.871006
4.3090749
2.6395459
-0.079337269
-0.37710425
-0.67742413
-0.57482666
-0.15142892
1.4340996
7.0035467
-0.50219333
-1.3068098
2.8543739
-0.0016542383
-1.283388
0.1048636
-0.366613
-1.4889344
-0.024248531
-0.28067192
-0.90959471
-0.17940298
3.3740466
2.8300879
-0.37474382
7.8128242
1.3560755
-0.95668501
-0.22892475
-1.3252093
2.0862708
-1.0140266
3.4751549
-0.15933482
2.0364418
-1.0008314
1.1471559
1.7769274
0.85825974
3.4224954
-0.31667227
9.5988216
-0.10609873
-0.58433408
5.9413104
-0.21859181
-0.80150378
-0.13974094
0.34515914
3.6535449
3.0653586
-0.0012334668
-0.35429806
-1.0647668
-0.52075332
-1.11461
-0.39410943
-0.52456772
1.0513407
3.8015232
4.0983863
1.8803129
-0.60716218
-0.041047107
2.6406405
-0.43016773
2.9063976
0.66847724
2.9731104
1.4489117
-0.89882773
-1.0270079
-0.039532941
-0.003581373
-0.41834074
2.7242513
-0.069436193
2.6701207
2.4346187
6.2275486
-0.79964471
7.7877588
-0.22566119
-0.90366554
-1.4503132
2.31584
3.9419334
-0.51749527
-0.21054848
-0.80306578
-1.0257972
2.5723376
7.4786172
-0.0097671403
7.0154314
7.6417608
-0.48581082
-0.042609368
-0.86419821
1.0541608
4.0393791
-0.89279807
-0.52090937
3.1184485
-0.32701537
5.0530963
-0.18958451
4.1912775
-0.25866613
-0.59663057
-1.0139985
-0.86968672
3.7463949
-0.51032752
0.766599
6.6725178
2.4755838
-1.8409094
-0.57943934
6.8609324
-0.013718528
-0.30019844
-0.34205672
0.091587029
-0.3389872
-0.56041896
6.6318736
1.9162529
3.3751121
-0.46596751
4.2072835
-0.096469343
-0.025879493
2.5193899
-0.8175748
-0.45298395
3.5237134
11.232406
-0.67189527
-0.61579537
-0.12906112
-0.2767629
-0.25210142
-0.012070002
6.4095335
4.4597626
1.3260289
-0.27375075
-0.43535477
-0.49446297
4.5944228
1.3862792
3.2319825
-0.03205603
1.3227843
-0.25742906
0.90577596
-0.45680878
-0.64759815
-0.33906734
-0.30232415
-0.47790012
1.643308
0.63906622
1.2348443
0.6345647
-0.03843274
-1.1829435
-0.1322929
-0.88010448
-0.18612491
-0.83367234
-0.00065300765
4.6166158
4.2863126
0.77275968
-0.2554177
0.72518241
1.0056785
-0.14513348
0.78670657
3.4501889
0.80435652
-0.22111316
0.88388401
-0.31199333
-0.13877732
-0.52852654
3.9229872
-0.040413525
-0.0041229562
0.10906541
-0.46946844
-0.33844408
0.41758662
3.140497
-0.40256602
-0.6721651
0.037178397
-0.05794837
-0.40152588
-0.27974471
-1.2191535
3.0671012
-0.034875926
1.2515144
-0.49273315
0.85088944
0.97727281
0.96751481
0.19662517
-0.60514963
-0.010797003
-0.016955258
-0.46691918
-0.15029098
2.2310424
0.070989445
-0.16392681
-0.14269367
-0.083044641
-0.016639197
-0.38849202
3.2329137
4.2252903
0.046113778
0.88147354
-0.097288534
1.9125645
0.17019661
-0.30738577
0.69564128
0.60591972
0.53898478
0.91528922
-0.25980005
-0.057550032
1.2641468
-0.032771781
0.74169838
0.15938078
1.2935849
0.69311219
-0.2119094
-0.26063946
-0.38255122
-0.28202102
0.0085477158
-0.026107395
2.7288291
-0.23944025
-0.16011809
0.78036433
2.1738877
0.52088684
-0.22317588
2.7543221
2.1585193
-0.127474
-0.11224512
-0.15477233
-0.77150202
0.23387021
-0.081443429
1.5110557
-0.23159449
0.68290222
-1.165345
1.8185207
2.9190767
-0.29191455
-0.044381499
8.0386705
5.5335684
1.4552922
-0.2812224
-0.51758236
-0.6724084
5.8521457
1.7629671
4.125598
-0.044960435
1.8644078
-0.25957304
0.83040506
-0.52337122
-0.79639512
-0.36195847
-0.34173596
-0.50300366
2.260612
1.1087273
1.3006066
0.27777261
-0.0580527
-1.5410135
-0.14975594
-1.1509521
-0.20540372
-1.0050772
0.037400559
6.2093668
4.8891335
1.2160801
-0.26112744
0.2643052
0.72465384
-0.27717158
0.75879037
4.0785427
0.82811075
-0.21971588
1.3194051
-0.31816438
-0.19189626
-0.71328294
5.0863237
-0.091117665
-0.018141648
-0.011371422
-0.53966433
-0.50015199
0.74194461
3.6918073
-0.42436495
-0.83497667
0.51823699
0.044856958
-0.40810299
-0.38430551
-1.46901
3.5595376
-0.018490797
1.4576141
-0.49115244
0.76627064
1.077276
1.1199768
0.1279512
-0.64803112
0.50027966
-0.025207872
-0.61906582
-0.10940488
2.8218875
0.43439609
-0.13684253
-0.2231553
-0.1453198
-0.0229916
-0.5696438
3.5006552
5.2442913
0.037960894
1.6217858
-0.12964074
1.716174
0.72186875
-0.32234594
0.77605718
0.12050562
0.28284672
1.3788857
-0.29833221
-0.06137507
1.8450474
-0.034080412
0.6758523
-0.0091694249
1.9180846
0.71631294
-0.27765211
-0.38338438
-0.36708161
-0.38021392
0.13624053
0.061026987
2.9533005
-0.27426493
-0.20546322
1.2765179
3.1637757
0.31167698
-0.29916283
3.2216311
2.5633779
-0.26330575
-0.16524802
-0.11824917
-0.98291463
0.81642711
-0.066408128
1.6113166
-0.39626342
1.7630669
-1.39264
1.9679018
3.9681566
-0.38103592
0.77417552
6.3357978
3.239984
1.8434585
-0.40664393
-0.51760501
-0.43565711
3.600538
1.5374464
2.8686132
0.56704783
-0.0034494791
-0.53356045
2.1669934
-0.63939643
-0.73007673
-0.48996273
-0.2955513
-0.76039428
1.3712561
0.10861005
1.4013824
1.6755296
-0.015385139
-1.0101475
-0.17135963
-0.7729547
-0.26375109
-0.87781173
0.39932054
4.0783982
4.6465964
-0.066204071
-0.36134228
2.3458037
1.6010376
-0.049243566
1.3337948
3.052346
0.27962065
-0.33487269
0.9716422
-0.48213378
-0.1128142
-0.47508845
3.4911926
1.3939718
-0.014569493
0.91421074
-0.52720279
-0.22729719
0.51407987
2.5993881
-0.49745366
-0.71766478
-0.089759029
-0.22949231
-0.66501445
-0.24317276
-1.3445414
3.1747935
-0.039402165
1.9851136
-0.7964341
2.4102092
0.17896345
1.4374104
0.095660962
-0.90440542
-0.17603749
0.58591014
-0.38487399
-0.25256854
2.1452174
-0.17048115
-0.35339105
0.59032965
0.7289257
-0.012332717
-0.11122569
4.0598493
3.1177034
-0.087363809
-0.053805914
-0.035325933
4.4231534
-0.21418445
-0.47144675
1.3799834
2.3287532
1.4615306
0.28111255
-0.3436175
-0.13896242
-0.089682601
-0.096107878
0.92067939
1.713797
-0.11848564
0.82396191
-0.18110222
-0.18039899
-0.68010259
-0.2419772
0.67537022
-0.02376896
2.9676247
-0.26468131
-0.15535484
0.805278
1.5304204
0.58937329
-0.14156203
3.0161481
3.8456299
0.99023336
-0.050843537
-0.3095924
-0.76292652
-0.11927376
-0.11212013
2.3304763
0.67742383
-0.16750991
-1.2717175
2.5877721
0.9040314
-0.61234158
2.058372
4.1352725
-0.14084776
1.7478466
-0.39072335
-0.71509695
-0.33320323
2.6108878
1.2652391
1.4538865
0.85431302
0.21838573
-0.84599394
0.53177458
-0.82514107
-0.48893443
-0.67717254
-0.19945069
-0.75160718
0.86052072
-0.11243979
0.79351854
2.4574273
0.69553584
-0.61797887
-0.20628159
-0.31695813
-0.28093761
-0.88218194
1.2466173
2.0924587
2.3298004
-0.13652624
-0.24919271
2.4244595
2.1289198
1.291064
0.040428489
0.16654402
-0.16792496
-0.49540445
-0.0062622651
-0.61749095
0.50004894
-0.25341517
2.7322609
1.8279306
-0.084457748
0.86580092
-0.31692433
-0.19524853
0.80920178
2.7255232
-0.42278752
-0.60184234
-0.14448468
-0.51569599
-0.73011786
-0.25781903
-1.2057401
3.9713922
-0.14478074
1.0033036
-0.73094517
4.2395363
-0.19768129
3.1754532
-0.02859186
-1.0424408
-0.45745897
0.68463534
-0.16477513
-0.26991877
1.018346
-0.38863367
-0.69747627
1.1508819
3.8127553
0.025816642
1.6256028
4.2406139
0.19508922
-0.27528855
-0.33448303
-0.011179513
5.4578552
-0.55878127
-0.51662749
1.288193
1.4594868
2.7501292
-0.0079228692
-0.18613333
-0.3313438
-0.29354739
-0.39434692
-0.15570895
3.2791913
-0.39003584
0.7409693
0.29885748
-0.01134186
-1.084601
-0.24381958
2.784415
-0.040895496
0.0069098771
-0.23375943
-0.092534803
0.92602235
1.0569946
1.764256
0.76968622
3.2171788
3.9864259
2.2577894
-0.049673539
-0.32645395
-0.61506736
-0.47009593
-0.12317502
1.6056224
5.6512403
-0.45232531
-1.1525316
2.8494475
-0.0070330757
-0.17191246
0.34318095
0.7764796
-0.13726366
0.44808146
-0.061785024
-0.12970942
-0.036430642
0.35746184
0.19517539
-0.014648407
0.66613513
-0.038666248
-0.20407529
-0.0056052962
-0.21201663
-0.078711145
-0.14577679
0.18999451
-0.13720219
0.15801427
-0.027069105
0.04515589
0.73936737
0.25238132
-0.039155476
-0.06698291
0.35409585
-0.044833746
-0.16703349
0.59925574
0.56546348
-0.030280901
-0.011699582
-0.020253683
0.41987172
0.26884156
-0.019179646
-0.0014843934
-0.086304121
-0.050165098
-0.094977662
0.41582665
-0.13234508
0.44829947
-0.036916863
0.45078966
0.59281963
-0.059154958
0.19401729
-0.020404775
-0.062249687
0.14559495
0.15066381
0.12048531
-0.10645501
-0.026653951
-0.10736348
-0.13304669
-0.022303743
-0.19304018
0.64645165
-0.011390421
0.43460718
-0.10904844
1.0691975
-0.10383405
0.77835929
-0.040362801
-0.22622783
-0.11056655
0.56889522
-0.0036894639
-0.069648944
0.12313372
-0.093132764
-0.17105331
0.50078571
1.0388911
-0.037207372
0.57317424
1.2315168
-0.031828642
-0.040590178
-0.090964623
0.24545167
1.1257242
-0.15932558
-0.10390504
0.53759652
0.22117251
0.49155524
-0.0091803959
0.17353734
-0.071551822
-0.075560838
-0.13473356
-0.07883244
0.59570175
-0.11685301
0.035489656
0.78382534
0.159337
-0.25743195
-0.064829916
1.043479
0.27315676
-0.017556105
-0.062462576
-0.0093037896
0.17496267
-0.024774957
0.41833109
0.49973965
0.64613044
0.76085186
0.29557389
-0.036543552
-0.05440712
-0.067583576
-0.15722807
-0.018082038
0.35032135
1.2853199
-0.11465839
-0.21903685
0.94582754
-0.026457077
0.21083145
-0.2720035
3.1232646
4.726862
-0.070414327
0.57543516
-0.083910488
-1.0904616
3.4996684
1.5756415
3.6192889
0.97370934
2.0537338
-0.080068566
-0.0038361617
1.3553667
-0.55088353
0.8249293
-0.14498259
1.1808245
1.4766865
1.0666381
-0.039702199
-0.35074979
-0.11114701
-1.8436669
-0.063547693
-1.0554988
-0.013422662
-0.45409513
1.2143722
4.4600201
-0.034689885
1.226004
0.55842024
-0.34653258
0.63952404
-1.0417271
1.7481411
-0.056207128
2.0684223
0.17528552
1.0369591
1.0427459
-0.64590758
-0.87410146
5.6949806
-0.4165369
-0.021311449
-0.030629573
0.11740659
-0.59665579
0.76071429
0.91001797
1.5401896
-0.59927291
4.6099148
2.2828069
0.22924712
-0.20281795
-0.70450777
0.17856652
-0.043984693
0.5471859
-2.8994493e-05
-0.11869428
0.6206578
-0.24374633
1.9485021
-0.2390081
1.0322762
-0.29059225
-0.9473471
2.5263114
0.84743071
4.8068223
1.5279408
-0.19144426
-0.26680779
0.63694441
-0.68238491
-0.090447001
3.7096322
-0.3285192
4.4490848
-0.39657208
-0.49802884
2.6544719
-0.051639307
2.2417164
-0.30539343
-0.027178422
0.62501955
-0.40253386
0.47492632
-0.012323232
1.2574972
-0.040169131
-0.089582391
6.283999
-0.05311304
-0.41885987
-0.67574114
1.9668697
-0.15400776
-0.052474406
0.57199109
1.3049543
4.2558188
2.6104143
0.73936844
2.4992301
-0.21721533
-0.11892152
-0.044927087
1.1016179
-1.1762948
-0.27768379
2.9378738
-0.97503483
4.5524883
3.1329658
0.81496048
-1.0183672
5.1130638
-0.53905404
0.34342676
6.5175405
3.3600528
-0.12488818
-0.41899568
2.0289524
-0.96943283
0.67220241
1.6118639
-0.035492536
-0.12458187
1.2259339
-0.0404526
4.3971777
-0.14725088
1.0558708
2.773634
1.9034636
-0.045110829
0.85641366
0.42665875
-0.13941251
2.5267177
-0.23526704
-0.069529407
-0.30779386
2.6143041
-0.32143778
0.55839854
-0.059174817
-0.043282833
3.2426453
-0.18396394
-0.071291648
0.57038164
2.950058
1.3501093
-0.18642084
2.8206129
0.61476427
0.34623548
-0.22763033
-0.02500706
0.96636498
-0.10226536
1.5009201
-0.28455719
-0.25673938
-0.09423589
0.43880942
2.3827217
1.6465276
-0.025937567
6.5552926
0.39782444
-0.65362036
0.16756089
2.224205
-0.27066597
-0.094185442
0.011692539
2.7384582
0.5944925
-0.13455342
-0.0016667582
1.2917306
-0.35919484
0.018191077
0.61555809
-0.56613839
-0.30716327
0.9007827
0.38326055
-0.19360347
-0.49319091
1.048155
-0.35989645
-0.16973816
2.0854049
1.7695168
-0.013755317
-0.014029386
0.61590248
2.3172479
-0.23759587
-0.17561479
2.4824498
1.4137316
-0.04676846
0.44271594
1.8299675
0.69868344
-0.03045617
-0.52893966
-0.060858618
-0.17351198
2.4739158
-0.33610928
2.9393146
1.2598665
-0.51327413
0.65440089
0.63800925
-0.94907534
-0.1253619
1.2696189
-0.088201724
-0.21380661
0.12963729
1.0321106
-0.013688778
2.0376918
-0.2133369
-0.23596923
-0.070732482
1.2927655
0.45606339
-0.3870295
-0.36525026
1.3121691
0.63755554
-0.33050731
0.086793274
-0.30870908
-0.17098634
-0.16648576
-0.06968005
2.5685296
-0.75586599
-0.089566447
1.0995408
-0.28640392
0.48754257
4.38552
-0.37153575
1.7833304
1.1149602
-1.4442099
2.0153828
0.71968096
2.654871
3.950726
2.0624521
-0.031319525
0.67811739
4.2231469
-0.58740819
3.565244
-0.20665787
1.4621711
3.0986667
2.6259251
-0.061359365
-0.53305119
-0.21951905
-2.1130023
-0.098960467
-1.1231167
-0.022478649
-0.25897509
1.8623078
2.5463293
-0.081455283
1.1729268
2.3256681
-0.52572268
2.6921327
-1.2846897
2.2023401
-0.32914177
0.48270664
1.0097272
1.2445997
1.5201337
-0.65003318
-1.1467745
4.9633522
-0.49321517
-0.033159297
0.2011404
0.77636039
-0.31400347
0.41072491
-0.21950333
1.6102693
-0.32393473
5.8316636
3.2695339
0.090806268
-0.14253639
-0.49882433
-0.044147309
-0.004520616
1.4102789
-0.14383225
-0.095420845
0.49963731
-0.38645539
4.0754519
-0.26339388
1.0520138
-0.41528115
-1.177336
2.9188781
-0.011406533
6.1528707
2.4633605
-0.060460068
-0.18337741
1.0413646
-0.51043975
0.26790422
2.5760803
-0.45681688
5.0942931
-0.48596048
-0.78261161
1.5369166
0.38870174
3.0605488
-0.39425966
-0.20636392
0.62545758
-0.54353249
1.4456748
-0.24577093
1.6273432
0.36358035
-0.24411714
8.6253929
-0.031594746
-0.71612424
-0.81682199
1.564422
-0.13761558
-0.035917468
1.8961149
0.40037757
7.4281797
6.9338818
-0.0088179996
1.8361067
-0.15849929
-0.059657265
-0.010288261
0.95290989
-1.4301711
-0.25006306
3.1281645
-1.0704376
4.144424
3.8944499
-0.12398189
-1.2884469
4.7050052
-0.27009922
0.024362799
7.8403282
1.230599
-0.037225556
-0.14570418
0.84786808
-0.41458726
0.98632956
0.87869054
-0.25403842
-0.0072209053
-0.027772844
-0.010460736
2.0642326
-0.055534195
0.40068823
0.75666672
1.6348948
-0.10416225
1.3276423
0.091383725
0.25135413
0.89368623
0.64602643
-0.05019908
-0.19041207
0.47680259
-0.40138736
0.36788154
-0.13678895
-0.014452064
1.2311
-0.029215584
-0.014277357
0.47906685
0.82693779
1.9489827
-0.24003541
1.8738223
-0.19727646
0.17033434
-0.10005222
-0.041491937
0.82802761
0.28513974
0.86474508
-0.12456956
-0.27159759
0.18534097
-0.019993903
0.95318931
0.77822584
0.34973854
2.3191907
-0.0058086016
-0.25524309
-0.032948382
-0.018597411
1.150703
0.40282941
-0.0364969
0.18338853
-0.0053700074
-0.026168495
0.032725357
-0.01255137
-0.1833401
0.24439114
-0.00094993599
-0.23234122
-0.014003125
-0.021664793
1.3962837
-0.10492835
-0.34763011
1.6547259
-0.12947798
0.33261931
1.5606015
0.61854708
0.079111509
0.38866594
-0.01835422
0.96367854
-0.060287863
-0.18203573
2.0180051
-0.023352752
-0.16219147
-0.045124155
1.0149165
0.41330627
-0.082785003
-0.2263073
0.38572079
-0.12071262
0.35283726
-0.13786705
1.0264978
0.49516943
-0.24623182
0.99386209
-0.067694835
-0.43204266
-0.1507383
1.2045007
-0.038647454
-0.046642341
0.64044917
0.31871074
0.9143306
2.4203718
-0.0399343
0.022799395
-0.073230669
0.17624828
0.52598929
-0.032318205
-0.34547839
0.26156119
0.32979858
-0.26826963
-0.0031230182
0.15936217
-0.1823592
-0.21422341
0.45332572
0.47270021
-0.23757951
1.3633624
-0.16201518
-0.12401547
5.5984712
3.4983571
1.1059734
-0.094918683
-0.27561307
-0.6200105
4.0997009
1.5939015
3.3090372
0.16280313
1.141103
-0.09366709
0.3889133
-0.246012
-0.55041397
-0.12938143
-0.15040505
-0.16925557
1.4537134
1.6509418
0.30576518
-0.094033614
-0.097664952
-1.2658553
-0.11747318
-0.81131899
-0.035240706
-0.59473151
0.66461676
5.5745263
1.5746834
1.2724857
-0.055170834
-0.11335327
-0.045394458
-0.53047436
0.5706169
1.3104923
0.69072187
-0.027434364
1.2701505
-0.031346038
-0.25675631
-0.57783258
4.0022039
-0.14522009
-0.058827128
-0.023757039
-0.23046723
-0.51711994
1.0404462
2.0217822
-0.10312678
-0.61440647
2.160557
1.2726834
-0.13467251
-0.26838446
-0.94181931
1.6117889
-0.0093742004
0.8499437
-0.1164116
-0.017270852
0.33780238
0.783306
0.20152247
-0.32159445
1.2603116
-0.044865545
-0.56956917
1.1681614
1.9543352
1.5806532
0.76738316
-0.22665969
-0.17762001
-0.0043251971
-0.59589756
1.3762358
4.0008979
-0.037846144
2.5228577
-0.12303199
-0.01483907
1.6046351
-0.13403915
1.2684815
-0.063075714
-0.062653475
0.91977596
-0.20786035
-0.05079595
1.4031339
0.38685226
0.38366547
-0.048704814
2.0090427
0.1080521
-0.18995753
-0.39745846
-0.036915023
-0.23487893
0.62880445
0.77773392
1.8353078
-0.058939654
-0.087133728
1.0600559
2.6349552
-0.080981836
-0.21001144
1.7884607
1.9435399
-0.46371183
-0.18382977
0.92988759
-0.75869673
1.8817087
0.80484492
1.3882285
-0.54165143
3.4744864
-0.83077824
1.1113862
3.5406506
-0.48917714
-0.013038761
-0.12719002
-0.56533164
-0.022519825
-0.10301466
-0.32942244
-0.060949512
1.3482519
1.197295
-0.14724974
3.0846364
0.29872718
-0.37383047
-0.090877376
-0.50973958
0.74128652
-0.3927868
1.3413322
-0.063600801
0.80243707
-0.40233132
0.38219643
0.80009377
0.35246265
1.6205676
-0.13150232
3.6810229
-0.037543938
-0.22085276
2.2484026
-0.060061842
-0.32289973
-0.036147997
0.11047512
1.4687083
1.0139347
-0.0043485514
-0.14508529
-0.43174157
-0.1840394
-0.42150289
-0.13455307
-0.19660617
0.39858055
1.5220098
1.511593
0.7117641
-0.22611633
-0.018442353
1.1534517
-0.16674478
0.91972291
0.10298243
1.4243374
0.54553998
-0.35421786
-0.39358893
-0.010609097
0.089717038
-0.14222075
1.0708841
-0.026239518
1.0836636
0.96774089
2.2602828
-0.319408
2.8259478
-0.10583508
-0.33780661
-0.54403955
0.94342148
1.4994529
-0.20174134
-0.080570467
-0.30264995
-0.38580328
0.99123812
2.8161094
-0.01945951
2.6069789
2.9851813
-0.19456987
-0.013893551
-0.32601127
0.50925863
1.5217164
-0.32430163
-0.20349899
1.1456133
-0.13535944
1.7969655
-0.084187858
1.6447973
-0.099608138
-0.21979456
-0.3844983
-0.33547127
1.2905555
-0.18207046
0.36854312
2.4979875
1.0762385
-0.69934851
-0.21499638
2.6664801
-0.0015422947
-0.10897805
-0.1399093
-0.0019433711
-0.11899539
-0.22210276
2.4515643
0.86394191
1.1811475
-0.17229436
1.350392
-0.03486846
-0.014129709
1.1032333
-0.31907636
-0.16581193
1.5040691
4.1017141
-0.26875627
-0.23232889
-0.036367089
-0.11459535
5.9951229
-0.096646629
-0.67496121
3.9816859
-1.464973
1.8745178
1.6430779
-0.56225866
-0.13562728
0.18065464
-0.0021543303
6.6751261
-0.057772528
2.086786
3.2359376
4.8401322
-0.15055285
3.18084
-0.034472823
-0.091686003
2.6796179
0.077173114
-0.20270529
-0.67208451
3.1754799
-1.0592433
1.2430266
-0.35918817
-0.049103789
4.4854579
-0.21244791
-0.146084
1.962718
3.2536795
5.1575794
-0.56901777
5.1953144
-0.2378664
1.2692119
-0.2972109
-0.095682882
2.0565693
-0.11841162
2.0783074
-0.51443261
-0.68523335
-0.13703737
-0.17187122
3.7166946
2.0505495
0.28623882
9.5709066
-0.015034856
-0.86248988
-0.097624227
0.787
0.78997093
-0.022052813
-0.093612581
1.2822125
1.1258407
-0.16677575
-0.069709696
-0.030847162
-0.62367177
1.4197919
0.98482734
-0.88615555
-0.13611315
0.065936506
2.7956054
-0.41561127
-1.0822808
4.5844316
-0.52030867
-0.10790479
2.847533
1.2231115
0.93838894
0.84167886
0.40722883
2.9622874
-0.34346113
-0.58832353
6.1192331
-0.1107155
-0.38120434
-0.10681734
3.3747115
1.3676609
-0.13856572
-0.75992274
-0.0092848241
-0.36812013
2.2156713
-0.50600809
4.6193576
1.3663609
-0.78797477
2.9854014
-0.044484224
-1.5422362
-0.39363739
3.1033628
-0.081617922
-0.25392109
1.7395291
0.70507288
2.5995021
6.5767069
-0.12848592
-0.14726049
-0.16625927
2.1712871
0.79902738
-0.33515021
-0.98017883
0.69280857
0.72649789
-0.78352207
0.11829358
-0.18003403
-0.50749081
-0.51687449
0.51084429
3.9436853
-0.96811879
2.2815716
-0.10965669
-0.088029072
-0.15460302
-0.24709406
-0.28271511
-0.0024589435
-0.11290264
1.3667444
0.80716461
1.237206
-0.082632773
2.444731
-0.013887862
0.26676178
-0.0079072667
-0.22277084
1.027043
-0.16772883
1.4657422
0.56896603
0.7753886
-0.31550005
-0.014132412
-0.059067614
1.155691
1.642316
-0.011354463
2.7016373
0.41695383
0.50539571
0.23189437
0.41505295
-0.17540291
1.5021374
0.84725171
0.20185459
0.34857625
0.85781765
-0.12212513
-0.2247005
-0.057712007
-0.14809541
-0.11667993
0.54773223
-0.037290633
1.2774327
0.27076113
0.46894655
-0.054201163
0.032065161
0.67028284
0.47525361
0.95610356
-0.1426722
1.4195359
1.0321497
-0.31700715
-0.18838999
1.6185615
0.80296934
0.50587159
-0.011801603
0.16380112
0.41816291
1.7739332
0.62032849
-0.12804584
0.14070944
-0.25601527
0.70202804
-0.16254529
0.5849455
0.15082942
-0.00084470288
-0.12769453
-0.23617251
-0.028015463
-0.017594947
0.66590476
-0.044708081
0.15197136
1.9233484
-0.13126014
0.72348356
-0.033783905
1.3211788
0.80301291
-0.029136125
0.28122613
0.34106937
-0.091871142
-0.12130687
-0.047593903
1.7764657
0.5642907
-0.039404523
-0.056456514
-0.15560633
-0.16558461
-0.10252243
0.11849546
-0.090265021
0.75126988
-0.1331457
-0.15747516
0.67404538
0.16975871
0.068398669
-0.23388927
-0.089254268
-0.11141314
-0.19036072
0.8034386
0.31912902
0.65702629
-0.32715404
0.2835364
-0.002732473
0.70887017
0.76819122
-0.10556971
-0.23776236
0.54060155
1.6055715
-0.037781611
0.28852385
-0.34363449
-0.11934388
-0.2215213
-0.04340696
6.8272448
4.2236433
1.2303836
-0.23910968
-0.38133264
-0.49590579
4.6236677
1.7802578
3.2399979
-0.022431526
1.0853363
-0.23007086
0.95653558
-0.42935309
-0.61074013
-0.30523366
-0.27803108
-0.45707566
1.6829051
0.81658745
1.1405689
0.57255566
-0.024583334
-1.1871499
-0.14687078
-0.86455375
-0.17208348
-0.79096931
0.26733199
5.0949602
3.6130118
0.95913213
-0.21766932
0.48243606
0.25585121
-0.21466494
0.43636131
2.8034129
0.74604273
-0.16142672
1.3444027
-0.27947187
-0.14931141
-0.53158969
3.8133907
-0.064051665
-0.012488909
-0.017404724
-0.42418152
-0.36543563
0.3393628
2.6666889
-0.32829419
-0.67143005
0.29934695
0.080001734
-0.33734706
-0.2774066
-1.1410198
2.7773283
-0.047773961
1.6717362
-0.40448242
0.57802236
0.79609311
0.91272455
-0.015880615
-0.53272372
0.17326245
-0.03992768
-0.48556939
-0.079784706
2.1707995
0.33177912
-0.13008414
-0.18527688
-0.091404341
-0.055405654
-0.43644032
3.2117965
4.2589102
-0.0057141311
1.1912314
-0.10313113
1.4211835
0.71826786
-0.26429281
0.89274865
0.30817536
0.1991628
0.78918511
-0.23893838
-0.055328991
1.298076
-0.033474497
0.61152315
-0.016851544
1.4022312
0.85835069
-0.23320584
-0.3016881
-0.30684164
-0.29378638
0.044671718
0.1094556
2.4846804
-0.19747446
-0.1470096
0.92310727
2.2467332
0.36803561
-0.23354752
2.3161631
2.3426225
-0.19893795
-0.13363297
-0.090863541
-0.74206907
0.52463293
-0.048544016
1.6529835
-0.33988985
1.1798077
-1.0830755
1.7703654
3.0239105
1.61961
-0.32061896
0.45034111
4.7842994
-0.3571775
1.2427486
1.3048719
-1.4475596
1.7804095
1.0051823
2.7422335
3.6960256
2.261584
-0.042168301
0.82558656
4.6209331
-0.55564111
3.1155593
-0.25061017
0.8731451
3.2521048
2.2661479
-0.059502978
-0.51873147
-0.19253111
-2.1615741
-0.12827784
-1.1793008
-0.06660594
-0.31636775
1.6693461
2.3420053
-0.087273344
1.2853565
1.907975
-0.47690326
2.6111717
-1.2676773
1.9910812
-0.36305836
0.78695148
1.0627873
0.90138251
1.1828576
-0.67378253
-1.1122059
4.9830542
-0.55108088
-0.022193279
-0.01056979
0.49275592
-0.31920668
0.35501537
-0.22366436
1.7931992
-0.31783542
5.5702257
2.8532851
-0.010987255
-0.10469884
-0.51597458
-0.067119531
-0.050280929
1.7754402
-0.14859465
-0.12426742
0.83261156
-0.42307529
4.018106
-0.28271195
0.27984029
-0.47730932
-1.2037065
2.6724699
-0.063296169
6.2317796
1.8089051
-0.1207754
-0.17661002
0.89043623
-0.51980013
0.081318304
2.3092327
-0.47160324
4.5755401
-0.52118254
-0.82705271
2.0834136
0.5165472
3.0555747
-0.39670476
-0.17839879
0.056045085
-0.56327385
1.5671132
-0.25709423
1.8243878
0.48361018
-0.22163169
9.0856104
0.21645731
-0.76382816
-0.84122181
1.2774996
-0.13382013
-0.071177535
1.4275914
-0.0033866514
7.9930596
6.6720643
-0.012594317
1.5049448
-0.14125831
-0.035487179
-0.073672801
0.94385636
-1.4890332
-0.28908476
3.3759532
-1.0572222
4.2129383
3.8645797
-0.050341677
-1.3404163
4.4116483
-0.254132
0.16163005
7.9295015
0.27829736
-0.12656562
-0.27836159
-0.17798637
-0.73632503
0.37976801
-0.015854789
2.4467731
1.1974688
1.7632453
-0.13555296
4.4833527
-0.081839956
1.7514811
1.1940269
-0.20796652
1.0927174
-0.14355446
1.8154321
-0.0016388342
1.9219916
-0.42306548
-0.01158535
-0.12714604
2.6252162
1.2585627
0.40196937
3.058347
0.43783709
1.8820016
-0.075631015
0.2185201
-0.10737108
3.1378326
1.428152
-0.056661803
1.3626013
2.3194163
-0.11960167
-0.26227114
-0.067395695
-0.11920601
-0.1248116
0.83889222
-0.10853215
0.55432701
-0.028578285
0.99826509
0.36689144
0.62786633
0.051170781
3.4985023
1.0439358
-0.41624674
1.3032213
2.0471365
-0.51320201
-0.17068966
2.3381653
1.9526714
1.1626419
-0.049680952
0.60890538
1.1553348
0.51785368
0.61197913
-0.10210066
-0.19985327
-0.45301461
1.8680856
-0.098330647
0.23283532
-0.10848819
0.11603765
-0.25599828
-0.35439301
1.0738361
0.45508319
0.26294506
-0.079596743
0.24692091
3.7450371
-0.18194848
1.2702439
0.88753158
2.3823402
0.88016945
0.15826781
1.3652732
0.38360509
-0.097457148
-0.39420316
-0.011494461
1.7388655
2.2089183
-0.093704239
0.65106183
-0.095349237
-0.47027975
-0.10196538
0.36262256
-0.4616459
0.6103043
-0.042987604
-0.25770286
-0.075415932
0.37116668
1.2052684
-0.36591104
-0.041307025
-0.22184387
-0.32778186
0.90771836
0.047953997
1.3251667
-0.59280217
0.15560243
0.82320535
0.86629421
0.29611838
-0.089499407
-0.43687725
-0.060676929
1.3219533
-0.063094579
1.0539832
-0.69197291
-0.17340766
-0.24899395
-0.0088686738
6.3277602
3.8090506
1.4467549
-0.25637805
-0.37974319
-0.4384912
4.1576285
1.4132733
2.8097701
-0.00029253439
0.8013643
-0.25714079
1.3247033
-0.45797798
-0.62319624
-0.31834331
-0.25971675
-0.48482147
1.3666004
0.82655418
1.1792721
0.9471857
-0.022413289
-1.0734955
-0.13817249
-0.77280647
-0.16232146
-0.764938
0.34305474
4.5797591
3.7932863
0.66013354
-0.24365716
0.88155997
0.76432472
-0.15849526
0.8949874
2.9461331
0.68747097
-0.18351553
1.2580508
-0.30552292
-0.11222634
-0.49368522
3.5176108
-0.0022085581
-0.01548821
0.24785244
-0.44704723
-0.30695099
0.4502973
2.6138482
-0.34803042
-0.64623618
0.061450921
-0.033904474
-0.40178427
-0.24723063
-1.1218907
2.7848787
-0.035792258
1.4751563
-0.48929769
1.028437
0.71381301
1.0194111
0.03629303
-0.59936112
-0.017674755
0.092768557
-0.43079439
-0.1378008
2.1731493
-0.010658938
-0.14527027
-0.094189778
-0.078913175
-0.037488028
-0.34383869
3.3514009
3.9800532
-5.6269393e-05
0.92000175
-0.071739532
2.0822093
-0.0094745783
-0.31715065
0.96025932
0.93000376
0.42231849
0.83639187
-0.24512534
-0.059424367
0.91865635
-0.035099991
0.83485699
0.20804778
0.58881968
0.65615022
-0.16944309
-0.24398378
-0.36894497
-0.26523995
0.17433278
-0.0012927995
2.7022698
-0.22894441
-0.13422035
0.71169257
1.8687623
0.38333419
-0.19426572
2.6316981
2.5540404
-0.082754515
-0.090720415
-0.15801053
-0.69976586
0.1243276
-0.064189449
1.5473288
-0.20420399
0.53039455
-1.090035
1.86996
2.4709282
-0.82322645
-0.15854643
-0.60309184
-1.2998866
-0.52616751
-0.063425831
-0.70852923
3.0264118
3.9009199
3.8877788
-0.30653667
7.6075373
1.0572999
-0.35241529
-0.19199058
-1.0834898
4.4712858
-0.7993359
6.1020608
2.9114232
1.1105515
-1.2486202
-0.045618843
-0.082168967
3.7456064
5.9890275
-0.071175568
11.700572
1.0764089
-0.044838801
3.3439288
-0.026043007
-0.83000392
2.1477535
1.9196577
1.6452873
1.3850762
1.6331788
-0.37321767
-0.89267582
-0.24862483
-0.85926068
-0.46825123
-0.049278323
-0.18426554
5.5990324
3.5040479
2.0481772
-0.42158428
-0.018982315
4.4226661
-0.23287927
4.1385088
-0.14388382
5.6831431
2.3417768
-1.0544199
-0.88164854
4.7655196
2.0130672
0.78561032
0.078982972
-0.016812464
0.97356546
7.1488342
4.1450853
-0.6229592
3.8764331
-0.71936518
-0.094992876
-0.99721557
2.1077397
2.9781191
-0.17321187
-0.33072412
-0.876311
-0.48342371
0.49678969
4.292809
-0.052648406
2.74278
5.9735327
-0.44510379
1.3713967
-0.41327104
2.8145926
3.447578
-0.41553026
-0.15466639
2.3089395
-0.37328097
1.0149164
-0.15166837
6.4459586
0.079599045
-0.31652185
-0.57012594
-0.83302528
-0.076241039
-0.52923572
-0.020486007
3.1507833
2.7959547
-0.95203799
-0.52475429
4.3477426
-0.05442996
-0.085926563
-0.6735664
-0.24856715
-0.40809569
-0.63995236
3.935704
1.4969828
1.9169029
-1.0203542
2.0460322
-0.072492503
2.5091782
3.4346654
-0.44895312
-0.6775772
2.9481926
9.4929342
-0.26825342
-0.13548937
-0.90871286
-0.37529069
-0.11592593
-0.19596937
6.1287932
4.6417761
1.0281068
-0.063873835
-0.30744287
-0.9506799
4.770915
2.0149033
4.5306907
-0.0022578361
2.3419299
-0.076181524
0.036432438
-0.11220875
-0.69585603
-0.079294488
-0.17432582
-0.057303675
1.7810491
1.6747888
-0.011565183
-0.24944417
-0.090508841
-1.8080056
-0.1402743
-1.0973321
-0.044157084
-0.66061538
0.78467715
6.6532187
1.341997
1.4222305
-0.042143159
-0.19190291
-0.034839507
-0.85557282
0.71912205
1.1856644
1.6709378
-0.015447832
1.1498539
0.39270896
-0.49459609
-0.79914659
5.7382045
-0.30510679
-0.098828934
-0.055592455
-0.18238518
-0.70225513
1.6133845
2.4447484
-0.040503129
-0.75447249
3.8852301
1.6715925
-0.087466463
-0.2876929
-1.0956572
1.260425
-0.047589473
0.82799047
-0.018520562
-0.093839251
0.82554573
-0.020371886
0.78529888
-0.29995909
1.6257207
-0.17408592
-0.87431824
2.2353587
2.3401449
3.2988107
1.2122253
-0.34425762
-0.26838276
0.24031451
-0.82264388
0.52713662
5.0070372
-0.15588205
3.855597
-0.26946256
-0.23461142
3.1534541
-0.12138528
1.9251699
-0.18556146
-0.049724847
0.96435416
-0.2977778
-0.01195754
1.4937279
1.1225924
0.087562203
-0.036815062
4.2969713
-0.0058533992
-0.32794046
-0.61527705
1.0977484
-0.24248675
0.80277514
0.59983397
2.1384063
0.86338466
0.0023809448
1.1831965
3.5348327
-0.13712509
-0.20633259
1.2064193
1.8510245
-0.86778003
-0.28173313
2.3019936
-1.0390729
3.4817555
1.7827461
1.758708
-0.90220588
5.2626877
-0.89579326
1.1578537
5.598505
-0.31378683
-0.12327033
9.5268106
6.0409536
1.5957426
-0.26260558
-0.53657866
-0.84538585
6.8888202
2.4896126
4.9322529
-0.016090779
1.9627426
-0.24546681
0.82012427
-0.54047817
-0.89867514
-0.37853652
-0.33216974
-0.51163822
2.7962661
1.747851
1.3231559
-0.016740466
-0.080527298
-1.864663
-0.16558443
-1.3436064
-0.18402585
-1.1027101
0.43820554
8.1037149
4.4825363
1.6702765
-0.23096502
-0.04719229
0.033316553
-0.49170089
0.50926745
3.7802565
0.8978579
-0.18639964
2.0585151
-0.29607096
-0.2691088
-0.8737464
5.8341866
-0.15769657
-0.041554134
-0.033572126
-0.55733758
-0.67210817
1.1462984
3.7705002
-0.39618
-0.98921603
1.1910851
0.91597247
-0.39863506
-0.45168835
-1.6290623
3.6293943
-0.017960643
1.9130098
-0.43063474
0.52321905
0.92689842
1.5421218
-0.015914289
-0.67069739
1.23897
-0.031238688
-0.78097183
-0.0055868598
3.2591624
1.0525411
-0.078617617
-0.32413223
-0.21439676
-0.062108215
-0.78909248
3.7408659
6.2435002
0.0089178793
2.6035187
-0.14103858
1.1869352
1.4941189
-0.31552288
0.97711957
-0.035918947
-0.012528556
1.6186751
-0.32155684
-0.10027391
2.2775292
-0.02412756
0.67585427
-0.058955193
2.4175396
0.81959969
-0.31845888
-0.51556051
-0.31648412
-0.44875956
0.36358514
0.60159624
3.0079093
-0.2642082
-0.22259557
1.7799631
3.9735353
-0.014097176
-0.36348271
3.477869
3.2084029
-0.4438706
-0.23695913
-0.035625443
-1.1450754
1.5797895
-0.013271472
2.0702546
-0.61004883
3.181675
-1.534554
1.9170182
5.0667357
1.4194435
-0.035366785
-0.15631215
0.99297136
-0.37486812
0.69525295
0.64073777
-0.19069037
-0.02307268
-0.00648952
0.008682806
1.8004217
-0.026235534
0.54700893
0.816374
1.5130087
-0.057974435
0.89077306
-0.01755373
0.024702884
0.71087986
0.28427079
-0.042540293
-0.17698412
0.55995309
-0.33267877
0.26959437
-0.11369049
-0.020812238
0.99381483
-0.046818644
-0.030743143
0.5308423
0.75199699
1.57591
-0.17772345
1.5436157
-0.12173457
0.21963158
-0.082585648
-0.030924788
0.67297846
-0.01032821
0.70450795
-0.12605922
-0.20823207
-0.0087143704
-0.052496243
0.98780584
0.48702177
0.21950725
2.367322
-0.014196864
-0.22195236
-0.028545795
0.037445035
0.68098503
0.03453815
-0.031953733
0.24679349
0.1332455
-0.035650171
-0.0083092758
-0.0073317746
-0.15775837
0.26849011
0.22117203
-0.22867577
-0.0069787512
-0.011960692
0.91975164
-0.11195683
-0.30366975
1.3509604
-0.13172656
0.046547994
0.97150397
0.18530454
0.18590423
0.1830305
0.036983963
0.7266717
-0.076990172
-0.16683953
1.7399478
-0.03313528
-0.14131348
-0.023870703
0.80882263
0.36494479
-0.05981892
-0.19524337
0.019540779
-0.1074176
0.46071723
-0.12002786
1.0594579
0.47958252
-0.20858411
0.94563466
-0.029552007
-0.4021863
-0.11793857
0.90062296
-0.033559434
-0.06181822
0.5520646
0.24711272
0.8336035
1.9253949
-0.035437878
-0.030391598
-0.0524715
0.43078545
0.27078843
-0.053537767
-0.30041155
0.01509466
0.13636553
-0.21831353
-0.00054151117
-0.004840815
-0.13342595
-0.17808662
0.19539842
0.78560567
-0.23215535
0.97427362
-0.5926556
-0.1521102
-0.48943064
-0.99079925
-0.44399413
-0.049021944
-0.54747301
2.5901749
3.1536381
3.3488035
-0.20814072
6.2518353
0.74310446
-0.2526522
-0.15083368
-0.82381696
3.937248
-0.64498115
4.588232
2.1862884
0.92102182
-1.0298821
-0.016633643
-0.080395751
2.9820259
4.9986215
-0.072912082
9.0465431
0.84620339
-0.0067041698
2.5852273
-0.017214293
-0.63280082
1.6986002
1.7375852
1.6596612
0.94727468
1.7693377
-0.32487831
-0.70186734
-0.17840104
-0.7033844
-0.38129297
-0.022679863
-0.18745154
4.9224315
2.4042971
1.0311846
-0.30792135
-0.050982244
3.6242542
-0.15059581
2.9583099
-0.14660263
4.245635
2.0954294
-0.85393983
-0.70162296
4.1030235
1.5047706
0.86181945
0.08361844
-0.038065173
0.69799751
6.0268478
3.0242002
-0.45702276
2.7135415
-0.57706922
-0.042623572
-0.78208178
1.4010439
2.2421405
-0.11634191
-0.27943853
-0.69704884
-0.39101496
-0.026058823
3.5379269
-0.054475863
2.1889522
4.8177652
-0.36166802
1.1904279
-0.29463825
1.9841189
2.5718286
-0.27684519
-0.12329028
1.6344315
-0.30554172
0.48589697
-0.1761758
5.0724134
0.11534611
-0.22530524
-0.41395375
-0.64918512
-0.086771056
-0.37675416
0.2089994
1.9081339
2.2949891
-0.74021804
-0.41083145
3.442836
-0.027750621
-0.049967691
-0.53824753
-0.19134973
-0.33633843
-0.53240442
3.3112037
1.4508537
1.3393697
-0.8378076
1.6526619
-0.046596315
1.8437288
2.884748
-0.34714118
-0.54942894
2.5545585
7.1247735
-0.21872866
-0.020800672
-0.72664964
-0.31841847
