-0.48925781
-0.01309967
-0.1270752
-0.56542969
-0.02230835
-0.10302734
-0.32958984
-0.061065674
1.3476562
1.1962891
-0.14733887
3.0859375
0.29833984
-0.37402344
-0.090820312
-0.50976562
0.74267578
-0.39306641
1.3417969
-0.063659668
0.80273438
-0.40234375
0.38134766
0.80029297
0.3527832
1.6201172
-0.13146973
3.6816406
-0.037475586
-0.22106934
2.2480469
-0.059967041
-0.32299805
-0.036315918
0.11010742
1.46875
1.0146484
-0.0042991638
-0.14501953
-0.43164062
-0.1842041
-0.42163086
-0.13464355
-0.19677734
0.39892578
1.5234375
1.5136719
0.71240234
-0.22607422
-0.018508911
1.1533203
-0.16687012
0.91943359
0.10284424
1.4228516
0.54638672
-0.35424805
-0.39355469
-0.010665894
0.090087891
-0.14233398
1.0712891
-0.0262146
1.0849609
0.96679688
2.2617188
-0.31958008
2.8261719
-0.105896
-0.33813477
-0.54443359
0.94287109
1.4990234
-0.20166016
-0.080566406
-0.30273438
-0.38598633
0.99169922
2.8164062
-0.019332886
2.609375
2.9863281
-0.19470215
-0.013900757
-0.32617188
0.50878906
1.5224609
-0.32446289
-0.20361328
1.1455078
-0.13549805
1.7978516
-0.084106445
1.6455078
-0.09967041
-0.21984863
-0.38476562
-0.33569336
1.2919922
-0.18212891
0.36938477
2.4980469
1.0751953
-0.69970703
-0.21520996
2.6679688
-0.0014257431
-0.10900879
-0.13989258
-0.0019741058
-0.11914062
-0.2220459
2.453125
0.86474609
1.1816406
-0.17224121
1.3525391
-0.034912109
-0.014289856
1.1025391
-0.31933594
-0.16564941
1.5029297
4.1015625
-0.26879883
-0.23242188
-0.036468506
-0.11462402
-0.069030762
0.1083374
0.74658203
0.12127686
0.37939453
0.13806152
-0.019287109
-0.053283691
0.43432617
0.015808105
0.024459839
0.31860352
-0.026077271
-0.016937256
0.22888184
-0.074768066
-0.092224121
-0.0064811707
0.12072754
-0.0040245056
0.095214844
0.59912109
0.072937012
0.086547852
-0.032714844
-0.1282959
-0.02456665
-0.062561035
0.20947266
-0.07208252
0.15808105
0.68652344
0.097839355
0.11572266
-0.0088806152
-0.023742676
0.086853027
-0.08392334
0.33544922
0.28710938
-0.011573792
0.24890137
0.52246094
0.16625977
0.0030040741
-0.090393066
0.67626953
0.25732422
-0.011360168
0.19677734
-0.027450562
-0.080322266
0.1998291
0.35546875
0.12890625
-0.081970215
0.24060059
0.31811523
-0.032196045
-0.034423828
-0.12445068
0.31030273
0.26513672
-0.0050048828
-0.048278809
0.18066406
-0.034637451
0.23376465
-0.012306213
-0.06262207
0.31347656
0.52978516
-0.035003662
-0.0030517578
0.51806641
0.2265625
0.38769531
0.44091797
-0.046081543
-0.0037612915
-0.046142578
0.41650391
0.57617188
0.11065674
0.44482422
0.2487793
0.37280273
-0.034179688
-0.037139893
0.41430664
0.1328125
-0.023254395
0.24072266
-0.021148682
-0.022201538
0.21740723
-0.015945435
0.14465332
-0.0022563934
-0.063476562
-0.028442383
0.35473633
-0.024719238
-0.0054664612
-0.047485352
0.35351562
0.44116211
0.34863281
-0.04675293
-0.013618469
0.02973938
0.24133301
-0.04385376
-0.027481079
0.51806641
0.51708984
-0.01259613
-0.0047416687
-0.014213562
-0.071838379
0.037445068
0.17443848
-0.0049324036
-0.037322998
0.14953613
-0.13989258
0.29980469
0.19714355
-0.50976562
1.6806641
4.2304688
0.36206055
1.6142578
-0.38037109
-0.65917969
-0.33251953
2.5917969
1.4414062
1.9638672
0.35302734
0.21594238
-0.76367188
0.90527344
-0.71826172
-0.49365234
-0.60351562
-0.25927734
-0.71875
1.0654297
-0.12878418
1.0058594
2.1425781
0.24938965
-0.671875
-0.19116211
-0.44140625
-0.28979492
-0.82470703
0.8515625
2.0390625
2.96875
-0.11706543
-0.3046875
2.40625
1.8662109
1.3808594
0.091552734
1.0830078
-0.095214844
-0.45947266
-0.027282715
-0.55273438
-0.021408081
-0.27929688
2.75
1.4160156
-0.019134521
0.65722656
-0.32836914
-0.16931152
0.45751953
2.8007812
-0.45874023
-0.57519531
-0.14294434
-0.44750977
-0.68505859
-0.2388916
-1.1962891
3.6328125
-0.13830566
1.1904297
-0.72119141
3.2636719
-0.088562012
2.34375
-0.026199341
-0.94433594
-0.39233398
0.13623047
-0.21166992
-0.25976562
1.0361328
-0.30322266
-0.58349609
0.79785156
3.0058594
0.11462402
1.0126953
3.7636719
0.98144531
-0.24145508
-0.2722168
-0.034301758
5.03125
-0.40698242
-0.47241211
1.03125
1.5
2.4414062
-0.034301758
-0.24230957
-0.28271484
-0.23400879
-0.29980469
-0.083679199
2.9902344
-0.27148438
0.93115234
-0.085266113
-0.045227051
-0.95654297
-0.20935059
1.9140625
-0.077087402
0.69580078
-0.20617676
-0.11535645
0.73730469
1.2529297
1.4853516
0.24438477
2.7910156
3.6132812
1.8398438
-0.02684021
-0.30981445
-0.62255859
-0.35400391
-0.13330078
1.9580078
4.2734375
-0.40112305
-1.0976562
2.5078125
0.1171875
1.2304688
-0.037200928
-0.14575195
0.84863281
-0.41455078
0.98681641
0.87841797
-0.25390625
-0.0072288513
-0.027755737
-0.010475159
2.0644531
-0.055419922
0.40112305
0.7578125
1.6337891
-0.10424805
1.3271484
0.090087891
0.25146484
0.89306641
0.64648438
-0.050201416
-0.19042969
0.47631836
-0.40136719
0.36743164
-0.13671875
-0.014434814
1.2314453
-0.02923584
-0.014350891
0.47998047
0.82714844
1.9492188
-0.23999023
1.8730469
-0.19726562
0.17053223
-0.10003662
-0.041564941
0.828125
0.28466797
0.86572266
-0.12457275
-0.27148438
0.18566895
-0.019989014
0.95361328
0.77832031
0.35009766
2.3203125
-0.0058822632
-0.25512695
-0.032989502
-0.01864624
1.1513672
0.40258789
-0.036529541
0.18408203
-0.0053787231
-0.026107788
0.031921387
-0.012680054
-0.18322754
0.24450684
-0.00077962875
-0.23242188
-0.013931274
-0.021682739
1.3974609
-0.10498047
-0.34765625
1.6542969
-0.1295166
0.33300781
1.5595703
0.61816406
0.079040527
0.38867188
-0.018356323
0.96386719
-0.060302734
-0.18212891
2.0195312
-0.023345947
-0.16223145
-0.045166016
1.0146484
0.41308594
-0.082885742
-0.22631836
0.38549805
-0.12078857
0.35253906
-0.13781738
1.0263672
0.49560547
-0.24633789
0.99462891
-0.067687988
-0.43212891
-0.15075684
1.2050781
-0.038543701
-0.046630859
0.64111328
0.3190918
0.91357422
2.421875
-0.03994751
0.021957397
-0.073364258
0.17578125
0.52587891
-0.03237915
-0.34545898
0.26098633
0.33032227
-0.26831055
-0.0030078888
0.15893555
-0.18237305
-0.21411133
0.45410156
0.47241211
-0.2376709
1.3623047
3.4375
-0.11480713
-0.32006836
2.3867188
-0.81835938
1.1220703
1.6083984
-0.56982422
-0.069580078
-0.021362305
0.21362305
4.03125
-0.031677246
0.61474609
1.5341797
3.9472656
-0.17224121
2.4667969
-0.03527832
-0.02545166
2.0820312
0.95556641
-0.1050415
-0.41870117
1.4375
-0.92822266
0.30883789
-0.390625
-0.085571289
1.9648438
-0.069824219
-0.059295654
1.0058594
1.6972656
3.5507812
-0.42041016
3.6347656
-0.39575195
0.57080078
-0.23498535
-0.065002441
1.5419922
0.096008301
1.4013672
-0.31958008
-0.52441406
0.0035266876
-0.16870117
1.7675781
1.0996094
0.14355469
4.4804688
-0.020751953
-0.56494141
-0.043609619
-0.00075149536
2.2519531
0.51318359
-0.084594727
0.63476562
-0.040344238
-0.088745117
-0.050964355
0.17944336
-0.35620117
0.44555664
0.48999023
-0.54101562
0.20019531
-0.077575684
1.6572266
-0.30859375
-0.77246094
3.0566406
-0.3371582
0.77539062
1.9023438
0.54394531
0.34936523
0.43066406
-0.048065186
1.3867188
-0.1661377
-0.41821289
3.7128906
-0.13476562
-0.39599609
-0.05456543
2.1191406
0.78125
-0.17163086
-0.42993164
0.012657166
-0.28369141
1.0283203
-0.32324219
2.3808594
0.90917969
-0.46240234
3.1699219
-0.063903809
-0.94677734
-0.37402344
1.796875
-0.069885254
-0.13537598
0.99511719
-0.0013494492
2.9707031
5.0664062
-0.068481445
-0.018341064
-0.085510254
0.984375
0.2310791
-0.086853027
-0.81640625
0.062866211
0.97705078
-0.57666016
0.028900146
0.17932129
-0.30957031
-0.52734375
0.86279297
1.625
-0.45141602
3.0234375
-0.10089111
-0.14489746
4.8632812
3.5429688
0.84326172
-0.068115234
-0.24353027
-0.67773438
3.7148438
1.6611328
3.3183594
-0.010093689
1.5966797
-0.064941406
0.068237305
-0.12249756
-0.51269531
-0.088684082
-0.14611816
-0.088745117
1.4228516
1.2324219
-0.0048408508
-0.15625
-0.075012207
-1.3300781
-0.11419678
-0.81396484
-0.045410156
-0.52832031
0.53808594
5.0625
1.1162109
1.109375
-0.049468994
-0.11730957
-0.04083252
-0.60351562
0.37597656
0.90234375
1.1816406
-0.01373291
0.76367188
0.090209961
-0.33886719
-0.57275391
4.0898438
-0.21472168
-0.070007324
-0.05682373
-0.16674805
-0.51220703
1.1044922
1.9355469
-0.04699707
-0.57177734
2.640625
1.1201172
-0.083984375
-0.22277832
-0.84570312
1.0839844
-0.041320801
0.85742188
-0.04107666
-0.0703125
0.56933594
0.062225342
0.359375
-0.24084473
1.0449219
-0.11901855
-0.64013672
1.4941406
1.7109375
2.2226562
0.72998047
-0.27148438
-0.18432617
0.053527832
-0.60742188
0.70898438
3.8046875
-0.099365234
2.6738281
-0.18310547
-0.14367676
2.4277344
-0.092712402
1.4960938
-0.11730957
-0.042175293
0.59423828
-0.21643066
-0.018310547
1.3125
0.76220703
0.13525391
-0.035491943
3.0605469
0.026748657
-0.2487793
-0.43994141
0.52441406
-0.18945312
0.58398438
0.40869141
1.6240234
0.45483398
-0.032165527
0.95849609
2.5449219
-0.083251953
-0.16662598
1.0146484
1.5009766
-0.60986328
-0.21484375
1.5585938
-0.76123047
2.3730469
1.1162109
1.5927734
-0.66015625
3.71875
-0.70654297
0.98779297
3.9882812
5.0195312
-0.077026367
-0.80078125
2.9257812
-1.6240234
1.4208984
1.125
-0.033996582
-0.15026855
1.9472656
-0.06149292
7.9335938
-0.16552734
3.2460938
4.859375
2.1484375
-0.028411865
2.4609375
0.70117188
-0.1206665
2.75
-0.40600586
-0.10540771
-0.57763672
3.5527344
-0.40063477
1.8525391
0.38598633
-0.053955078
6.375
-0.24084473
-0.20361328
1.7910156
4.2734375
2.8183594
-0.36254883
4.2773438
1.9453125
0.87939453
-0.1932373
-0.087280273
0.62207031
-0.23583984
2.5097656
-0.50341797
-0.38916016
-0.19812012
0.71386719
3.8339844
2.2363281
-0.0019512177
12
0.453125
-0.91845703
-0.046875
3.0332031
-0.45776367
-0.11450195
0.56640625
3.2578125
2.1425781
-0.26855469
0.50488281
1.1933594
-0.56494141
1.5478516
1.4667969
-0.83984375
-0.46240234
2.3085938
1.4814453
-0.2277832
-0.74658203
2.875
-0.52636719
-0.36352539
4.2773438
2.4101562
0.50927734
-0.00058507919
1.8798828
5.1171875
-0.29394531
-0.25097656
5.5351562
1.3066406
-0.011299133
-0.015594482
3.4003906
2.0039062
0.49511719
-0.82568359
-0.078796387
-0.22387695
3.7128906
-0.48828125
4.7539062
1.6337891
-0.890625
0.70898438
0.043426514
-1.5146484
-0.14855957
2.75
-0.15063477
-0.34912109
1.3837891
3.4648438
-0.14916992
3.7011719
-0.30859375
-0.38354492
-0.10083008
0.99804688
1.2832031
-0.74121094
-0.43408203
2.1894531
0.44140625
-0.42749023
0.70751953
-0.56787109
-0.32299805
-0.14733887
-0.034515381
4.1367188
-1.3085938
-0.14318848
-0.13012695
-0.036773682
3.6816406
2.3886719
0.67578125
-0.10809326
-0.19702148
-0.29516602
2.6894531
1.046875
1.765625
-0.0077590942
0.55126953
-0.11029053
0.40527344
-0.2232666
-0.33398438
-0.15307617
-0.13891602
-0.21472168
1.0683594
0.55517578
0.58056641
0.1496582
-0.032836914
-0.68457031
-0.081298828
-0.49487305
-0.077514648
-0.43408203
0.18017578
2.9804688
1.7460938
0.60986328
-0.097045898
0.010513306
0.054992676
-0.16516113
0.15405273
1.4511719
0.39672852
-0.067260742
0.83837891
-0.12658691
-0.095458984
-0.31494141
2.1699219
-0.053161621
-0.0086975098
-0.018280029
-0.21435547
-0.23266602
0.18041992
1.5214844
-0.15588379
-0.37817383
0.25146484
0.19775391
-0.16687012
-0.16210938
-0.62841797
1.4619141
-0.020080566
0.90332031
-0.19128418
0.19482422
0.31958008
0.56347656
-0.018157959
-0.27734375
0.31445312
-0.0095291138
-0.28564453
-0.027542114
1.2832031
0.42333984
-0.044433594
-0.1206665
-0.070251465
-0.035766602
-0.27514648
1.7529297
2.4707031
0.03793335
0.90820312
-0.049621582
0.55810547
0.57275391
-0.13024902
0.53662109
-0.0023555756
-0.0018720627
0.4519043
-0.12457275
-0.0418396
0.96972656
-0.020858765
0.24560547
-0.020370483
0.80908203
0.4050293
-0.12213135
-0.17175293
-0.14379883
-0.16345215
0.140625
0.26123047
1.2900391
-0.10974121
-0.082092285
0.64794922
1.3320312
0.012069702
-0.14001465
1.2519531
1.3173828
-0.14501953
-0.094909668
-0.030822754
-0.40893555
0.40844727
-0.010131836
0.94824219
-0.2310791
0.89648438
-0.60400391
0.85595703
1.7871094
-0.5625
-0.20214844
-0.58300781
-1.0742188
-0.71386719
-0.039886475
-0.58105469
3.8066406
3.2226562
4.1601562
-0.26025391
7.5898438
0.79443359
-0.098754883
-0.11987305
-0.86328125
4.1289062
-0.67138672
5.7304688
2.8398438
1.7626953
-1.1474609
-0.043212891
-0.17382812
4.0390625
5.875
-0.068725586
10.554688
1.3417969
1.3027344
2.1796875
0.34521484
-0.70898438
3.3945312
2.4804688
1.4521484
0.99609375
2.4023438
-0.42431641
-0.79394531
-0.24414062
-0.68505859
-0.46508789
0.96191406
-0.21362305
5.4804688
1.9394531
1.3007812
-0.34375
-0.020843506
3.3554688
-0.054443359
3.9472656
-0.29907227
5.046875
2.9492188
-1.0498047
-0.76367188
5.6171875
2.3925781
1.140625
-0.036834717
-0.029953003
0.95898438
7.4140625
3.0117188
-0.50292969
2.3066406
-0.79785156
1.1826172
-0.76513672
1.7509766
1.5566406
-0.046386719
-0.35961914
-0.83300781
-0.27392578
-0.065124512
3.2148438
-0.093811035
1.3310547
5.9140625
-0.41967773
2.046875
-0.24353027
3.40625
3.1601562
-0.20715332
-0.0025062561
1.7949219
-0.34594727
-0.13891602
-0.18615723
6.296875
0.95507812
-0.22509766
-0.35839844
-0.69189453
-0.27783203
-0.44189453
0.2310791
0.14086914
2.6113281
-0.66113281
-0.5
3.796875
0.059783936
-0.019210815
-0.74707031
-0.26293945
-0.3894043
-0.60302734
3.6738281
1.4433594
2.1386719
-1.0957031
1.7763672
-0.012802124
3.0117188
3.0273438
-0.36962891
-0.77001953
2.3496094
7.1875
-0.16162109
0.53222656
-1.0292969
-0.40722656
3.3613281
-0.12481689
-0.41894531
2.0292969
-0.96875
0.67333984
1.6113281
-0.035247803
-0.12445068
1.2255859
-0.040374756
4.3984375
-0.14697266
1.0576172
2.7753906
1.9023438
-0.04510498
0.85449219
0.42431641
-0.1394043
2.5234375
-0.23510742
-0.069396973
-0.30761719
2.6132812
-0.32128906
0.55810547
-0.059082031
-0.043182373
3.2402344
-0.18395996
-0.071411133
0.57226562
2.9472656
1.3505859
-0.18640137
2.8203125
0.61328125
0.34790039
-0.22741699
-0.025177002
0.96630859
-0.10235596
1.5029297
-0.28466797
-0.25634766
-0.094177246
0.43774414
2.3828125
1.6455078
-0.025848389
6.5546875
0.3972168
-0.65332031
0.1652832
2.2226562
-0.27050781
-0.094238281
0.01133728
2.7402344
0.59472656
-0.13452148
-0.001830101
1.2890625
-0.35888672
0.019424438
0.61914062
-0.56591797
-0.30688477
0.89892578
0.3840332
-0.19348145
-0.49316406
1.0478516
-0.35986328
-0.1697998
2.0820312
1.7675781
-0.013786316
-0.014007568
0.61621094
2.3183594
-0.23754883
-0.17541504
2.484375
1.4140625
-0.046875
0.44311523
1.8271484
0.69775391
-0.030471802
-0.52880859
-0.060852051
-0.17370605
2.4746094
-0.3359375
2.9394531
1.2617188
-0.51318359
0.65478516
0.63867188
-0.94873047
-0.12524414
1.2695312
-0.087890625
-0.21374512
0.1315918
1.0322266
-0.013771057
2.0390625
-0.21337891
-0.23596191
-0.070739746
1.2919922
0.45507812
-0.38696289
-0.36523438
1.3105469
0.63720703
-0.33032227
0.089538574
-0.30859375
-0.17089844
-0.16625977
-0.069458008
2.5664062
-0.75585938
-0.089782715
0.49511719
-0.36694336
2.3027344
6.3984375
-0.25976562
1.5957031
-0.029830933
-1.59375
3.8828125
1.5087891
3.9667969
2.4121094
2.8378906
-0.060028076
0.090576172
3.2675781
-0.71142578
2.6230469
-0.23876953
2.2558594
2.59375
1.9541016
-0.058044434
-0.52929688
-0.22973633
-2.5
-0.052947998
-1.4101562
-0.022705078
-0.47875977
1.8984375
4.4492188
-0.060455322
1.5361328
1.5498047
-0.56152344
1.7451172
-1.4716797
2.7070312
-0.17626953
1.9599609
0.72412109
1.125
1.8730469
-0.83105469
-1.2587891
6.8359375
-0.57470703
-0.058929443
0.043243408
0.6953125
-0.61914062
0.91748047
0.040344238
2.0371094
-0.63134766
6.0742188
2.9511719
0.5390625
-0.24230957
-0.77734375
-0.0094223022
-0.048126221
0.81103516
-0.065002441
-0.14025879
0.33422852
-0.37768555
3.7675781
-0.29541016
1.3818359
-0.44677734
-1.3242188
3.1445312
0.88867188
6.9335938
2.5253906
-0.16052246
-0.32543945
1.0498047
-0.79394531
-0.08984375
4.15625
-0.50683594
6.1757812
-0.57177734
-0.77929688
2.6699219
-0.069824219
3.3046875
-0.41967773
-0.077636719
0.96728516
-0.59912109
1.1796875
-0.13439941
1.9404297
-0.047088623
-0.1907959
9.7265625
-0.077270508
-0.65527344
-0.91796875
2.2675781
-0.16772461
-0.097106934
1.2763672
1.1484375
7.1679688
5.7265625
0.86474609
3.1855469
-0.28393555
-0.12408447
-0.036224365
0.90087891
-1.6552734
-0.33740234
4.1210938
-1.2890625
5.9296875
4.3554688
-0.0091705322
-1.4433594
6.1835938
-0.57568359
-0.0015058517
9.640625
5.9960938
-0.096740723
-0.67480469
3.984375
-1.4648438
1.875
1.6445312
-0.56201172
-0.13562012
0.18103027
-0.0021438599
6.6757812
-0.057556152
2.0859375
3.2382812
4.8398438
-0.15075684
3.1777344
-0.034851074
-0.09173584
2.6777344
0.079528809
-0.20251465
-0.671875
3.1738281
-1.0595703
1.2402344
-0.35913086
-0.049041748
4.484375
-0.21252441
-0.14611816
1.9648438
3.2539062
5.1601562
-0.56884766
5.1953125
-0.23828125
1.2685547
-0.29736328
-0.095825195
2.0585938
-0.1184082
2.0800781
-0.51464844
-0.68457031
-0.13696289
-0.17199707
3.7167969
2.0507812
0.28662109
9.5703125
-0.015205383
-0.86230469
-0.097839355
0.78613281
0.79345703
-0.022140503
-0.09375
1.2861328
1.1240234
-0.16650391
-0.070068359
-0.031051636
-0.62353516
1.4179688
0.98876953
-0.88623047
-0.13586426
0.062866211
2.796875
-0.41552734
-1.0820312
4.5820312
-0.52050781
-0.10760498
2.8417969
1.2216797
0.9375
0.84033203
0.40551758
2.9609375
-0.34350586
-0.58837891
6.1171875
-0.11065674
-0.3815918
-0.10681152
3.3710938
1.3652344
-0.13891602
-0.75976562
-0.0093536377
-0.3684082
2.2148438
-0.50585938
4.6171875
1.3681641
-0.78808594
2.9882812
-0.044372559
-1.5419922
-0.39379883
3.1035156
-0.081298828
-0.25390625
1.7402344
0.70361328
2.5996094
6.5820312
-0.12854004
-0.14758301
-0.16650391
2.171875
0.79638672
-0.33496094
-0.98046875
0.69042969
0.72851562
-0.78320312
0.12133789
-0.17993164
-0.50732422
-0.51708984
0.51318359
3.9414062
-0.96826172
2.2792969
0.07800293
-0.032012939
0.55908203
0.72265625
0.109375
-0.0082550049
-0.0051689148
-0.10687256
0.50146484
0.41943359
0.55566406
-0.0063591003
0.12353516
-0.0026092529
0.16796875
0.18334961
-0.050628662
-0.028152466
-0.025588989
-0.010139465
0.25927734
0.029403687
0.047485352
-0.020782471
-0.0086593628
-0.2401123
-0.036102295
-0.13098145
-0.011329651
-0.089294434
0.070007324
0.61425781
-0.01473999
0.13012695
-0.012397766
-0.0038013458
-0.0079345703
-0.11993408
-0.0016727448
-0.02154541
0.3581543
0.12756348
0.10491943
-0.00081682205
-0.085205078
-0.095581055
0.71435547
-0.056732178
0.10076904
-0.025177002
-0.0022544861
-0.069824219
-0.0093383789
0.29248047
0.16931152
-0.079589844
0.39086914
0.13720703
-0.01499176
-0.001616478
-0.11547852
0.055236816
-0.017730713
0.38574219
-0.003036499
-0.039916992
0.20092773
-0.034210205
0.054748535
-0.034881592
-0.0085144043
-0.056549072
-0.125
0.14770508
0.075195312
0.66845703
-0.0051651001
-0.062286377
-0.027740479
-0.011650085
-0.086547852
0.13354492
0.55615234
-0.037353516
0.45117188
-0.046844482
-0.062072754
0.74707031
-0.017227173
0.36279297
-0.033660889
-0.0052185059
-0.01663208
-0.050750732
-0.001912117
0.15722656
0.18566895
0.080322266
-0.00066184998
0.6484375
0.19763184
-0.065002441
-0.06628418
0.098632812
-0.025802612
-0.0050239563
0.061065674
0.27075195
0.4753418
0.17224121
0.016677856
0.086975098
-0.014724731
-0.014457703
-0.017059326
0.27856445
-0.1427002
-0.063171387
0.40209961
-0.095397949
0.47094727
0.4453125
0.56933594
-0.16333008
0.30566406
-0.075073242
0.17028809
0.7265625
-0.032745361
-0.090820312
-0.32397461
-0.25097656
-0.74267578
0.55371094
-0.10662842
2.4960938
1.5566406
1.8378906
-0.14599609
4.7929688
-0.032073975
2.1269531
1.1523438
-0.28344727
1.5986328
-0.14953613
2.140625
0.60693359
1.6708984
-0.45068359
-0.018676758
-0.16174316
2.5097656
1.6445312
0.54833984
3.9492188
0.51708984
1.9755859
-0.041564941
0.024200439
-0.13256836
2.9414062
1.7402344
-0.086608887
1.0908203
2.3964844
-0.13903809
-0.23779297
-0.10449219
-0.15441895
-0.15686035
1.0507812
-0.10400391
0.80712891
-0.010993958
1.1015625
0.1270752
0.39428711
0.42163086
3.4394531
1.2089844
-0.3425293
1.2011719
1.9326172
-0.54833984
-0.20153809
2.6738281
1.5029297
1.4462891
-0.072143555
0.72265625
0.8984375
1.015625
1.1621094
-0.12536621
-0.1262207
-0.46557617
2.1347656
-0.10754395
0.4777832
-0.075439453
0.51757812
-0.25317383
-0.40844727
1.2480469
0.1517334
0.50244141
-0.066101074
0.4699707
4.2578125
-0.17041016
1.4238281
0.9375
2.2734375
1.0576172
-0.035797119
1.5244141
0.77685547
-0.089782715
-0.36645508
0.10870361
2.328125
1.8300781
-0.072387695
0.26049805
-0.14257812
-0.46728516
-0.16479492
-0.00086069107
-0.42553711
0.73681641
-0.050201416
-0.30371094
-0.057250977
0.70410156
1.3691406
-0.41796875
-0.056091309
-0.21728516
-0.33007812
1.0625
-0.04119873
1.6386719
-0.63476562
0.62353516
0.50976562
0.85449219
0.70507812
-0.10388184
-0.47265625
-0.059082031
1.8955078
-0.037689209
0.8046875
-0.7578125
-0.1652832
-0.25415039
-0.18530273
9.1640625
5.765625
1.6796875
-0.18591309
-0.48486328
-0.98291016
6.6484375
2.546875
5.3515625
0.088317871
2.1738281
-0.16442871
0.58349609
-0.40820312
-0.890625
-0.24609375
-0.27490234
-0.32592773
2.4238281
2.4121094
0.62597656
-0.13439941
-0.14501953
-2.0292969
-0.17443848
-1.3359375
-0.092956543
-0.99414062
0.93945312
8.8828125
3.0449219
2.0136719
-0.12298584
-0.16552734
-0.065246582
-0.77734375
0.84423828
2.5332031
1.0869141
-0.080078125
1.8193359
-0.09954834
-0.39428711
-0.92138672
6.28125
-0.22363281
-0.083129883
-0.03894043
-0.41699219
-0.79882812
1.6318359
3.3105469
-0.23327637
-0.9921875
3.0488281
1.7148438
-0.24743652
-0.4453125
-1.5439453
2.7363281
-0.016387939
1.4824219
-0.22265625
-0.010917664
0.76123047
1.3027344
0.43383789
-0.54833984
1.7910156
-0.081970215
-0.90771484
1.6171875
2.9902344
2.1640625
0.75146484
-0.38476562
-0.25830078
-0.013290405
-0.93652344
2.328125
6.296875
-0.049102783
3.7324219
-0.20007324
-0.0052986145
2.4121094
-0.22192383
1.7080078
-0.090393066
-0.065979004
1.5244141
-0.33447266
-0.076477051
2.1972656
0.50195312
0.61914062
-0.068725586
3.3242188
0.35620117
-0.32006836
-0.63330078
-0.11462402
-0.38476562
0.70751953
1.0458984
2.9296875
-0.11126709
-0.15734863
1.7919922
4.2773438
-0.10217285
-0.34667969
2.9765625
3.0019531
-0.70605469
-0.29248047
1.3173828
-1.2236328
2.8457031
0.97802734
2.2382812
-0.81445312
5.3007812
-1.3759766
1.7167969
5.7265625
-0.25195312
-0.011955261
6.4101562
4.4570312
1.3271484
-0.27368164
-0.43530273
-0.49438477
4.59375
1.3857422
3.234375
-0.032104492
1.3242188
-0.25756836
0.90527344
-0.45654297
-0.64794922
-0.33911133
-0.30224609
-0.47802734
1.6416016
0.63769531
1.234375
0.63574219
-0.038421631
-1.1826172
-0.13220215
-0.87988281
-0.18603516
-0.83398438
-0.00059890747
4.6171875
4.2851562
0.77294922
-0.25561523
0.72705078
1.0058594
-0.14526367
0.78857422
3.4492188
0.8046875
-0.22094727
0.88623047
-0.31225586
-0.13879395
-0.52832031
3.921875
-0.040618896
-0.0040359497
0.11047363
-0.46948242
-0.33837891
0.41674805
3.140625
-0.40258789
-0.671875
0.036773682
-0.057800293
-0.40161133
-0.27954102
-1.21875
3.0664062
-0.034698486
1.2519531
-0.49291992
0.85058594
0.97802734
0.96728516
0.19567871
-0.60498047
-0.010810852
-0.016998291
-0.46679688
-0.1505127
2.2304688
0.070251465
-0.16418457
-0.14294434
-0.082946777
-0.016540527
-0.38842773
3.2324219
4.2265625
0.04473877
0.88134766
-0.097412109
1.9130859
0.16992188
-0.30737305
0.69580078
0.60595703
0.54003906
0.91308594
-0.25952148
-0.057556152
1.2636719
-0.032775879
0.73974609
0.16052246
1.2939453
0.69189453
-0.21179199
-0.26049805
-0.38256836
-0.28173828
0.0084381104
-0.026077271
2.7285156
-0.23925781
-0.16027832
0.77929688
2.171875
0.52294922
-0.2232666
2.7519531
2.1582031
-0.12744141
-0.11224365
-0.15478516
-0.77148438
0.23498535
-0.081481934
1.5126953
-0.23156738
0.6796875
-1.1650391
1.8183594
2.9179688
-0.29174805
-0.044189453
8.046875
5.53125
1.4580078
-0.28100586
-0.51757812
-0.67236328
5.8554688
1.7617188
4.1289062
-0.044830322
1.8671875
-0.25952148
0.82958984
-0.52294922
-0.796875
-0.36181641
-0.34155273
-0.50341797
2.2578125
1.1083984
1.3017578
0.27880859
-0.057983398
-1.5410156
-0.14953613
-1.1503906
-0.20507812
-1.0058594
0.038269043
6.2109375
4.8867188
1.2148438
-0.26098633
0.26660156
0.72509766
-0.27758789
0.76464844
4.0742188
0.82763672
-0.21948242
1.3242188
-0.31835938
-0.1920166
-0.71386719
5.0859375
-0.091369629
-0.01789856
-0.011024475
-0.53955078
-0.50048828
0.74267578
3.6914062
-0.42431641
-0.83544922
0.51708984
0.048217773
-0.40820312
-0.38427734
-1.4697266
3.5585938
-0.018081665
1.4580078
-0.49121094
0.76757812
1.078125
1.1220703
0.12902832
-0.6484375
0.50244141
-0.025192261
-0.61962891
-0.10955811
2.8222656
0.43115234
-0.13708496
-0.22375488
-0.14550781
-0.022964478
-0.56982422
3.5
5.2421875
0.036529541
1.625
-0.12963867
1.7197266
0.72216797
-0.32250977
0.77783203
0.12164307
0.28027344
1.3759766
-0.2980957
-0.061248779
1.8457031
-0.034118652
0.67675781
-0.0088500977
1.9179688
0.71679688
-0.27734375
-0.38330078
-0.36743164
-0.37988281
0.13500977
0.062164307
2.953125
-0.27416992
-0.20568848
1.2734375
3.1640625
0.31323242
-0.29931641
3.2167969
2.5664062
-0.26318359
-0.16516113
-0.1182251
-0.98339844
0.81884766
-0.066101074
1.6132812
-0.39599609
1.7617188
-1.3925781
1.9667969
3.96875
4.6757812
-0.088989258
-0.71435547
2.8105469
-1.4980469
1.3828125
1.3105469
-0.056274414
-0.15283203
1.734375
-0.052001953
7.0351562
-0.1640625
2.4863281
4.3242188
2.3027344
-0.048339844
2.1933594
0.60644531
-0.12536621
2.8105469
-0.35424805
-0.10821533
-0.52685547
3.3671875
-0.41650391
1.5556641
-0.00019097328
-0.051086426
5.7109375
-0.23571777
-0.17199707
1.421875
4.1015625
2.4667969
-0.3425293
4.0742188
1.4619141
0.7734375
-0.21484375
-0.073608398
0.94726562
-0.19702148
2.2832031
-0.46118164
-0.39331055
-0.17089844
0.73242188
3.6308594
2.2070312
0.0057106018
10.75
0.49975586
-0.8828125
-0.022872925
2.8984375
-0.39477539
-0.098083496
0.36987305
3.21875
1.6347656
-0.23083496
0.35571289
1.2402344
-0.53955078
1.1132812
1.2744141
-0.80175781
-0.43237305
1.921875
1.2783203
-0.22998047
-0.70751953
2.4726562
-0.49707031
-0.30419922
3.8925781
2.4355469
0.34057617
0.0051307678
1.4833984
4.3164062
-0.29052734
-0.25756836
4.8046875
1.4492188
-0.020874023
-0.0060577393
3.1582031
1.7128906
0.17907715
-0.77099609
-0.074707031
-0.22705078
3.4492188
-0.47143555
4.3359375
1.5517578
-0.80517578
0.71972656
0.1595459
-1.4042969
-0.15441895
2.484375
-0.12457275
-0.31713867
1.0673828
2.7070312
-0.096313477
3.4257812
-0.28979492
-0.33544922
-0.10742188
1.2011719
1.1113281
-0.65478516
-0.44726562
2.0546875
0.65966797
-0.44628906
0.48291016
-0.49951172
-0.31005859
-0.15771484
-0.046722412
3.7832031
-1.1904297
-0.12658691
-0.042663574
-0.035705566
1.4355469
1.1025391
0.27148438
-0.019210815
-0.063598633
-0.17260742
1.1601562
0.56396484
0.87207031
-0.0022716522
0.24865723
-0.022125244
0.10137939
-0.049957275
-0.13342285
-0.042236328
-0.045959473
-0.034057617
0.45410156
0.37719727
0.069946289
-0.027801514
-0.036621094
-0.36914062
-0.044952393
-0.22412109
-0.012939453
-0.17163086
0.10516357
1.4541016
0.29492188
0.32104492
-0.016448975
-0.026123047
-0.011856079
-0.16113281
0.0076980591
0.24182129
0.32836914
0.013290405
0.25439453
-0.001168251
-0.088317871
-0.15771484
1.1240234
-0.056549072
-0.0088043213
-0.024414062
-0.049377441
-0.14038086
0.12683105
0.70703125
-0.014671326
-0.16552734
0.60546875
0.25268555
-0.032653809
-0.063476562
-0.25927734
0.38330078
-0.010780334
0.38305664
-0.030960083
-0.024978638
0.10980225
0.069641113
-0.0029010773
-0.080566406
0.24560547
-0.025878906
-0.17419434
0.25878906
0.48706055
0.66503906
0.20275879
-0.081542969
-0.052459717
-0.0078659058
-0.16333008
0.44213867
1.1884766
-0.01499176
0.74804688
-0.040252686
-0.02885437
0.74658203
-0.034088135
0.47900391
-0.02520752
-0.018188477
0.06451416
-0.062255859
-0.013648987
0.546875
0.065856934
0.085205078
-0.014419556
0.6953125
0.043212891
-0.07043457
-0.10089111
-0.0013599396
-0.054656982
0.15454102
0.21826172
0.57519531
0.010261536
-0.017486572
0.26538086
0.56054688
-0.023590088
-0.055938721
0.33178711
0.50292969
-0.1529541
-0.07220459
0.2878418
-0.19580078
0.50683594
0.32104492
0.59472656
-0.19177246
0.87304688
-0.22314453
0.34741211
1.0214844
-0.20874023
-0.19396973
7.8632812
5.21875
1.5429688
-0.13806152
-0.41723633
-0.95507812
5.8710938
2.2617188
4.9414062
0.066040039
2.0898438
-0.12768555
0.28320312
-0.31567383
-0.80712891
-0.16369629
-0.22766113
-0.21057129
2.1015625
2.2011719
0.23388672
-0.17822266
-0.13818359
-1.8974609
-0.15942383
-1.2167969
-0.058074951
-0.85107422
0.91552734
7.9960938
2.2597656
1.8398438
-0.077819824
-0.17138672
-0.061981201
-0.80175781
0.84033203
1.9423828
1.1962891
-0.047302246
1.5117188
-0.024765015
-0.41040039
-0.8515625
5.9960938
-0.24499512
-0.094848633
-0.042572021
-0.32324219
-0.76757812
1.7099609
2.9980469
-0.14135742
-0.890625
3.3496094
1.7949219
-0.17895508
-0.39086914
-1.3535156
2.1796875
-0.025222778
1.0693359
-0.13366699
-0.042358398
0.61962891
0.90771484
0.4909668
-0.44140625
1.8154297
-0.093444824
-0.8671875
1.8642578
2.7851562
2.4628906
1.0976562
-0.35253906
-0.26000977
0.093383789
-0.89111328
1.6318359
5.7539062
-0.078613281
3.7382812
-0.21386719
-0.066467285
2.6289062
-0.1739502
1.8740234
-0.11694336
-0.077636719
1.296875
-0.30883789
-0.061401367
2.0214844
0.78222656
0.37060547
-0.060577393
3.5136719
0.087158203
-0.30200195
-0.60986328
-0.022903442
-0.33129883
0.89941406
0.86572266
2.4941406
-0.048339844
-0.11193848
1.5927734
3.9921875
-0.11413574
-0.29492188
2.3886719
2.6054688
-0.74658203
-0.27563477
1.6357422
-1.1367188
2.9980469
1.2060547
2.0039062
-0.828125
5.3710938
-1.1875
1.53125
5.46875
-0.3137207
-0.12310791
9.53125
6.0390625
1.5976562
-0.26245117
-0.53662109
-0.84521484
6.890625
2.4882812
4.9375
-0.016189575
1.9658203
-0.2454834
0.8203125
-0.54003906
-0.89941406
-0.37841797
-0.33227539
-0.51171875
2.7949219
1.7480469
1.3222656
-0.016586304
-0.080566406
-1.8652344
-0.16540527
-1.34375
-0.18383789
-1.1035156
0.43945312
8.1015625
4.4804688
1.671875
-0.23095703
-0.047027588
0.033172607
-0.4921875
0.51318359
3.7792969
0.89746094
-0.18615723
2.0625
-0.29638672
-0.26904297
-0.87402344
5.8359375
-0.15795898
-0.041503906
-0.033355713
-0.55761719
-0.67236328
1.1464844
3.7695312
-0.39599609
-0.98925781
1.1914062
0.91943359
-0.39868164
-0.45166016
-1.6289062
3.6289062
-0.017669678
1.9130859
-0.43066406
0.52294922
0.92822266
1.5410156
-0.015991211
-0.67041016
1.2412109
-0.031188965
-0.78125
-0.0057830811
3.2597656
1.0517578
-0.078857422
-0.32446289
-0.21447754
-0.061950684
-0.7890625
3.7382812
6.2421875
0.0071601868
2.6054688
-0.14111328
1.1884766
1.4931641
-0.31542969
0.97705078
-0.036010742
-0.012458801
1.6171875
-0.3215332
-0.10021973
2.2753906
-0.02406311
0.67382812
-0.058868408
2.4179688
0.81738281
-0.31835938
-0.515625
-0.31640625
-0.44848633
0.36499023
0.60302734
3.0078125
-0.26416016
-0.22265625
1.7783203
3.9726562
-0.01399231
-0.36376953
3.4765625
3.2089844
-0.44384766
-0.23706055
-0.035522461
-1.1455078
1.5839844
-0.013336182
2.0722656
-0.60986328
3.1796875
-1.5341797
1.9169922
5.0664062
1.6171875
-0.32055664
0.45288086
4.7851562
-0.35693359
1.2441406
1.3066406
-1.4472656
1.78125
1.0048828
2.7421875
3.6953125
2.2636719
-0.042327881
0.82763672
4.6210938
-0.55615234
3.1132812
-0.25097656
0.87207031
3.25
2.2675781
-0.059448242
-0.51855469
-0.19262695
-2.1621094
-0.12854004
-1.1787109
-0.06652832
-0.31665039
1.6699219
2.3417969
-0.087219238
1.2871094
1.9072266
-0.47680664
2.6113281
-1.2685547
1.9941406
-0.36328125
0.78613281
1.0664062
0.90429688
1.1845703
-0.67382812
-1.1123047
4.9882812
-0.55126953
-0.021881104
-0.010345459
0.49291992
-0.31933594
0.35546875
-0.22363281
1.7958984
-0.31811523
5.5703125
2.8535156
-0.011047363
-0.10430908
-0.51611328
-0.067016602
-0.050354004
1.7744141
-0.1484375
-0.12451172
0.83740234
-0.42333984
4.0195312
-0.28295898
0.28173828
-0.47729492
-1.2041016
2.6699219
-0.063354492
6.234375
1.8046875
-0.12103271
-0.17700195
0.88964844
-0.52001953
0.079589844
2.3085938
-0.47167969
4.5742188
-0.52099609
-0.82714844
2.0820312
0.51611328
3.0566406
-0.39697266
-0.1784668
0.055053711
-0.56347656
1.5673828
-0.25708008
1.8242188
0.48632812
-0.22155762
9.0859375
0.2166748
-0.76367188
-0.84130859
1.2802734
-0.13354492
-0.071289062
1.4277344
-0.0035514832
7.9960938
6.6757812
-0.012748718
1.5019531
-0.14172363
-0.035736084
-0.074035645
0.94335938
-1.4892578
-0.28930664
3.3789062
-1.0576172
4.21875
3.8652344
-0.050170898
-1.3398438
4.4101562
-0.25415039
0.16174316
7.9296875
0.12915039
-0.12524414
0.6875
2.0175781
-0.095581055
0.65625
0.28564453
-0.53125
1.2060547
0.55712891
1.1933594
1.0830078
0.67675781
-0.015686035
0.26904297
1.3007812
-0.22583008
0.89648438
-0.08392334
0.67236328
1.0449219
0.80761719
-0.012123108
-0.17236328
-0.086364746
-0.84570312
-0.040039062
-0.45898438
-0.0090713501
-0.15454102
0.67578125
1.3984375
-0.034759521
0.53466797
0.59716797
-0.18554688
0.68945312
-0.50537109
0.85302734
-0.092956543
0.53173828
0.42553711
0.52392578
0.65966797
-0.2734375
-0.43505859
2.2753906
-0.19641113
-0.011512756
0.0050544739
0.27709961
-0.18408203
0.21716309
-0.014762878
0.79589844
-0.18652344
2.1308594
1.0595703
0.15600586
-0.061767578
-0.25097656
-0.0089874268
-0.019241333
0.53417969
-0.036712646
-0.053619385
0.11578369
-0.13696289
1.2832031
-0.10137939
0.39428711
-0.15234375
-0.45019531
1.0205078
0.25537109
2.5078125
0.89160156
-0.051849365
-0.10400391
0.20800781
-0.24694824
-0.0076293945
1.3388672
-0.17272949
2.0761719
-0.18347168
-0.28027344
0.88378906
-0.02406311
1.3212891
-0.14709473
-0.04788208
0.17297363
-0.20544434
0.40771484
-0.051208496
0.57568359
0.022079468
-0.075317383
3.1640625
-0.018692017
-0.23657227
-0.29931641
0.70166016
-0.058135986
-0.031951904
0.65283203
0.31591797
2.5703125
2.1875
0.19067383
0.7578125
-0.10223389
-0.032226562
-0.01574707
0.4453125
-0.55664062
-0.12744141
1.3134766
-0.41845703
1.8701172
1.6044922
0.010246277
-0.50927734
1.8574219
-0.16589355
0.064208984
3.1503906
-0.90283203
1.1240234
-0.05569458
-0.98779297
1.2060547
-0.32568359
-0.72167969
-0.21044922
2.59375
1.5898438
-0.19580078
4.5664062
0.46313477
-0.87060547
-0.14160156
-0.93457031
0.24902344
-0.78222656
1.6669922
-0.34667969
1.5830078
-0.57275391
1.0439453
2.2871094
0.56640625
0.77734375
-0.28833008
4.734375
-0.22900391
-0.60351562
4.28125
-0.13122559
-0.37524414
-0.18786621
0.33398438
3.1289062
2.4316406
0.31347656
-0.25634766
-0.64208984
-0.36621094
-0.79199219
-0.18835449
-0.51464844
1.6796875
2.1855469
2.2773438
1.3251953
-0.3918457
-0.024597168
0.40014648
-0.30224609
1.4414062
0.734375
-0.0061950684
-0.079162598
-0.46313477
-0.74609375
-0.27661133
-0.083007812
-0.61669922
2.8984375
-0.1137085
2.2480469
-0.063781738
5.1054688
-0.51220703
5.1132812
-0.066101074
-0.90478516
-1.0029297
1.5068359
1.9423828
-0.39770508
-0.13989258
-0.55175781
-0.85986328
1.3759766
6.4335938
-0.058563232
5.3164062
5.8398438
-0.31640625
-0.12286377
-0.63134766
0.21459961
3.2539062
-0.74902344
-0.43579102
1.5273438
-0.16870117
4.0429688
-0.14685059
2.1015625
-0.27929688
-0.47631836
-0.81103516
-0.55126953
3.7597656
-0.39990234
0.59277344
3.9433594
1.1513672
-1.4921875
-0.42993164
4.9726562
-0.0097427368
-0.18798828
-0.2298584
0.86279297
-0.19396973
-0.25366211
5.1171875
1.1425781
2.6835938
-0.038848877
3.2578125
-0.046661377
-0.14855957
0.35620117
-0.74707031
-0.19421387
2.3242188
8.015625
-0.58154297
-0.64892578
1.5673828
-0.125
1.4189453
-0.035369873
-0.15625
0.99365234
-0.37475586
0.6953125
0.64111328
-0.19055176
-0.023086548
-0.0064620972
0.0086898804
1.7998047
-0.026168823
0.546875
0.81738281
1.5126953
-0.058013916
0.89013672
-0.017684937
0.024475098
0.71044922
0.28442383
-0.042510986
-0.17687988
0.55957031
-0.33251953
0.26879883
-0.11364746
-0.020797729
0.99365234
-0.046813965
-0.030761719
0.53125
0.75195312
1.5761719
-0.1776123
1.5429688
-0.12182617
0.21936035
-0.082641602
-0.030960083
0.67333984
-0.0103302
0.70507812
-0.12597656
-0.20812988
-0.0086746216
-0.052520752
0.98828125
0.48681641
0.21972656
2.3671875
-0.01424408
-0.22192383
-0.028594971
0.037353516
0.68164062
0.034179688
-0.031982422
0.24780273
0.13269043
-0.035583496
-0.0084075928
-0.0073738098
-0.15759277
0.26806641
0.22241211
-0.2286377
-0.0069313049
-0.012001038
0.91992188
-0.11193848
-0.30371094
1.3505859
-0.13171387
0.047363281
0.97021484
0.18469238
0.18566895
0.18261719
0.036437988
0.7265625
-0.077026367
-0.16687012
1.7392578
-0.033111572
-0.14135742
-0.023864746
0.80810547
0.36450195
-0.059906006
-0.19519043
0.019226074
-0.10748291
0.46069336
-0.11999512
1.0585938
0.48022461
-0.20861816
0.94628906
-0.029510498
-0.40209961
-0.11791992
0.90087891
-0.033477783
-0.061828613
0.55224609
0.24694824
0.83349609
1.9257812
-0.035491943
-0.030502319
-0.05255127
0.43066406
0.27001953
-0.05355835
-0.30053711
0.01449585
0.13684082
-0.21826172
-0.00044131279
-0.0048599243
-0.13330078
-0.17810059
0.19592285
0.78515625
-0.23217773
0.97363281
0.081848145
-0.10083008
-0.23657227
-0.16357422
-0.59521484
0.34960938
-0.03527832
2.046875
1.0615234
1.4912109
-0.11065674
3.7480469
-0.05581665
1.5146484
0.96289062
-0.18933105
1.078125
-0.13232422
1.5244141
0.14746094
1.5205078
-0.36279297
-0.0072937012
-0.10668945
2.0839844
1.2011719
0.29785156
2.6796875
0.35888672
1.4902344
-0.053314209
0.13964844
-0.096252441
2.5175781
1.2392578
-0.042510986
0.99804688
1.9580078
-0.10803223
-0.21325684
-0.062866211
-0.11199951
-0.11175537
0.73242188
-0.089599609
0.59570312
-0.020004272
0.71289062
0.24279785
0.37084961
0.16162109
2.7675781
0.84521484
-0.31835938
1.0751953
1.6523438
-0.43237305
-0.15478516
2.0097656
1.4433594
1.0302734
-0.04309082
0.53271484
0.88085938
0.67382812
0.60351562
-0.08770752
-0.14685059
-0.37036133
1.5947266
-0.090576172
0.234375
-0.076782227
0.16369629
-0.21154785
-0.30639648
0.82080078
0.15759277
0.30371094
-0.06652832
0.27856445
3.1308594
-0.15405273
1.0849609
0.71728516
1.8945312
0.73583984
0.053985596
1.0585938
0.35595703
-0.084411621
-0.3137207
-0.013069153
1.5791016
1.7080078
-0.066955566
0.41650391
-0.090332031
-0.37524414
-0.09777832
0.25878906
-0.36523438
0.57763672
-0.04598999
-0.22583008
-0.052368164
0.41943359
0.99511719
-0.31152344
-0.043792725
-0.17651367
-0.27392578
0.79882812
0.02432251
1.1142578
-0.49169922
0.23120117
0.54003906
0.64794922
0.43017578
-0.077148438
-0.36035156
-0.035430908
1.2041016
-0.053833008
0.86425781
-0.57226562
-0.14501953
-0.25170898
0.73828125
0.63183594
-0.13586426
0.72460938
-0.140625
-0.28271484
-0.10461426
0.92041016
0.1595459
-0.00068855286
0.62109375
0.21838379
-0.29614258
-0.03616333
-0.30249023
-0.089782715
-0.25463867
-0.028503418
-0.18603516
0.33935547
-0.090759277
0.31103516
0.76953125
0.19543457
-0.12976074
-0.090759277
-0.025894165
-0.092651367
-0.28881836
0.68505859
0.051147461
0.35009766
-0.073364258
-0.028518677
0.85888672
1.0859375
0.47851562
-0.037963867
-0.052154541
-0.08404541
-0.21582031
-0.030136108
-0.19250488
0.42993164
-0.0081939697
1.0498047
0.51171875
-0.057067871
0.049377441
-0.05770874
-0.070922852
0.12878418
1.0791016
-0.14050293
-0.14855957
-0.079345703
-0.24572754
-0.22277832
-0.097229004
-0.36450195
1.3886719
-0.052825928
-0.0079727173
-0.18920898
1.5791016
-0.10955811
1.4189453
-0.0089187622
-0.37207031
-0.21252441
0.17541504
-0.01410675
-0.10797119
-0.016738892
-0.15771484
-0.28320312
0.38720703
1.5576172
0.24829102
1.2041016
1.6708984
-0.050506592
-0.088745117
-0.16479492
-0.009513855
1.6113281
-0.23620605
-0.17541504
0.22875977
0.020629883
1.2900391
-0.019989014
-0.010879517
-0.14770508
-0.097595215
-0.18188477
-0.1171875
1.2353516
-0.14343262
0.01448822
0.484375
0.23095703
-0.42919922
-0.10046387
1.3613281
-0.025238037
-0.041442871
-0.082702637
-0.012008667
0.13134766
0.096923828
1.1289062
0.41210938
1.078125
1.0205078
0.72314453
-0.027893066
-0.12207031
-0.1295166
-0.23510742
-0.058013916
0.51806641
2.3671875
-0.18908691
-0.36010742
0.93945312
0.030944824
2.65625
-0.065429688
-0.42089844
1.4589844
-0.86572266
0.66162109
0.83349609
0.21728516
-0.072143555
1.1523438
-0.042205811
4.3789062
-0.10565186
1.9306641
2.6757812
1.0390625
-0.0070381165
0.95898438
0.43847656
-0.073242188
1.6328125
-0.24523926
-0.04006958
-0.29052734
1.9443359
-0.1751709
0.87841797
0.37084961
-0.027069092
3.2519531
-0.13525391
-0.098999023
0.87841797
2.3378906
1.4560547
-0.16162109
2.3613281
1.1669922
0.37719727
-0.12115479
-0.039550781
0.20239258
-0.12670898
1.40625
-0.25976562
-0.17614746
-0.10162354
0.43505859
1.9599609
1.1972656
-0.015007019
6.4257812
0.20959473
-0.50488281
-0.021148682
1.7636719
-0.28881836
-0.085144043
0.39257812
1.9716797
1.1816406
-0.14685059
0.4050293
0.81738281
-0.2902832
0.640625
0.69921875
-0.44506836
-0.26318359
1.2607422
0.63525391
-0.10894775
-0.37719727
1.2685547
-0.28857422
-0.21264648
2.1992188
1.1972656
0.17590332
-0.011993408
1.0654297
2.8417969
-0.17041016
-0.09564209
2.8164062
0.98828125
-0.0018777847
0.15759277
1.6201172
0.95898438
0.29223633
-0.44604492
-0.048797607
-0.10766602
2.1542969
-0.2487793
2.6210938
1.0078125
-0.47998047
0.30664062
0.16650391
-0.79931641
-0.057006836
1.3457031
-0.097839355
-0.19604492
0.66699219
2
-0.1083374
1.7158203
-0.18115234
-0.24157715
-0.043457031
0.47729492
0.69628906
-0.4074707
-0.20605469
1.1318359
0.10778809
-0.19433594
0.34814453
-0.31420898
-0.14257812
-0.079223633
-0.032958984
2.1542969
-0.70654297
-0.1003418
-0.18054199
-0.0094451904
4.578125
3.0175781
0.984375
-0.21276855
-0.29418945
-0.32080078
3.1640625
1.1210938
2.234375
-0.0098571777
0.59375
-0.21630859
0.95068359
-0.33520508
-0.44555664
-0.26464844
-0.22106934
-0.38525391
1.1044922
0.28955078
0.97705078
0.70410156
-0.016906738
-0.78759766
-0.11328125
-0.58300781
-0.13879395
-0.58007812
0.1784668
3.2480469
2.9121094
0.38891602
-0.19287109
0.82421875
0.69970703
-0.087097168
0.54199219
2.1875
0.6171875
-0.1628418
0.72705078
-0.24597168
-0.097473145
-0.33666992
2.5195312
-0.013908386
0.0061187744
0.12976074
-0.33618164
-0.20166016
0.057220459
2.0390625
-0.29248047
-0.47875977
-0.015640259
-0.060791016
-0.31542969
-0.18212891
-0.84570312
2.0917969
-0.043151855
1.1933594
-0.39135742
0.67138672
0.66064453
0.70996094
-0.003200531
-0.46044922
-0.034851074
-0.01461792
-0.32128906
-0.11950684
1.5136719
-0.0077590942
-0.1418457
-0.084960938
-0.028762817
-0.026046753
-0.23535156
2.59375
2.9335938
-0.0078010559
0.46044922
-0.063720703
1.5878906
-0.0019140244
-0.23535156
0.66015625
0.68994141
0.47192383
0.35986328
-0.19421387
-0.050964355
0.65820312
-0.021011353
0.54003906
0.16418457
0.6484375
0.625
-0.15246582
-0.1685791
-0.30786133
-0.18554688
0.026992798
-0.019897461
2.0390625
-0.16088867
-0.10211182
0.51513672
1.2685547
0.36889648
-0.14196777
1.8222656
1.8320312
-0.053741455
-0.072753906
-0.12976074
-0.51269531
-0.0076751709
-0.060150146
1.3935547
-0.15026855
0.066589355
-0.81054688
1.4570312
1.7255859
-0.021987915
-0.14868164
2.1992188
2.4882812
-0.023681641
0.48364258
-0.037109375
-0.60400391
2.2636719
0.93847656
2.140625
0.67089844
0.77148438
-0.054718018
0.057800293
0.45800781
-0.33618164
0.43652344
-0.060241699
0.65380859
0.82519531
0.86914062
-0.013816833
-0.18481445
-0.068115234
-1.0527344
-0.051483154
-0.58789062
0.1071167
-0.26611328
0.79394531
2.9785156
-0.026229858
0.67089844
0.43212891
-0.19592285
0.26611328
-0.61962891
1.0039062
-0.032806396
1.1523438
0.18481445
1.0302734
0.66748047
-0.3684082
-0.51513672
3.4082031
-0.21081543
-0.012191772
-0.013244629
0.16723633
-0.36816406
0.51318359
0.48095703
0.96044922
-0.36425781
2.8398438
1.5527344
0.13928223
-0.11968994
-0.43359375
0.28491211
-0.018783569
0.31298828
0.010055542
-0.069458008
0.22070312
-0.12164307
0.91308594
-0.14160156
0.92773438
-0.13427734
-0.52685547
1.5322266
0.77783203
2.8046875
1.1298828
-0.094787598
-0.16723633
0.31982422
-0.40966797
-0.031143188
2.4238281
-0.17370605
2.7597656
-0.20410156
-0.25952148
1.5185547
-0.04385376
1.4394531
-0.17053223
-0.039123535
0.4855957
-0.2265625
0.17102051
0.080322266
0.60595703
-0.015518188
-0.062164307
3.171875
-0.037628174
-0.21020508
-0.3815918
1.2841797
-0.094848633
-0.0068855286
0.56201172
0.97070312
2.0722656
1.4609375
0.37670898
1.3847656
-0.14306641
-0.074035645
-0.002866745
0.78564453
-0.64257812
-0.15856934
1.6162109
-0.56201172
2.5546875
1.8779297
0.41137695
-0.58007812
3.0332031
-0.33129883
0.34472656
3.5253906
-0.38110352
0.77539062
6.3320312
3.234375
1.84375
-0.40649414
-0.51757812
-0.43554688
3.5976562
1.5361328
2.8691406
0.56396484
-0.003238678
-0.53369141
2.1660156
-0.63916016
-0.72998047
-0.48999023
-0.2956543
-0.76025391
1.3710938
0.10754395
1.3994141
1.6748047
-0.015518188
-1.0097656
-0.17114258
-0.77246094
-0.26367188
-0.87792969
0.39941406
4.0742188
4.6445312
-0.066162109
-0.36157227
2.3476562
1.6005859
-0.049133301
1.3339844
3.0507812
0.27661133
-0.3347168
0.97216797
-0.48242188
-0.11254883
-0.47460938
3.4902344
1.3925781
-0.014541626
0.91503906
-0.52734375
-0.22705078
0.51318359
2.5976562
-0.49731445
-0.71728516
-0.08972168
-0.22937012
-0.66503906
-0.24304199
-1.3447266
3.1757812
-0.039337158
1.9853516
-0.79638672
2.4101562
0.17797852
1.4365234
0.092224121
-0.90429688
-0.17626953
0.58691406
-0.38452148
-0.25268555
2.1425781
-0.1706543
-0.35400391
0.58984375
0.73242188
-0.012077332
-0.11102295
4.0585938
3.1152344
-0.087646484
-0.054046631
-0.035430908
4.421875
-0.2142334
-0.47094727
1.3789062
2.328125
1.4658203
0.27954102
-0.34350586
-0.13916016
-0.090026855
-0.096191406
0.91601562
1.7148438
-0.11846924
0.82275391
-0.1809082
-0.18029785
-0.68017578
-0.24182129
0.67773438
-0.023742676
2.9648438
-0.2644043
-0.15563965
0.80419922
1.53125
0.59179688
-0.14147949
3.0136719
3.8457031
0.99023438
-0.050842285
-0.30957031
-0.76269531
-0.11938477
-0.11242676
2.3300781
0.67919922
-0.16772461
-1.2714844
2.5859375
0.90234375
1.9287109
-0.07434082
-0.34570312
0.77685547
-0.72753906
0.38452148
0.77539062
0.78808594
-0.010177612
0.95996094
-0.063293457
4.0507812
-0.098266602
2.0214844
2.3769531
0.2434082
0.029052734
0.37207031
0.65917969
-0.047912598
1.3984375
-0.23571777
-0.025588989
-0.2121582
1.7763672
-0.076293945
0.765625
0.94189453
0.095336914
2.6894531
-0.098999023
-0.062866211
0.59619141
1.9970703
1.2822266
-0.1038208
2.0449219
1.1855469
0.21044922
-0.10931396
-0.020050049
-0.019210815
-0.1104126
1.1386719
-0.20849609
-0.092834473
-0.081481934
0.65722656
1.3876953
1.0664062
-0.03213501
5.2109375
0.24365234
-0.41943359
-0.011199951
1.4746094
-0.29956055
-0.089050293
0.67871094
1.7080078
1.265625
-0.12103271
0.53369141
0.75585938
-0.20947266
0.57470703
0.3371582
-0.34350586
-0.25830078
1.1855469
0.37939453
-0.052581787
-0.26806641
0.83398438
-0.23681641
-0.21728516
1.9550781
0.98583984
0.038452148
-0.015838623
0.89697266
2.7871094
-0.13916016
-0.012306213
2.2265625
1.2617188
0.19287109
0.11413574
1.2480469
0.70410156
0.22717285
-0.3762207
-0.026046753
-0.048187256
2.0117188
-0.15844727
2.2636719
0.6875
-0.42333984
-0.0030498505
0.056121826
-0.62744141
-0.017410278
0.94238281
-0.11010742
-0.16247559
0.53417969
2.0234375
-0.1640625
1.1601562
-0.1730957
-0.24926758
-0.018341064
0.16625977
0.83984375
-0.38330078
-0.09564209
0.9765625
-0.0015563965
-0.097045898
0.17834473
-0.30126953
-0.10241699
-0.029525757
-0.030548096
1.6796875
-0.61572266
-0.11291504
-1.1240234
-0.094665527
-0.53710938
-1.375
-0.29223633
-0.17614746
-0.83007812
0.5703125
3.7988281
3.8554688
-0.38916016
7.765625
1.0029297
-0.69287109
-0.23730469
-1.2636719
3.9921875
-0.96142578
4.5
0.89746094
1.3779297
-1.2128906
0.83691406
0.8828125
1.8632812
5.3867188
-0.2010498
10.828125
0.18969727
-0.33544922
5.2695312
-0.20056152
-0.87792969
0.013809204
0.99121094
3.0585938
2.0566406
0.67724609
-0.35864258
-1.0166016
-0.40087891
-1.0380859
-0.46948242
-0.3125
-0.082763672
5.40625
3.5488281
1.4902344
-0.53808594
-0.054748535
4.0585938
-0.34985352
3.109375
0.084594727
4.9375
2.0078125
-1.0546875
-1.0429688
2.7871094
0.76513672
-0.12414551
1.6855469
-0.11029053
1.4912109
5.0976562
5.2460938
-0.80224609
5.9453125
-0.4753418
-0.53564453
-1.3271484
1.8398438
3.9375
-0.40087891
-0.28173828
-0.83300781
-0.83056641
1.9882812
6.0429688
-0.043731689
5.5625
6.6054688
-0.4909668
-0.020004272
-0.66796875
1.2617188
3.9023438
-0.69384766
-0.42138672
3.1640625
-0.359375
3.8652344
-0.22375488
5.0546875
-0.15209961
-0.50195312
-0.83007812
-0.92773438
1.5625
-0.44873047
0.25830078
5.5351562
3.0625
-1.5
-0.53613281
5.3007812
-0.04083252
-0.21704102
-0.45166016
-0.08026123
-0.33813477
-0.62939453
5.3007812
2.0839844
2.390625
-0.80175781
3.0175781
-0.069030762
1.2617188
3.6972656
-0.60791016
-0.58105469
3.6171875
10.65625
-0.54736328
-0.33911133
-0.51171875
-0.30029297
-0.96777344
-0.010566711
-0.25537109
-1.1259766
-0.017318726
-0.21520996
-0.67675781
-0.13720703
2.6289062
2.3125
-0.27807617
5.9765625
0.81933594
-0.75537109
-0.18188477
-0.99951172
1.5458984
-0.79052734
2.5507812
-0.14550781
1.6269531
-0.77880859
0.92529297
1.5185547
0.6328125
2.7832031
-0.25292969
7.1835938
-0.08404541
-0.44311523
4.5742188
-0.14758301
-0.62011719
-0.10015869
0.23449707
2.9863281
2.1933594
0.061676025
-0.28686523
-0.83691406
-0.38745117
-0.86328125
-0.28759766
-0.40917969
0.765625
2.9746094
2.9160156
1.3046875
-0.4543457
-0.034332275
2.0332031
-0.3269043
1.9433594
0.25805664
2.2714844
1.0839844
-0.69287109
-0.77636719
-0.036132812
0.013046265
-0.31689453
2.2265625
-0.059112549
2.2324219
1.8486328
4.5898438
-0.61181641
5.7929688
-0.17700195
-0.69921875
-1.1083984
1.7001953
2.9316406
-0.40234375
-0.16027832
-0.60742188
-0.79980469
1.8466797
5.8125
-0.025421143
5.3710938
5.8671875
-0.37768555
-0.033996582
-0.65966797
0.86767578
3.0976562
-0.66308594
-0.41064453
2.1855469
-0.26367188
3.7617188
-0.17028809
3.0859375
-0.20019531
-0.45629883
-0.77490234
-0.66357422
2.8671875
-0.36547852
0.78662109
4.984375
1.9990234
-1.4228516
-0.43383789
5.3125
-0.0055885315
-0.22399902
-0.25610352
0.13061523
-0.24975586
-0.4284668
5.1367188
1.6376953
2.5
-0.33691406
3.0820312
-0.059692383
-0.025466919
1.9824219
-0.63476562
-0.33032227
2.8261719
8.3359375
-0.53417969
-0.4519043
-0.067382812
-0.22399902
-0.038360596
-0.11004639
2.9765625
2.4179688
0.47167969
-0.025436401
-0.12768555
-0.50048828
2.375
1.1396484
2.4492188
-0.003818512
1.1318359
-0.031433105
0.12744141
-0.018066406
-0.33447266
-0.041503906
-0.089050293
-0.016403198
0.91796875
0.72558594
-0.0057296753
-0.13879395
-0.037536621
-0.96240234
-0.081787109
-0.56445312
-0.025970459
-0.32958984
0.41381836
3.2988281
0.40307617
0.73730469
-0.020706177
-0.096252441
-0.020599365
-0.47338867
0.29418945
0.33276367
1.0683594
0.028167725
0.63330078
0.20275879
-0.29467773
-0.41845703
3.0234375
-0.1739502
-0.043792725
-0.035705566
-0.065673828
-0.35571289
0.6484375
1.1689453
0.050170898
-0.37988281
2.109375
0.87548828
-0.041778564
-0.11877441
-0.53515625
0.48901367
-0.034576416
0.64404297
-0.00073003769
-0.069946289
0.50878906
-0.037689209
0.45336914
-0.14367676
0.72363281
-0.12408447
-0.4675293
1.2324219
1.1367188
2.0585938
0.59521484
-0.18762207
-0.13708496
0.040252686
-0.41918945
0.23046875
2.5683594
-0.10852051
2.0761719
-0.15673828
-0.16662598
1.9150391
-0.057159424
1.1308594
-0.1161499
-0.017471313
0.35131836
-0.16955566
-0.0041542053
0.64648438
0.703125
0.067138672
-0.016952515
2.3945312
0.073425293
-0.1862793
-0.32836914
0.77832031
-0.11639404
0.34741211
0.33691406
1.1240234
0.86572266
0.32080078
0.45996094
1.5957031
-0.083984375
-0.095397949
0.31225586
0.92333984
-0.49560547
-0.16687012
1.3574219
-0.52148438
1.9482422
1.1513672
1.0341797
-0.52001953
2.5839844
-0.41381836
0.57128906
3.0058594
-1.1162109
1.1699219
-0.13171387
-1.2441406
1.1669922
-0.35888672
-0.85595703
-0.23303223
3.0722656
2.0761719
-0.26953125
5.9101562
0.78759766
-1.0058594
-0.18115234
-1.1425781
0.80126953
-0.94482422
2.3359375
-0.33837891
2.0195312
-0.74169922
1.3037109
2.4492188
0.58203125
1.4667969
-0.33349609
6.46875
-0.22180176
-0.67333984
5.3046875
-0.18139648
-0.53613281
-0.20861816
0.46411133
3.7539062
2.9296875
0.23852539
-0.33007812
-0.83789062
-0.4543457
-0.98632812
-0.27319336
-0.58203125
1.7509766
2.9121094
2.8652344
1.5478516
-0.50390625
-0.043823242
1.0449219
-0.37841797
1.9169922
0.76513672
0.49902344
-0.021469116
-0.625
-0.90380859
-0.25024414
-0.075866699
-0.65039062
3.1972656
-0.12634277
2.9199219
0.098388672
6.1523438
-0.62695312
6.3945312
-0.094970703
-1.0380859
-1.2548828
1.9101562
2.7109375
-0.48974609
-0.16540527
-0.6640625
-1.0351562
1.8867188
7.6679688
-0.062988281
6.5351562
7.1640625
-0.39550781
-0.1003418
-0.78027344
0.32128906
3.796875
-0.88720703
-0.5078125
2.0566406
-0.24121094
4.875
-0.1887207
2.8105469
-0.31201172
-0.58056641
-0.98681641
-0.71826172
4.4023438
-0.48120117
0.75048828
5.1523438
1.5556641
-1.7929688
-0.51855469
6.1054688
-0.0049247742
-0.23156738
-0.27758789
0.96972656
-0.26367188
-0.37304688
6.1914062
1.4707031
3.1953125
-0.14135742
4.0078125
-0.065856934
-0.1394043
1.0859375
-0.86279297
-0.27246094
2.8886719
9.6953125
-0.6875
-0.69824219
1.2792969
-0.17749023
3.4824219
-0.055999756
-0.421875
2.3554688
-0.9453125
1.3476562
1.1640625
-0.30419922
-0.07800293
0.21899414
-0.011917114
4.2734375
-0.062347412
1.3818359
2.2285156
2.75
-0.10638428
2.0234375
-0.0041694641
-0.047302246
1.671875
-0.016082764
-0.1239624
-0.40136719
1.9208984
-0.60693359
0.91845703
-0.17919922
-0.020187378
3.0097656
-0.13879395
-0.083129883
1.1894531
2.1835938
3.1054688
-0.35766602
3.3007812
-0.12023926
0.7265625
-0.17736816
-0.060119629
1.3203125
-0.06854248
1.4462891
-0.30932617
-0.42211914
-0.076477051
-0.058258057
2.4628906
1.4638672
0.25634766
6.1914062
-0.0023097992
-0.54199219
-0.054138184
0.59570312
0.11706543
-0.014312744
-0.047027588
0.97314453
0.81884766
-0.10601807
-0.028900146
-0.014045715
-0.39819336
0.83007812
0.56738281
-0.54492188
-0.12298584
0.33569336
1.8974609
-0.23144531
-0.64697266
2.8085938
-0.31591797
-0.07824707
2.2578125
1.0439453
0.40869141
0.49731445
0.28393555
2.0390625
-0.20056152
-0.34179688
3.84375
-0.030471802
-0.20239258
-0.062316895
2.1191406
0.92138672
-0.073120117
-0.4987793
0.10577393
-0.21862793
1.4785156
-0.30737305
2.9003906
1.0097656
-0.51220703
1.4013672
-0.0340271
-0.96386719
-0.21789551
2.0664062
-0.055145264
-0.16503906
1.0712891
0.72216797
1.1572266
3.9511719
-0.10095215
-0.10186768
-0.12091064
1.15625
0.69042969
-0.23132324
-0.55810547
0.6640625
0.43798828
-0.47045898
0.17199707
-0.13208008
-0.32177734
-0.27929688
0.23120117
2.3476562
-0.64257812
1.1210938
-0.081542969
-0.20324707
5.2460938
4.1367188
0.69140625
-0.0065231323
-0.21447754
-0.95996094
4.375
1.7607422
4.4375
0.34863281
1.9980469
-0.071533203
0.10351562
-0.029342651
-0.64746094
-0.02053833
-0.12573242
0.19055176
1.5058594
1.5390625
-0.010688782
-0.27758789
-0.072143555
-1.7646484
-0.12194824
-1.0273438
-0.014160156
-0.55615234
0.97753906
6.1171875
0.671875
1.28125
-0.00049257278
-0.23278809
-0.017532349
-0.91210938
0.97216797
0.64306641
1.8886719
0.014350891
1.5292969
0.66894531
-0.54541016
-0.81054688
5.78125
-0.30566406
-0.08013916
-0.031234741
-0.087280273
-0.68066406
1.4882812
1.7617188
0.32836914
-0.69433594
4.3398438
2.078125
-0.044281006
-0.23779297
-0.94042969
0.90478516
-0.039520264
0.64404297
0.16430664
-0.10241699
0.78564453
-0.071228027
1.0566406
-0.25292969
1.8183594
-0.19274902
-0.85400391
2.4882812
2.2304688
3.8144531
1.5488281
-0.27734375
-0.27539062
0.37426758
-0.7734375
0.10638428
4.6953125
-0.19763184
4.1875
-0.29223633
-0.30419922
2.9902344
-0.11120605
1.9970703
-0.22241211
-0.05380249
1.0537109
-0.31665039
0.01852417
0.92089844
1.2597656
0.036010742
-0.041778564
4.34375
-0.014328003
-0.30859375
-0.63085938
1.7041016
-0.21264648
0.75439453
0.78710938
1.9707031
1.6396484
0.88134766
0.78320312
3.1757812
-0.1817627
-0.17138672
0.73242188
1.6542969
-0.91748047
-0.2644043
2.4453125
-0.99560547
3.8554688
2.3222656
1.2480469
-0.91503906
5.2109375
-0.73632812
0.97607422
5.6640625
-0.75488281
-0.17651367
-0.59375
-1.2724609
-0.58691406
-0.04977417
-0.66455078
3.3457031
3.8125
3.9316406
-0.28588867
7.546875
0.96533203
-0.28540039
-0.1784668
-1.0205078
4.28125
-0.76074219
6.2851562
2.90625
1.3710938
-1.2373047
-0.05758667
-0.10449219
4.0703125
5.9492188
-0.062927246
11.507812
1.1474609
0.15332031
2.921875
0.17126465
-0.80175781
2.6347656
2.0859375
1.6132812
1.2646484
1.7998047
-0.3918457
-0.88037109
-0.22937012
-0.8125
-0.4543457
-0.010139465
-0.18835449
5.5625
3.2558594
2.1953125
-0.41259766
-0.0041694641
4.2421875
-0.18737793
4.2734375
-0.21191406
5.6445312
2.6054688
-1.0576172
-0.84716797
4.9804688
2.4003906
0.84912109
-0.010292053
-0.013809204
1.1425781
7.3398438
3.7480469
-0.59130859
3.4746094
-0.75537109
-0.024658203
-0.92578125
2.0976562
2.6542969
-0.13891602
-0.32446289
-0.86328125
-0.4230957
0.20629883
3.9824219
-0.072998047
2.1425781
5.9921875
-0.44702148
1.6171875
-0.36743164
3.1777344
3.3300781
-0.34887695
-0.10644531
2.1621094
-0.37207031
0.34521484
-0.14782715
6.6289062
0.43994141
-0.29663086
-0.50830078
-0.80273438
-0.13696289
-0.5234375
-0.0074043274
2.4980469
2.71875
-0.85595703
-0.51171875
4.328125
-0.040496826
-0.072387695
-0.71191406
-0.25634766
-0.42236328
-0.63330078
3.7402344
1.5087891
1.9335938
-1.0527344
1.9892578
-0.060913086
2.8378906
3.2617188
-0.43676758
-0.70166016
2.6523438
8.9453125
-0.23937988
-0.085632324
-0.95751953
-0.39477539
3.8183594
-0.072387695
-0.56982422
2.3476562
-1.1865234
1.1171875
1.0371094
-0.051971436
-0.12719727
1.3837891
-0.03604126
5.5664062
-0.12457275
1.9882812
3.4648438
1.9375
-0.031860352
1.6796875
0.37524414
-0.098327637
2.2050781
-0.28027344
-0.086242676
-0.42016602
2.6445312
-0.34521484
1.1875
-0.0081634521
-0.043640137
4.4492188
-0.19140625
-0.13964844
1.1416016
3.2324219
1.9658203
-0.27050781
3.234375
1.1376953
0.61962891
-0.171875
-0.05871582
0.77441406
-0.16027832
1.8417969
-0.37280273
-0.31567383
-0.13671875
0.41210938
2.9492188
1.6884766
0.022903442
8.5625
0.32739258
-0.6953125
-0.018295288
2.3007812
-0.30541992
-0.082641602
0.24719238
2.5234375
1.3066406
-0.18188477
0.25048828
0.95361328
-0.42675781
0.8671875
1.0546875
-0.64746094
-0.33081055
1.4853516
0.96142578
-0.19311523
-0.57324219
2
-0.40234375
-0.23815918
3.0175781
1.7734375
0.2878418
-0.0024204254
1.2041016
3.3378906
-0.23730469
-0.21459961
3.8632812
1.0673828
-0.027893066
-0.0025672913
2.4355469
1.3417969
0.094543457
-0.61279297
-0.066772461
-0.18688965
2.7109375
-0.37231445
3.4667969
1.2675781
-0.63183594
0.63427734
0.18200684
-1.1240234
-0.12408447
1.9443359
-0.10137939
-0.25415039
0.87548828
2.1132812
-0.063110352
2.7539062
-0.22802734
-0.26611328
-0.085083008
1.0615234
0.82666016
-0.51171875
-0.37133789
1.5332031
0.46166992
-0.35742188
0.37011719
-0.38525391
-0.23815918
-0.13439941
-0.042877197
3.0859375
-0.93994141
-0.093994141
-0.80908203
-0.037994385
-0.3449707
-0.96289062
-0.16589355
-0.12561035
-0.56494141
-0.00035262108
2.5
2.3339844
-0.27880859
5.2070312
0.75146484
-0.48657227
-0.15100098
-0.87841797
2.2128906
-0.63134766
3.0546875
0.47314453
1.0048828
-0.76171875
0.39526367
0.70849609
1.1572266
3.2597656
-0.14294434
7.2929688
-0.0044784546
-0.27099609
3.6035156
-0.12731934
-0.58691406
-0.0034332275
0.43139648
1.8955078
1.5644531
0.06829834
-0.22351074
-0.68896484
-0.28613281
-0.67675781
-0.2956543
-0.23083496
-0.0042304993
3.1621094
2.7382812
1.4150391
-0.38061523
-0.017318726
2.5898438
-0.25976562
2.2929688
0.31518555
3.3730469
1.21875
-0.67822266
-0.70019531
1.4384766
0.52929688
-0.12316895
1.1289062
-0.055145264
1.1171875
2.9121094
3.828125
-0.55419922
4.3789062
-0.29858398
-0.40063477
-0.88964844
1.5478516
2.7421875
-0.28027344
-0.16967773
-0.54882812
-0.54980469
1.7509766
3.9921875
-0.017028809
3.7871094
4.6132812
-0.32446289
-0.010475159
-0.47949219
0.97802734
2.625
-0.51171875
-0.28149414
2.3242188
-0.22766113
2.8066406
-0.11206055
3.4160156
-0.12017822
-0.35083008
-0.58007812
-0.61523438
1.2539062
-0.33984375
-0.00032520294
4.1445312
1.9248047
-1.03125
-0.36938477
3.8125
-0.029663086
-0.16345215
-0.30249023
-0.057373047
-0.22399902
-0.40698242
3.4941406
1.2470703
1.7919922
-0.48632812
2.0234375
-0.064941406
0.71826172
2.2363281
-0.44213867
-0.37475586
2.296875
7.3320312
-0.37109375
-0.31176758
-0.30517578
-0.18359375
4.546875
-0.12103271
-0.43725586
2.9609375
-1.1113281
1.3544922
2.0410156
-0.49047852
-0.099914551
-0.0057182312
-0.016296387
5.03125
-0.09362793
1.0078125
2.2460938
4.140625
-0.17529297
2.4121094
-0.010406494
-0.088562012
2.5507812
0.50878906
-0.15454102
-0.48486328
2.6210938
-0.92285156
0.703125
-0.34204102
-0.048065186
3.0390625
-0.15759277
-0.058868408
1.1992188
2.6425781
4.1015625
-0.45922852
4.3398438
-0.29199219
0.73535156
-0.30444336
-0.071411133
2.0859375
-0.029602051
1.6269531
-0.3605957
-0.56542969
-0.056762695
-0.11218262
2.6835938
1.8085938
0.054931641
6.65625
-0.00075626373
-0.73681641
-0.055541992
0.54003906
1.1914062
-0.0039901733
-0.1003418
1.2998047
0.22021484
-0.10565186
-0.077636719
0.09588623
-0.49194336
0.59521484
0.34326172
-0.6875
-0.11505127
-0.045562744
2.1230469
-0.34082031
-0.87109375
3.3515625
-0.41381836
-0.011131287
2.2070312
1.2763672
0.1842041
0.64208984
-0.016082764
1.9033203
-0.27294922
-0.47314453
4.3554688
-0.047821045
-0.34472656
-0.061309814
2.5703125
0.79003906
-0.16345215
-0.59277344
0.072631836
-0.30786133
1.6435547
-0.40722656
3.3886719
1.2294922
-0.61523438
2.5175781
-0.036010742
-1.1904297
-0.35693359
2.3945312
-0.063781738
-0.18530273
0.92382812
-0.0043907166
2.5058594
5.265625
-0.11444092
-0.078613281
-0.13903809
1.7441406
0.5234375
-0.18334961
-0.85058594
0.57421875
0.85498047
-0.66503906
-0.015625
-0.096191406
-0.40209961
-0.47802734
0.40942383
2.6523438
-0.70458984
2.2167969
-0.019119263
-0.10083008
0.83496094
1.4404297
-0.12927246
1.0253906
0.74072266
-0.52587891
0.99951172
0.33227539
0.98046875
1.640625
0.020523071
-0.030776978
0.31201172
1.2890625
-0.26464844
1.3876953
-0.036529541
0.73632812
1.2578125
1.4003906
-0.00032758713
-0.17687988
-0.098022461
-0.81396484
-0.051300049
-0.39038086
0.37719727
-0.07623291
0.97802734
1.484375
-0.052124023
0.51806641
1.1152344
-0.2322998
1.0976562
-0.5546875
0.85302734
-0.13464355
0.15356445
0.68457031
1.1044922
0.80126953
-0.22375488
-0.47558594
2.1992188
-0.12817383
-0.018768311
0.31811523
0.43237305
-0.13952637
0.27514648
-0.092773438
0.65478516
-0.14550781
2.5039062
1.6357422
0.15686035
-0.061737061
-0.22631836
0.043823242
0.13171387
0.54833984
-0.049560547
-0.050079346
-0.018386841
-0.13427734
1.2470703
-0.1027832
0.83984375
-0.10778809
-0.44165039
1.2216797
0.43359375
2.6601562
1.3066406
0.32006836
-0.096923828
0.35864258
-0.22314453
0.3527832
1.2832031
-0.1673584
2.2480469
-0.1484375
-0.27075195
0.41308594
-0.016601562
1.3544922
-0.1496582
-0.12091064
0.55322266
-0.2019043
0.54785156
-0.092163086
0.38720703
0.17785645
-0.12536621
2.7070312
-0.038818359
-0.22912598
-0.30957031
0.80517578
-0.061706543
0.08972168
1.0273438
0.37158203
2.5253906
2.6796875
-0.011077881
0.74121094
-0.10235596
-0.034332275
0.36035156
0.63720703
-0.51513672
-0.087585449
1.1601562
-0.41918945
1.6337891
1.7050781
-0.072387695
-0.48706055
2.0214844
-0.13098145
0.055999756
2.9414062
-0.24890137
-0.0087051392
6.328125
3.8066406
1.4482422
-0.25610352
-0.37963867
-0.43823242
4.15625
1.4111328
2.8105469
-0.00015044212
0.80175781
-0.25708008
1.3251953
-0.45776367
-0.62353516
-0.31811523
-0.25952148
-0.48486328
1.3642578
0.82714844
1.1787109
0.94824219
-0.022384644
-1.0732422
-0.13806152
-0.77246094
-0.16210938
-0.76513672
0.34399414
4.578125
3.7910156
0.65966797
-0.24365234
0.88330078
0.76464844
-0.15881348
0.89941406
2.9453125
0.6875
-0.18322754
1.2617188
-0.30566406
-0.11212158
-0.49389648
3.5175781
-0.0023365021
-0.01537323
0.25048828
-0.44702148
-0.30712891
0.45092773
2.6132812
-0.34765625
-0.64648438
0.061035156
-0.033599854
-0.40161133
-0.24707031
-1.1220703
2.7832031
-0.035491943
1.4746094
-0.48925781
1.0302734
0.71386719
1.0205078
0.036407471
-0.59960938
-0.017532349
0.094604492
-0.4309082
-0.13793945
2.1738281
-0.01083374
-0.14526367
-0.094360352
-0.078979492
-0.037445068
-0.34375
3.3515625
3.9785156
-0.00010818243
0.92236328
-0.071716309
2.0839844
-0.0096282959
-0.31713867
0.96240234
0.93115234
0.42089844
0.83447266
-0.24487305
-0.059326172
0.91845703
-0.035186768
0.83496094
0.21069336
0.58691406
0.65429688
-0.16906738
-0.24377441
-0.36889648
-0.26489258
0.17456055
-0.0011253357
2.703125
-0.22888184
-0.13439941
0.70996094
1.8681641
0.38378906
-0.19433594
2.6289062
2.5546875
-0.082519531
-0.090576172
-0.15795898
-0.69970703
0.12573242
-0.064025879
1.5478516
-0.20397949
0.52832031
-1.0898438
1.8681641
2.4707031
2.0761719
-0.050018311
-0.22009277
1.3818359
-0.54492188
0.88476562
0.91992188
-0.24560547
-0.035461426
-0.0069122314
-0.0077323914
2.5351562
-0.046508789
0.69384766
1.1337891
2.0195312
-0.085571289
1.2314453
-0.011039734
-0.015548706
1.0771484
0.32763672
-0.068115234
-0.2442627
1.0332031
-0.44628906
0.43139648
-0.14929199
-0.01965332
1.5361328
-0.073059082
-0.034881592
0.69335938
1.1855469
2.1679688
-0.24194336
2.1582031
-0.14941406
0.35180664
-0.12976074
-0.041503906
0.99316406
-0.014450073
0.92724609
-0.17480469
-0.28540039
-0.020858765
-0.054351807
1.3896484
0.83056641
0.20410156
3.4042969
-0.0091323853
-0.3347168
-0.03692627
0.14208984
0.73535156
0.019302368
-0.046508789
0.45483398
0.20324707
-0.050598145
-0.020294189
-0.0094833374
-0.23571777
0.3815918
0.21313477
-0.32617188
-0.039489746
-0.014862061
1.2753906
-0.15454102
-0.421875
1.8037109
-0.18920898
-0.0057678223
1.3095703
0.49560547
0.16809082
0.33007812
0.034545898
1.0419922
-0.12023926
-0.23010254
2.3671875
-0.027282715
-0.17443848
-0.035430908
1.21875
0.46411133
-0.078613281
-0.28808594
0.083740234
-0.14819336
0.71240234
-0.18261719
1.5917969
0.66113281
-0.30444336
1.1533203
-0.034851074
-0.57324219
-0.16394043
1.2998047
-0.037902832
-0.087768555
0.64648438
0.24328613
1.078125
2.6308594
-0.054016113
-0.039642334
-0.075805664
0.68994141
0.39648438
-0.086303711
-0.40771484
0.1854248
0.25610352
-0.31274414
-0.0051460266
-0.030227661
-0.20129395
-0.22851562
0.24584961
1.1953125
-0.34643555
1.1582031
-0.82324219
-0.15881348
-0.60302734
-1.2998047
-0.52587891
-0.063171387
-0.70849609
3.0273438
3.9003906
3.8867188
-0.30664062
7.609375
1.0576172
-0.35229492
-0.19165039
-1.0830078
4.4765625
-0.79980469
6.1015625
2.9121094
1.1113281
-1.2490234
-0.04586792
-0.082275391
3.7480469
5.9882812
-0.071166992
11.703125
1.0800781
-0.044921875
3.3398438
-0.025772095
-0.83007812
2.1445312
1.9228516
1.6445312
1.3857422
1.6337891
-0.37304688
-0.89257812
-0.24841309
-0.85888672
-0.46850586
-0.049194336
-0.18457031
5.6015625
3.5058594
2.0507812
-0.42163086
-0.019058228
4.421875
-0.23303223
4.1367188
-0.14404297
5.6796875
2.34375
-1.0546875
-0.88183594
4.765625
2.015625
0.78710938
0.077880859
-0.016799927
0.97607422
7.1484375
4.1484375
-0.62304688
3.8769531
-0.71972656
-0.095214844
-0.99707031
2.1054688
2.9785156
-0.17285156
-0.33056641
-0.87646484
-0.48339844
0.49804688
4.2929688
-0.05255127
2.7480469
5.9765625
-0.4453125
1.3740234
-0.41308594
2.8164062
3.4472656
-0.4152832
-0.15490723
2.3085938
-0.37353516
1.0117188
-0.15124512
6.4492188
0.081298828
-0.31640625
-0.5703125
-0.83349609
-0.076416016
-0.52929688
-0.020370483
3.1484375
2.7929688
-0.95214844
-0.52490234
4.3476562
-0.054046631
-0.085876465
-0.67382812
-0.24865723
-0.40820312
-0.64013672
3.9355469
1.5
1.9169922
-1.0205078
2.0488281
-0.072509766
2.5058594
3.4335938
-0.44921875
-0.67724609
2.9472656
9.4921875
-0.26806641
-0.13562012
-0.90917969
-0.37548828
-0.68994141
-0.12255859
-0.54736328
-1.1005859
-0.45703125
-0.050140381
-0.63623047
2.6113281
3.4238281
3.375
-0.24829102
6.703125
1.0888672
-0.25805664
-0.15527344
-0.9296875
4.1367188
-0.67578125
5.0976562
2.6933594
0.83544922
-1.0791016
-0.034729004
-0.099243164
3.1386719
5.21875
-0.065185547
10.125
0.98242188
-0.020706177
2.9023438
-0.044281006
-0.68945312
1.6455078
1.8212891
1.4599609
1.1259766
1.546875
-0.32324219
-0.73046875
-0.21923828
-0.74707031
-0.41845703
-0.019882202
-0.1809082
4.9921875
2.9667969
1.4804688
-0.35180664
-0.044494629
3.9179688
-0.17504883
3.3320312
-0.094482422
4.609375
2.0644531
-0.90234375
-0.75878906
4.2578125
1.4765625
0.86425781
-0.0033950806
-0.022857666
0.54589844
6.2382812
3.671875
-0.51416016
3.3261719
-0.60791016
-0.059783936
-0.84814453
1.7109375
2.5078125
-0.12384033
-0.2878418
-0.76123047
-0.40185547
0.098999023
3.7753906
-0.034118652
2.5195312
5.28125
-0.37451172
1.1298828
-0.33007812
2.0722656
2.8515625
-0.35595703
-0.125
2.09375
-0.31835938
0.76855469
-0.13928223
5.5898438
-0.0013208389
-0.25317383
-0.46459961
-0.70898438
-0.076782227
-0.44677734
-0.021072388
2.4316406
2.3828125
-0.79589844
-0.4597168
3.7167969
-0.028320312
-0.049072266
-0.58398438
-0.20922852
-0.35327148
-0.55664062
3.4902344
1.2197266
1.6738281
-0.89794922
1.9033203
-0.06829834
1.9541016
3.09375
-0.3762207
-0.59228516
2.5527344
8.0703125
-0.2220459
-0.083374023
-0.79736328
-0.31640625
0.61669922
-0.16394043
-0.40063477
-0.20202637
-0.92578125
0.36791992
-0.068054199
3.1074219
1.5058594
2.3828125
-0.1628418
5.828125
-0.062164307
2.5839844
1.6884766
-0.27758789
1.8847656
-0.19189453
2.1171875
0.09564209
2.2460938
-0.57617188
-0.0079498291
-0.1784668
3.25
1.7919922
0.43530273
3.8085938
0.52685547
2.4863281
-0.070800781
-0.0090179443
-0.11895752
3.8203125
1.9472656
-0.029373169
1.4931641
3.3066406
-0.15771484
-0.31665039
-0.10168457
-0.18811035
-0.20239258
1.0673828
-0.16662598
1.1474609
-0.063964844
0.62304688
0.44287109
0.34399414
0.056610107
4.5820312
1.1132812
-0.50585938
1.5566406
2.6132812
-0.68701172
-0.23571777
3.1757812
2.0761719
1.8515625
-0.067382812
0.50048828
1.2880859
1.0693359
1.0107422
-0.1003418
-0.25561523
-0.56005859
2.3964844
-0.16906738
0.079223633
-0.14648438
0.29003906
-0.35107422
-0.48754883
1.1435547
-0.0055770874
0.60449219
-0.11138916
0.63232422
4.9101562
-0.23632812
1.5888672
1.3808594
2.5097656
1.0927734
0.24108887
1.5791016
0.45141602
-0.12402344
-0.47851562
-0.059295654
2.2128906
2.6835938
-0.11035156
0.92089844
-0.13684082
-0.57958984
-0.11340332
0.59228516
-0.59667969
0.87304688
-0.079650879
-0.34082031
-0.083618164
0.70947266
1.6347656
-0.46411133
-0.047454834
-0.27124023
-0.43115234
1.5400391
0.23657227
1.5947266
-0.76904297
0.38891602
1.0712891
0.95849609
0.76416016
-0.098022461
-0.57519531
-0.04699707
1.6123047
-0.084289551
1.8203125
-0.89550781
-0.22753906
-0.019058228
-0.050354004
1.0302734
0.9453125
0.048858643
0.16052246
-0.01348114
-0.20654297
0.97900391
0.46704102
0.90380859
0.17016602
0.14245605
-0.015357971
0.13354492
0.055175781
-0.12359619
-0.0048522949
-0.020385742
0.17333984
0.33837891
0.35644531
0.040588379
-0.057037354
-0.028610229
-0.3984375
-0.03515625
-0.21435547
0.028869629
-0.11767578
0.24597168
1.2539062
-0.01121521
0.27441406
0.11700439
-0.056854248
-0.0011796951
-0.22998047
0.22314453
-0.010688782
0.47631836
0.11761475
0.45654297
0.22094727
-0.1394043
-0.18859863
1.3007812
-0.072265625
-0.0046348572
-0.011131287
0.045593262
-0.14501953
0.13195801
0.32983398
0.31591797
-0.15002441
1.0068359
0.52880859
-0.0041007996
-0.0390625
-0.19042969
0.17797852
-0.0087738037
0.27905273
-0.0016880035
-0.034820557
0.091674805
-0.032745361
0.21643066
-0.057312012
0.37963867
-0.047088623
-0.19250488
0.55761719
0.44335938
1.1181641
0.4387207
-0.054016113
-0.065673828
-0.0017852783
-0.16088867
0.083129883
1.0673828
-0.055786133
1.0742188
-0.063232422
-0.086730957
0.74316406
-0.025863647
0.62695312
-0.057678223
-0.016937256
0.11639404
-0.083190918
-0.0043640137
0.2130127
0.19689941
0.0206604
-0.02015686
0.94091797
-0.0080337524
-0.071350098
-0.12902832
0.49291992
-0.042297363
0.1026001
0.33569336
0.53125
0.578125
0.4387207
0.086425781
0.40869141
-0.059265137
-0.033050537
0.056427002
0.39013672
-0.22009277
-0.074279785
0.57373047
-0.19873047
0.87011719
0.72314453
0.32788086
-0.234375
1.0146484
-0.14196777
0.21618652
1.2041016
-0.59277344
-0.15222168
-0.48950195
-0.99072266
-0.44360352
-0.04888916
-0.54785156
2.5917969
3.1542969
3.3476562
-0.20825195
6.2539062
0.74267578
-0.25268555
-0.15063477
-0.82373047
3.9414062
-0.64550781
4.5898438
2.1875
0.921875
-1.0302734
-0.016799927
-0.080383301
2.984375
5
-0.072937012
9.046875
0.84863281
-0.0067825317
2.5820312
-0.017044067
-0.6328125
1.6962891
1.7402344
1.6601562
0.94775391
1.7705078
-0.32470703
-0.70166016
-0.17834473
-0.70361328
-0.3815918
-0.022705078
-0.18774414
4.9257812
2.40625
1.0332031
-0.30810547
-0.051055908
3.625
-0.15063477
2.9589844
-0.14672852
4.2421875
2.0976562
-0.85400391
-0.70166016
4.1054688
1.5068359
0.86230469
0.082946777
-0.038116455
0.70019531
6.0273438
3.0273438
-0.45703125
2.7128906
-0.57714844
-0.042938232
-0.78222656
1.3984375
2.2421875
-0.11608887
-0.27929688
-0.69726562
-0.39111328
-0.025909424
3.5371094
-0.054412842
2.1933594
4.8203125
-0.36181641
1.1923828
-0.29443359
1.9853516
2.5722656
-0.27685547
-0.12353516
1.6337891
-0.3059082
0.48388672
-0.17590332
5.0742188
0.11578369
-0.2253418
-0.4140625
-0.64941406
-0.086853027
-0.37670898
0.21020508
1.9072266
2.2929688
-0.74072266
-0.41088867
3.4453125
-0.027420044
-0.04989624
-0.53857422
-0.19140625
-0.33642578
-0.53222656
3.3125
1.453125
1.3388672
-0.83789062
1.6542969
-0.046569824
1.8417969
2.8847656
-0.34741211
-0.54931641
2.5546875
7.125
-0.21850586
-0.020858765
-0.72705078
-0.31860352
