-1.088237017e-01 
-7.365211099e-02 
8.930033445e-02 
4.144215956e-02 
7.108848542e-02 
-2.555423975e-02 
2.982410789e-02 
6.437583268e-02 
6.303073466e-02 
2.488608286e-02 
-5.430841446e-02 
1.813067868e-02 
4.747432470e-02 
6.573902816e-02 
-2.069312148e-02 
-2.297149971e-02 
4.962678254e-02 
-2.482866123e-02 
4.461060744e-03 
5.062111095e-02 
-5.410315096e-02 
1.204902679e-02 
1.798731089e-02 
7.136240602e-02 
-1.554121077e-02 
-4.100687429e-02 
-2.431183495e-02 
0.000000000e+00 
0.000000000e+00 
0.000000000e+00 
0.000000000e+00 
0.000000000e+00 
