-0.286133
0.061127
0.739258
-0.617676
3.296875
-0.239258
0.947266
-0.436279
-1.187500
3.406250
-0.278809
4.710938
2.501953
-0.055145
0.106628
0.469238
-0.262207
1.270508
0.225220
-0.530762
5.199219
-0.439453
-0.825684
0.031204
1.984375
2.085938
-0.357422
-0.387695
0.161621
-0.480469
1.798828
-0.405518
1.483398
0.896484
-0.397705
7.281250
-0.058167
-1.067383
-0.786621
1.207031
-0.165405
-0.106812
1.863281
0.342773
6.890625
8.687500
-0.113709
0.947266
-0.076233
-0.017685
-0.015152
0.584961
-1.353516
-0.138916
2.269531
-0.929688
1.565430
3.345703
-0.276367
-1.145508
3.191406
0.108093
-0.181152
7.000000
