0.001210
-0.032410
0.034821
-0.021164
0.013702
0.034668
-0.010048
0.025391
0.021912
0.031006
0.027878
0.031342
0.020584
0.036530
0.015221
0.029236
-0.000369
-0.018539
-0.034454
-0.016144
-0.012390
-0.000381
0.030121
0.008575
-0.022400
-0.021545
-0.007294
-0.007442
-0.015182
0.035217
0.000983
-0.008125
-0.016327
0.007748
0.005821
-0.018219
-0.007278
-0.019119
0.005013
-0.018097
0.022766
0.016968
-0.015625
0.023285
-0.014809
-0.019943
-0.011925
0.007343
-0.032745
-0.029343
-0.020447
-0.028976
-0.024658
0.012497
0.011848
0.005283
-0.026978
0.004353
-0.005569
-0.028198
0.016586
0.026413
0.015274
0.031235
-0.034912
0.015022
-0.026535
-0.039246
0.024323
0.008240
0.011810
0.008980
-0.017456
-0.016312
-0.010788
-0.028214
0.002182
0.000099
0.007626
-0.003613
-0.038300
-0.024323
-0.008575
-0.004700
0.016846
-0.012070
-0.001080
-0.000338
0.018723
-0.026154
-0.017227
-0.007496
-0.008362
0.016541
0.014633
-0.018723
-0.024551
0.010956
0.034821
-0.022537
0.020203
-0.013794
0.039062
0.021591
-0.038269
-0.003035
0.023193
0.033356
0.022705
0.016418
0.008301
0.019012
0.005531
0.019928
0.016815
0.003386
0.024017
0.029663
-0.013931
0.025970
-0.006817
-0.000262
-0.031021
-0.021072
0.001497
0.020187
-0.010490
0.029724
-0.013382
0.024292
-0.003883
-0.013184
-0.008774
0.026840
0.015686
-0.039856
0.004982
0.005646
-0.029205
0.006866
-0.022354
0.026031
-0.005970
-0.020889
-0.024338
-0.016739
-0.002193
-0.010086
0.007412
-0.023865
0.002453
-0.017059
0.035492
0.023514
-0.005322
0.021194
-0.029221
-0.025299
-0.015587
0.010284
0.022018
-0.004459
0.027817
0.032166
0.003101
-0.017197
-0.014091
0.011948
-0.025848
0.017853
0.004997
-0.032654
0.012917
-0.031799
-0.039551
-0.042358
0.041748
0.015137
0.023865
0.000812
-0.015381
0.030319
0.028915
0.007603
-0.018372
0.034790
-0.033600
-0.027313
-0.018250
0.020706
0.027359
-0.033234
0.018311
0.031738
0.025482
-0.016891
-0.020081
-0.008278
0.015450
-0.003130
-0.037384
0.012764
-0.027847
-0.022003
0.019714
-0.013489
0.016739
-0.041168
0.029053
-0.021362
-0.003489
0.019577
-0.029419
0.024872
0.033203
-0.000485
-0.005138
0.031067
0.012260
-0.004078
0.031799
-0.018021
-0.012238
0.000541
0.016937
-0.026108
-0.031403
0.017120
0.018707
-0.025665
-0.009338
-0.015839
-0.011635
-0.019928
0.034271
0.032990
0.018082
-0.031586
-0.012146
-0.010262
-0.021103
0.015167
-0.025696
0.006187
-0.022171
0.006489
0.004738
0.003986
-0.042572
0.035461
-0.021103
-0.011108
-0.020859
-0.018692
0.044220
-0.022934
-0.016129
0.014946
-0.007393
0.021500
0.000838
0.038696
0.044342
0.016602
-0.068848
-0.019424
-0.005592
0.015747
-0.004276
-0.005505
0.042816
-0.026321
0.024338
-0.004253
0.042786
-0.015045
0.013741
-0.008286
0.022995
0.010429
0.022903
0.034088
-0.021362
0.026550
-0.023224
0.025787
0.007671
0.002691
0.032318
0.032745
-0.029572
0.025757
-0.037445
0.012291
0.000500
0.034332
0.035645
-0.001200
-0.008194
0.021362
0.035248
0.026276
-0.007778
-0.052124
0.031799
0.029831
0.028214
0.027008
0.002283
-0.001433
-0.005062
0.026901
-0.023712
0.013115
-0.007744
-0.015106
-0.034424
-0.007919
-0.025085
-0.010651
-0.013718
0.011261
0.009125
0.029938
-0.006706
0.019409
-0.021500
0.021927
-0.057831
-0.002481
0.009361
-0.037048
0.014206
0.012856
-0.018478
0.026047
-0.014175
0.032318
0.035828
0.049042
0.036407
0.035034
0.011909
0.042938
0.013420
-0.042175
0.019974
0.016739
0.017044
-0.014030
-0.001959
0.003517
-0.019409
-0.041077
0.005943
0.003971
0.007591
0.001089
0.011871
-0.015945
0.027222
0.008186
0.007530
0.005062
-0.018158
0.001925
0.018921
0.013908
-0.023193
-0.019806
-0.030457
0.001754
-0.017075
-0.035858
-0.028793
-0.008720
-0.018692
0.032104
-0.001548
-0.003990
0.005413
-0.017349
0.019180
0.014709
0.039215
0.014023
-0.032288
0.022141
-0.049377
0.040161
-0.037811
0.019058
-0.011581
-0.045746
0.025848
-0.059631
-0.019867
-0.011871
-0.026718
0.003891
-0.060486
0.019943
0.011597
-0.000289
0.030930
-0.017303
0.010910
0.020447
0.025696
-0.027679
-0.044006
-0.022232
-0.002462
-0.036652
0.022064
-0.013428
-0.012131
-0.015381
-0.016739
0.021530
0.000104
-0.004364
-0.031708
-0.017868
-0.048157
-0.041748
0.018036
-0.056915
-0.004448
0.008636
-0.047455
-0.013947
0.001923
-0.026291
-0.032623
0.039215
0.014221
-0.003706
-0.023376
-0.030075
-0.001063
-0.006073
0.047394
-0.051636
0.029083
-0.006935
0.011398
0.030655
0.001215
0.006618
-0.018646
-0.044708
0.019653
-0.018524
0.003004
-0.017380
-0.013840
-0.046783
0.007141
-0.009422
0.007015
-0.009491
-0.013428
-0.058777
-0.056305
-0.015289
0.024994
-0.032074
-0.052643
-0.047455
-0.021332
-0.006664
0.010674
-0.023682
-0.000166
-0.004940
-0.018784
0.000168
-0.004589
0.023849
-0.009804
0.032166
-0.003870
0.030853
-0.056488
-0.007111
0.013008
0.036560
-0.029114
0.029724
-0.017624
0.008270
-0.050293
-0.017471
0.006828
-0.014320
-0.006485
0.014969
-0.019119
0.000186
-0.054565
0.027847
0.005630
-0.013298
-0.038483
0.020203
-0.031860
-0.063171
-0.027359
-0.039246
0.045959
-0.021240
-0.055695
-0.019333
-0.006096
-0.002031
-0.010750
0.021454
-0.016937
0.014366
0.007843
0.002138
-0.047882
-0.009766
-0.046082
0.041168
-0.010353
0.009705
0.003868
-0.016800
0.039093
0.034546
-0.023697
0.016922
0.040985
-0.008530
0.013290
-0.004463
0.001274
0.000907
0.017853
0.025070
0.012527
-0.036987
0.005714
0.028900
-0.011070
0.024124
-0.035400
-0.053223
0.017654
0.004612
0.017441
0.001476
0.008209
-0.020386
-0.008194
-0.035187
-0.015808
0.027283
0.025757
-0.028946
-0.031647
0.028091
0.040405
-0.000604
0.039581
0.019165
-0.043213
0.018890
0.017105
0.019318
0.032135
-0.016434
0.003416
0.012344
-0.042542
0.033569
0.014893
-0.001795
0.060486
0.036530
-0.010269
-0.021347
-0.045441
-0.007996
-0.025940
0.018158
-0.026199
0.024582
0.000728
0.017746
-0.021652
-0.022507
0.012489
-0.017929
0.009071
-0.003702
-0.031464
0.017181
0.010651
0.009750
-0.011719
0.016296
0.004986
-0.016434
-0.028275
-0.000315
-0.018784
0.008202
0.040436
0.034027
0.019104
0.017868
-0.012848
-0.011482
0.029617
0.042084
-0.046021
0.009727
-0.031830
0.032257
0.014763
-0.027969
-0.043671
-0.019791
-0.027390
-0.007271
-0.029449
-0.016220
0.010780
-0.032990
-0.002775
-0.041473
-0.021652
-0.035065
0.031769
0.010178
0.047424
0.061188
-0.026428
-0.042023
0.004147
0.013489
-0.004391
0.009087
-0.026245
-0.009933
0.017838
-0.026596
-0.048279
0.001213
-0.005680
-0.008591
-0.001837
-0.036133
-0.004753
0.023102
-0.010811
-0.023682
-0.024887
-0.008453
0.038208
-0.043884
0.045197
-0.010338
-0.004822
-0.006680
0.050385
-0.014809
-0.023361
-0.031372
-0.037323
0.030746
-0.022919
-0.018814
-0.024887
0.019714
0.011024
-0.021698
-0.012138
0.020996
0.019638
-0.027313
0.044647
-0.047028
-0.010986
-0.026581
0.005409
-0.011353
0.003510
-0.004417
-0.008553
-0.016907
0.009529
0.015526
0.039642
-0.043793
-0.002539
-0.031372
0.025772
0.031113
-0.005814
0.003403
-0.008537
0.006763
0.023026
-0.030136
-0.019135
0.027740
0.019028
0.023224
0.013107
-0.035370
0.037628
0.009987
0.001235
-0.000398
0.016830
0.014084
0.034485
0.003611
-0.016800
0.036072
0.027435
0.025909
0.014656
-0.000666
-0.000203
-0.038910
0.023178
-0.007988
-0.029297
0.061890
-0.019104
0.024048
-0.043213
-0.028931
-0.047913
0.010551
0.029724
0.007523
0.009041
-0.003643
-0.015465
0.021774
0.003136
0.036163
-0.007690
-0.010422
-0.015465
0.021896
-0.007084
-0.021423
-0.012154
-0.000523
-0.009888
-0.037415
0.033203
0.023773
0.036407
0.004089
-0.042084
-0.037659
-0.003227
0.006969
0.004253
-0.011650
-0.028732
0.004604
-0.006840
0.055267
-0.012817
0.044678
-0.012909
0.009384
0.013977
0.051788
-0.023270
0.012566
-0.010033
-0.040588
-0.017776
-0.036194
0.042145
0.002535
0.030243
0.007111
-0.034729
-0.044403
0.001023
-0.013870
-0.000525
0.050476
-0.006580
-0.035828
0.015450
0.000568
0.000937
0.016830
0.014145
-0.037872
-0.015572
-0.010460
-0.005409
-0.029099
-0.007557
0.036713
-0.027817
0.018311
-0.006248
0.022614
-0.027466
-0.008522
-0.024918
-0.019241
0.034393
0.028854
0.029205
0.016388
-0.013145
0.016373
-0.019165
0.001301
0.008827
0.005264
-0.049896
0.011246
0.033997
-0.012993
0.030228
0.014244
-0.009804
-0.028076
0.012062
-0.003613
-0.008423
0.009338
-0.003857
0.029388
-0.074707
-0.000140
0.007927
-0.008270
0.007095
-0.015320
0.003948
-0.046326
0.009956
0.064514
0.006126
0.031250
-0.023895
0.008987
-0.020752
-0.001538
-0.032745
-0.036377
-0.022522
-0.031830
-0.020477
0.015671
0.014534
-0.032104
0.007404
-0.012115
-0.023758
-0.054779
0.021301
0.028671
0.012581
-0.032410
-0.029236
0.036499
0.007008
0.013550
-0.005844
-0.006447
0.032806
0.038635
-0.032715
0.019928
-0.017517
-0.023453
-0.024963
-0.003742
-0.018280
-0.023880
0.028824
-0.004623
-0.002779
0.045746
0.040314
-0.002018
-0.020630
0.027496
0.030731
-0.009613
0.019150
-0.017685
0.030258
0.011086
-0.003044
-0.039764
-0.014320
0.021851
0.005737
0.024597
-0.034180
0.007034
-0.023239
-0.005871
-0.002773
-0.014122
-0.049561
-0.006317
0.004784
-0.019318
-0.021378
0.017029
0.007812
-0.030365
-0.016754
0.024933
0.029587
0.007607
-0.019135
0.003115
0.040802
0.010292
-0.020584
-0.013351
0.014229
-0.007648
0.000042
-0.027313
0.023331
0.002663
0.008415
-0.023010
-0.033325
-0.015900
0.013329
0.017502
-0.033936
0.016739
-0.000678
0.012726
-0.028442
-0.012527
-0.004238
0.005989
0.035858
-0.018539
-0.005444
0.030685
-0.001949
-0.000189
0.007519
-0.000489
-0.022461
-0.006912
0.010712
0.013168
0.014595
-0.005451
0.039917
-0.013557
-0.009087
-0.025940
-0.014763
0.013763
-0.003960
0.004150
0.007587
-0.018677
0.008171
0.002514
0.026398
-0.016129
0.024063
0.000134
0.018723
0.007252
-0.021591
0.039276
0.036499
-0.033844
0.000403
-0.020462
-0.016953
-0.021561
-0.007797
0.007404
-0.021942
-0.014496
0.018890
-0.030899
-0.014763
0.031403
0.006023
-0.015366
0.026535
-0.019791
0.041321
-0.030060
0.006985
0.028320
0.038208
0.020844
0.016037
0.025635
-0.000937
0.004093
-0.004181
-0.004005
-0.041656
0.018692
-0.022888
0.032623
-0.012909
-0.002201
-0.004280
-0.026779
-0.034607
-0.029663
0.026230
0.033173
-0.006062
0.018814
0.005234
0.031921
-0.032532
-0.033966
0.000589
0.018066
0.036469
0.016922
0.011688
0.002031
0.029694
0.029541
0.024139
0.024765
-0.012352
-0.023880
0.001957
-0.004894
-0.032654
-0.008575
-0.012466
-0.016251
-0.002739
0.004452
0.008141
-0.014816
-0.007591
-0.022079
0.033997
0.009460
0.005051
0.020477
-0.009529
0.001137
0.017563
-0.012306
-0.032013
0.027374
-0.017029
-0.023026
-0.016052
0.018097
-0.005829
-0.033081
0.017807
-0.026001
-0.021484
-0.032776
0.014091
-0.018799
-0.021606
-0.005981
-0.026947
0.005638
0.013557
-0.014732
-0.033173
0.026947
-0.006531
0.008568
-0.035950
0.033417
-0.013191
0.025650
0.024261
0.014664
-0.039520
0.004993
-0.004215
-0.038452
-0.002562
0.028381
-0.030365
-0.031555
0.023499
0.025833
-0.026367
-0.033905
0.009567
0.031067
-0.003096
0.036682
-0.036041
-0.031677
-0.022369
-0.013054
0.007126
-0.034637
0.010262
-0.033539
0.001103
0.011810
0.003986
-0.016159
-0.033875
-0.013802
0.020187
-0.001390
0.017746
0.001111
0.012993
-0.012779
-0.020523
0.029999
0.007198
0.026672
0.020737
0.016541
-0.027679
-0.005707
0.030014
0.004421
0.011177
0.035431
0.020264
0.027908
-0.024704
-0.004147
0.034851
-0.019318
0.001855
-0.001342
0.005486
0.014046
0.020477
-0.001367
-0.012367
-0.002337
0.016617
-0.000025
0.018829
0.031036
-0.005527
0.004066
0.027588
0.006676
0.034515
0.014053
-0.028748
-0.008965
-0.001060
0.031433
0.039581
0.034729
0.021866
-0.028778
0.008965
0.009628
-0.020279
0.024506
0.011147
0.017075
-0.007725
0.030258
-0.030289
0.023712
-0.038422
-0.026337
0.011909
0.003616
0.005348
0.013405
-0.016342
-0.008339
0.008675
-0.009041
0.013542
-0.029053
-0.011856
-0.015083
0.027405
0.038696
-0.012306
0.008598
0.036621
-0.005653
-0.013199
0.017136
0.008377
0.003706
-0.013016
0.001054
0.023666
0.002037
-0.028076
-0.019806
-0.037781
-0.012703
0.024002
0.018860
0.027191
-0.010696
0.027023
-0.040070
0.037170
0.025177
0.029678
0.024277
-0.025940
-0.023026
0.002289
0.023911
0.030853
0.022522
-0.046265
-0.017075
0.030136
0.009315
-0.009232
0.015450
0.017944
-0.008751
-0.009598
0.004883
0.015251
-0.024841
-0.024780
0.032623
0.023697
0.038055
-0.027023
-0.015808
-0.012253
0.021133
0.017227
0.007565
-0.028915
-0.011963
-0.008118
-0.039276
-0.015175
0.006950
0.006271
-0.007435
0.013588
-0.017578
0.004253
-0.002787
-0.016830
-0.035461
0.008278
0.008385
0.007423
-0.036621
0.015701
-0.011665
0.019226
0.035583
-0.026627
-0.008286
0.036011
0.025299
-0.025696
-0.007076
-0.015717
-0.005280
-0.024185
0.021515
-0.037170
0.051025
0.008789
0.037415
-0.035614
-0.019608
0.008156
-0.011887
0.027298
-0.043640
-0.061096
-0.007584
-0.001900
0.002703
-0.033173
0.032867
-0.000886
-0.015701
0.024078
0.009247
-0.043701
-0.005611
0.014992
0.038910
0.006023
0.017746
-0.038361
0.014824
-0.005867
0.020050
-0.017181
-0.016159
0.027817
0.019424
-0.010841
0.034119
0.014328
-0.010040
-0.022003
0.023911
0.010040
0.005795
0.035156
0.012779
-0.002783
0.027420
-0.001822
-0.003485
0.002407
-0.002092
0.006870
0.022659
0.024292
0.003368
0.001160
0.014732
0.037048
0.021927
0.026062
0.042938
-0.009911
0.018066
-0.026520
0.012711
-0.019043
-0.015572
-0.019485
0.013443
-0.001747
-0.027878
0.001673
0.038605
0.033112
-0.022690
0.028839
-0.019730
-0.021942
-0.020676
0.040344
0.017593
-0.029602
0.016403
-0.015060
0.030975
0.035553
0.039490
-0.025986
-0.010124
-0.014900
-0.044464
-0.005356
-0.031021
-0.010200
0.030136
-0.032593
-0.004810
0.003933
-0.005680
0.023361
-0.019821
0.024567
0.000482
-0.036438
0.022354
0.014648
-0.019791
0.017548
0.003500
-0.022415
-0.012924
-0.015144
-0.002405
0.022827
-0.039124
-0.005356
0.026169
0.028336
0.049072
-0.002287
-0.039093
0.017715
0.042755
-0.007057
0.016495
-0.031219
-0.040527
-0.014320
-0.012062
0.018951
-0.000892
0.026672
-0.014580
0.010155
-0.026154
0.041443
-0.016052
0.035461
0.016190
0.013809
0.032013
0.034058
0.001868
-0.041046
-0.005329
0.011520
0.024353
-0.015160
0.006481
-0.016937
0.029327
-0.023087
0.029602
0.000297
-0.009300
-0.023376
0.000206
-0.019699
0.001345
0.014153
0.011047
0.009758
-0.024429
0.000959
0.018677
0.022064
-0.027145
-0.021530
0.027954
0.011276
0.009727
0.017258
-0.026413
-0.000792
0.016159
0.035583
0.000776
0.017136
0.003941
-0.023834
-0.003815
-0.018097
0.019073
-0.005104
-0.006401
0.018173
-0.002972
-0.010582
0.037262
-0.037262
-0.003073
0.040497
-0.015549
-0.005184
-0.006245
-0.028122
-0.016388
-0.032318
0.003876
0.021210
-0.014030
0.022720
-0.030273
-0.027573
0.031830
-0.030075
0.028168
0.035950
0.035034
0.036530
0.001714
-0.012802
-0.001294
0.017105
-0.005596
-0.004406
0.020920
0.017029
-0.011833
0.023346
0.010849
-0.030167
-0.009102
0.001434
0.014267
0.024902
-0.011414
0.024933
-0.024826
0.037659
-0.019073
-0.031555
-0.021790
0.017044
0.022369
-0.010292
-0.001420
-0.006252
0.031586
-0.008720
-0.007568
0.002562
-0.016998
-0.013657
0.038116
-0.017792
0.042084
-0.002981
0.030106
-0.012878
-0.009872
0.020813
-0.032074
-0.031921
0.016434
-0.043457
-0.017899
-0.026047
-0.008385
-0.031174
-0.016647
0.005463
-0.025085
-0.044830
0.014999
0.002151
-0.031738
-0.032501
-0.000250
0.000355
-0.039673
0.045258
-0.008690
0.033600
-0.015091
0.009842
-0.034973
-0.000374
-0.008026
0.006397
0.030960
-0.024155
-0.035767
-0.002636
0.014709
-0.039490
-0.022736
-0.010025
0.021698
-0.009102
-0.025894
0.006073
-0.029236
0.000367
-0.042053
-0.045654
0.020935
0.009102
-0.004456
-0.037262
0.010971
-0.038452
0.011803
-0.027084
0.000380
0.018692
-0.019028
0.014923
-0.003233
-0.016861
-0.044128
0.018417
0.024460
-0.011459
0.017914
-0.011070
-0.006248
-0.008278
-0.019379
0.012825
0.035980
0.004349
-0.014870
0.006847
0.000190
0.036224
0.019821
0.039978
-0.011513
-0.035858
-0.011917
0.004433
-0.030869
-0.049225
0.012703
0.002510
-0.022873
-0.046234
-0.047729
-0.026733
0.000081
-0.048218
0.005905
0.000095
0.042938
0.018921
0.027130
-0.041351
0.002071
-0.020294
-0.040497
-0.017212
-0.018265
-0.000710
0.037567
-0.007523
0.023819
-0.043488
0.027023
-0.008118
0.021576
0.020370
-0.024124
-0.051788
0.016495
-0.026657
0.003639
-0.006950
-0.044464
-0.000112
-0.021698
-0.031082
-0.020020
0.026123
0.002327
-0.004147
0.028763
-0.002686
-0.031952
0.005161
0.036621
0.009079
-0.033966
0.033905
-0.000102
0.022644
0.014702
0.009666
0.012566
-0.003027
-0.014893
0.015884
-0.016739
-0.030960
-0.011337
-0.031464
0.020294
-0.016464
0.011284
0.021591
0.030029
0.005653
0.008904
-0.010300
0.032013
-0.035675
-0.018509
0.022644
-0.003971
0.018234
-0.026917
-0.008415
-0.006660
-0.024658
0.037292
-0.030777
0.041779
0.021759
0.036560
-0.020035
0.012566
0.002821
-0.028946
0.000718
-0.005962
-0.035645
-0.028076
0.035858
-0.021378
-0.024734
-0.005745
-0.013145
0.017715
-0.003374
0.028641
0.026520
0.005318
-0.007881
0.024719
0.008186
0.024582
0.009796
0.025696
0.014748
-0.030609
-0.034149
0.030746
-0.022507
0.004333
0.039886
0.031921
-0.003983
-0.003555
-0.022293
0.014198
-0.026413
-0.020813
-0.026367
0.015945
0.011215
-0.006218
-0.014267
-0.025742
-0.009926
-0.026321
-0.001114
0.030411
-0.024124
-0.004829
0.016159
0.003994
0.025894
-0.010315
0.007660
0.028580
0.031219
-0.011765
0.020737
0.015190
-0.018341
0.016495
-0.010666
-0.005905
0.016754
0.023788
-0.010590
-0.005913
-0.002827
-0.003445
0.014885
-0.019791
0.010544
-0.019241
0.005634
0.028503
0.013382
-0.026749
0.008728
-0.039917
-0.008499
0.034821
0.031189
-0.002794
0.020279
-0.002836
0.020004
0.003334
-0.030106
0.010307
0.005909
-0.025726
0.033539
0.006134
0.029968
0.025253
0.003204
-0.024796
0.011711
0.023239
0.007652
-0.014496
-0.001544
0.031769
-0.022629
0.020493
0.005589
0.030792
0.004044
0.013641
-0.011719
0.010826
0.006279
-0.009483
-0.029694
0.030609
0.025803
-0.016174
0.005951
-0.032043
0.030304
-0.016144
-0.017609
-0.024948
0.011452
0.004272
-0.027557
-0.017029
0.024292
0.017166
0.015182
0.012993
0.031799
-0.020294
0.032288
0.027588
0.036346
0.007175
0.035065
0.024734
-0.026093
0.030685
0.029053
-0.018051
0.014542
0.013458
-0.016205
0.011520
-0.005329
-0.009216
-0.030807
-0.004128
-0.032593
0.001176
-0.007587
-0.000614
-0.030609
0.037415
0.035431
-0.025925
0.040039
-0.027908
0.018341
-0.010620
-0.008713
-0.024475
-0.012062
-0.031403
-0.005592
-0.019348
0.026199
0.022171
-0.007141
-0.004124
0.034576
0.016174
-0.008560
-0.000560
-0.000795
0.028549
0.002600
0.000271
0.032104
-0.033936
0.026062
0.037415
-0.035370
0.022232
-0.016113
0.001615
0.011269
0.015717
0.007286
0.015511
-0.026794
0.010284
0.015358
0.034393
0.024521
0.002502
0.003748
-0.033081
-0.024765
0.029999
-0.029343
0.020721
0.014397
-0.015930
0.021744
0.010696
-0.006123
-0.028748
0.018021
0.013329
0.020538
-0.000652
0.026978
0.022491
0.037872
0.023682
-0.016357
-0.007805
0.021439
-0.021744
-0.014862
0.007008
0.019913
0.011360
-0.019135
0.020279
0.000477
0.009689
0.018341
0.000663
0.018478
-0.023010
-0.038635
0.011192
-0.027191
-0.009460
0.012619
0.019745
0.033325
0.028488
-0.019165
0.015732
0.019287
-0.019913
0.018631
0.015884
-0.008476
0.029190
0.010895
0.026352
0.005054
-0.022110
0.008690
-0.003271
0.029480
0.032684
0.005074
0.004940
-0.019424
-0.013618
-0.032471
-0.026688
0.023026
-0.030319
0.035339
0.025940
0.028885
0.029190
-0.004105
-0.018524
0.007465
0.006264
-0.000979
-0.016098
0.027847
0.021957
0.007793
0.029297
0.028427
0.018677
-0.015900
0.023209
0.024017
-0.040192
-0.028427
0.020477
-0.006321
-0.026123
0.021759
0.037537
0.032410
-0.029449
0.023132
0.012535
-0.018311
-0.025101
0.036316
-0.016861
-0.009300
0.009308
-0.027740
-0.015656
-0.024261
-0.013748
0.021164
0.023376
-0.021164
-0.011818
0.029602
-0.024490
0.022232
-0.023392
0.010307
-0.014229
-0.005531
0.000133
-0.031158
0.030991
-0.036407
0.028839
0.001101
-0.026276
0.000853
0.004219
-0.012589
-0.001315
-0.021576
-0.019119
-0.019913
0.005741
-0.032196
-0.032013
0.007248
0.027802
-0.025009
-0.021545
-0.028717
0.017380
-0.010017
-0.007671
-0.012848
-0.019638
0.017944
0.036713
0.034393
0.017868
-0.026337
0.025711
-0.032410
-0.022949
0.023926
0.025909
0.027206
0.039398
0.012337
-0.018921
0.033447
0.008614
-0.020721
-0.005955
-0.006454
-0.027496
-0.017181
-0.034027
-0.009598
-0.016235
-0.003635
0.002016
-0.018982
-0.006374
0.030365
0.022476
0.013306
0.031555
-0.010780
-0.033081
-0.014214
0.022232
-0.018448
-0.010437
0.010178
-0.011406
-0.002779
-0.032959
-0.025192
-0.023132
-0.009888
-0.015045
0.022415
0.028946
-0.000500
0.035461
0.022934
0.011353
-0.044006
-0.014435
-0.018814
-0.010101
-0.029175
-0.011986
0.014610
-0.002022
0.016556
0.014336
-0.000047
0.017395
0.025879
-0.012627
-0.032349
0.032684
0.007996
-0.019775
0.017014
0.015778
-0.032104
0.037476
0.012260
0.022476
-0.038300
0.032440
0.005878
-0.015518
-0.027664
-0.016251
0.017731
-0.025650
0.027817
0.033508
0.022858
0.009941
0.027817
0.022781
0.001602
-0.000838
-0.022903
0.000613
0.005493
-0.015625
-0.021194
-0.011139
-0.019150
0.005638
0.025040
-0.020187
-0.018082
0.000696
0.026276
0.026276
-0.022278
0.003670
-0.019089
0.012283
-0.016907
-0.012718
0.034515
0.000016
0.038177
-0.001469
0.005707
0.004932
-0.018616
-0.016724
-0.026505
-0.002258
-0.013390
0.005608
0.034149
0.028458
0.017334
-0.018250
0.008980
0.039551
-0.019180
-0.020142
0.026733
-0.032043
0.009247
-0.044800
0.019745
0.020355
0.023270
0.001214
-0.033508
0.012207
-0.028778
-0.011574
0.018051
-0.016235
0.020355
-0.002752
-0.038727
0.036469
-0.032867
0.015274
0.020645
0.022125
-0.025177
-0.000404
0.003670
0.020691
0.022751
-0.005745
-0.024002
0.023590
0.032684
-0.028198
-0.015053
0.013611
-0.024673
-0.006508
-0.012856
-0.026535
0.008339
0.002026
0.041901
0.038666
-0.015686
0.012871
0.016708
-0.028748
0.013939
0.034149
0.001961
0.013199
-0.014740
0.018646
-0.014397
0.043091
-0.008224
0.006187
0.010750
0.008102
-0.008698
-0.006058
-0.014687
0.029633
-0.043915
0.003119
0.025085
0.000279
-0.002584
0.022797
-0.011169
-0.021820
0.039124
0.004807
-0.000498
0.011787
-0.019516
-0.023376
-0.006710
0.042267
-0.016190
-0.037445
0.010353
-0.049103
0.015160
0.023514
-0.016144
-0.007423
-0.015602
-0.017532
-0.015549
0.022110
0.017792
-0.019669
-0.002092
0.039581
0.035431
0.022873
-0.003038
0.015945
0.008209
0.008026
-0.003571
0.002550
-0.009766
-0.003170
-0.025787
0.038635
0.010284
0.029175
-0.040161
-0.022354
-0.011856
-0.006516
-0.002556
0.011955
-0.003531
-0.016174
-0.018173
-0.021851
0.017014
0.025848
0.024536
-0.005814
0.030899
-0.003786
-0.004726
0.013344
0.015244
0.022278
-0.021515
0.031769
0.027939
-0.018280
0.032349
0.034332
-0.026230
0.000002
-0.008354
-0.026123
-0.016251
0.013618
0.034698
0.002708
-0.041046
0.021973
-0.006004
-0.017136
0.015144
-0.010895
-0.026672
0.030609
-0.015900
-0.036224
0.032379
-0.026016
0.017502
-0.018875
-0.014946
-0.022766
0.019058
-0.010826
0.025635
0.009117
-0.007324
0.003563
0.001728
-0.025909
-0.001030
0.003166
-0.028564
-0.008995
-0.016876
0.006569
0.002085
-0.011292
-0.004982
-0.018631
-0.001775
-0.021393
0.010620
0.004143
0.017548
-0.003525
-0.024521
-0.009094
0.017105
0.033539
0.026749
0.029083
-0.035828
0.026978
-0.015839
0.014183
0.027115
-0.017639
-0.031982
0.035065
0.020157
-0.014061
-0.010735
-0.012619
0.007309
-0.005630
0.015450
-0.029907
-0.014503
-0.000107
0.025238
-0.017975
0.028564
0.005783
-0.022842
-0.025528
0.007442
0.016281
0.008553
0.021790
-0.011047
-0.012566
0.012436
-0.020889
0.005146
0.007896
0.009758
0.021774
0.031799
0.004692
0.025940
0.012306
-0.018829
-0.000904
-0.015617
0.012169
0.005573
-0.016632
0.034637
0.007324
0.015869
0.024216
-0.015175
-0.022507
0.013313
0.034363
-0.029587
-0.022614
-0.032532
-0.001294
-0.018631
-0.011757
-0.016876
0.044159
0.030685
0.010773
-0.010605
-0.010849
0.032227
-0.002308
-0.005768
0.012413
-0.008705
0.009705
-0.030075
0.016266
-0.033478
0.015884
0.036469
0.004025
0.012878
0.000951
0.040741
0.030746
-0.013466
0.016449
-0.033417
0.003998
0.042725
-0.015106
-0.006317
0.003489
-0.026291
0.019958
0.019913
-0.025009
0.000567
-0.029892
-0.010971
-0.010063
0.000401
0.029800
0.052582
0.027100
0.018936
0.023102
-0.030045
-0.022522
0.027603
0.023254
0.011658
-0.009613
0.016113
-0.017120
0.037567
0.021942
-0.016403
-0.013206
0.023560
0.047028
-0.009613
-0.008751
0.022858
0.009094
0.019485
-0.005028
-0.020859
0.002832
0.022568
0.001553
-0.030396
0.020401
-0.007607
-0.026260
-0.012550
0.030014
-0.024246
0.029465
-0.034912
0.010605
0.003035
-0.001866
0.013382
-0.002848
-0.051239
0.004349
0.014809
-0.035065
-0.032715
-0.020142
0.016266
0.044159
0.013893
0.036926
0.006218
-0.000140
-0.036804
0.007355
0.025558
0.000421
-0.024017
0.015312
-0.018051
0.024460
0.006611
-0.008308
0.041016
-0.003885
0.028778
0.001442
-0.016632
-0.029572
-0.022064
-0.034393
-0.013268
-0.023056
0.006569
-0.005020
0.009819
0.015686
0.024704
0.000862
0.014351
0.015808
0.004677
0.004494
0.034760
0.014221
0.011719
0.002634
-0.029999
0.004086
-0.028824
0.045502
0.030045
-0.024384
0.034515
0.018494
-0.021011
0.012375
-0.014038
-0.008377
0.032257
0.013947
0.040558
-0.025635
-0.027390
-0.033722
0.023987
-0.035492
-0.033020
-0.037323
0.000974
0.009308
-0.012886
-0.015656
-0.050842
0.030945
-0.027542
-0.017593
0.024612
-0.037170
-0.001008
0.032227
0.019485
-0.014839
-0.002245
-0.002073
-0.001162
-0.016876
-0.023315
-0.012848
0.025986
-0.028320
0.007240
-0.025146
0.039703
-0.018250
-0.044739
-0.005535
0.023636
0.004581
-0.011322
-0.016403
-0.008217
0.055267
-0.048737
-0.022903
-0.017731
0.009956
0.024841
-0.020844
0.032745
0.007874
0.035400
-0.041748
-0.032379
-0.005104
0.024994
-0.012939
0.025406
-0.015656
-0.028732
-0.012276
-0.005840
-0.009720
0.008133
0.003706
0.001945
-0.014793
0.044312
0.068359
0.045502
0.010796
-0.011536
0.010963
-0.010025
0.058228
0.018005
0.011711
-0.030441
-0.000224
-0.013725
-0.006947
0.013054
-0.016357
0.013359
-0.017075
0.024567
-0.007259
-0.008072
0.023132
0.014778
0.000177
-0.016861
0.000076
-0.002560
-0.029755
0.038086
-0.043427
0.031113
0.038849
0.004547
0.000745
0.011978
-0.002047
0.001937
-0.000178
-0.031006
0.004227
0.006969
0.002392
0.019623
0.043243
0.019836
0.016891
0.038147
-0.037231
0.016586
0.008713
-0.013405
0.032043
-0.001902
-0.004604
0.030762
-0.007664
-0.002918
-0.009834
-0.028671
-0.031921
-0.015427
-0.011429
-0.014961
0.029739
0.006813
-0.015083
0.018219
0.004120
-0.008583
0.018280
-0.023697
-0.022385
-0.013031
0.011902
0.031158
-0.000089
-0.030045
-0.009720
-0.027435
-0.003651
-0.015732
-0.028717
-0.002850
0.035156
-0.017365
0.013168
0.013733
-0.028473
0.032684
0.032440
0.038055
0.021942
-0.018097
-0.025833
-0.019180
-0.012657
-0.007866
0.028381
-0.015732
0.014168
0.030914
-0.031372
-0.004547
0.025772
0.017014
-0.015030
-0.032288
-0.014267
0.029572
-0.029205
-0.016571
-0.030487
0.019867
-0.002762
0.029510
0.012581
-0.028168
0.004051
0.030304
0.017410
0.051514
0.027618
0.029938
0.006878
0.006458
0.002588
-0.030945
0.004986
-0.000516
0.000230
0.030518
0.014359
0.008972
0.027512
0.032654
-0.022888
0.002018
0.001888
0.019333
-0.025986
-0.019363
0.010178
0.021927
-0.009888
-0.009689
-0.008743
0.023193
-0.014168
-0.021240
-0.001223
0.038086
0.024979
0.017639
0.004471
0.006302
0.029190
0.024658
-0.034088
-0.028961
0.026855
-0.005672
-0.000310
0.029892
0.008553
-0.004379
0.000539
0.005531
-0.018448
0.022003
-0.005077
-0.006607
0.018539
-0.014580
0.030167
0.003164
-0.024765
0.037598
0.021927
-0.037903
-0.027161
0.000122
0.033997
-0.047119
0.047821
-0.016754
-0.039886
-0.010620
-0.051514
0.010323
0.018066
-0.009140
-0.010384
-0.016541
-0.016006
0.017227
-0.029129
0.017502
-0.041992
-0.007324
0.026840
-0.009163
-0.032379
-0.022980
-0.044250
-0.008698
-0.017151
0.034668
-0.036499
-0.020554
-0.050659
0.014000
0.023041
-0.005787
0.022278
-0.030304
-0.000119
0.011787
-0.008614
-0.004086
0.017456
0.013046
-0.013527
-0.023697
-0.017609
-0.008347
0.015991
-0.042389
0.034546
-0.025162
-0.011398
-0.051849
0.004692
-0.017746
-0.006805
-0.005146
-0.018555
0.037689
-0.036957
-0.029175
-0.013390
-0.042480
-0.025314
-0.016327
0.001311
0.019669
0.034271
0.000894
0.030334
-0.026962
0.000365
0.053131
-0.002369
0.000194
-0.030273
0.008095
0.004894
0.009804
-0.003206
0.033539
-0.006752
-0.052307
-0.023468
0.022552
-0.041077
-0.007782
0.010597
0.033875
0.011604
-0.030563
-0.023071
0.028137
-0.007912
-0.000690
-0.006245
-0.034790
-0.014435
-0.009956
-0.031952
0.018372
-0.027466
-0.011345
0.012794
0.010391
0.000537
-0.007587
0.017868
-0.010803
0.030609
0.028488
0.006428
0.006397
0.012871
-0.022476
0.007980
-0.010674
0.024811
-0.042847
0.034119
-0.037659
-0.035431
-0.033600
-0.037994
0.009460
-0.031067
0.021759
0.028976
0.035004
-0.023270
0.048737
0.008469
0.017593
-0.000535
-0.013412
0.015594
0.020554
0.020508
-0.026382
0.026337
0.035095
-0.001192
0.035919
-0.034790
-0.003016
-0.012268
0.052917
-0.033722
0.017548
0.002766
-0.003073
0.013481
0.024017
-0.002768
0.007126
-0.002268
-0.005760
-0.014801
0.007126
-0.033356
-0.027084
-0.000839
-0.039978
0.023346
0.034119
-0.021240
0.010849
0.010826
0.025131
0.040192
-0.024002
0.001739
0.021332
0.000531
-0.044922
-0.029358
0.039246
-0.033234
-0.019989
-0.034760
0.008987
-0.026459
0.011894
-0.003767
-0.012589
0.019073
0.026764
0.021683
0.002487
0.029037
0.005703
0.022812
-0.015701
0.006271
-0.029175
0.002388
-0.018982
-0.002512
0.055450
0.005444
-0.028336
0.023834
-0.050659
-0.020203
-0.028717
-0.013664
0.008286
-0.018127
-0.017349
-0.015030
-0.007671
0.004005
-0.024384
0.026672
-0.001090
0.006615
-0.042053
-0.014465
0.052795
0.003201
0.008911
0.026627
0.035065
0.013245
0.019363
-0.010345
0.010025
0.003588
0.011688
-0.034454
-0.004395
0.053223
-0.016846
-0.032043
0.007698
-0.022705
-0.007633
-0.020401
-0.046326
-0.015976
-0.005119
-0.018524
0.018570
0.008339
0.036438
0.024857
0.032959
-0.002588
0.003635
0.035583
-0.018585
0.015915
0.043274
-0.009567
-0.002373
-0.005177
0.024551
-0.038971
-0.014481
0.007927
-0.025146
0.007618
0.019150
0.032257
0.038361
0.022003
0.005692
-0.009705
0.032867
0.046112
0.029510
0.037720
-0.020325
-0.025742
-0.004185
0.030426
-0.034180
0.016861
0.004330
-0.007328
0.009842
0.007866
-0.031189
-0.002869
0.006676
-0.013329
0.008583
0.033081
-0.034088
-0.028839
0.001839
-0.038208
0.002731
-0.025040
0.008148
-0.016907
-0.028885
0.000985
0.009521
-0.020233
0.002468
0.019089
-0.029694
-0.016953
0.037842
0.031494
0.001980
0.005409
0.021469
-0.005585
0.015137
0.013588
-0.028641
0.020554
-0.018005
0.002644
-0.029556
0.020233
0.003960
-0.018417
-0.010292
-0.007481
-0.007168
-0.021805
0.025070
0.011017
0.029175
-0.021149
0.006863
0.008430
0.018677
0.031158
0.018265
-0.016907
0.012978
0.002310
0.020096
0.002142
-0.015305
-0.015701
0.000618
0.023392
-0.010559
-0.024826
0.000801
0.035248
0.014610
-0.012161
-0.020508
-0.001339
-0.023026
0.002087
0.030975
0.002110
0.019791
0.035614
0.005928
-0.016769
-0.017807
-0.002337
0.034271
-0.011017
0.000112
0.020309
0.005993
-0.021362
-0.000725
0.039520
-0.005482
-0.001011
0.017914
-0.029938
0.015106
-0.022324
0.007553
0.020538
0.026581
-0.007050
0.013138
-0.033081
0.041901
-0.031311
-0.038269
0.033295
-0.001163
-0.035553
0.025787
0.045105
0.026810
-0.051575
0.021149
-0.035217
-0.015823
-0.003542
0.033600
-0.025131
0.001948
0.008797
0.030273
-0.009018
-0.040833
-0.030182
0.025604
-0.002260
-0.001415
0.010292
-0.025955
-0.007103
-0.014656
0.018021
0.035004
0.036743
-0.031082
0.043610
-0.003342
0.035187
-0.026123
-0.015282
-0.016937
-0.009773
0.042603
-0.018280
0.004299
-0.029480
-0.013504
-0.023361
-0.006794
-0.030045
-0.022049
-0.027466
0.046997
-0.022629
-0.013008
-0.002893
-0.023834
-0.008308
0.008759
-0.008934
0.010696
-0.007889
-0.019836
-0.023804
0.002512
-0.001493
0.031372
0.029327
-0.028610
-0.029663
-0.016708
0.022598
0.027771
0.028534
0.034241
-0.016373
-0.031464
0.015335
0.008232
0.030762
0.013702
0.017227
0.038910
-0.028595
0.024887
-0.024323
-0.012245
-0.019699
0.023987
0.020218
0.022903
0.008560
0.014732
0.004925
0.026154
-0.019531
0.039795
-0.021576
-0.021423
0.033142
-0.002901
-0.032196
-0.021194
0.023300
-0.003586
-0.027924
0.007374
-0.027878
0.019531
-0.000262
-0.027832
-0.007519
-0.012428
0.007336
0.006187
-0.045898
-0.017761
0.044708
0.032593
-0.035309
0.000200
0.015022
0.026825
-0.003805
0.008827
-0.015343
-0.007641
-0.023697
-0.010162
0.013664
0.039612
0.024841
-0.048553
-0.028275
-0.014832
0.044006
0.024582
0.040436
-0.015457
0.011253
-0.008888
0.028625
0.026428
0.031982
-0.025192
0.028381
0.032959
-0.007710
-0.031616
-0.018738
0.023193
0.027878
-0.015045
-0.049469
0.039886
0.043365
0.012428
-0.014320
0.006195
-0.012138
-0.001244
-0.021759
-0.017975
-0.001296
0.023193
0.023209
-0.035004
0.012703
-0.021286
-0.040588
-0.000354
-0.006569
0.031738
-0.000437
-0.034882
0.028870
-0.009224
-0.022415
-0.031052
0.021790
-0.018188
0.008987
0.006336
-0.018326
0.002523
-0.024216
0.014832
0.040558
-0.041412
0.017807
-0.040863
0.041534
0.029770
0.010704
0.036163
-0.013222
0.020294
-0.008232
0.026581
0.008682
0.028702
0.030930
0.023178
-0.034210
-0.042450
0.011360
-0.003937
-0.005470
-0.031021
0.038025
-0.014015
-0.038269
0.014000
-0.001377
0.007748
0.042053
-0.024338
-0.000944
0.019379
0.046753
0.003305
-0.021057
0.023224
-0.017303
-0.005337
-0.023117
-0.007557
-0.025024
-0.005020
-0.004608
0.036194
-0.046478
0.015617
0.004955
-0.033142
-0.042847
-0.016281
0.029099
-0.011757
-0.027252
0.036499
-0.005966
0.005695
0.040802
-0.034698
0.033752
0.024506
-0.012177
-0.017944
0.023392
0.019180
0.034302
0.041565
-0.040771
-0.001679
-0.010292
0.046143
0.023529
-0.031677
-0.015343
-0.009560
-0.007393
-0.018707
0.006817
0.002962
0.034821
0.018295
-0.005333
-0.040131
0.018616
0.008003
0.002068
0.015900
-0.027390
0.001441
-0.015823
0.020584
0.011787
-0.013458
0.030609
-0.036346
-0.005226
0.005745
0.015701
0.001730
0.030090
-0.015099
0.029160
0.008797
0.007198
0.039398
0.017746
-0.012520
-0.033417
0.019424
-0.010834
-0.020187
0.010742
0.027542
0.003439
0.013878
-0.029373
-0.014732
-0.007790
0.039215
-0.016220
0.001566
-0.038116
0.009308
-0.014793
0.011398
0.014198
-0.037689
0.032532
0.011780
0.024567
0.001869
-0.007454
-0.015747
0.003286
-0.022797
0.023956
-0.024216
0.009178
-0.002623
-0.027481
-0.009933
-0.003914
0.008293
0.000034
-0.013069
-0.000050
-0.002541
-0.036987
0.017334
-0.016037
-0.017960
0.016754
-0.013802
-0.007206
0.005714
0.019012
0.002268
0.018921
-0.009659
0.025101
0.011223
-0.016464
0.012154
0.001326
0.002821
-0.000551
-0.014191
0.010933
0.013718
-0.022537
-0.030518
-0.032501
-0.034515
0.026489
0.008896
0.018814
-0.020172
0.010414
0.026733
0.023865
0.036255
-0.035400
-0.010040
-0.039093
-0.009003
0.019806
-0.006454
0.002783
0.001792
-0.005802
-0.029953
-0.001309
-0.015060
0.011330
0.019196
-0.010513
0.023788
-0.005295
-0.028015
0.032806
-0.006916
0.010498
0.000991
-0.000728
-0.006756
0.008339
0.028564
0.024017
-0.006287
-0.025497
-0.016968
0.002102
-0.004459
0.012856
-0.008263
0.016937
0.000022
0.041931
0.009010
-0.008217
-0.016922
0.000159
0.024475
-0.015320
0.015701
-0.025604
-0.008469
0.022949
0.028137
-0.022812
0.021225
0.019394
-0.013786
-0.026001
0.014282
-0.025314
-0.004307
0.010880
0.007023
-0.009857
0.025345
-0.001993
-0.017456
-0.003237
-0.037598
0.019836
0.023575
0.006531
0.027008
0.002720
0.021271
0.033783
0.005390
0.017044
-0.013412
0.006741
0.034485
-0.001441
0.016129
0.014923
-0.020920
-0.006367
-0.028122
0.008553
0.027283
0.000486
-0.028793
-0.027267
0.008118
-0.009003
0.005512
-0.020248
-0.034393
-0.023636
-0.002256
0.015045
0.019226
-0.025406
0.014862
-0.029114
-0.000927
0.033356
0.009743
-0.002947
0.013832
-0.020798
-0.028015
-0.008156
-0.003366
0.005756
-0.029190
-0.013573
0.035858
-0.029633
0.031555
0.029221
0.023392
0.001953
-0.014732
0.000611
0.005379
0.009491
0.004387
0.015572
0.033600
-0.028366
0.028732
0.028625
0.036591
0.003759
0.034576
0.027664
0.001656
0.028641
-0.003122
-0.000289
0.014633
-0.006718
-0.021362
0.012657
-0.007641
0.039581
0.020523
-0.006462
0.037811
0.009689
0.020645
0.024506
0.033386
0.000241
-0.032684
-0.009705
0.010124
0.002268
-0.026581
0.014053
0.015793
0.011810
0.003111
-0.015167
-0.023697
-0.021851
-0.016052
0.022659
0.004963
-0.030533
0.010063
-0.007706
-0.030518
-0.008301
-0.013100
-0.032593
-0.023560
0.006275
-0.030197
-0.008347
-0.015976
-0.014519
-0.018677
-0.014565
0.020035
-0.020828
0.016129
-0.000643
0.018677
0.033691
-0.004974
-0.015640
-0.023880
-0.011169
-0.005772
-0.028046
-0.017746
0.016846
0.004780
-0.014641
-0.016068
0.024460
-0.041473
-0.010872
-0.002148
0.024918
-0.028015
-0.015419
-0.012405
0.008987
-0.002628
0.008560
0.006111
0.005714
0.004406
-0.006432
-0.007210
-0.031464
-0.018951
-0.019516
0.020370
0.022614
-0.003273
0.027893
-0.036163
0.003918
-0.005386
0.016830
0.024368
0.024719
-0.036346
0.026199
-0.045776
-0.017517
-0.027420
0.037140
0.061371
0.030212
-0.048798
-0.013725
0.031021
-0.012947
-0.028442
0.022842
-0.031082
0.020020
0.033783
-0.014893
-0.005928
0.007591
0.027679
0.024597
-0.014519
-0.000442
-0.010239
-0.022552
-0.026901
0.011566
0.000467
0.006420
-0.014961
0.006947
0.009941
-0.022720
-0.015556
-0.004368
0.005707
-0.018448
-0.031525
0.023758
0.000295
0.049896
0.018127
-0.013718
0.005409
0.031525
0.003500
0.017548
0.036438
0.005867
0.030594
0.046600
-0.005207
-0.013840
-0.003061
0.016846
-0.025101
-0.022598
-0.011703
0.026230
-0.008980
0.018448
-0.028473
0.016327
-0.004898
-0.004631
0.021927
0.033813
0.035645
-0.020996
0.001253
0.040863
-0.002897
0.009285
-0.000256
0.014885
-0.019485
0.005924
0.021286
-0.018677
-0.025131
0.013550
-0.023315
-0.008514
-0.006954
0.024673
-0.033112
0.026794
0.018280
-0.024002
0.039795
-0.000867
0.057098
0.006065
-0.037292
-0.002636
-0.013779
0.011047
0.027710
0.023453
0.004791
-0.009804
-0.029053
0.012863
0.044678
-0.023331
-0.017014
-0.033417
-0.007549
0.038727
-0.022568
0.023056
-0.022186
0.011230
0.041992
-0.031830
-0.024765
0.024826
-0.010323
-0.000540
0.028107
0.045990
0.002728
-0.017105
-0.021881
0.014381
0.006531
0.041443
-0.015640
-0.034943
0.017899
-0.016525
0.002441
0.009514
-0.024658
0.004948
0.009422
-0.014999
-0.006084
0.027527
-0.013023
-0.010925
-0.030655
0.024963
-0.018692
0.022507
-0.016708
-0.026367
0.020615
-0.057434
0.005013
0.029892
-0.020737
0.001961
-0.013275
-0.000159
-0.026535
-0.009712
-0.023499
-0.008125
-0.010582
-0.011276
-0.035309
0.003656
-0.006363
-0.029068
0.006962
-0.011589
-0.026169
0.001061
-0.030014
-0.016006
0.002155
0.027283
0.036926
-0.002312
0.018051
0.036224
0.013161
-0.015900
-0.033600
0.026428
-0.032074
0.015572
0.017456
-0.006882
0.028259
-0.026062
0.023987
0.003298
-0.023193
-0.009705
-0.024658
0.015129
0.022125
-0.000140
0.012604
0.024658
-0.032410
-0.006771
-0.035950
0.027664
0.016281
-0.010963
-0.011330
0.019012
0.028305
0.005966
0.002621
-0.004749
0.002810
-0.002998
0.018127
0.005001
-0.012665
-0.032867
0.038147
-0.008209
0.021210
0.034576
-0.007660
-0.027237
0.023758
0.000297
0.023056
0.001575
-0.027512
0.006630
0.007732
0.019852
-0.031616
-0.021652
0.028290
0.018372
0.032837
0.020996
-0.030807
-0.025620
-0.024872
0.014000
-0.003429
-0.034363
-0.008591
0.015228
0.012054
0.032745
-0.016785
-0.033112
-0.035126
-0.020004
0.028427
0.022308
0.017136
0.016556
-0.014656
-0.010948
-0.001823
0.008972
0.011009
-0.029770
0.029892
0.032532
0.033203
0.004951
0.005627
-0.016922
0.012230
-0.004681
0.019531
0.019241
0.025467
-0.010254
-0.000308
-0.004951
-0.007771
0.004871
0.024475
-0.019608
-0.023056
0.002100
-0.023087
-0.036041
0.035492
0.012878
-0.010826
0.001204
-0.028351
0.013794
0.017136
0.031555
0.032806
0.028763
0.015366
-0.005608
0.013535
0.020386
-0.029953
0.017685
-0.006683
0.017197
0.024734
-0.028030
0.036957
0.015808
0.008171
0.028107
0.033905
0.014023
