4.546875
-0.121033
-0.437256
2.960938
-1.111328
1.354492
2.041016
-0.490479
-0.099915
-0.005718
-0.016296
5.031250
-0.093628
1.007812
2.246094
4.140625
-0.175293
2.412109
-0.010406
-0.088562
2.550781
0.508789
-0.154541
-0.484863
2.621094
-0.922852
0.703125
-0.342041
-0.048065
3.039062
-0.157593
-0.058868
1.199219
2.642578
4.101562
-0.459229
4.339844
-0.291992
0.735352
-0.304443
-0.071411
2.085938
-0.029602
1.626953
-0.360596
-0.565430
-0.056763
-0.112183
2.683594
1.808594
0.054932
6.656250
-0.000756
-0.736816
-0.055542
0.540039
1.191406
-0.003990
-0.100342
1.299805
0.220215
-0.105652
-0.077637
0.095886
