2.223066986e-02 
1.037886620e+00 
1.022893548e+00 
7.491855621e-01 
-1.145875692e+00 
-1.507563889e-02 
-2.241024077e-01 
2.943960667e+00 
7.969562411e-01 
6.364734769e-01 
3.266991675e-01 
-1.285519600e+00 
1.938964605e+00 
2.633746266e-01 
8.102307320e-01 
3.393831491e+00 
-7.404207587e-01 
-1.117262244e+00 
-2.983798981e+00 
-9.771482348e-01 
1.009032249e+00 
5.150850415e-01 
-1.379336596e+00 
4.500874877e-01 
-9.820502996e-01 
1.767461300e+00 
1.934192181e-01 
1.152799726e+00 
8.318985701e-01 
1.034159541e+00 
7.317974567e-01 
1.672512531e+00 
1.862501979e+00 
1.290242553e+00 
-1.473834872e+00 
-2.829607725e+00 
3.344680548e+00 
-2.202774286e+00 
-4.552019536e-01 
7.609790564e-01 
-2.357399315e-01 
-1.731328368e+00 
2.398250401e-01 
-6.963200569e-01 
-3.525052667e-01 
-1.840291381e+00 
-8.021487594e-01 
1.747169256e+00 
-8.951091766e-02 
1.051025033e+00 
2.522157729e-01 
-8.417062759e-01 
1.012461066e+00 
1.487231851e+00 
-1.797402620e+00 
1.609946370e+00 
-7.994695306e-01 
1.293724418e+00 
-1.102318525e+00 
-1.039771557e+00 
1.805002570e+00 
1.987329572e-01 
1.538604856e+00 
-3.520103991e-01 
2.122452557e-01 
1.326019883e+00 
2.639119029e-01 
4.581801295e-01 
-1.254502654e+00 
7.409245968e-01 
-1.910538524e-01 
1.133981824e+00 
6.251130700e-01 
-2.203288555e+00 
3.054371834e+00 
4.720618725e-01 
5.024047494e-01 
3.401619196e+00 
1.187863588e+00 
-7.265546322e-01 
1.968652904e-01 
1.296221495e+00 
-8.914182186e-01 
8.782420158e-01 
-2.053929090e+00 
1.364082813e+00 
1.768299699e+00 
2.422188044e+00 
-1.934569359e+00 
-9.036291242e-01 
7.874391079e-01 
2.807251692e+00 
-1.318117380e+00 
1.076067686e+00 
-1.456422091e+00 
7.126897573e-01 
-1.108491540e+00 
-5.520523787e-01 
1.169947863e+00 
-1.261718273e-01 
-2.619155347e-01 
1.555214226e-01 
6.083714962e-01 
1.030943871e+00 
-6.595401168e-01 
9.831992388e-01 
1.172671318e+00 
-2.762579441e+00 
-3.955850601e-01 
-2.587423325e-01 
-2.053178310e+00 
-1.579426408e+00 
5.680525303e-01 
4.525961876e-01 
1.280667305e+00 
5.354329944e-01 
-1.663387299e+00 
1.059690356e+00 
-7.754927874e-01 
-6.847884059e-01 
6.431358308e-02 
-1.438537091e-01 
-3.289875388e-01 
-1.476685882e+00 
7.100416422e-01 
5.864129961e-02 
1.668114781e+00 
1.115252018e+00 
