0.241821
1.301758
0.251709
0.489502
-0.125122
0.769531
-0.019592
1.127930
0.607910
-0.217529
3.050781
0.506348
0.469971
3.396484
1.165039
-0.070679
0.206177
1.322266
-0.086304
0.897461
-0.205322
1.379883
1.797852
2.480469
-0.195923
-0.086609
0.797363
2.830078
-0.133545
1.121094
-0.144775
0.672852
-0.114136
-0.054993
1.147461
-0.013214
-0.025772
0.155396
0.605957
1.044922
-0.067261
1.024414
1.161133
-0.277100
-0.037262
-0.023758
-0.207764
-0.156738
0.569824
0.468018
1.257812
0.519043
-0.166748
1.085938
-0.075012
-0.070129
0.073853
-0.015854
-0.029541
-0.145386
0.697266
0.050354
1.657227
1.106445
