0.000790
0.032776
-0.024277
0.032410
-0.012901
-0.020416
-0.001236
0.020691
0.007610
-0.015495
0.026642
-0.005043
0.021835
0.015419
0.017624
0.004383
0.007366
-0.003235
0.037842
0.027512
-0.026520
0.033356
-0.013618
0.004459
0.001547
-0.026093
-0.008095
-0.029602
-0.017838
0.004055
-0.032898
-0.033875
0.031586
0.022369
0.016052
0.036560
-0.024292
0.032715
-0.013077
-0.025452
0.004364
-0.002544
-0.027405
0.034210
0.035034
-0.018631
0.022949
-0.004086
0.001812
0.021545
0.019577
-0.023193
0.023651
-0.033600
0.004585
-0.006981
0.005905
-0.017960
0.012413
-0.030945
-0.001641
-0.007351
-0.007702
-0.027359
-0.027679
0.022812
-0.026108
0.000207
-0.017334
0.026886
-0.017014
0.002644
-0.031311
0.021637
-0.011040
0.011177
0.023636
-0.033600
-0.010155
-0.024857
0.036346
-0.020905
0.011696
0.035004
-0.021225
-0.020905
-0.019577
0.010223
0.000406
0.018051
-0.035339
0.014496
-0.031097
-0.024277
-0.019028
0.013794
-0.034027
0.012184
-0.025406
0.029984
0.016602
0.031616
0.017075
-0.007168
-0.015602
0.017609
0.019989
0.009880
-0.025833
0.017792
0.008713
0.028061
-0.030029
-0.006706
0.022980
0.010323
0.023499
-0.015854
-0.016617
-0.010323
0.027512
-0.024048
-0.029510
-0.001506
0.012077
-0.013031
-0.027313
-0.011871
-0.009140
-0.028442
0.025681
0.054504
-0.008240
-0.009445
-0.017624
0.013313
0.010323
0.042938
0.004353
0.011276
0.039551
-0.036621
-0.016800
0.005424
0.027710
-0.020157
0.031403
0.007549
0.028610
0.018417
0.032288
-0.021957
0.008965
-0.005100
-0.012291
-0.015007
0.012566
0.025986
-0.019760
0.028320
-0.015717
0.000804
-0.004826
0.011307
-0.011765
0.036438
-0.017166
-0.014542
0.008339
-0.021103
0.034607
-0.028442
-0.006676
0.002533
0.026016
-0.016586
-0.001966
0.033600
0.018021
-0.015572
-0.015007
0.028168
-0.039246
-0.009750
-0.000338
-0.009651
0.009407
-0.016495
0.025314
-0.012749
0.022858
0.013649
-0.024628
-0.017746
-0.018738
-0.006157
-0.027481
0.029221
0.027756
0.001135
0.025269
0.009644
-0.005295
-0.001168
0.029480
0.043610
-0.028214
0.032623
0.042389
0.005726
-0.018845
-0.004341
-0.005219
0.009323
-0.016678
0.019577
0.037231
-0.040283
-0.015717
0.008194
-0.017563
-0.005856
-0.026672
-0.004246
0.031219
-0.004101
-0.021439
-0.021393
0.035675
-0.020950
-0.005749
-0.005550
0.024933
-0.030121
0.004787
-0.009895
0.034149
-0.015427
-0.007683
0.025192
0.019669
-0.012863
-0.009399
-0.027878
-0.029877
0.005215
-0.019470
0.033569
-0.005760
0.010048
0.034271
-0.034027
-0.004135
-0.020264
0.022797
-0.049866
-0.000107
-0.009651
-0.021332
0.017319
0.007042
0.037323
0.028931
-0.028580
-0.018005
-0.002817
0.004372
0.024689
0.029205
0.004696
-0.034729
0.020111
-0.034637
0.029282
-0.009926
-0.027802
0.030060
-0.010162
0.029419
0.029190
-0.018829
-0.044891
0.023026
-0.031494
-0.001965
0.036377
-0.007957
0.021683
0.001732
0.015854
-0.002943
-0.007763
0.027435
-0.034790
0.021072
-0.004482
-0.031372
-0.003092
0.031052
-0.026871
0.006050
-0.006058
0.006077
-0.040131
-0.021790
0.014137
0.000525
-0.024734
0.020248
-0.018936
0.019608
-0.036316
-0.000898
-0.022903
-0.002939
-0.023544
0.003807
-0.011215
0.015686
0.035126
-0.014221
-0.010376
-0.000349
-0.001432
0.007084
0.020584
0.022736
-0.031494
-0.043304
-0.034363
-0.016144
-0.030045
-0.009926
0.041534
0.004456
0.007942
0.000072
0.010353
0.026581
0.021484
0.015671
-0.019363
0.032593
-0.001538
-0.032074
-0.016022
-0.003551
0.039978
-0.029449
0.002882
-0.016174
-0.010902
0.020386
-0.015945
-0.011101
0.005501
-0.006874
0.005314
-0.026352
-0.017578
0.039276
-0.010284
0.012001
0.006447
-0.025894
0.019379
-0.018616
-0.024216
0.020508
0.022156
-0.035309
0.006027
0.026413
0.040344
0.004677
-0.019073
-0.006195
-0.029236
0.007786
0.019150
-0.000607
-0.034973
0.040375
0.002007
-0.004913
-0.005718
0.011833
-0.010887
0.021545
0.017838
0.015152
-0.015198
-0.047424
0.009705
0.028046
-0.010605
-0.004120
-0.025528
-0.027115
-0.022751
-0.035400
-0.016495
0.012253
0.026245
0.019058
-0.034210
0.008728
0.013474
0.000256
0.029327
-0.035400
0.025436
0.010948
0.001806
-0.008560
0.031708
0.031372
-0.018585
0.026978
0.028488
-0.026596
0.032471
-0.004181
0.003956
0.012001
0.005993
0.034241
-0.023422
0.016296
0.013298
-0.016907
0.014488
-0.003695
0.018753
-0.027878
0.011032
-0.026367
-0.024429
0.021973
-0.002174
-0.024078
-0.019989
0.013702
-0.022781
0.017685
0.020355
0.000698
0.007568
-0.025787
-0.035217
-0.029007
0.034363
0.031189
-0.028122
0.030701
0.006939
-0.019516
0.019836
0.001826
-0.018463
0.035339
-0.008369
0.016220
-0.005054
-0.016022
0.025620
-0.013611
0.035645
0.029266
0.013428
0.012856
-0.009148
-0.006618
-0.001898
-0.008659
-0.004864
0.013870
0.030792
0.017349
-0.022400
0.026520
-0.026398
0.019882
-0.023315
-0.020767
0.035461
0.029907
0.031616
0.024750
-0.024719
0.017670
0.003124
0.018448
-0.018005
-0.004761
-0.026306
0.020279
-0.004513
-0.018967
0.002058
0.025162
-0.025742
0.023529
0.003986
-0.026382
-0.024933
-0.008644
-0.032166
-0.016327
-0.028122
0.010818
-0.013763
0.007298
-0.010605
0.013603
-0.000999
-0.012367
-0.011917
-0.018463
-0.044983
-0.040619
-0.008156
0.028748
0.033478
-0.016312
-0.020279
-0.028915
-0.015381
-0.038055
-0.007408
-0.041504
-0.029114
-0.030792
0.018295
-0.024521
0.015617
-0.020950
0.015053
0.020554
0.014366
0.004276
-0.023239
-0.007812
0.015045
-0.017136
0.017517
-0.029648
0.026764
-0.015457
0.005733
0.021561
0.017242
0.005222
0.000635
0.003231
0.031677
0.009804
0.006588
-0.011696
-0.014603
-0.014061
0.017776
0.001330
0.027634
-0.005192
0.015099
0.005840
0.027328
-0.039825
-0.013405
-0.012939
-0.007935
0.028397
-0.011208
-0.010002
-0.012474
0.006607
-0.004829
0.003477
0.033661
0.001471
0.005169
-0.034668
-0.011917
0.027695
0.003450
-0.027740
-0.009277
-0.022171
0.045349
0.007240
0.013214
-0.016159
0.017593
0.021011
-0.036713
-0.014313
0.006302
0.021454
0.008461
-0.026581
-0.041077
0.014687
0.009880
-0.003649
0.015526
-0.013855
-0.010925
0.000896
-0.013138
-0.020721
0.029694
0.020355
-0.009254
0.019699
0.027206
0.011108
0.014999
0.011482
0.037140
-0.014748
0.001279
-0.016632
-0.008469
-0.018555
-0.029999
0.029495
0.014465
0.013077
-0.018921
-0.000808
-0.020081
0.004040
0.013962
0.007748
-0.019974
-0.009544
-0.001577
-0.009415
-0.023483
-0.011589
-0.008926
-0.012802
0.035034
0.026337
-0.022171
-0.036743
-0.013077
-0.046021
-0.032562
0.005058
0.005768
0.025345
0.038330
-0.025833
0.009201
-0.035034
-0.023407
-0.011581
0.007973
0.010437
0.024994
-0.005699
-0.022766
0.016586
-0.019394
-0.002951
0.022537
-0.000473
0.004230
-0.004147
-0.026566
0.019333
0.012283
-0.035370
0.011604
-0.012123
0.020218
0.008766
0.021439
0.004562
-0.019562
-0.002249
0.011848
0.007248
0.035767
0.024567
-0.031433
-0.002649
-0.032013
0.015366
0.027603
0.017929
-0.012756
0.001610
-0.018814
-0.008179
-0.001672
-0.022415
0.014633
0.008453
-0.039459
0.012253
-0.004829
-0.013855
0.013390
0.026779
-0.025131
-0.041351
-0.025970
-0.001342
-0.033997
-0.008308
-0.026535
-0.032379
0.016632
0.014458
-0.028519
-0.010231
0.013260
0.032898
0.011292
0.043793
0.031738
-0.019989
0.003603
0.000244
0.039642
-0.021332
0.024567
0.010040
-0.006744
0.009071
0.006306
0.017593
0.030624
-0.028549
0.041931
0.031952
-0.025864
0.034821
-0.019699
-0.024673
-0.029938
0.006081
0.007793
0.011292
0.017212
-0.018448
0.018692
-0.008415
-0.008415
0.033752
0.003666
0.006561
0.020447
0.039154
0.031982
-0.030533
0.029617
0.013145
-0.007793
-0.018036
-0.012863
-0.020309
0.019897
-0.001705
-0.024124
0.024490
0.012901
0.040314
-0.034760
0.043060
-0.010269
0.012146
-0.016510
-0.019455
-0.031677
0.037140
0.012955
-0.029587
0.029449
0.010323
0.014160
0.006161
0.042603
-0.046783
0.008354
0.005661
0.014946
-0.052002
-0.040680
-0.037659
0.052765
0.047119
0.034851
-0.020767
-0.024200
-0.000685
0.027359
0.024612
0.049896
0.018982
-0.005409
-0.014084
0.028275
0.063171
0.020035
0.014587
0.030350
0.017105
0.000001
0.009209
0.016113
0.054291
0.023148
0.013924
0.026947
-0.005810
0.012627
0.042664
-0.012970
0.044556
-0.015617
0.000693
-0.019470
0.014465
0.040314
-0.005379
0.034058
-0.004482
0.014397
0.037750
-0.004253
0.004032
0.024612
-0.001538
0.006348
0.053558
-0.027115
0.039673
-0.033173
-0.030991
0.038727
0.018265
0.017090
-0.012978
0.008522
0.031143
-0.068298
-0.030014
-0.015778
0.057739
0.026550
0.008942
0.030762
0.009743
-0.013062
0.019043
0.012131
0.021530
0.033783
-0.007179
0.006863
0.039673
-0.021545
0.025131
-0.017349
0.044739
-0.003229
-0.009888
0.036835
0.034210
-0.010330
-0.005001
-0.001292
0.015686
0.002842
-0.008781
0.011208
0.009094
0.004063
0.019363
-0.016556
0.005184
-0.052917
-0.029907
-0.016357
-0.007103
-0.010590
-0.020325
0.031738
0.022263
0.012505
0.001757
0.013847
-0.036957
-0.042084
0.036255
-0.006924
-0.016998
0.005051
0.011948
-0.035553
-0.028412
-0.034424
0.000398
-0.003012
0.033295
-0.037720
-0.021240
-0.020096
0.020630
-0.013603
0.000435
0.033783
0.013260
0.007149
0.001866
0.000763
0.004646
-0.020340
-0.031525
0.022842
-0.006992
-0.023361
-0.007122
0.011078
0.002102
-0.001237
0.053375
0.039856
0.004559
0.004505
-0.022812
-0.019836
0.013695
-0.012054
0.026611
-0.039215
-0.004288
-0.022141
0.035980
-0.012405
-0.016434
0.007584
-0.006050
0.000617
0.008545
0.037048
0.023041
0.018280
0.029129
-0.039429
0.015366
-0.022369
-0.031036
0.041382
0.009552
-0.007053
-0.041473
-0.015099
0.022934
0.038483
-0.029419
0.004459
-0.012970
-0.017105
0.039856
-0.048645
0.024307
0.022186
0.041260
0.041931
0.032318
0.006443
0.009445
-0.049866
0.008286
0.016739
0.012939
-0.015793
0.000763
-0.007587
0.010658
-0.001405
0.024307
-0.011093
0.006981
0.020630
-0.023727
0.011314
-0.014000
0.011017
-0.009926
-0.004162
0.016937
-0.022232
0.061035
0.005207
0.006485
0.015015
0.005695
0.026352
-0.018127
-0.006248
-0.018295
-0.014778
0.002766
0.002275
0.006119
0.001238
-0.036652
0.010605
0.037567
-0.028610
0.018921
0.023102
-0.050079
-0.011978
0.011505
0.000459
-0.024933
0.000540
0.016647
0.029129
0.018860
-0.028961
0.020706
0.032959
0.026047
-0.008018
0.027496
-0.012154
-0.006737
-0.007626
-0.021423
0.000970
-0.039429
0.058289
0.011986
0.000387
-0.010223
-0.015617
0.021378
0.041595
0.029160
-0.019287
0.041748
-0.030472
-0.016953
-0.012321
0.045868
-0.032898
-0.013107
-0.041229
-0.061768
0.013611
-0.001204
-0.005230
0.021820
0.006893
0.019104
-0.005054
0.017792
0.025131
0.021301
-0.007881
-0.015121
-0.016708
0.000408
-0.011139
-0.017487
0.022812
-0.035126
0.032318
-0.010483
0.011414
0.009262
-0.013039
-0.012009
-0.014244
0.051758
-0.030304
-0.000546
-0.015228
0.020218
0.034912
0.007637
-0.031311
-0.013878
0.032501
0.037323
-0.050385
-0.029526
-0.005280
0.043243
0.003103
-0.024750
0.011055
-0.009880
-0.039124
-0.009727
-0.005630
-0.020828
-0.042450
-0.020599
-0.038666
0.010414
0.008728
-0.032806
-0.033478
0.019638
0.009964
0.028625
-0.015457
0.016022
-0.014107
0.018219
-0.001651
-0.005367
-0.004951
0.027695
0.024811
-0.002970
0.013588
0.033356
-0.001505
0.019333
0.018723
0.032074
-0.027374
-0.041321
0.040161
0.032410
-0.018845
0.032562
-0.040192
-0.019226
-0.047852
-0.014053
-0.029175
0.040253
0.026199
-0.001235
-0.005547
0.021011
-0.007298
-0.031616
-0.038208
0.030304
-0.037018
-0.019806
-0.008064
0.021591
0.013779
0.003952
-0.046387
-0.014023
0.020859
0.028473
0.046265
0.023743
-0.027954
0.002689
0.001166
-0.018890
0.016815
0.034271
0.015091
-0.004807
0.022156
-0.001974
0.037140
-0.020264
0.015808
0.016403
0.016083
0.028107
0.036194
-0.029846
0.028229
0.002861
-0.029114
0.039032
0.011566
0.018005
-0.025864
0.011879
0.017792
-0.006779
0.047852
0.027664
-0.012726
0.008018
0.005829
-0.028503
0.008224
-0.005356
0.006290
-0.024384
-0.008530
0.033783
-0.039459
0.048523
0.026031
0.032867
-0.005260
0.012840
0.032349
-0.001253
0.035400
-0.014900
0.044403
0.027969
-0.024292
0.015961
0.020004
0.004276
0.014824
-0.023773
-0.013229
0.000789
-0.050049
-0.004147
-0.005436
0.025620
-0.013252
-0.006622
-0.007774
-0.011093
0.035156
-0.013962
0.006813
-0.017242
0.015022
-0.021225
0.017502
0.024399
0.021591
-0.006630
0.028641
-0.016174
-0.017365
-0.015686
-0.021179
0.014816
-0.026337
-0.024506
0.019104
0.034210
-0.027527
0.023605
-0.017044
-0.000768
-0.012154
0.036072
0.012772
0.005875
-0.040070
-0.015961
-0.035950
0.015617
0.014771
0.003910
-0.023972
0.033356
-0.014931
0.025757
-0.020447
-0.028992
0.001699
-0.025970
-0.030685
0.020844
-0.005844
-0.025558
0.046417
-0.036438
-0.035553
0.002052
-0.017899
-0.027161
0.023575
-0.004875
-0.011627
0.002277
0.040558
0.007988
0.040924
-0.025986
-0.005707
0.014030
-0.027283
-0.001022
-0.040161
0.016830
0.023224
-0.041779
-0.021210
0.029388
-0.025436
-0.009743
0.027115
-0.004063
0.030197
0.010857
0.035400
0.034241
0.005924
0.025681
-0.001869
-0.013580
-0.031677
0.001010
-0.009285
0.023453
-0.013588
-0.002705
-0.021088
0.017578
0.002542
-0.000377
-0.020325
0.002674
-0.000792
-0.033661
-0.005749
-0.016174
0.007793
0.014549
-0.029495
0.022263
-0.012192
0.020172
0.000310
0.016281
-0.004356
0.005096
0.027328
-0.021393
-0.006557
-0.004745
-0.029327
0.037842
-0.010422
-0.002989
-0.027252
-0.036072
0.007980
-0.006809
0.025879
-0.028992
0.025024
0.008049
0.015579
0.026184
-0.002106
-0.021225
0.023880
0.008736
-0.001761
0.027802
-0.006676
0.032288
-0.000061
0.042511
0.018936
0.017914
0.031433
-0.020905
-0.037201
-0.026520
0.029190
-0.015564
-0.038452
-0.022629
0.019730
0.034363
-0.019760
-0.009384
0.018234
-0.017532
-0.028763
0.012489
0.011383
0.039062
-0.032013
-0.040802
-0.033234
-0.007660
0.036926
0.018555
0.032501
0.038177
-0.029480
-0.010597
0.023224
-0.040131
-0.038452
0.031860
-0.031586
-0.021744
-0.005276
-0.020065
0.029144
-0.031647
-0.027954
0.001897
0.003761
0.026901
0.006500
-0.037750
0.013863
-0.025681
0.047821
-0.010818
0.036987
0.068054
-0.015717
0.023422
-0.015823
-0.014771
-0.001376
0.049225
-0.056824
-0.036743
-0.051025
0.016846
-0.002897
0.009132
0.019653
-0.027832
-0.011559
0.030457
0.011879
0.013329
0.009102
-0.031647
0.058044
0.037842
0.000638
-0.011978
-0.062469
0.043488
0.017807
-0.011055
0.036743
-0.016281
-0.016739
0.000938
-0.006332
0.006985
0.024933
-0.016251
0.062286
-0.020706
0.042755
0.033691
-0.017792
-0.024689
-0.033325
0.019913
0.002495
0.046997
0.041687
-0.050476
-0.013954
0.058533
0.023956
0.033966
-0.036774
0.042328
-0.013123
-0.009590
0.003069
-0.001267
-0.018967
0.041595
0.015717
0.000021
-0.018921
0.018890
-0.013321
-0.014130
-0.045624
-0.023376
-0.002258
-0.012482
0.017334
-0.023758
0.020767
-0.054138
0.017715
0.005676
0.016006
-0.054657
0.000735
-0.025253
0.033203
0.034515
0.035309
0.001051
-0.009521
0.037170
0.031494
0.039154
-0.009872
0.054688
-0.035980
0.026215
-0.056366
-0.047607
0.030136
-0.030563
-0.036560
-0.022598
-0.048492
-0.020233
0.025620
-0.037781
0.017746
-0.007523
0.022247
0.005833
0.045319
-0.053253
0.042175
-0.012398
-0.035950
0.045471
-0.006222
-0.023224
0.002693
-0.027863
0.019424
-0.002508
-0.011230
0.021042
-0.016708
0.030182
-0.034058
0.033905
0.014984
0.020737
0.043884
0.038025
0.013290
-0.016754
0.001038
0.039154
0.040070
0.003498
0.019760
-0.031021
0.041260
0.013664
0.028229
-0.017395
-0.033722
0.010330
0.033569
0.029648
-0.010910
0.031372
0.007572
0.015511
0.036835
-0.020782
0.016953
-0.051880
-0.024384
0.041168
-0.011078
0.047150
0.018051
0.046753
0.027817
0.031677
-0.022690
-0.023346
0.004402
0.049255
0.006588
-0.023392
0.005642
0.020996
0.013878
-0.017487
0.006927
-0.035461
0.001169
0.006618
0.039734
0.008659
-0.017639
0.001930
0.015427
0.005177
-0.021225
0.021408
0.030365
0.020233
0.016907
-0.050537
0.003340
0.001930
-0.023453
0.049500
0.015167
0.011719
0.018784
0.015495
-0.029907
-0.013718
0.014885
0.005714
-0.003933
-0.018677
0.032593
-0.008636
0.012833
0.012177
0.032562
-0.022842
0.030167
0.010429
0.011810
-0.029099
0.018661
-0.005753
0.013573
0.007118
-0.014404
0.034302
0.000375
0.008751
-0.036926
-0.022827
-0.004955
0.006443
-0.006645
0.036835
-0.022400
0.016678
-0.031128
-0.031616
0.014954
-0.024109
-0.022202
-0.001708
0.001692
0.032440
-0.009644
-0.010300
0.016876
0.007214
-0.009995
0.011917
-0.013039
-0.035187
0.022247
-0.024475
0.017731
0.052765
0.024689
0.029449
-0.018692
0.011208
0.002892
-0.018433
0.036621
0.041931
-0.033051
0.010040
0.012726
-0.018524
0.026062
0.039001
0.010468
0.006805
-0.029053
0.001259
0.010353
-0.021057
0.036285
0.021927
0.000370
-0.007313
0.011810
0.006855
-0.004269
0.042999
-0.011086
-0.013847
0.042419
0.024109
0.006512
-0.018524
0.002035
0.000504
0.052429
-0.016510
0.009415
0.012901
0.046112
0.010025
0.008026
0.027145
-0.040680
-0.000091
0.008293
0.016281
0.045044
-0.011818
0.010124
-0.021133
-0.016861
0.010704
0.007336
0.038696
-0.012688
-0.012466
-0.006657
0.035828
-0.023453
0.016281
-0.008202
0.005119
-0.036896
-0.022781
0.044678
0.000241
0.017624
0.008766
0.038605
0.019363
0.006424
0.012421
-0.004414
0.039764
-0.031433
-0.025253
-0.029861
0.030151
-0.015549
0.023712
0.030136
0.023529
0.016708
-0.006599
-0.034180
0.001798
-0.042908
0.036621
-0.018890
0.013092
0.032410
0.010849
-0.009071
0.012360
0.039215
-0.009682
-0.026733
0.007801
-0.007290
0.015961
0.020294
-0.042389
-0.018524
0.015900
-0.007858
0.002169
-0.024841
0.012657
0.034180
-0.010170
-0.009811
-0.024872
0.011345
-0.004074
0.007801
0.013481
0.035217
0.023117
0.005337
0.020142
-0.015610
0.004341
-0.020599
-0.018661
0.000735
0.011665
0.016541
-0.004509
-0.019180
0.006184
0.018387
0.011711
0.013634
0.042816
-0.023514
0.035126
0.002935
-0.034424
0.004253
-0.005199
0.005840
-0.020081
-0.019897
0.012825
0.011841
0.020599
0.025162
-0.003117
0.008804
0.017532
0.007626
0.004780
-0.028397
-0.010086
0.034271
-0.018021
0.021774
-0.019714
-0.016693
-0.008629
0.002480
-0.040802
-0.016922
0.026047
-0.002909
0.044800
0.023392
-0.028214
0.016083
-0.002920
0.036560
-0.015541
-0.009338
-0.032837
-0.021866
-0.018967
-0.021530
0.027802
-0.040436
0.042389
0.005589
0.006729
0.004723
-0.025040
0.007748
-0.006321
0.018280
0.027786
-0.016525
0.030212
0.041351
0.027298
-0.017258
0.038391
-0.003315
0.033356
-0.010689
-0.021194
0.019974
0.013695
0.044495
-0.034241
0.009125
0.010880
-0.004276
-0.012314
0.030777
-0.018692
0.021698
0.026917
0.001133
0.012115
0.000156
-0.007454
-0.004623
-0.042450
0.001809
-0.017242
-0.035889
0.009041
-0.023849
-0.002689
0.028824
-0.022385
0.024506
0.029037
-0.016617
-0.025223
0.019531
-0.003582
0.049805
-0.004509
0.011314
0.014267
-0.004036
0.013824
-0.006466
-0.014832
-0.006157
0.007759
0.015434
-0.005272
0.040283
0.011414
0.033234
0.017090
-0.019455
0.031281
-0.028030
-0.007092
0.036987
-0.000635
0.041382
-0.030075
-0.011177
0.006252
-0.039642
0.004776
-0.035553
-0.006935
-0.040009
-0.013763
0.002190
-0.020111
0.024963
0.024246
0.007004
0.027130
-0.007347
0.026291
0.016983
-0.010902
0.005486
-0.014229
-0.011581
0.009071
0.003513
0.010406
-0.017792
0.031235
0.024124
0.018005
-0.004784
0.052612
0.024338
0.030029
-0.017090
-0.004219
-0.022308
0.010368
-0.036255
0.005005
-0.003290
0.036499
0.019867
0.030716
-0.008598
0.024246
-0.023056
-0.019012
-0.003447
-0.019714
0.020721
0.037323
0.034149
0.007267
0.030579
0.022644
-0.039734
-0.025635
-0.018295
0.031982
-0.003944
-0.037567
0.022156
0.004482
-0.020432
-0.033142
-0.001285
0.019470
-0.034668
-0.013306
-0.014389
-0.010948
-0.012154
-0.017380
-0.036194
-0.024551
-0.024673
0.007000
-0.028580
-0.004959
-0.009689
0.003859
0.033325
-0.019104
0.001116
-0.032440
-0.037842
0.039398
0.014885
0.017807
0.005325
0.039459
0.027374
-0.005974
-0.034119
-0.002859
0.010094
-0.005001
0.014122
0.023209
0.009102
-0.017273
-0.033081
-0.009949
0.010757
-0.031891
-0.006210
0.016113
0.022842
-0.032410
-0.002953
0.009842
-0.000689
-0.009872
-0.038208
0.007721
0.009056
0.029358
-0.038971
0.007248
0.006359
-0.025253
-0.018066
-0.004986
0.005432
0.012276
-0.005135
-0.007275
0.018051
0.003231
0.014282
-0.010208
0.049591
0.007286
-0.033539
-0.018265
-0.021973
-0.015335
0.022949
-0.007092
-0.022827
-0.027222
-0.027588
-0.008041
0.024841
-0.009407
-0.032837
0.013557
-0.002369
0.023117
-0.022247
0.001660
-0.012314
-0.033447
0.000889
-0.022949
-0.025970
-0.008064
-0.011635
-0.014488
0.023956
-0.014427
-0.007702
0.013206
0.019836
0.010803
0.016220
-0.030960
-0.006069
-0.023865
-0.004326
0.004433
-0.013702
0.021072
0.024643
0.019928
-0.002476
-0.034973
0.040894
0.039429
0.009789
0.009911
-0.019287
0.004871
0.005344
-0.000079
0.032715
0.021988
0.000198
0.033051
-0.034271
0.006039
-0.016327
-0.031616
0.039520
0.035065
-0.025925
0.029282
0.030731
0.011803
0.020844
0.025589
0.029953
0.029160
-0.028320
-0.038940
-0.032532
0.011642
0.003443
-0.002426
0.044861
-0.003611
-0.025192
0.036316
-0.012802
0.030670
0.028885
0.014633
-0.029144
0.004520
-0.009338
-0.004822
-0.000288
-0.040466
0.015594
0.006466
-0.034637
0.009720
-0.005032
-0.012772
0.036072
-0.008415
-0.040344
-0.007454
-0.021957
-0.002567
-0.029739
0.001126
-0.034637
-0.028488
-0.009239
0.024963
-0.029846
0.003304
0.038025
0.031982
-0.007477
-0.022049
0.003086
0.005726
-0.038177
0.010628
-0.012665
0.002026
0.027481
0.005764
0.019394
-0.025269
0.013367
0.008156
0.043488
-0.007751
0.020493
-0.007019
0.006298
0.019348
0.038940
-0.033813
0.006866
-0.009476
-0.003147
0.035645
-0.020355
-0.036530
0.029358
-0.009224
0.015778
0.009468
-0.028107
-0.027496
-0.001266
-0.031921
0.033386
-0.028168
-0.006706
0.020813
0.014503
-0.028748
-0.000251
-0.027618
0.013008
-0.033295
-0.023712
0.008408
-0.005257
-0.024826
0.011200
0.009407
0.006474
0.002003
0.010353
-0.016510
-0.012032
-0.023911
-0.015854
0.012489
0.025772
0.041321
0.017288
-0.027237
0.035522
-0.016083
0.030731
0.013008
0.032166
-0.028976
-0.008331
0.021988
-0.005096
-0.030380
0.030853
0.022278
0.019379
-0.027313
-0.025406
-0.009247
0.027298
0.013214
-0.000033
-0.023148
0.018570
0.012093
0.012253
0.002535
0.010368
-0.013817
-0.011497
-0.020447
0.010262
-0.006481
-0.012482
0.037628
0.021683
-0.027115
0.007828
-0.007332
-0.017334
0.019104
0.014412
0.008247
0.009094
0.001843
0.023071
-0.017929
0.029327
-0.029572
-0.035339
0.033234
0.032349
-0.006817
-0.017075
-0.000242
0.035278
-0.010643
0.000195
-0.020096
-0.008560
-0.027267
0.032349
-0.031952
0.038513
0.035156
-0.012901
0.023438
-0.003651
-0.002157
-0.009140
-0.018890
0.007511
0.011513
-0.022491
0.019699
-0.014931
0.034271
-0.005947
-0.008118
-0.008118
0.022278
-0.014267
-0.021301
-0.025772
-0.024155
-0.014610
0.017929
0.034821
-0.010200
0.016815
0.020035
0.021729
-0.027832
-0.004322
0.013542
0.027740
-0.003122
0.015305
-0.017578
-0.000212
-0.007061
-0.013672
-0.010956
0.032684
0.013931
0.020630
0.010597
0.030640
0.036194
0.036530
0.009186
0.018463
-0.031036
-0.006393
0.030624
0.029694
-0.014168
-0.019882
-0.021042
0.015793
0.015335
-0.007656
0.034363
0.032318
0.006779
0.016861
0.000228
0.019348
0.026718
0.011314
-0.017120
0.018250
-0.033997
-0.020233
0.023010
0.039246
-0.014107
-0.005222
0.020065
0.004055
0.003494
0.028671
-0.002813
0.014946
0.019531
-0.006737
0.001700
0.008026
0.031143
-0.034882
-0.009247
-0.033203
0.018936
0.013046
0.035248
0.031052
0.026947
0.019440
-0.032013
0.021698
0.033966
0.019562
-0.036255
0.016220
0.003626
0.006153
0.013290
0.033569
0.004562
-0.023758
0.016037
0.002180
-0.029114
0.026306
-0.027557
0.014236
-0.020569
0.022903
0.000033
0.034821
-0.011414
-0.028336
0.011688
-0.024307
0.034393
-0.017075
0.023392
-0.020218
-0.018143
0.002918
-0.003347
0.007565
0.009987
-0.021118
-0.012115
-0.029037
-0.006592
0.004250
0.010010
-0.002342
-0.027466
0.026794
0.001655
0.037659
-0.005566
-0.020111
0.016006
-0.028076
0.023254
0.031204
0.023544
-0.006897
0.031738
-0.015152
0.008629
-0.011360
0.010788
0.016113
-0.027496
-0.016327
-0.029099
-0.025574
0.003641
-0.029892
0.005745
-0.022415
0.015045
-0.015526
-0.014809
-0.025681
-0.012268
0.039215
0.005188
-0.020950
-0.020142
0.019791
0.007423
0.028717
-0.003145
-0.017944
-0.006943
0.028793
-0.003321
0.012154
-0.037415
0.007252
-0.017914
-0.013390
-0.016083
0.034607
0.014290
-0.014191
-0.000162
-0.036896
0.003130
0.033203
-0.028564
0.017746
0.030319
-0.024658
-0.007721
0.009377
-0.000953
-0.030640
0.022202
0.033813
0.018478
0.039154
-0.016998
0.029510
0.023148
-0.024323
-0.028625
-0.007965
0.035461
-0.003023
-0.027954
-0.000965
-0.003382
0.011597
0.029984
-0.027740
0.023041
-0.014038
-0.006199
-0.028717
-0.006195
-0.003452
-0.021500
0.007687
0.015686
0.028717
-0.010933
0.010017
-0.014877
-0.021973
0.014946
-0.019211
-0.012253
0.030334
-0.016022
-0.004345
-0.030853
0.011925
-0.012215
0.014465
0.011719
-0.010582
0.038330
0.007004
-0.002489
-0.008430
0.004658
0.026474
0.024551
-0.024414
0.019089
0.007385
0.013985
0.010300
0.030304
-0.001304
-0.019806
-0.008553
-0.018097
0.027313
-0.040070
0.025452
0.000681
-0.020203
-0.022308
-0.028244
0.039612
-0.029236
-0.033600
0.011093
0.034088
0.031342
-0.018173
-0.011673
-0.012077
-0.004761
-0.008621
-0.009506
-0.010162
0.011475
0.008263
-0.028793
0.013206
0.039429
-0.001347
-0.015182
-0.049164
-0.010719
0.000210
0.024628
-0.007271
-0.017609
-0.026855
0.032806
0.041626
0.004848
0.006653
0.034485
-0.001380
-0.029663
0.038696
0.011246
0.015068
-0.011024
0.026871
-0.007275
0.015366
0.034729
-0.009872
-0.030365
-0.001195
0.008080
-0.024490
-0.034760
0.005840
-0.000562
0.026001
-0.014351
0.026733
0.001736
0.034637
0.020050
-0.025192
0.009674
0.018265
-0.009598
-0.026642
-0.007637
-0.005417
0.020767
0.028610
0.019669
-0.000347
0.036682
-0.000658
-0.005009
0.028870
0.020767
-0.020889
-0.010246
-0.017960
-0.031372
-0.024307
0.035309
0.019470
0.005718
0.004669
-0.028091
0.035950
0.010941
0.010597
-0.009247
0.004292
0.031281
0.018753
0.037811
-0.010262
0.010406
-0.033783
-0.000874
-0.019318
0.038330
-0.036011
0.026794
-0.004139
-0.015312
0.021561
-0.031342
-0.006779
0.006935
0.019424
-0.026047
0.010406
0.014893
0.023575
-0.005360
0.012032
-0.031281
-0.032135
-0.010124
-0.008072
-0.025803
-0.004341
0.001293
0.021545
0.015297
0.031250
0.023148
0.034851
-0.041412
0.007904
0.026276
0.025726
0.014633
-0.012314
0.030655
0.035919
0.021820
-0.031891
0.017090
0.010246
0.025360
0.008949
-0.035797
-0.025238
0.008316
-0.041016
0.015274
-0.017654
-0.038300
-0.045593
0.008492
0.001008
0.047485
-0.009415
-0.027283
-0.001805
0.029114
-0.010117
-0.048584
0.034424
0.013390
0.016678
-0.014458
0.025436
-0.037262
0.010765
-0.003582
-0.009438
-0.020065
-0.002083
-0.006500
0.017639
-0.016388
-0.008263
-0.043518
0.026779
-0.007191
0.035675
-0.036774
0.027664
-0.010048
-0.026260
-0.015465
0.028809
0.008133
0.010239
0.034180
0.022385
0.018616
-0.001765
-0.013214
0.001725
-0.016312
0.035583
-0.030594
0.004917
0.030807
-0.009460
0.029312
-0.026169
-0.014282
-0.041260
0.013336
-0.013741
0.016357
-0.023758
-0.010826
-0.019409
0.002821
-0.026230
0.018478
0.038757
0.010345
0.054810
-0.007439
-0.023376
-0.016861
-0.025314
-0.040436
0.023636
-0.027222
-0.011063
-0.035797
0.012108
0.021576
0.003050
-0.030701
0.006195
0.039886
-0.022644
0.011230
0.017487
-0.017487
0.018219
0.024323
-0.013008
0.008255
-0.014023
-0.009315
0.009148
-0.001711
0.017166
0.039612
0.002399
-0.019012
-0.017059
-0.003757
0.014000
0.032257
-0.010948
-0.009315
-0.027771
-0.047058
0.010612
-0.015717
-0.016037
0.018311
-0.062286
-0.024231
0.019943
0.001081
0.036591
0.024139
0.012352
-0.028687
-0.001838
0.019806
0.017181
0.024857
-0.025299
0.021454
-0.026718
0.017456
-0.001025
0.030380
-0.003025
0.025375
0.026627
-0.000482
-0.016739
0.009171
-0.007675
-0.019806
-0.003889
0.007919
-0.002016
-0.014061
0.013100
-0.008286
-0.018509
-0.001297
-0.001138
-0.003124
0.034729
0.039490
0.014252
0.032227
-0.022797
-0.006245
-0.009117
0.025940
0.021805
0.019562
-0.028152
0.018478
0.018204
-0.024933
-0.023163
-0.024933
0.024155
-0.014351
0.004917
-0.015732
-0.005138
0.002956
0.002865
-0.021851
0.018829
0.014397
0.010635
0.020203
0.005890
-0.015129
-0.002495
0.028244
0.008598
-0.022675
-0.001412
0.024536
-0.003975
0.002033
0.000646
-0.010239
0.031174
-0.009300
-0.018051
-0.019760
-0.009277
-0.010185
-0.014679
-0.010391
-0.027176
0.021957
-0.021439
-0.000674
0.035248
-0.019257
0.021576
0.002426
0.032593
0.007240
0.018845
-0.017822
0.029724
0.016235
0.008621
-0.014961
-0.039459
-0.026688
0.002203
-0.030762
0.016922
-0.010094
-0.010124
-0.011192
0.001226
-0.014122
-0.036285
-0.028519
0.034576
-0.006237
0.027527
-0.042419
0.019318
0.022461
-0.012833
0.011490
0.026886
-0.007008
-0.009651
0.020691
-0.007259
0.002319
-0.001783
-0.003479
-0.016251
-0.021652
-0.019424
-0.025238
0.006886
0.021820
-0.040588
0.027039
-0.013206
-0.031143
-0.040405
-0.013062
0.019943
0.017776
0.031250
-0.025360
-0.025375
0.006119
-0.013351
-0.028427
-0.008041
0.013237
-0.004219
0.017532
0.048737
-0.000908
0.033875
-0.008415
0.034729
0.044128
0.000772
-0.030823
-0.038788
0.005707
0.002546
0.007965
0.031128
-0.003855
0.016846
-0.054077
-0.027222
-0.001835
-0.025421
-0.007584
0.024704
0.012825
-0.001063
-0.012268
-0.016708
-0.022354
0.006496
-0.016754
-0.025436
-0.007252
-0.000204
-0.037109
-0.015839
0.045013
-0.040192
-0.021988
-0.029083
-0.011116
-0.012283
0.006310
-0.022919
-0.034119
0.007046
-0.041901
0.018295
-0.004250
-0.048340
-0.034088
0.021744
-0.044891
-0.001216
0.033722
0.004475
0.015282
-0.059418
0.021515
0.037231
-0.032166
-0.008194
0.027466
-0.006611
0.000216
0.005283
0.006870
0.016220
0.004288
-0.003269
-0.033142
-0.047943
0.015053
0.011368
-0.019577
0.026077
0.003263
-0.041656
-0.041046
0.030182
-0.016693
-0.004124
-0.014870
-0.015869
0.002827
-0.006500
0.033356
0.004623
0.030533
0.015656
0.013039
-0.053253
-0.014397
-0.022217
0.039856
0.037781
0.000691
0.005341
-0.033295
-0.013260
-0.028595
-0.024582
0.031860
-0.008255
-0.039734
-0.025391
0.021118
0.013367
0.002449
0.034637
-0.023926
0.018600
0.000442
-0.016251
-0.029175
-0.010689
-0.010315
-0.034210
-0.044159
-0.043396
0.028244
0.000123
-0.021790
-0.002035
-0.027069
0.022934
0.020523
0.029816
-0.015976
-0.009315
0.008423
0.003777
0.040131
0.014565
0.017410
0.018768
0.015900
-0.013069
0.020737
-0.025177
-0.022476
0.018021
-0.025620
0.036346
-0.017288
-0.012505
0.007000
-0.025024
0.011879
-0.033264
0.039215
0.024445
-0.025314
0.014679
0.022736
-0.028168
-0.027924
-0.008606
0.003267
-0.034210
0.042053
0.017883
-0.011002
0.005241
0.010284
0.000114
0.005928
-0.030136
0.035980
-0.033875
-0.025787
0.025116
0.037628
0.029999
-0.025284
-0.003262
-0.011139
0.010277
-0.002430
0.016281
0.036438
-0.032867
-0.028717
-0.007507
-0.027267
0.031052
-0.025314
0.023621
0.005043
-0.005707
-0.043427
0.006973
0.021255
0.002808
-0.010536
0.006969
0.031677
0.008057
0.005810
0.029297
-0.036621
0.011856
-0.009674
0.006100
0.001874
-0.013969
0.008888
-0.008171
0.022644
0.015419
0.019287
-0.003214
-0.009941
-0.001094
-0.015045
-0.014030
-0.024521
-0.017776
-0.024323
-0.008347
0.001987
0.006248
-0.020599
-0.019958
-0.009331
0.004704
-0.003578
-0.030014
0.033752
-0.012192
-0.007233
-0.021866
-0.000728
-0.013260
0.006584
0.010918
-0.011551
0.009872
0.030792
0.018280
0.003519
-0.018250
-0.015686
0.031433
0.025162
-0.004913
-0.002384
0.023697
0.020233
-0.001205
0.041656
0.009811
0.033783
0.017609
0.025436
0.028107
-0.013214
0.026260
0.016449
0.003542
-0.002281
-0.011581
-0.013161
-0.000602
0.024200
-0.025269
-0.011559
-0.035065
-0.006538
0.002335
-0.030624
0.007336
0.035797
-0.015701
0.013664
-0.014587
0.014236
0.031128
0.033020
-0.033661
-0.031616
0.012245
0.000088
-0.027039
-0.009895
0.029922
-0.019028
0.006672
0.026245
0.019501
0.022842
0.002775
0.010132
0.008904
0.002993
-0.011230
0.024414
0.032104
-0.028778
-0.028778
0.015640
-0.020050
0.021729
-0.011497
0.011337
-0.011391
0.001479
-0.002764
0.008072
-0.036560
0.015549
-0.001660
-0.015205
-0.026260
-0.022339
-0.008652
-0.028915
0.002350
0.014641
-0.032196
0.002085
-0.028076
-0.019455
0.022507
0.022766
-0.006077
-0.024689
-0.022705
-0.012077
-0.011955
-0.040436
0.034027
-0.000401
-0.037170
-0.012108
0.019547
-0.023560
0.004082
0.008705
0.000374
-0.034729
-0.028381
-0.002012
-0.006069
0.007217
0.002642
0.021942
-0.004040
-0.032776
-0.012207
0.019485
0.015518
0.007122
0.023865
0.037964
-0.004734
-0.016235
0.016617
0.007561
0.022079
-0.033752
0.019379
-0.031708
-0.019043
-0.016541
0.030045
0.007820
-0.032593
0.024643
-0.006432
-0.004776
0.024857
-0.000958
0.035797
-0.052673
0.010284
0.032257
-0.007145
-0.017273
0.026749
-0.030945
0.013680
0.019684
0.051025
-0.016785
-0.004326
-0.036957
-0.050537
0.034424
-0.012497
0.027069
-0.026352
-0.008942
-0.017136
-0.018982
0.015625
-0.013336
-0.019806
0.039307
0.024261
-0.000416
0.039551
-0.001351
-0.002047
0.006672
0.003633
-0.007950
-0.015442
0.007683
0.000618
-0.028320
0.054871
0.011681
0.016708
0.013458
0.017151
0.027451
0.002325
0.001107
-0.030472
-0.027206
-0.019577
-0.000105
0.015152
0.005558
-0.000157
-0.020615
0.005783
0.003448
0.005398
0.006714
0.002132
0.024002
-0.032349
0.030777
0.013680
0.008629
0.033783
-0.024628
0.003744
-0.004707
-0.019516
0.022858
0.033234
0.008064
0.027206
0.055084
-0.007904
-0.015549
-0.026596
0.044739
0.016327
0.010544
0.029175
-0.026337
-0.015602
-0.016922
0.004486
-0.009750
0.004620
0.033081
-0.022461
-0.019592
-0.055115
0.023438
-0.030472
-0.064270
-0.034088
0.003956
-0.030396
0.032257
0.018326
0.016098
0.043976
0.014748
0.020767
-0.045776
-0.035095
-0.042786
-0.019379
0.007282
-0.018982
0.021393
0.018280
-0.002731
-0.000096
-0.012733
0.011581
-0.019867
0.017975
-0.031235
0.030914
0.004414
0.015961
-0.009163
0.030945
-0.032928
0.057983
0.024063
0.002113
-0.029739
-0.004375
0.003113
0.003963
0.000103
0.024490
-0.026855
-0.006214
-0.018295
-0.015640
0.010727
0.006592
0.005146
-0.018250
-0.010582
0.017960
0.012550
0.042511
0.019104
-0.008415
0.001455
0.027084
-0.052490
-0.019333
0.001160
0.017319
-0.007874
-0.004128
-0.051880
-0.034271
0.004498
0.014236
-0.008324
0.003983
-0.027481
0.009903
0.012352
0.010017
0.023148
0.011414
-0.003876
0.016068
0.025101
-0.016281
0.030182
0.014122
-0.006401
-0.010231
0.015076
0.016815
-0.020599
0.015656
-0.032990
0.002594
0.041992
0.050049
-0.009651
0.020172
-0.037354
0.009323
-0.010437
0.009262
0.004471
0.019958
-0.036896
0.008812
-0.037781
0.017578
-0.009819
-0.007694
-0.031158
-0.025955
0.007240
-0.021347
-0.002125
-0.027725
-0.023697
0.003391
0.025208
0.025360
-0.009254
-0.031036
0.015350
0.002028
-0.009216
0.003151
0.028336
-0.010750
-0.024628
-0.015617
-0.001247
-0.010948
0.010933
-0.031799
0.044067
0.002790
0.025864
-0.003925
-0.029022
0.009911
0.013580
-0.001384
-0.020660
0.010330
-0.005505
-0.066406
-0.012428
-0.014793
0.004356
-0.028763
0.004955
0.006546
-0.010872
-0.042450
0.015900
0.006912
-0.006084
0.002800
0.000581
-0.036316
-0.041321
-0.016190
0.014915
-0.010277
0.002890
0.011063
-0.020126
0.033813
-0.055176
-0.011292
-0.043579
-0.024857
-0.067261
0.038910
0.017136
0.012985
-0.005173
-0.051910
0.033142
-0.023773
0.029297
-0.000559
0.034058
-0.022308
0.024933
-0.029694
0.029297
-0.006546
-0.029770
-0.032227
-0.008507
0.012764
0.017670
0.040558
-0.028091
0.004639
0.011475
-0.005852
0.029083
0.018066
-0.008667
-0.019333
0.003284
0.060547
-0.013054
-0.002754
0.012955
0.002731
-0.000222
0.002851
0.009453
0.032806
-0.014122
-0.008331
0.014870
-0.035950
-0.008331
0.043884
-0.008743
-0.012558
0.015106
-0.016968
-0.025558
0.002123
-0.012352
-0.013664
0.016449
0.004742
0.005753
-0.041626
-0.013794
-0.019745
0.027603
-0.003008
0.006161
0.017273
0.013390
0.044037
-0.012306
0.009346
0.025818
0.002096
-0.004704
0.057770
0.055573
-0.009842
-0.024445
0.012360
-0.027679
0.016083
-0.010986
0.004154
-0.042053
0.002714
0.008293
0.057922
0.025452
0.008415
-0.003885
0.022324
-0.003149
-0.014832
0.010513
-0.012413
-0.036224
-0.013718
-0.003107
-0.010689
0.018906
0.017761
0.001107
0.011185
-0.008606
-0.006039
-0.011520
0.002541
-0.018417
0.039764
0.007317
0.019150
0.008743
-0.006889
-0.070618
0.023132
0.038635
-0.000341
-0.002501
0.022476
0.005276
-0.030640
0.008331
0.020203
-0.029617
-0.029251
-0.028778
-0.007469
-0.010208
0.027725
-0.027634
0.033386
-0.026550
-0.025009
-0.004078
-0.024963
0.015991
-0.006699
0.021500
0.022827
0.033051
0.014877
0.002375
-0.019623
-0.031082
-0.021896
0.022644
-0.004589
0.004963
0.039429
-0.033417
-0.022324
0.017365
0.034760
0.020081
0.021393
0.031128
-0.020844
0.002481
0.015312
-0.000764
-0.010994
-0.023880
0.016586
-0.028397
0.022888
0.023407
-0.018234
-0.030151
0.042114
-0.025024
0.004307
-0.031982
-0.005875
0.022186
-0.011467
0.023514
0.002035
0.008179
0.025360
0.023422
-0.029358
-0.019867
0.034851
0.018265
-0.019989
-0.029419
0.009369
0.007599
-0.028610
0.030258
0.032257
0.018326
0.005116
-0.009132
-0.024841
0.032990
-0.026978
0.023911
0.011955
-0.002409
-0.021942
-0.001490
-0.005276
-0.021866
-0.011589
0.026627
0.029892
-0.010651
0.028809
-0.028168
-0.003057
0.012810
-0.016327
0.002546
0.015411
-0.006851
0.026657
0.037994
0.023300
0.010780
0.009743
-0.010597
-0.029373
-0.022537
0.014053
-0.008698
0.040985
0.001133
0.031372
-0.021744
0.014641
0.021729
-0.030731
-0.025162
0.000783
0.002874
0.037964
0.022186
0.030731
-0.025192
0.006824
0.002897
0.005695
-0.024994
-0.010551
0.006546
0.009407
0.002819
-0.011063
-0.003115
0.032257
-0.013031
-0.016846
0.003052
-0.007641
-0.008781
0.013435
-0.023361
0.023453
-0.042297
0.009209
0.014153
0.025742
0.028015
0.008614
-0.033966
-0.010506
-0.012947
0.018204
-0.016754
0.034882
-0.022293
-0.007275
-0.010368
-0.014626
-0.009995
-0.009163
-0.008904
-0.008881
0.000931
0.000906
-0.035645
0.006119
0.015915
-0.037872
0.022491
0.031708
0.028610
-0.015488
-0.045746
0.014633
-0.029739
0.016922
-0.017975
-0.015625
0.016418
-0.014320
-0.020660
-0.026932
-0.011620
0.030090
0.014809
0.007957
-0.007896
0.034760
-0.026062
-0.037781
-0.037964
-0.000032
-0.030701
0.022995
-0.028351
0.005066
0.019226
0.005127
-0.014740
-0.003922
0.025360
0.003372
0.012932
0.000179
0.016663
0.032379
0.036255
-0.042603
0.016846
-0.032257
-0.022659
-0.026642
0.018723
0.017853
-0.007244
0.010895
0.019501
0.005932
-0.009506
0.020706
-0.004784
-0.022995
0.001760
0.014603
-0.016556
-0.028137
-0.023911
0.029053
0.009773
-0.027039
-0.005909
-0.016281
-0.018158
0.022964
-0.011932
-0.002651
-0.023529
0.002449
0.005466
0.021286
0.007648
0.010857
0.011070
-0.028519
-0.019165
0.018478
0.000384
0.020721
0.023636
-0.020950
-0.010017
0.028122
-0.023148
0.038696
0.021774
-0.026978
0.030212
0.004234
0.005421
-0.004383
0.016327
0.035614
0.012794
-0.043549
0.009781
-0.010391
-0.009811
-0.006729
-0.011017
0.031235
-0.024658
-0.051086
-0.021942
0.025589
0.051147
-0.034332
-0.033173
-0.034302
-0.035278
-0.029846
-0.026138
0.002636
-0.014343
-0.023041
0.010300
0.017517
0.025833
0.028412
-0.021408
0.015457
-0.009270
-0.019333
-0.029785
-0.002031
-0.018753
0.020554
0.017258
0.002855
0.016159
0.005627
-0.048859
-0.047516
0.016953
-0.063110
-0.027359
0.026779
0.016495
0.023483
-0.013962
-0.042450
-0.041351
-0.002842
0.026718
0.007515
0.028152
0.031067
-0.030228
-0.009140
0.021866
-0.002232
0.002361
0.004822
-0.002356
0.024551
-0.044678
0.001538
0.000500
0.028992
-0.025040
-0.004757
-0.005741
0.033447
-0.036438
0.011200
0.025299
-0.049713
0.026917
-0.008804
-0.047333
0.019241
0.038879
-0.003853
-0.043060
0.014404
0.066284
0.021713
-0.024155
-0.000117
0.007587
0.012299
0.063477
-0.027039
-0.033661
0.035065
-0.003029
0.017273
0.031555
-0.008263
-0.026596
0.026459
-0.072021
0.022797
-0.031738
0.004227
0.029587
0.003523
0.002794
0.007427
0.017181
0.018021
-0.024353
-0.015388
0.001572
-0.007004
-0.007271
0.013824
-0.007225
-0.025009
0.000807
-0.012032
0.016907
-0.004509
0.006779
-0.017151
0.008659
-0.011284
-0.011375
0.029037
-0.032776
-0.020157
0.009109
