-0.86914062
-0.88378906
1.2666016
0.37646484
0.057769775
0.49487305
0.20202637
-0.89111328
0.72949219
-0.34057617
-0.87744141
-0.18469238
-1.1777344
-0.015220642
-1.265625
0.80664062
0.50683594
0.67626953
-0.18981934
-0.16784668
1.0087891
-0.052307129
0.81152344
0.31787109
0.68847656
0.10662842
-0.10925293
-0.76660156
-0.30761719
0.42114258
0.8125
1.4697266
0.12072754
-0.026245117
-0.43774414
-0.47241211
0.25390625
0.828125
0.22167969
1.3320312
0.23803711
0.05480957
0.050018311
0.16882324
0.15881348
-0.068908691
-0.026855469
0.31591797
-0.17260742
-0.23840332
0.34814453
0.34814453
0.40576172
-0.50878906
-0.63671875
0.79833984
0.66552734
0.86523438
-0.40405273
0.022018433
-0.24914551
0.59667969
0.26928711
-0.56884766
0.0597229
-0.12573242
0.1427002
0.69287109
0.37890625
0.058624268
0.35302734
0.60400391
1.0800781
-0.73828125
-0.60839844
-0.22021484
-0.34106445
0.55224609
0.11437988
-0.24072266
0.74121094
0.28710938
0.024658203
0.75683594
0.38793945
0.18273926
-0.93017578
-1.0175781
-0.77246094
1.3554688
0.91015625
0.29101562
-0.52734375
0.82080078
0.70800781
-0.34912109
0.76660156
-0.39111328
-0.095458984
-1.1787109
-1.6064453
-0.65087891
0.60986328
0.37695312
0.68359375
0.82617188
1.3710938
0.6328125
0.82421875
-0.27587891
-0.1418457
-0.73632812
0.46704102
-1.8847656
0.46704102
1.3076172
-0.16809082
-0.22692871
0.63720703
-0.47290039
-0.25439453
0.12316895
-0.3581543
-0.65039062
0.56298828
-0.36743164
-0.061523438
0.64892578