0.14379883
0.48583984
0.10388184
0.091796875
0.44018555
0.051757812
-0.37011719
-0.2409668
0.29736328
-0.17810059
-0.044952393
-0.39257812
-0.12890625
0.15563965
0.036193848
-0.37231445
-0.45751953
-0.47363281
0.43212891
-0.13818359
0.34301758
0.38549805
0.14404297
0.022766113
0.22753906
0.12744141
-0.18005371
0.20703125
0.4230957
-0.065429688
0.12030029
-0.22167969
-0.53857422
0.098144531
-0.13342285
-0.058837891
0.083007812
0.14770508
-0.02381897
0.21447754
0.17175293
0.10974121
0.29394531
0.18676758
-0.38720703
0.087158203
0.25708008
0.29418945
0.41430664
0.19567871
0.063110352
0.058837891
0.1427002
0.16845703
-0.0079421997
0.15075684
0.48291016
0.46264648
0.32348633
0.0095443726
0.1184082
0.2244873
-0.031616211
0.5625
0.086608887
0.28222656
0.10955811
0.0048103333
0.46386719
-0.11914062
0.23400879
0.0287323
0.17272949
0.24243164
0.35253906
-0.049041748
0.16552734
0.076782227
0.14343262
0.2076416
0.13244629
-0.140625
-0.27294922
-0.37524414
0.34936523
0.13183594
-0.24975586
-0.077209473
0.023773193
-0.12084961
-0.10418701
-0.039093018
0.15686035
0.30224609
0.10955811
-0.14770508
-0.0030879974
0.2019043
-0.047851562
0.0059661865
0.094970703
-0.40283203
0.086364746
0.062805176
0.016220093
0.38745117
0.050567627
-0.080200195
-0.055511475
0.10766602
-0.03326416
0.11669922
-0.10638428
0.52685547
-0.065002441
0.42822266
-0.034545898
-0.1842041
0.09765625
0.296875
0.14953613
-0.11505127
-0.083496094
0.15856934
-0.24121094
0.0362854
0.06161499
-0.052185059