1.280625165e-01 
4.482162893e-01 
1.324950308e-01 
6.790751964e-02 
4.455369711e-01 
1.086867750e-01 
-3.118852973e-01 
-1.597562432e-01 
3.574924171e-01 
-1.532142162e-01 
-6.081552058e-02 
-3.137063086e-01 
-9.103064239e-02 
1.201254576e-01 
-1.603010856e-02 
-3.771565855e-01 
-5.367494226e-01 
-4.551204741e-01 
3.584503233e-01 
-8.259836584e-02 
3.215657473e-01 
3.565583229e-01 
1.219981760e-01 
7.472649962e-02 
2.336818278e-01 
8.533088863e-02 
-2.641001046e-01 
2.215418518e-01 
3.773421645e-01 
-2.261292189e-02 
1.629504114e-01 
-3.002338707e-01 
-5.475501418e-01 
1.069683135e-01 
-1.252950132e-01 
2.127159387e-02 
4.977039993e-02 
5.757090822e-02 
-4.181136936e-02 
2.393076420e-01 
1.186028868e-01 
1.869803816e-01 
2.738826573e-01 
2.356112599e-01 
-3.207520843e-01 
6.539081782e-02 
2.697547972e-01 
2.083944380e-01 
3.296028972e-01 
2.138069570e-01 
7.475967705e-02 
2.315753512e-02 
1.410890520e-01 
1.439963132e-01 
-2.579437569e-02 
2.052061558e-01 
5.176017880e-01 
3.710443676e-01 
3.102074564e-01 
-2.028198168e-02 
1.107898802e-01 
2.534770966e-01 
-6.514848769e-02 
6.175718904e-01 
1.038055494e-01 
3.513181806e-01 
8.811909705e-02 
2.668255381e-02 
4.361968040e-01 
-1.514073610e-01 
2.614988387e-01 
-8.760409430e-03 
1.904505640e-01 
2.632068098e-01 
2.894460261e-01 
-1.226364300e-01 
2.123024911e-01 
1.342625022e-01 
7.546291500e-02 
1.309237927e-01 
1.656210274e-01 
-7.605223358e-02 
-3.241660297e-01 
-4.133630693e-01 
2.758510411e-01 
2.057383209e-01 
-2.265253216e-01 
-3.838885576e-02 
1.425532810e-02 
-8.944445103e-02 
-1.958328635e-01 
-4.304657504e-02 
1.395789981e-01 
3.257492483e-01 
1.755808294e-01 
-1.490264088e-01 
-3.648288175e-02 
2.741402388e-01 
-3.983324021e-02 
-2.489523962e-02 
6.718271971e-02 
-4.151770771e-01 
2.867575362e-02 
1.519265398e-02 
-3.409047611e-03 
3.424790800e-01 
8.977414668e-02 
-9.690126777e-02 
-3.122120723e-02 
1.351004690e-01 
-9.797462821e-02 
3.420305997e-02 
-8.516535908e-02 
5.038380027e-01 
2.468870953e-03 
3.369494677e-01 
-3.186025843e-02 
-2.151369154e-01 
2.203450352e-02 
2.934845984e-01 
6.990582496e-02 
-4.128905758e-02 
-9.398867190e-02 
2.038088888e-01 
-2.321445048e-01 
6.333690882e-02 
7.953350991e-02 
-9.094137698e-02 
