0.014954
0.035248
-0.031799
-0.012909
-0.028442
0.002214
-0.024612
-0.000676
-0.009735
0.019516
0.010742
-0.022476
-0.023926
0.026245
0.018814
0.023392
-0.039062
0.031494
-0.033966
-0.020035
-0.020721
0.011650
-0.006985
0.013809
-0.024414
0.021988
0.004688
-0.000429
-0.004009
-0.026749
0.028778
0.001951
-0.028992
0.016495
0.001868
0.001126
-0.018845
-0.026703
-0.011215
0.008064
-0.021667
0.016006
-0.026581
0.003405
0.028748
0.001426
-0.018295
0.013626
0.025742
0.011452
0.003513
-0.024063
-0.015259
-0.030670
0.017029
-0.017075
0.002224
0.004131
0.003523
-0.035187
0.010101
0.027145
0.032227
-0.014397
0.004768
-0.005447
0.026611
-0.043335
0.033844
-0.020767
-0.029327
0.015442
-0.023056
-0.029160
-0.022873
-0.026855
-0.032959
0.027008
-0.022934
-0.001644
0.004738
-0.003319
-0.017197
-0.003357
0.020584
0.007988
0.010048
-0.022827
-0.024887
-0.010841
0.031494
0.002892
0.002644
0.004238
-0.017975
-0.003683
-0.028488
0.039886
-0.002003
-0.017731
-0.023758
0.010910
0.033508
0.025848
-0.018448
0.033844
0.022797
-0.005337
0.000269
-0.003883
-0.023636
-0.038483
0.034027
0.036102
-0.028656
0.010353
-0.012878
0.013268
0.028290
0.014534
0.012108
-0.012604
0.027405
0.003088
0.005466
-0.025818
-0.020615
0.019928
-0.006836
-0.021942
-0.001448
-0.032288
-0.028992
-0.010353
0.040588
0.020950
0.006298
-0.009834
0.003092
0.000924
-0.004055
0.019974
-0.019287
-0.008667
0.027420
-0.017654
-0.037720
-0.027695
0.007790
0.030945
-0.012344
-0.036285
0.037384
-0.026413
0.031128
-0.000450
-0.004471
-0.035828
-0.003004
0.022827
0.010437
0.015640
-0.003904
0.039673
0.024460
0.006023
0.005573
-0.030716
-0.023682
-0.036407
-0.026031
0.006474
-0.000621
-0.037292
0.003073
-0.037506
0.035583
0.033356
0.001676
-0.028976
0.033722
-0.020050
-0.028381
-0.000831
-0.008698
0.031464
-0.007217
0.039307
-0.032104
-0.008629
-0.032196
-0.011322
-0.004982
-0.009224
0.025803
-0.044250
0.023788
0.028107
0.015114
0.020706
-0.057617
-0.028580
0.010567
0.017090
0.006435
-0.002001
0.001578
-0.002115
0.027237
-0.001180
-0.010284
-0.022629
0.019684
0.012856
0.012657
0.018784
-0.024292
-0.003918
0.017746
-0.023666
-0.013000
0.013397
-0.018768
-0.018265
0.011597
0.018066
-0.007935
-0.014145
-0.008369
-0.022125
-0.006073
0.010757
-0.018875
0.039703
0.028214
0.010521
0.011818
-0.028839
0.006874
0.016769
-0.022598
0.008179
0.025635
0.013489
0.009720
0.031464
0.004158
0.006954
-0.008255
-0.010704
0.013794
0.026703
0.018555
0.002552
0.001582
-0.028885
-0.034027
-0.000469
-0.008865
0.003803
-0.014717
0.020752
0.039154
0.024963
-0.039154
0.027481
-0.003269
-0.012405
0.005268
0.015221
0.020767
-0.000896
-0.024124
0.010986
0.032776
0.017700
-0.044281
0.009529
0.007935
0.039185
0.014549
0.003271
0.017105
0.019379
0.013428
0.009422
-0.001074
0.005161
0.009392
0.013931
-0.015747
0.039795
-0.045929
-0.024124
-0.025055
0.025146
-0.021606
-0.016403
0.008179
0.005608
0.036957
0.025864
0.038788
-0.014427
-0.007896
0.037079
-0.014008
-0.026810
0.022675
-0.025421
0.022964
0.004814
-0.025131
0.025925
-0.015961
0.004429
-0.027115
-0.005962
-0.021454
0.034790
-0.023346
0.014267
0.026672
0.024872
0.039917
0.025925
-0.030060
-0.025406
-0.057037
0.017807
-0.045288
0.016174
0.026596
0.055847
0.029907
0.000524
-0.004726
0.040253
0.007095
0.043182
-0.005466
-0.040131
0.004196
0.024109
-0.020721
-0.014015
0.026138
0.007481
-0.034332
0.002417
-0.043610
-0.021057
-0.043732
-0.068726
-0.027634
-0.011536
0.017288
-0.018768
0.034027
-0.045837
0.006878
0.024521
-0.000497
-0.026230
-0.025787
-0.054260
0.000542
-0.016815
-0.003180
-0.044617
-0.028259
0.031830
0.021912
-0.039978
0.028580
0.008408
0.004658
0.025391
0.036163
0.007919
0.023056
-0.002563
0.037659
-0.012527
-0.016785
-0.021317
-0.002035
-0.003870
0.003784
0.022079
-0.028915
-0.001423
0.005219
-0.026443
-0.032623
-0.044952
0.029297
0.000077
-0.037964
-0.023849
0.005688
0.023804
0.031189
-0.056335
-0.019379
-0.002432
-0.017456
0.047852
0.047424
-0.025635
-0.038055
-0.021622
-0.001152
-0.038635
0.006866
-0.004868
-0.008423
-0.010712
-0.000127
0.016174
-0.009590
-0.062347
-0.024567
-0.009544
0.006466
-0.048523
0.002712
-0.030365
-0.019714
-0.009964
-0.044342
-0.016281
0.010071
-0.025040
0.002256
0.006290
0.009102
0.003561
-0.051483
-0.045441
-0.010841
-0.017227
-0.014763
-0.007030
0.001530
-0.066162
-0.038727
0.036316
-0.032898
0.010803
-0.039215
-0.002295
0.039734
-0.002308
-0.010078
-0.021454
0.006630
0.015396
-0.004971
-0.044617
-0.024750
0.022598
-0.018005
-0.001914
-0.062134
0.004005
0.015221
-0.046539
-0.068359
0.005577
0.007950
0.009239
-0.004238
-0.026901
-0.024200
0.017502
-0.028717
-0.024765
-0.001861
0.019913
-0.030060
0.014015
0.001237
0.023285
-0.056854
-0.012695
-0.025589
0.041229
-0.052551
0.022552
-0.022110
0.046082
-0.030792
0.001789
-0.019623
-0.011009
-0.002960
0.016220
-0.048798
-0.022827
-0.036591
0.035614
0.022797
-0.003201
-0.010101
-0.018875
-0.023834
-0.037537
-0.015182
0.001654
0.011192
0.023926
-0.008972
0.004181
-0.015511
-0.042419
0.031647
0.009140
0.019577
-0.031494
0.024551
-0.012047
-0.034943
-0.027191
-0.037231
-0.015518
-0.051666
0.016281
0.001121
0.023026
-0.001019
-0.004482
0.003855
-0.017914
-0.031952
0.008087
-0.023849
-0.032135
0.045593
0.020172
-0.026520
0.031860
-0.006729
0.001050
-0.038818
0.004837
-0.018021
0.035095
0.003345
-0.040192
0.027115
-0.008423
0.010826
0.004177
-0.005035
-0.028214
-0.014481
-0.023956
0.009178
-0.022430
0.041351
-0.025421
-0.000596
0.024551
0.010025
-0.033112
-0.014877
0.010345
-0.046173
-0.002329
0.012527
0.031860
0.012260
0.011230
0.034729
0.016449
-0.000731
-0.005295
0.026505
-0.050018
0.066406
0.041656
0.009377
-0.013199
-0.037415
0.032440
-0.043365
-0.003944
0.019760
-0.004757
-0.009697
0.000165
0.011009
0.017792
-0.027390
-0.017227
-0.026749
-0.031586
-0.029327
0.038940
-0.019211
0.004265
-0.048401
0.005592
0.017944
0.014786
-0.023758
0.045349
-0.044922
-0.027878
-0.020706
0.015060
-0.033905
0.001374
-0.009758
0.021317
0.029648
0.001878
-0.048492
-0.025284
-0.035004
0.031219
-0.011002
0.010094
-0.006454
0.011757
-0.035797
0.011978
-0.038818
0.022476
0.036621
0.002426
-0.035156
0.022644
-0.010811
0.010513
0.044891
-0.052521
0.040619
0.022125
-0.013626
-0.045380
0.010033
0.039490
0.020935
-0.001999
-0.015823
-0.023590
0.021927
-0.020645
-0.049103
0.002247
0.075928
-0.059509
-0.033508
-0.018799
-0.016708
0.007996
0.008408
-0.018036
-0.042908
0.006737
0.011490
-0.005478
-0.023819
0.023972
-0.031799
0.014626
0.004345
-0.001965
0.019882
0.024078
0.023590
0.013130
-0.002977
0.027771
-0.001643
0.038483
-0.019211
0.027390
0.002296
0.000014
0.014397
-0.036682
-0.001262
-0.026291
-0.011124
-0.015350
0.039581
-0.015594
-0.050537
0.006706
-0.049561
0.037384
0.003010
-0.040283
0.046844
-0.041718
0.012955
0.018448
-0.017044
0.002975
-0.025970
-0.003227
-0.056519
-0.040375
0.029297
-0.017700
0.008430
0.001339
-0.005737
0.014671
0.029648
0.011703
-0.025208
-0.020676
-0.022751
0.018814
0.010269
0.012558
0.056122
0.033508
-0.025726
0.006882
0.017532
-0.013626
0.019882
0.007965
-0.019104
-0.032654
0.045532
-0.033905
-0.043304
0.075134
0.031250
-0.010994
0.000987
0.013908
0.003372
-0.024948
0.010246
-0.018448
-0.007347
-0.024185
0.004921
0.001595
0.052551
-0.002995
0.008949
-0.009201
0.028198
-0.016571
0.009033
-0.034729
0.019547
-0.004684
-0.045441
-0.037323
0.021729
-0.015732
0.009781
0.029312
-0.027069
-0.029221
-0.018967
-0.014137
0.029068
0.013100
-0.052429
-0.019333
0.019241
0.006977
-0.003408
0.032745
0.010330
0.043243
-0.048218
0.020340
0.034882
-0.002209
0.038422
0.004860
0.023575
-0.018265
0.011276
-0.043610
0.015579
-0.040131
-0.009987
0.006340
-0.019241
0.046967
0.008316
0.045837
-0.035767
0.005692
-0.027557
-0.007095
0.018250
0.026382
0.004150
-0.022476
-0.017151
-0.017136
0.029755
0.028580
-0.010200
0.017624
-0.024536
-0.008667
-0.021683
0.008728
0.038544
-0.000767
-0.017365
-0.012054
0.019669
0.053650
0.011818
0.004749
-0.002022
-0.036469
-0.020279
-0.000672
-0.028900
0.002441
0.000426
-0.016525
-0.005905
-0.004990
-0.013168
0.006630
0.022202
-0.013031
0.032074
-0.022507
-0.006676
0.018784
-0.024872
-0.002996
-0.089722
0.044159
-0.022675
-0.020294
-0.020325
0.041229
-0.006451
0.005009
0.033722
0.046936
0.026581
0.043732
0.026306
0.035645
0.017044
0.019760
0.003084
-0.038971
0.010361
-0.010490
0.040344
0.031982
0.000332
-0.007217
0.012566
-0.047363
-0.017075
-0.026901
0.017883
-0.022491
0.023758
-0.007942
-0.009048
0.029495
-0.003914
-0.070190
0.038239
-0.008575
-0.013771
0.026962
-0.038818
0.055725
-0.019653
-0.005753
-0.018723
-0.005600
0.000319
0.024429
-0.006660
0.037811
-0.011314
0.030518
-0.024811
0.031464
0.009308
0.012604
-0.022751
0.000276
0.033417
0.014984
0.019852
-0.039703
-0.048553
0.004768
0.033051
-0.024811
0.014359
0.015945
-0.033997
0.005512
0.024139
-0.000343
0.022736
-0.010231
-0.049011
0.021454
0.022812
-0.015114
-0.029465
0.016815
0.020905
-0.018768
0.020493
0.000742
0.026733
-0.014015
-0.025024
0.016449
0.033600
-0.021988
-0.038635
-0.008278
0.025421
0.021851
0.031113
-0.032013
-0.013733
0.035156
0.022385
-0.019867
0.012222
0.024185
-0.007748
0.004547
-0.051239
-0.008385
0.010712
-0.023438
-0.020432
-0.007492
0.026596
0.000948
-0.018356
-0.017059
0.008087
-0.008034
-0.031250
-0.030304
0.033813
-0.004044
0.025909
-0.015305
-0.003918
0.033051
-0.050781
-0.028702
0.013016
0.008781
-0.002470
0.016006
0.000302
0.002005
-0.010468
0.016266
0.008926
-0.001120
0.013107
-0.030197
0.021820
0.002188
-0.009239
0.024307
0.019333
-0.009842
0.008049
-0.020493
-0.034515
0.026825
-0.005016
0.017548
-0.033020
-0.006485
-0.015182
0.036041
0.032379
-0.000131
0.004166
0.026428
-0.000672
0.016266
-0.023849
0.012222
0.035156
-0.007122
0.016907
0.029282
0.010391
0.013336
0.034454
0.034393
0.015640
0.033020
-0.008133
0.021576
-0.033295
0.011803
0.007889
-0.005875
0.026108
-0.030487
-0.017914
-0.009598
-0.020309
-0.027313
-0.016327
0.029236
0.011703
0.028305
0.006630
0.004204
-0.029510
0.033112
-0.036621
0.017883
-0.007919
0.029785
-0.024796
-0.025177
0.000289
0.012970
-0.011192
-0.022552
0.006836
-0.031433
-0.016281
-0.001595
0.028290
0.008400
0.007919
-0.013657
0.013695
0.018890
0.006393
0.032227
0.000032
-0.026108
0.015099
0.008553
-0.032532
-0.034607
-0.026413
-0.034912
0.026016
-0.007462
-0.002846
0.005280
0.013901
-0.012749
-0.025269
0.006477
0.029480
-0.020584
-0.032166
0.016144
0.014122
-0.030304
-0.004715
-0.039001
0.013741
-0.015457
-0.010628
-0.034119
-0.007732
-0.019836
-0.032959
-0.026581
-0.035950
-0.018356
-0.025879
-0.032684
0.010254
0.020325
-0.004562
-0.023193
-0.032440
0.031830
-0.025284
0.019775
0.014137
-0.015945
-0.006920
-0.010918
0.012749
-0.002584
0.012306
0.033203
0.020691
0.004326
0.025101
0.013649
0.001173
-0.010864
0.003090
-0.026520
-0.023392
0.036987
-0.017593
0.031113
0.022278
0.026550
0.025772
-0.008026
-0.020569
0.029266
-0.002945
-0.002226
0.020157
-0.025452
-0.013802
-0.032501
0.029694
-0.003881
0.011185
-0.027939
0.018311
0.023148
-0.016708
-0.028931
-0.033386
0.035889
-0.007935
-0.018753
0.004986
-0.015396
0.016830
-0.024750
-0.018570
-0.009003
-0.010841
-0.022461
-0.028885
-0.030655
0.038086
-0.015991
0.016357
-0.000274
-0.003727
-0.041595
0.037415
-0.028931
-0.019699
-0.011292
-0.009506
0.003635
-0.023941
-0.004559
0.027695
0.003502
-0.007629
-0.008606
-0.024048
0.003817
0.016098
-0.013763
-0.008202
-0.006977
-0.024292
0.041077
0.013077
0.043579
0.030273
-0.007504
-0.011040
0.005268
0.022491
-0.007584
-0.002741
-0.031586
0.008354
0.042633
0.037445
-0.031891
-0.001728
-0.012695
0.003033
0.018173
0.023117
0.020203
-0.002859
0.010704
-0.005760
-0.022217
0.002850
-0.002527
0.037964
-0.012024
0.037079
0.028854
0.000640
0.018753
-0.028610
0.029404
-0.028732
-0.010544
-0.006901
0.033264
-0.028671
0.007450
0.000340
0.008865
0.019455
0.006359
0.006573
-0.014435
0.036377
-0.022278
-0.003885
0.024963
-0.005798
-0.003502
0.009308
0.026108
-0.013580
0.001181
-0.042236
-0.021072
0.028198
0.011505
-0.024017
0.003643
0.019989
0.012138
0.030075
-0.002428
-0.017593
0.032318
-0.004284
0.027939
0.013893
-0.011467
-0.023499
-0.009605
0.029892
0.040985
-0.016937
0.031342
0.014702
0.033722
-0.016632
0.017334
-0.011681
-0.019379
-0.038483
0.026627
0.011055
-0.015076
-0.006687
0.033936
0.017532
-0.028702
0.004025
0.021530
-0.000364
0.026947
0.011124
-0.011108
0.033722
-0.005569
0.015251
0.025604
-0.006794
-0.025024
-0.014915
0.056030
-0.024368
-0.029861
-0.010406
0.041046
-0.034271
0.021408
-0.005081
-0.013138
-0.033539
0.040009
0.046967
-0.012306
0.002996
-0.030350
-0.031082
0.007263
0.004677
-0.033600
-0.003393
0.032776
0.009415
0.006214
-0.004658
0.004784
0.003330
0.015305
0.022369
0.018646
-0.003735
0.033936
-0.021820
-0.031006
0.001078
-0.020355
0.023392
-0.016449
0.017822
-0.026947
-0.027802
0.000238
-0.019608
0.007614
0.020447
0.013336
-0.052338
0.014061
0.032776
-0.004459
-0.019974
-0.008888
-0.003380
0.053040
-0.036011
0.022034
-0.049683
-0.026245
0.037750
0.012878
0.030212
-0.008148
0.049622
-0.000456
0.009560
0.012909
-0.000532
0.009056
0.024780
-0.023331
0.000500
-0.015121
0.014603
0.032715
0.006092
0.024582
-0.013847
0.027100
0.042664
0.021713
-0.021774
0.046936
-0.005795
0.026535
0.001063
0.007812
-0.018814
0.022446
0.006226
-0.012871
0.008453
0.018478
-0.016083
-0.036377
0.035980
-0.024323
0.038696
-0.020981
-0.017853
0.012138
-0.002071
-0.033478
0.008858
0.003147
0.007229
0.013206
0.000222
0.000123
-0.007603
-0.001177
0.022720
-0.007542
-0.006748
0.003803
0.025330
-0.011848
-0.045502
0.041687
0.042328
-0.034027
0.009445
0.014961
0.008553
0.030945
-0.040009
-0.007996
-0.017975
-0.017273
-0.003553
0.047546
0.038544
-0.024124
-0.020966
0.024551
0.016357
0.040436
0.017319
-0.012245
-0.021759
-0.028641
-0.021652
0.027176
-0.013199
0.028091
-0.032257
-0.022141
0.031464
0.029419
-0.017181
-0.000940
-0.024429
0.014221
-0.008408
0.015854
-0.003399
0.037384
-0.032562
-0.020752
-0.013351
0.016129
-0.016266
-0.028702
-0.027634
-0.014442
0.038971
-0.025833
-0.017319
0.021103
-0.036469
0.002861
-0.010841
-0.007133
-0.003769
-0.011421
0.001869
0.043091
-0.010139
-0.037994
0.004322
-0.036285
0.011024
0.040955
-0.024002
-0.004059
0.009697
0.003218
0.028244
0.035156
-0.026413
-0.013405
0.026917
-0.026886
0.022644
0.038666
0.011475
0.016693
0.027634
-0.033630
0.004120
0.009872
0.025955
0.017105
-0.023254
-0.035095
0.021439
0.031464
0.023163
0.043274
-0.014282
0.011230
-0.010941
0.000671
-0.016937
-0.010475
0.017914
-0.015572
0.003349
-0.014946
-0.014877
-0.023972
0.017090
0.009239
0.020401
0.017334
-0.010857
0.019638
-0.020416
-0.005745
0.008507
-0.000170
0.020523
0.001304
0.007248
0.013855
0.035522
0.013336
-0.024399
0.022659
-0.040161
0.035858
0.038757
0.017822
0.002741
0.011139
-0.042236
0.015106
0.022263
-0.006649
0.030502
0.034088
0.009758
-0.000242
0.024078
0.028671
-0.016052
-0.018280
-0.040680
0.001464
-0.000091
0.025909
-0.023514
-0.003227
0.034760
-0.010590
-0.013245
-0.037842
0.042694
-0.001906
-0.010826
0.004669
-0.010040
-0.011299
-0.039703
-0.015602
-0.011513
-0.033936
-0.000232
0.038208
0.007038
-0.021851
-0.015022
-0.041260
-0.013603
0.000374
0.021362
-0.035400
0.008553
0.009384
0.032623
-0.024017
-0.018631
-0.019943
0.026337
0.012947
-0.050842
0.011002
-0.027893
-0.019577
0.034637
-0.001385
0.006889
0.023758
0.028641
-0.044861
-0.034607
0.017151
0.020020
0.035919
-0.037354
-0.002045
-0.032135
-0.008759
-0.025848
-0.044495
0.007694
-0.041748
0.006832
0.040009
0.013618
-0.001227
-0.011879
-0.045197
-0.014755
-0.012047
0.012756
0.031189
-0.006535
0.023224
0.007648
-0.004997
0.012299
0.031738
0.027054
0.000915
-0.023560
0.013016
-0.014740
-0.005600
-0.053192
0.017776
-0.015236
-0.002203
0.005070
0.012512
-0.035278
0.018280
0.009834
-0.015503
0.031433
0.017487
-0.004562
-0.021240
-0.000978
0.016418
-0.031921
-0.028061
0.022675
-0.025330
-0.019974
-0.014267
-0.013695
-0.012978
-0.030090
0.040741
-0.009590
-0.031708
-0.030029
0.024567
-0.000463
-0.029495
-0.039673
0.012375
0.031921
0.006115
0.017853
0.016129
-0.035553
-0.012955
-0.031250
0.010208
0.033264
0.005634
-0.013481
-0.008942
-0.022751
-0.015297
-0.030014
-0.012917
0.035339
0.019531
-0.015106
-0.000744
-0.020844
-0.023758
-0.032104
-0.024399
-0.000273
-0.022751
-0.031342
-0.041016
-0.016434
-0.014481
0.028397
0.002422
0.016342
0.034882
0.026947
-0.005623
-0.022751
0.005920
-0.038788
0.022415
0.014397
0.028076
0.008400
0.022873
-0.041260
-0.007866
0.037231
-0.033051
-0.029205
0.007446
0.029068
0.030807
0.016434
0.036102
-0.000234
0.007389
-0.025253
0.036530
-0.007927
-0.024780
-0.015854
0.014832
0.000283
-0.029297
0.024750
0.038910
-0.013885
0.004112
-0.004639
0.010681
-0.010338
-0.023804
0.004299
-0.035828
0.030197
-0.025543
0.027298
0.031830
-0.032532
-0.032959
-0.017334
0.023834
0.007343
-0.006931
0.045349
-0.013069
0.002003
-0.028366
-0.019470
0.030746
-0.002710
0.033661
0.021790
0.016251
-0.000086
0.013695
-0.008423
0.037842
-0.000294
-0.005306
0.016739
0.022644
0.014595
0.014145
0.017899
-0.034149
-0.007713
0.035858
0.033142
0.021606
-0.016678
0.024155
-0.023758
-0.009895
-0.006939
-0.028473
-0.021317
-0.021515
0.013153
0.013748
-0.004478
0.026917
0.008049
0.033295
0.018295
0.017288
-0.020050
0.036621
-0.039093
0.003494
-0.008057
-0.017960
-0.019974
-0.002707
-0.022766
0.029007
0.015007
0.017365
-0.002113
-0.011772
-0.019028
0.023026
-0.011124
0.031799
-0.011299
-0.033447
-0.022568
0.005222
0.031525
-0.028076
0.029846
0.007271
0.008240
0.015778
-0.032593
-0.012909
-0.023819
-0.028610
-0.027115
-0.021469
0.000891
0.019440
0.000815
0.009087
0.012779
0.012535
-0.027222
0.033051
0.027603
0.007221
-0.005798
-0.032776
0.014854
-0.027847
-0.028610
-0.022598
0.027679
0.012894
0.022385
-0.029083
0.025116
0.017532
-0.008148
0.026169
-0.002407
-0.025970
0.012413
-0.006138
0.028610
-0.016983
-0.033051
-0.018845
0.005718
-0.021393
0.030121
0.019455
-0.002474
0.001512
0.020966
0.001734
-0.016937
0.025635
0.016617
0.033539
0.020142
0.029129
0.005493
0.006474
-0.028717
0.005978
-0.013832
0.020889
0.007710
0.017624
-0.018555
0.014091
0.033508
0.028046
0.015244
-0.013695
-0.023346
0.034241
-0.019424
0.020935
0.008255
-0.031708
0.019119
0.023956
-0.028732
-0.029129
-0.003078
-0.025925
-0.020630
0.021729
-0.008743
0.000111
-0.023651
-0.007973
-0.001613
0.008499
-0.032318
0.017548
-0.010460
0.023407
0.016190
0.010223
-0.009560
-0.013222
-0.028305
-0.007004
0.016891
-0.000274
0.025833
-0.029953
0.022217
-0.013252
0.032288
0.008369
-0.017181
0.023071
0.027557
0.017761
-0.027451
-0.025238
0.002529
-0.030884
-0.010330
0.020309
-0.022354
0.026611
0.007797
-0.017014
-0.003807
-0.027145
-0.018997
-0.030441
-0.017975
0.009583
0.017319
-0.029556
-0.033081
0.004959
0.006706
0.037292
-0.016800
0.014107
-0.000760
-0.000890
-0.013184
0.008575
0.021317
0.017120
-0.006477
0.021118
0.018677
0.025269
-0.002897
-0.031204
0.009026
0.017715
-0.015747
0.037384
0.030258
-0.034546
0.018723
-0.001113
0.035370
-0.033142
-0.007771
0.022141
0.003759
-0.012939
0.028748
-0.004261
-0.017380
0.004910
0.020538
0.007019
0.027527
0.035645
0.028397
0.011635
0.010986
0.022980
-0.002712
-0.016388
-0.014503
-0.025986
0.031433
-0.014709
0.010857
0.037140
-0.015305
-0.007851
0.032257
-0.019852
-0.027527
-0.018661
0.036224
0.027328
-0.024643
0.027359
-0.015839
-0.031281
-0.008682
0.032715
-0.027664
-0.021637
-0.004337
-0.019928
-0.002993
0.029770
-0.031250
0.014244
0.038055
-0.012161
-0.000597
0.015762
0.023972
-0.025986
-0.025757
0.036102
-0.035736
0.015068
0.022369
-0.030258
-0.018188
0.010429
0.002344
0.030136
-0.009010
0.015274
-0.022079
0.017151
-0.010574
0.000404
-0.028473
-0.022949
0.008461
-0.035980
0.001191
-0.013382
-0.001251
-0.017090
0.027496
-0.017487
0.011765
-0.003294
-0.030685
-0.005650
0.018600
0.026810
0.006916
-0.017532
-0.002743
0.025696
0.020523
-0.011429
-0.002272
-0.000186
0.000875
-0.008194
0.002102
-0.005302
0.010544
-0.003386
0.013008
0.026703
-0.024536
-0.001026
-0.026749
-0.027176
0.015343
0.036316
0.006947
-0.005249
0.030502
-0.006416
0.020584
-0.005634
0.026428
0.026245
-0.026840
0.000854
0.033661
-0.031830
0.023727
-0.020523
0.000813
-0.002377
0.034180
0.027145
-0.019760
-0.016449
0.035767
0.000519
-0.024902
-0.015930
-0.023849
-0.026794
0.011429
-0.031738
-0.002836
0.016296
-0.019043
-0.019012
0.034485
-0.017654
0.026810
-0.033386
0.002012
0.030563
0.025436
-0.030518
-0.002125
0.029114
0.036987
-0.012634
-0.005825
0.017273
-0.013969
0.000744
-0.001447
-0.028534
0.025436
-0.034210
-0.000229
-0.022308
0.014481
-0.011467
0.017258
0.029510
0.002914
0.027740
-0.022217
-0.028229
-0.014206
-0.014297
-0.014572
-0.004890
-0.011627
0.005116
-0.008400
0.008614
-0.007320
-0.029083
-0.026840
-0.018921
0.025131
-0.019409
-0.035156
-0.025604
0.008644
0.002581
-0.004467
-0.002489
-0.018280
0.021149
-0.019485
-0.010704
-0.036346
-0.014526
0.014854
0.014297
-0.022903
0.036163
-0.023087
-0.006001
-0.026489
0.011818
-0.020660
0.016327
0.006367
0.023163
0.012871
-0.002018
0.027954
-0.007889
0.007450
0.019363
0.039520
0.015976
0.026642
0.002937
0.027420
0.008987
0.007004
-0.024521
0.019608
-0.008530
0.037109
-0.037018
0.007389
-0.031433
-0.027100
-0.019058
0.006504
0.000647
-0.037994
-0.002396
0.037781
0.001678
-0.009827
-0.034241
0.038544
-0.009491
-0.029175
0.010880
-0.025177
0.015854
-0.007431
-0.021729
-0.036133
-0.010017
-0.030060
-0.023575
0.015945
-0.011505
0.003614
0.024765
-0.031891
0.000771
-0.007687
-0.025772
-0.021927
-0.039215
-0.021713
-0.026886
-0.039368
0.012924
-0.019150
0.039001
-0.025208
0.012024
-0.034760
-0.007038
0.000591
0.013710
-0.008675
0.018509
0.027817
0.003460
0.030106
-0.004089
0.005173
0.019394
0.012878
0.014084
0.012871
-0.032959
0.034485
0.030823
0.006714
0.004829
0.003769
0.011993
-0.011986
0.019211
-0.010567
0.033875
0.010986
-0.016998
0.020706
0.015686
-0.024826
0.033966
0.001603
0.056580
-0.023575
0.013428
0.004177
-0.029861
-0.026962
-0.010895
-0.009117
0.014145
-0.026016
-0.012047
0.024963
0.016373
0.006104
-0.037598
-0.000165
0.008957
0.029205
-0.028625
0.013092
0.061584
-0.004745
0.029602
0.028549
0.026825
-0.049652
0.030975
-0.017151
-0.015579
-0.037079
0.006142
-0.025925
0.007339
0.015511
-0.007305
-0.011559
0.037506
-0.010620
-0.008308
-0.008636
-0.024872
0.018097
0.005322
-0.002205
0.035217
0.039124
-0.022125
0.019913
-0.019485
-0.032410
-0.009743
0.031250
0.008949
-0.017441
-0.030823
-0.012695
0.010117
0.027710
0.008926
-0.027893
0.024170
0.001859
0.017914
0.002066
0.043060
-0.012955
0.014687
0.005135
-0.007038
-0.023270
0.027328
0.012772
-0.002483
0.016953
0.015808
0.020172
0.029846
-0.018372
-0.007347
0.025909
0.021957
-0.015503
-0.026657
-0.003784
0.006035
0.006828
0.004211
-0.012245
-0.026978
0.019348
0.035278
-0.019882
-0.005520
0.023376
-0.016479
-0.007633
-0.015259
0.026382
0.009926
0.017410
-0.023849
0.020767
-0.030746
0.006752
0.019836
0.031738
0.001155
-0.034637
-0.027344
-0.003922
0.037842
-0.029373
0.022156
-0.004734
-0.019272
0.031586
-0.028702
-0.015915
0.037079
-0.015495
0.008301
0.024551
-0.007053
-0.000168
0.017975
-0.029282
-0.015488
-0.003851
-0.025101
-0.015038
-0.011864
-0.020508
-0.010376
0.005306
0.024139
-0.004322
-0.024658
-0.006302
0.036713
-0.029938
-0.004814
-0.019211
0.010292
0.017639
0.003918
0.035797
0.031342
-0.033722
0.000579
-0.023239
-0.013931
0.031082
0.008614
0.025284
-0.011032
-0.021759
0.021851
-0.005459
0.001776
-0.012108
-0.030273
-0.026352
-0.022873
0.036438
-0.031052
0.026276
0.027786
0.002569
-0.027512
-0.032471
-0.034515
0.006126
-0.012573
0.000968
-0.022156
0.020554
0.019440
0.014397
-0.004734
0.025742
-0.008850
-0.030930
0.030579
0.002995
0.032959
-0.024765
0.023636
-0.015656
-0.003527
-0.014809
-0.022858
0.034515
-0.018814
-0.018478
-0.019608
-0.033142
0.000875
0.036072
0.041595
0.012596
-0.020126
0.017822
0.041504
-0.002693
0.009819
-0.000884
-0.020721
-0.016647
0.033417
-0.005791
0.015961
0.008858
0.032837
-0.019913
-0.000556
-0.009644
0.013412
0.039703
0.016571
0.009277
-0.003679
-0.010910
-0.025360
0.010933
-0.016296
0.044006
-0.026627
0.003986
0.013084
0.012482
0.006626
0.007317
0.016876
0.001895
0.018433
-0.020233
0.038483
-0.017883
-0.028839
-0.031799
0.023514
0.032135
-0.012733
-0.009514
0.003611
0.012886
-0.009071
-0.030441
-0.017075
0.020859
0.040131
-0.011482
0.011841
0.003220
-0.006924
0.008682
-0.026260
-0.007286
0.024872
0.019257
0.032379
0.008377
0.011185
-0.021622
0.034393
-0.021454
-0.009544
0.000682
-0.013802
0.010513
-0.027679
0.001970
0.004333
0.015526
0.003511
0.021164
0.047211
-0.006905
0.005703
-0.003799
-0.003723
0.000334
0.031860
-0.002586
0.035156
-0.003325
0.030106
0.016266
0.015900
0.024918
0.004406
0.027481
0.005165
0.008736
-0.024857
-0.014122
-0.005516
-0.006618
-0.003809
-0.029495
0.015114
0.020737
0.022903
0.019653
-0.004005
-0.016846
-0.012077
-0.005096
0.048828
0.024673
0.046753
-0.008766
-0.020889
0.002588
-0.058746
-0.028748
-0.015854
0.015015
0.017807
-0.037750
0.028381
0.036987
0.030716
0.009377
0.012459
-0.036682
0.021454
0.011955
0.019150
0.054352
0.001868
0.020203
-0.002766
-0.001485
0.012924
0.002337
-0.013046
0.010056
0.031204
0.006451
0.033752
-0.001801
-0.004608
0.038025
0.021774
-0.011948
-0.009598
-0.007751
0.041870
0.041809
-0.034607
-0.023254
-0.032898
0.000535
0.026886
-0.027527
-0.014992
-0.031769
-0.025040
-0.014107
0.028717
-0.020020
0.026978
-0.002659
-0.007137
0.014061
-0.017242
-0.003290
-0.029251
-0.049927
-0.046387
-0.050323
-0.012871
0.000381
-0.025009
0.003592
0.019638
-0.006363
-0.009293
-0.025116
0.050720
0.042694
0.005524
-0.023178
-0.033295
0.001650
0.023392
0.001225
-0.019424
-0.011032
0.009384
-0.013969
-0.013725
-0.009003
-0.057770
0.021027
-0.067993
-0.035004
-0.027664
0.028214
-0.037262
-0.006302
-0.014908
-0.011032
-0.034027
0.015442
-0.064087
-0.026794
-0.067017
0.027466
-0.005585
-0.016129
-0.007610
-0.000679
0.000296
-0.031464
-0.022476
-0.031052
-0.027771
0.019073
-0.045654
0.038239
0.019699
-0.036407
-0.016098
0.031860
0.007896
-0.007233
-0.013138
-0.028793
0.037628
-0.030670
-0.023758
0.011208
-0.013214
0.009468
0.030457
-0.017883
0.012909
-0.025711
0.002098
-0.008568
-0.017685
0.001455
-0.020279
-0.003794
-0.026016
0.010124
-0.031799
0.023331
-0.019165
-0.014122
0.037567
-0.027634
-0.028580
-0.039703
-0.030411
0.006641
0.007011
0.022461
-0.000044
-0.018570
0.022415
-0.024521
-0.032349
0.007133
-0.003176
0.021957
0.028564
-0.006390
0.014954
0.002487
0.026108
-0.024918
-0.009216
-0.030029
0.007904
0.024017
-0.020767
-0.000829
-0.025375
0.031342
-0.007950
-0.040833
-0.023071
0.007053
0.012573
0.015076
0.019867
0.033203
0.007195
-0.009476
0.005585
-0.000054
-0.016525
0.027954
0.006233
0.028152
0.006783
-0.002348
0.007690
-0.007076
-0.007553
-0.016281
0.036560
-0.009247
0.005554
-0.022293
-0.011841
0.012474
-0.020477
-0.010040
-0.020721
0.001801
-0.002260
0.006569
-0.032501
0.028275
0.032898
-0.031830
0.037567
-0.021652
0.017715
0.012589
-0.032104
-0.038422
-0.014671
-0.001299
0.005356
0.038422
0.000855
-0.015930
-0.000883
-0.020905
-0.029083
0.000115
-0.013329
0.027542
-0.015335
-0.023102
-0.002190
0.030457
-0.017319
-0.030960
-0.020203
0.027451
0.026413
-0.019409
0.039215
0.018356
0.024551
-0.016968
0.004726
0.030731
0.010612
0.005592
-0.022369
-0.011002
-0.024323
-0.025894
0.022568
0.020294
0.030655
0.041656
-0.023300
-0.012840
-0.015549
-0.020767
-0.020844
0.004189
-0.004517
-0.025223
-0.028244
0.016174
0.016846
-0.031494
0.003010
0.033966
0.005581
0.006084
-0.030380
0.005024
-0.030701
0.022537
-0.018967
0.011040
0.008705
0.006668
0.000688
0.025513
0.001639
-0.017761
0.016769
-0.009972
-0.029648
-0.041351
-0.027939
0.035583
-0.028671
-0.004078
-0.039215
-0.000120
0.022354
-0.015350
-0.011230
-0.034729
0.023056
-0.040009
-0.023071
0.011345
-0.045959
-0.011375
-0.040405
0.032959
-0.041534
-0.015480
-0.035675
0.003542
0.040649
0.017578
-0.033813
-0.050476
-0.029144
0.005913
-0.021103
-0.026535
0.035339
0.026230
-0.004292
0.010071
-0.041107
0.028397
-0.007050
-0.011711
-0.008698
-0.015549
0.036713
-0.007465
-0.014320
-0.006401
0.023254
-0.002995
-0.005219
0.013824
-0.039856
0.002014
-0.008606
0.003952
-0.007484
0.039154
-0.007851
-0.037720
0.006958
-0.030426
0.031189
0.009346
0.010544
0.031525
0.033905
-0.009186
-0.000255
0.017471
0.009209
0.011383
-0.014671
0.031158
0.015541
0.003983
-0.033051
-0.030228
0.017899
0.008652
-0.017044
0.000617
0.027008
0.015839
0.042328
-0.014496
-0.021393
-0.004330
-0.021164
-0.027817
0.032288
-0.021362
-0.020279
-0.021484
0.032410
0.040680
-0.001903
-0.017105
0.027344
0.020004
-0.013405
-0.015869
-0.033112
-0.044739
-0.006752
-0.024521
-0.004822
0.003103
-0.009117
-0.022202
0.012123
0.034088
0.023712
0.023148
-0.003849
-0.001815
0.017654
0.002701
0.029678
-0.011551
0.045929
-0.030518
-0.051300
0.017349
0.026215
-0.043030
0.028046
-0.039734
-0.002703
0.002153
0.039307
0.009148
-0.017624
0.000647
0.003107
-0.041595
-0.010193
0.013382
0.009140
-0.018250
0.031738
-0.017441
0.009186
-0.002213
0.014442
-0.000121
-0.014023
-0.023117
0.036133
-0.017105
0.031082
0.011848
-0.014175
0.009117
0.041595
-0.023636
0.016220
-0.007381
-0.000728
-0.006817
-0.007534
0.021255
0.005810
-0.015335
0.031555
0.017776
0.009277
-0.007092
-0.011505
-0.032288
0.054474
-0.007191
-0.023254
-0.001478
0.006737
0.017563
0.017700
-0.030243
-0.034454
-0.008408
0.011154
-0.052124
0.015640
0.036072
-0.013931
-0.014023
-0.027756
0.015358
0.029938
0.045624
0.024109
-0.033112
0.026962
-0.042450
0.018585
0.007175
0.019928
-0.017090
-0.009598
0.014549
-0.012314
-0.007389
-0.015518
-0.025879
-0.039764
-0.011429
0.032562
0.004665
-0.011818
-0.003813
0.014046
0.017075
0.003847
0.019806
0.044830
0.035858
-0.007332
0.044800
-0.008583
0.003633
0.016022
0.002022
-0.026047
0.006748
0.024429
-0.028702
0.012802
0.020264
-0.025055
-0.014084
-0.009979
0.029633
0.007275
-0.026886
0.042694
-0.010628
0.019775
-0.021576
-0.023788
0.007904
0.045288
0.013336
-0.010498
-0.034363
-0.012993
0.036438
0.020477
-0.032043
-0.009216
-0.016449
-0.005260
0.009560
-0.013092
-0.027420
-0.030228
-0.007851
-0.022293
0.031021
-0.022324
-0.025101
-0.021652
0.004025
0.034027
0.033295
0.006699
-0.013443
0.021027
-0.011940
0.021866
-0.000958
-0.033844
0.010925
-0.004551
0.029648
0.021118
-0.041687
-0.001634
-0.022568
0.027237
0.028320
0.023682
0.007431
-0.026871
-0.014107
0.017334
-0.023102
-0.004337
-0.024536
0.031677
-0.001721
-0.032440
-0.028061
-0.003986
-0.013084
0.002443
0.020737
-0.022125
-0.013351
0.025421
-0.007496
0.007435
-0.009827
-0.029678
-0.000413
-0.033569
-0.024948
0.005577
0.015373
0.011101
0.005600
0.006290
0.000630
0.032227
-0.027664
0.031708
-0.010040
0.009361
0.040680
0.009544
0.021317
-0.018356
-0.007607
0.008629
0.005466
-0.006813
-0.024490
-0.021530
-0.015717
-0.017441
-0.027740
0.007595
0.019821
0.007648
0.024063
-0.008171
0.031372
0.014641
0.027603
0.020782
-0.037506
0.019394
0.007492
0.025024
-0.032349
-0.011642
-0.018387
0.007431
-0.034851
0.001096
0.018463
-0.009140
0.034149
0.034210
-0.014099
-0.028687
0.037811
0.008057
0.036285
0.011307
0.028748
-0.005737
-0.016800
0.022491
0.027725
0.012283
-0.055573
-0.037048
-0.024414
0.046906
-0.043152
-0.048431
-0.000646
0.023071
-0.012642
0.016068
0.046143
0.019836
-0.051880
0.016739
-0.005276
0.015068
-0.002310
0.003036
0.016846
-0.029846
-0.014252
-0.005817
-0.016312
0.035370
0.030807
0.002911
0.017822
-0.009300
-0.006760
-0.025085
0.015305
0.020126
0.007786
0.003851
-0.004932
0.001043
0.030884
0.001436
-0.001475
-0.030548
-0.011276
0.018738
-0.036621
-0.003464
-0.001343
0.022339
0.017441
0.005386
-0.011116
0.024826
0.001108
0.021332
0.004803
0.008896
-0.052795
0.017502
0.023560
-0.013496
0.046661
-0.004108
0.041138
0.013374
0.021591
0.012070
-0.005543
0.031113
0.004082
0.029144
-0.017746
0.015114
-0.016800
-0.018936
-0.010010
-0.007828
0.031174
-0.029144
0.001641
0.024750
0.003258
-0.000323
0.008827
0.001027
-0.008812
-0.031982
0.001320
-0.008141
-0.017075
0.037811
-0.003254
-0.014381
0.041992
-0.002798
0.003197
-0.022919
-0.016235
0.001686
-0.015839
-0.009277
0.019974
-0.025375
0.031158
0.011787
0.011749
0.005390
0.009224
0.020615
-0.006165
0.010559
0.040253
0.019272
-0.021317
-0.005775
-0.016388
0.010620
-0.024887
0.038300
-0.009109
0.009232
-0.008286
0.010376
0.037750
0.031342
0.041901
0.030090
0.008728
-0.020325
-0.028732
-0.044495
-0.006279
0.008675
0.020935
-0.044830
0.024109
0.032837
-0.012169
0.014351
-0.019409
0.012444
-0.040375
0.018753
-0.008682
0.024643
0.032166
-0.010864
0.006176
-0.020035
0.029526
-0.035736
0.000025
-0.005676
0.019150
0.019882
0.005604
-0.005447
0.002733
0.021774
-0.013046
0.008064
0.034363
0.039612
0.035187
-0.030334
-0.007034
0.007343
0.016205
0.037048
0.000149
0.006809
0.007198
0.015068
0.008705
-0.031281
0.013504
-0.037598
0.017303
0.002934
0.022461
0.033661
0.036285
0.006676
0.018173
-0.023239
-0.071777
0.027008
-0.005756
0.017776
0.022446
0.016144
0.006340
0.015434
0.025040
0.000601
0.034454
-0.017029
0.012939
-0.005459
-0.006279
0.043762
0.013062
-0.017761
-0.003635
-0.003839
-0.005161
0.039612
-0.013062
-0.029999
0.025467
-0.030334
0.014740
-0.015327
-0.001148
0.011047
0.030121
-0.045227
-0.036255
-0.003065
0.008469
-0.033478
0.009071
-0.005676
-0.020706
0.045624
-0.005699
0.035034
-0.025238
0.013680
0.036560
0.019821
-0.026993
-0.006626
0.042725
-0.036224
0.022705
-0.022491
0.042633
-0.007298
0.016006
0.007744
-0.012543
0.015945
-0.030502
0.050323
0.013199
-0.036011
-0.028885
0.018967
-0.035645
0.025864
0.031311
0.002260
0.032104
-0.029648
0.039398
-0.014282
0.008888
0.017273
0.040039
0.025360
0.024902
-0.010880
0.008102
-0.029999
0.013153
-0.018295
-0.016571
0.008270
0.003860
-0.029465
0.039490
0.031311
-0.031952
-0.016602
0.002922
0.036255
-0.014275
-0.031311
0.001709
0.037109
-0.024597
-0.004612
0.027145
0.022171
-0.002874
0.015236
0.003448
0.002314
0.025772
-0.018311
0.025970
-0.010162
0.002405
-0.025894
-0.025757
-0.008926
-0.012268
-0.030243
0.028534
-0.002548
0.003748
0.023666
-0.030029
-0.004478
0.000197
-0.006149
0.009674
0.013771
0.001522
-0.005581
0.011185
0.011948
-0.017838
-0.013580
0.016678
-0.011703
0.017090
-0.011894
0.017807
0.014969
-0.019562
-0.004509
0.001856
0.032806
-0.008522
0.018555
0.031677
0.008072
0.029984
0.009483
-0.021637
0.013535
0.009430
-0.018219
0.006603
-0.024063
0.004856
0.021469
0.024811
0.024933
0.032898
0.010216
0.038666
-0.034058
0.009872
-0.022522
0.031952
0.016525
0.006836
-0.008827
0.034851
-0.005352
-0.026917
0.030228
-0.014809
0.011757
0.018814
0.009590
0.011444
0.020752
0.035095
-0.023819
0.017944
0.007595
-0.011940
0.014542
-0.011223
0.012016
-0.023270
0.031982
-0.009590
0.026672
0.015297
0.002008
-0.000013
-0.010277
-0.026474
-0.005466
-0.018204
-0.021255
0.015480
0.024918
-0.024887
-0.004215
-0.011726
0.028488
-0.033569
0.028015
0.029495
0.013466
0.005707
0.019043
-0.037201
0.010895
-0.028503
0.039215
0.006508
-0.005264
0.035034
0.015762
-0.019516
0.024384
0.021393
-0.018158
0.028336
-0.026306
-0.026428
-0.026230
0.021851
0.032806
-0.030228
-0.023483
0.031525
-0.009354
-0.015404
-0.012482
0.000276
-0.027771
0.003489
0.022354
-0.001513
-0.014275
0.028748
-0.019485
-0.039917
-0.024994
0.030014
-0.032135
0.016937
-0.005360
0.017487
-0.013878
-0.013794
0.032562
-0.028214
0.023529
0.019775
-0.022766
-0.021866
0.000342
0.002256
-0.017349
0.028076
0.015251
0.019562
0.033386
-0.030273
-0.020248
0.008736
-0.026901
-0.029587
-0.013802
-0.015656
-0.023651
-0.006203
-0.013626
0.027649
-0.028473
-0.033936
-0.027863
-0.028458
0.005219
0.006588
-0.026749
0.022583
0.002352
-0.000698
-0.025223
-0.014969
0.015930
-0.005054
-0.015297
-0.012840
0.002892
0.034576
0.001197
0.029480
0.009834
-0.002447
-0.001552
-0.027100
0.009743
-0.024597
0.011139
-0.018753
-0.002699
0.009850
-0.026749
-0.011063
0.027542
-0.018265
0.000519
0.025497
-0.000813
0.030121
0.009811
0.001581
-0.021469
0.000751
-0.018250
0.014603
-0.035492
0.021774
0.004555
-0.034027
0.009270
0.043945
0.033356
-0.028961
0.027496
0.035492
0.012421
-0.024979
-0.023865
0.005775
-0.020126
0.018661
0.024078
-0.020325
0.026596
0.008247
-0.003149
0.035309
-0.041992
0.007679
0.026337
0.003141
-0.022552
0.018692
-0.029068
-0.021683
-0.022125
0.002064
-0.018967
-0.008141
-0.026443
0.020538
-0.043427
0.007355
-0.020874
-0.022995
0.015099
0.014778
0.039490
-0.014740
-0.025223
0.007919
-0.036530
-0.011940
-0.010590
0.009613
0.019012
-0.026611
-0.005699
-0.012199
-0.013336
0.013901
0.022781
0.014694
0.006916
0.035187
-0.015762
-0.033905
-0.034851
-0.012070
0.026718
-0.005898
0.005775
0.021744
-0.011162
-0.010193
-0.024933
-0.022873
-0.015900
-0.046906
0.019516
0.010536
0.033417
-0.015282
-0.020538
-0.034515
0.005344
-0.018356
0.001323
-0.001463
0.038666
-0.003820
0.027863
-0.007179
-0.017654
-0.020401
0.019455
0.011238
-0.003704
-0.032288
-0.015884
-0.034790
-0.016068
-0.025024
-0.055725
0.023041
-0.019684
0.011627
0.010635
-0.008415
0.022827
-0.007256
-0.040466
-0.021988
0.040039
-0.025620
-0.012115
0.019501
0.032013
-0.013252
-0.041687
0.002701
-0.020752
0.018951
-0.026031
0.053009
-0.033203
-0.020813
0.038361
0.036530
0.039886
-0.014595
-0.039001
0.011192
0.010101
0.023911
-0.025543
0.051849
-0.016220
-0.006386
-0.020813
-0.026932
0.026382
-0.000427
0.049286
-0.017593
-0.016647
-0.028030
0.040222
0.047302
-0.021469
0.027512
0.000231
0.017868
0.045532
0.038544
0.031738
-0.025711
-0.011734
0.009933
0.019363
0.012932
-0.012230
-0.021408
-0.025009
-0.010483
-0.022095
-0.019592
-0.013374
-0.004005
-0.003435
-0.041931
0.039917
-0.031525
0.000870
0.008232
-0.016464
-0.005497
-0.023575
-0.022156
-0.036530
0.009186
-0.034515
0.034515
0.002861
0.000909
0.034241
0.002316
-0.015312
0.015068
-0.002413
-0.004780
-0.021194
0.020477
0.022217
0.015579
0.020538
0.033203
0.054199
0.014305
0.021606
-0.028702
0.030060
-0.013184
-0.020355
-0.010254
-0.031555
-0.020477
0.001257
0.010231
-0.031891
-0.039490
0.005249
-0.018570
0.019150
0.016174
-0.021591
0.028717
0.043488
-0.024582
0.013855
0.031464
0.005871
0.029465
-0.014900
0.031342
-0.031586
0.044525
0.016144
-0.027176
0.012276
-0.034119
0.004383
-0.019623
0.033020
-0.034851
0.013435
-0.016266
0.010315
-0.033752
-0.026489
0.016174
-0.038116
-0.001618
0.030502
-0.002283
0.007790
-0.006039
-0.022629
-0.022751
-0.025879
0.015671
0.031128
-0.004887
-0.002705
0.009827
0.014267
-0.019272
0.003298
-0.017822
0.013931
-0.025787
-0.023483
-0.029419
0.041168
0.017502
0.016327
-0.006367
0.016251
0.007633
0.008430
0.031647
0.022629
0.002724
-0.010475
-0.013725
-0.007988
-0.011917
-0.003538
0.029419
-0.015022
0.031830
0.022568
-0.019226
0.007133
-0.023270
-0.014725
-0.007668
0.025955
0.029297
-0.040619
0.014397
-0.008720
0.019714
0.020737
0.003119
0.023331
-0.021210
-0.037689
0.030289
-0.038666
-0.015343
-0.032562
0.015900
0.025986
-0.000865
0.027542
-0.018143
-0.009193
-0.029831
-0.004642
-0.035034
0.037048
0.003590
-0.024597
0.014587
0.000940
0.012543
0.028259
0.026688
-0.032684
-0.005856
0.025833
0.001620
-0.023132
0.026062
0.003010
-0.030762
-0.004452
-0.022995
-0.038971
-0.019211
0.024750
-0.016571
0.023315
-0.010284
-0.037537
0.013809
0.047028
-0.019302
0.007622
0.000874
-0.011917
-0.020599
-0.024780
0.012390
-0.038727
-0.027328
0.031738
-0.036621
0.030914
0.015579
-0.017197
0.020004
-0.024353
-0.002827
0.027817
-0.014763
0.019226
0.030304
0.026199
-0.016312
-0.007477
0.031677
-0.003794
-0.037323
-0.005341
0.003765
-0.004910
0.033112
-0.004044
-0.021011
0.036102
0.020447
-0.027008
0.022507
0.006836
0.002508
-0.029663
0.032867
-0.026077
-0.010017
-0.019730
-0.027420
-0.017685
