0.010056
-0.069458
0.220703
-0.121643
0.913086
-0.141602
0.927734
-0.134277
-0.526855
1.532227
0.777832
2.804688
1.129883
-0.094788
-0.167236
0.319824
-0.409668
-0.031143
2.423828
-0.173706
2.759766
-0.204102
-0.259521
1.518555
-0.043854
1.439453
-0.170532
-0.039124
0.485596
-0.226562
0.171021
0.080322
0.605957
-0.015518
-0.062164
3.171875
-0.037628
-0.210205
-0.381592
1.284180
-0.094849
-0.006886
0.562012
0.970703
2.072266
1.460938
0.376709
1.384766
-0.143066
-0.074036
-0.002867
0.785645
-0.642578
-0.158569
1.616211
-0.562012
2.554688
1.877930
0.411377
-0.580078
3.033203
-0.331299
0.344727
3.525391
