0.524414
0.210938
-0.008255
0.328125
-0.021866
-0.032104
-0.005417
-0.016418
-0.030624
0.560547
0.750000
0.099854
0.248779
-0.019531
0.060303
0.210938
0.320068
-0.006641
0.284668
0.619141
-0.012451
-0.043396
0.078796
0.561035
0.254639
0.316895
0.069519
0.801270
-0.015076
-0.020325
-0.013885
0.112000
0.229248
-0.022995
-0.001993
0.197632
-0.013046
0.489990
0.247192
0.237183
0.466309
-0.036285
0.222656
-0.032135
-0.023697
0.218262
-0.004425
0.009766
-0.022644
0.195068
-0.024612
0.474609
-0.078430
0.104492
0.191406
0.291748
0.216064
-0.022858
0.208984
0.395996
1.215820
0.059357
-0.019211
0.252441
