3.199219
-0.211304
-0.179077
3.181641
-0.694336
1.335938
1.980469
-1.255859
0.504395
0.026062
1.441406
5.164062
0.948242
-0.015373
1.534180
5.890625
-0.410645
4.187500
-0.126465
0.408447
3.558594
2.287109
-0.111389
-0.570801
-0.064453
-1.800781
-0.084839
-0.874512
-0.153687
-0.002949
1.049805
0.395752
0.043671
1.344727
4.480469
-0.571777
3.894531
-1.044922
1.375000
-0.407227
-0.030899
1.653320
0.962891
1.654297
-0.530762
-0.981934
2.248047
-0.440918
0.759766
0.645020
0.333984
1.093750
-0.011086
-0.545898
0.506348
-0.140259
5.574219
2.496094
-0.048553
-0.040741
-0.312256
-0.114319
-0.036743
1.718750
