-0.007957
-0.012985
-0.026749
-0.011993
0.017838
0.025223
-0.047821
0.034882
0.039215
-0.012093
-0.036865
-0.014755
0.001820
0.008980
0.000436
0.023346
-0.017471
-0.011177
0.021881
0.008751
0.009789
-0.037079
-0.021851
0.043976
0.020767
-0.028305
-0.011375
-0.046661
-0.006699
-0.015671
0.006142
-0.019531
0.003967
-0.004803
0.029480
-0.019852
0.024536
-0.056732
-0.022934
-0.034546
-0.022247
-0.015358
0.029907
-0.016495
0.018082
0.020874
-0.033447
-0.019608
0.041016
0.004269
-0.037354
-0.030457
0.001446
-0.002892
0.013367
-0.021530
0.023560
-0.023422
-0.001945
-0.033997
-0.020538
-0.009804
-0.028839
0.017258
-0.019073
-0.007191
-0.017654
-0.064270
0.008980
0.024033
-0.035858
-0.021790
-0.004734
0.012161
0.008041
0.009377
0.002216
0.002831
0.025101
-0.020599
-0.011620
0.032349
-0.012764
-0.006130
-0.007042
0.012383
-0.007668
0.011436
-0.039185
-0.037933
0.006344
-0.008682
-0.032867
-0.044403
-0.006363
0.038879
-0.030746
-0.014694
0.022766
0.029510
-0.029816
0.022217
-0.021347
0.001674
-0.025421
0.001978
-0.032562
0.016678
-0.013306
0.035522
0.013260
-0.018448
-0.018448
0.014603
0.003130
-0.009537
-0.014275
0.007595
-0.011505
-0.021759
-0.047913
0.015778
-0.041901
-0.042175
0.012779
0.014565
0.001570
-0.007076
0.018967
-0.033386
-0.034821
0.018524
0.023361
0.015564
0.022934
0.023422
-0.041046
-0.019485
-0.036224
-0.006489
0.017746
-0.009125
0.001054
0.009254
0.027344
-0.011688
-0.012726
0.015388
-0.027740
0.014191
-0.015221
-0.013840
-0.012154
-0.013771
-0.026184
0.035736
0.026184
0.007263
0.029510
0.011757
0.013916
0.022552
0.026291
-0.014832
0.037323
0.016815
0.025833
0.001610
0.027802
0.010033
0.021606
-0.005615
-0.005955
0.009758
0.012360
0.022827
0.005436
0.034454
0.030365
-0.002600
-0.007858
-0.020966
0.020447
-0.003466
0.001078
0.001380
0.028015
-0.029907
0.008881
-0.019684
-0.019547
0.008064
0.032593
0.029648
-0.024811
0.034424
0.017868
0.024460
-0.011909
0.035065
0.030716
-0.022995
0.005795
0.012543
-0.008324
0.009308
0.004662
-0.017960
0.021255
0.040253
0.031021
0.005833
0.032928
-0.016342
0.004410
-0.000936
-0.009995
0.003035
0.000080
0.020279
0.024292
0.026184
0.008827
0.026993
-0.007526
0.017014
0.007061
-0.011147
0.014206
0.034271
0.019821
-0.009071
0.014847
-0.032104
-0.022034
0.011360
0.009453
-0.002075
-0.003025
-0.026627
-0.018646
0.002079
-0.000837
0.029388
-0.018295
-0.014587
0.005375
-0.008095
0.029266
0.035370
-0.015152
-0.004799
0.005825
0.017563
-0.025146
-0.009888
0.032684
-0.027420
0.026215
0.027771
0.005554
-0.030060
0.017776
-0.014435
0.033875
0.030396
-0.024445
0.029587
0.022171
0.010414
0.035126
0.040771
0.031250
-0.013969
-0.022095
-0.005108
-0.010300
-0.001239
-0.013596
0.033264
0.004158
-0.015869
-0.011993
-0.023788
-0.016052
0.004936
-0.016006
0.023193
-0.015747
0.029022
-0.005028
-0.009918
0.022522
0.026062
0.002991
0.006149
-0.023041
0.001300
-0.017380
-0.026825
0.027939
-0.025208
-0.022064
0.026169
0.004932
-0.022507
0.015717
0.018677
-0.023178
-0.013977
-0.026337
0.017899
-0.023193
0.038574
-0.035736
-0.004383
-0.013702
-0.005978
-0.023117
0.005936
-0.004272
0.006443
-0.008057
0.005596
-0.014046
0.027954
-0.030457
0.003845
0.008179
-0.020370
0.001163
-0.000619
-0.007919
0.010078
-0.033691
-0.009109
0.009216
-0.014557
0.014946
-0.017746
0.033325
0.018875
-0.011696
0.040100
0.026718
0.012939
-0.031921
0.021118
-0.027054
0.008080
0.010689
-0.021027
-0.011459
0.012207
-0.014282
0.013802
-0.011765
-0.003428
0.014679
0.012146
0.018677
0.030670
0.022522
-0.002748
0.022812
-0.004673
-0.029678
0.018890
0.023560
-0.025818
0.011238
0.030563
-0.007465
-0.024734
-0.005836
0.006592
-0.017227
0.026108
0.016541
0.009262
0.009155
0.014359
0.015793
0.020248
-0.019012
-0.029968
-0.026657
0.033936
-0.008743
0.039581
-0.046265
0.041168
-0.014114
-0.033508
0.006538
-0.013924
0.041656
-0.036285
-0.018066
-0.015701
0.012520
-0.030685
0.027634
-0.040161
0.026001
-0.017746
-0.012436
-0.010605
0.014191
-0.037659
-0.032867
-0.001907
-0.010422
-0.031738
0.050751
0.020599
0.010086
-0.021561
0.016327
0.021072
0.006687
-0.023590
0.015213
-0.032745
-0.002575
-0.034332
-0.008270
0.000137
0.022141
-0.012772
-0.033661
-0.020905
0.018219
0.021667
-0.003773
-0.030762
-0.035858
0.044006
-0.037750
-0.036591
-0.034607
0.017441
0.033661
-0.030670
-0.015526
-0.005154
-0.042145
0.007580
-0.032959
-0.018555
-0.028290
0.008156
-0.011848
0.023148
-0.035980
0.022385
-0.013802
-0.010506
0.046265
-0.003586
-0.010376
0.033386
0.006432
-0.043274
0.016663
0.021423
-0.019745
0.013954
-0.018341
-0.047058
-0.010292
0.006813
0.000785
0.023254
-0.008087
0.001600
-0.035065
0.020218
-0.000453
0.027145
0.009811
-0.006401
-0.009605
0.018005
0.018280
-0.004124
0.035095
0.039520
0.007637
-0.036011
0.030746
0.031525
-0.005867
0.000471
0.044495
0.028168
-0.013489
-0.010635
-0.030106
-0.023438
-0.017792
-0.007153
0.019394
0.012177
0.012512
-0.004322
-0.013397
-0.038300
-0.012634
0.030243
-0.009903
-0.031174
0.037262
0.025452
0.016647
-0.031616
0.028732
0.018921
0.015091
0.001015
-0.006016
0.014015
0.025146
-0.030533
-0.010643
-0.029129
0.032013
0.013527
-0.022705
0.027603
-0.023911
-0.006680
-0.003490
-0.029526
-0.013138
-0.023285
-0.017715
-0.010605
0.000362
0.023483
0.003397
0.001239
-0.009544
0.017578
-0.026260
0.011429
-0.017609
0.003183
-0.032104
-0.031494
-0.035950
-0.033356
-0.020920
-0.004097
0.004463
0.035706
0.009453
-0.002211
-0.032715
0.001505
0.005646
-0.009552
0.001837
0.031036
-0.012451
0.024368
-0.009369
-0.028900
-0.001870
0.027588
-0.000852
-0.027924
0.036530
0.031219
0.012543
-0.016342
0.020752
0.024994
0.030624
0.029144
0.024200
0.036072
0.012566
0.034393
0.003742
-0.016785
-0.018890
-0.015427
0.015732
0.002401
-0.000463
0.015343
0.017944
-0.021378
-0.014153
-0.025589
0.029449
0.011566
-0.028244
0.014275
0.001830
0.022217
-0.015549
-0.005329
-0.017731
-0.002274
-0.008408
-0.025513
-0.006069
-0.032684
0.016342
-0.026978
0.002764
0.026794
-0.009277
-0.031250
-0.032013
-0.012924
-0.008629
-0.008888
-0.017548
-0.025040
-0.000747
-0.011879
0.009270
0.001674
-0.029678
0.026581
-0.028580
0.018448
0.024384
0.004025
0.007732
-0.010132
0.017532
0.032898
-0.017151
0.013458
-0.010269
-0.006859
-0.031082
0.010773
0.044617
-0.024109
0.012077
-0.025131
0.018509
-0.031372
-0.034027
-0.032532
-0.006477
0.035583
-0.023239
0.037842
-0.006161
0.029846
0.015327
0.032532
-0.028961
0.054871
0.035706
0.013153
-0.041901
-0.040192
-0.045807
0.036499
0.005245
-0.004906
-0.024216
-0.016083
-0.003239
-0.028397
-0.028305
0.023849
-0.022476
-0.030731
0.020050
-0.015427
-0.012070
0.020096
-0.005764
-0.005680
0.013939
-0.013298
0.019547
0.024048
0.006134
-0.018372
-0.000389
0.034088
-0.019531
0.011353
-0.010689
-0.038940
0.044769
0.014488
-0.012802
-0.006069
-0.037354
0.048126
-0.048035
0.053131
0.035156
-0.029938
-0.004868
0.004868
-0.020309
0.014603
0.014381
0.015182
0.020401
0.005856
0.030670
0.012245
-0.044098
0.048859
-0.014626
-0.031433
0.034576
0.012985
0.023438
-0.049713
-0.011040
-0.030228
0.041321
-0.009781
-0.029221
0.064514
0.029419
0.021667
-0.032196
0.016739
0.017151
0.019470
-0.034485
0.005962
-0.002909
-0.018127
-0.007957
-0.014732
-0.015282
-0.010078
0.033356
-0.009193
-0.011047
0.007397
-0.025299
0.011749
0.041534
-0.015312
-0.002468
-0.009834
0.016083
0.000431
-0.010086
0.009995
0.006588
-0.046844
0.031952
0.027847
-0.030441
-0.008942
-0.026077
0.019913
0.040283
-0.024231
-0.017792
0.014168
-0.014542
0.027344
-0.030716
-0.014465
-0.004578
0.012459
-0.000878
0.009148
0.052277
-0.002537
0.020340
-0.008080
-0.032288
0.035217
-0.036652
0.025024
-0.001714
0.004723
0.009834
0.000109
-0.006264
-0.019165
0.016266
0.019852
-0.016449
0.019257
0.008751
-0.028656
0.036804
-0.008766
-0.040100
0.005692
-0.021500
0.024460
-0.000864
-0.019775
0.030670
0.018219
0.019714
0.003370
-0.002918
-0.022354
-0.031281
0.030853
0.000035
0.032806
0.010406
-0.005650
-0.030289
0.018417
-0.022568
-0.014709
-0.031586
0.039215
0.005692
-0.022446
-0.023117
0.037933
-0.005764
0.025513
-0.020737
0.041321
-0.022232
0.004230
-0.001980
0.016785
-0.018448
-0.026611
0.007484
-0.009117
0.003265
-0.010345
0.004520
-0.024811
0.014252
0.003967
-0.011681
0.001277
0.016830
0.021683
0.014206
-0.040009
0.003057
0.024017
0.013275
-0.007797
-0.028610
-0.009476
-0.020401
-0.006153
-0.028137
-0.023224
0.004898
0.029358
0.002483
0.041809
-0.028046
-0.001347
0.007687
0.027954
0.038879
0.021790
0.000429
0.029907
0.005280
0.006168
-0.023682
-0.025436
-0.035950
0.011230
-0.027466
-0.018417
-0.027756
0.016769
0.033142
-0.025970
-0.000470
0.006359
-0.021057
0.026077
-0.029953
0.010338
-0.000170
0.005299
0.042603
0.012276
0.026718
0.024384
0.001735
-0.024399
0.002825
-0.034210
-0.016998
0.020309
0.019409
0.000893
-0.001061
-0.013191
-0.048859
-0.018372
0.014389
0.028870
-0.007702
0.027298
-0.033142
0.025192
-0.018127
0.003098
0.014153
-0.024750
0.025940
0.030182
-0.001448
-0.002302
-0.026550
-0.016251
0.022995
-0.022858
-0.015945
0.026794
0.024261
0.017700
-0.018875
0.008110
0.017075
-0.028656
0.034515
0.001313
-0.001419
0.005554
0.025589
-0.004509
0.019165
-0.034149
0.014870
0.014000
0.008476
0.012016
0.000402
0.023544
-0.006203
0.010864
0.005123
-0.018341
-0.037201
-0.009201
0.020996
0.030167
0.023819
0.010681
-0.016220
-0.001369
-0.016968
-0.023773
-0.028473
-0.005463
0.007782
-0.026169
0.035309
-0.025665
-0.014351
0.019775
-0.006992
-0.001060
0.028198
-0.001145
0.010048
-0.026031
-0.011940
0.013840
0.026794
0.008949
-0.020447
-0.003689
-0.001304
-0.011101
0.020996
-0.026047
-0.011765
-0.031250
0.007675
-0.031052
-0.016953
0.008522
-0.014595
-0.024155
0.023010
0.001716
-0.005695
0.010582
-0.010040
-0.025467
-0.001571
0.035065
0.030716
0.003727
0.022751
0.005718
0.021408
0.031204
0.009827
0.020660
0.013634
-0.014282
-0.002348
0.026489
0.035187
0.015450
-0.019165
-0.034821
-0.005695
-0.000670
0.024750
-0.012482
0.002314
0.033905
-0.035645
0.004295
-0.029877
-0.003922
0.004929
0.013191
0.026047
0.011520
-0.015793
0.021729
0.008110
0.034088
-0.012756
-0.012566
0.013458
-0.002453
-0.007240
0.036499
0.036682
0.018677
0.002499
-0.004410
0.007259
-0.006725
-0.012299
0.033844
0.035431
-0.005577
-0.013115
0.011932
0.023041
-0.015793
0.029434
0.031021
-0.029266
0.026520
-0.024109
0.000384
0.036224
0.002115
0.019379
0.025406
0.001662
0.033752
-0.020569
-0.004196
-0.003366
0.009720
0.001688
-0.016830
-0.001154
-0.008636
0.009979
-0.029190
0.006237
-0.003952
0.026703
0.040009
0.006149
-0.022690
0.011780
0.013916
0.035980
0.000774
0.027451
0.013145
0.009239
-0.003485
0.026413
0.018967
0.031342
0.011719
-0.008865
-0.027023
-0.034271
0.011414
0.027115
0.025757
0.009361
-0.006870
0.028488
0.014481
-0.039551
0.001559
0.034119
0.006710
0.002186
-0.014870
-0.007401
-0.001180
0.008240
0.025543
-0.022720
0.035736
-0.020828
0.003622
0.012039
0.029419
0.040039
0.006901
0.020370
0.029770
0.004807
-0.024292
0.007038
0.027039
0.020020
-0.007320
0.002258
0.021362
-0.011055
0.017471
0.019547
0.002846
-0.019348
0.003506
-0.016342
0.023026
-0.018875
0.000199
-0.021484
-0.002197
-0.017517
-0.001633
-0.026093
0.001801
-0.020370
0.012650
0.014778
0.004524
-0.022079
-0.011047
0.012039
-0.017136
0.013809
0.030426
0.028168
0.041107
-0.030746
-0.024628
-0.037506
0.015297
0.013626
0.021835
0.025787
-0.017395
-0.021515
-0.023712
0.035858
-0.032013
0.034454
-0.018753
-0.025131
0.005840
0.039612
-0.033539
0.015121
0.028351
0.009850
-0.012596
-0.023117
-0.019516
-0.041351
-0.033508
-0.025360
0.020905
-0.009300
0.013596
0.018219
0.011292
0.013214
0.018753
-0.000896
0.000552
0.006668
0.002045
-0.026428
0.038147
0.032532
-0.017273
0.027908
0.000576
0.009506
0.019363
-0.015129
-0.003761
0.005699
-0.030289
0.032043
0.007000
0.013390
-0.027039
0.012375
-0.008904
-0.004982
0.014259
-0.012962
-0.015045
-0.031403
0.007744
0.024551
-0.032227
0.043427
0.034668
-0.030823
0.017609
0.009186
-0.024643
-0.029083
0.001591
-0.005238
-0.005566
-0.001001
-0.020920
0.013123
-0.000815
0.003572
-0.021042
-0.043793
-0.012047
0.019028
-0.010513
-0.029617
0.016434
0.025482
-0.007828
-0.026001
0.012199
0.015900
0.009781
0.021973
-0.022583
0.019470
0.044830
0.028259
0.014336
0.026871
0.036774
0.007812
0.042175
-0.039307
0.033417
-0.006275
0.021530
-0.022263
0.033417
0.006294
0.030594
-0.024521
-0.024567
-0.030014
-0.005043
0.034851
0.027023
-0.004398
0.013832
0.006847
0.010254
-0.000403
0.014832
0.022064
0.016800
0.023499
0.004250
0.017731
0.009041
0.012093
-0.013214
-0.007515
0.034515
0.021988
0.033142
0.018509
0.003326
0.034698
0.019928
-0.027054
-0.025726
-0.032745
-0.011169
-0.007565
0.003857
-0.016296
-0.016052
-0.034485
0.025558
0.020554
0.007744
0.018860
0.017075
-0.018433
0.001302
0.019943
0.020874
0.019623
0.016998
0.040314
-0.017746
-0.002783
0.007374
0.029694
-0.033142
0.007221
-0.008049
0.002127
-0.006023
0.033295
-0.009926
0.006767
-0.013069
-0.013901
0.011681
0.021774
0.025589
-0.014549
0.018326
-0.022354
0.009705
-0.005344
0.024261
-0.040314
0.025482
0.015182
0.025269
0.038055
0.000309
0.001324
0.028534
0.010010
0.019836
-0.024857
0.011246
0.006207
0.005386
0.012253
-0.023438
0.011032
0.024948
-0.034241
-0.012985
-0.029572
-0.028076
0.002708
-0.000104
0.000685
0.005672
0.003078
-0.026657
0.035278
-0.018921
-0.003185
0.002357
0.021225
-0.005184
0.005428
0.036682
-0.007362
-0.010086
-0.001025
0.020782
-0.007259
0.013824
0.009682
0.017197
0.015808
-0.017853
0.017441
0.028259
0.032104
0.014893
0.017578
-0.015114
0.004807
-0.026093
0.006702
0.018753
-0.031494
-0.030533
0.005600
-0.004196
0.026382
0.016037
-0.022995
-0.004841
0.028549
-0.004841
-0.028610
0.038727
-0.008385
0.020645
0.024231
-0.007397
-0.032257
0.011253
-0.008675
0.032501
0.025131
0.001518
0.007401
0.019180
0.005276
-0.003780
0.027206
0.011948
-0.022842
-0.028748
-0.016724
0.029510
0.018097
0.023392
0.030380
-0.002598
0.014366
0.002695
0.029755
0.007782
-0.013222
0.035431
0.000576
0.007889
0.007557
0.033966
0.037445
0.011200
0.005215
-0.022018
-0.003134
0.008514
-0.001576
0.019394
-0.012260
0.001393
0.005466
0.000660
0.012535
-0.021515
-0.027252
0.005283
0.027695
-0.007126
0.020721
-0.019272
-0.018219
0.012840
0.016174
0.017761
0.022949
-0.014931
0.024841
0.002741
0.016800
-0.026093
0.003466
-0.009911
-0.015175
0.024948
0.013603
0.015717
0.035889
0.016388
-0.017487
0.009598
-0.014023
0.003351
0.005116
0.014229
0.029434
-0.020721
0.028976
-0.014175
-0.003513
0.019073
-0.022858
0.031464
-0.001040
-0.004677
0.028229
0.012733
-0.033875
0.011482
0.021210
-0.006458
0.023315
-0.016708
-0.021179
-0.009041
0.034821
0.030319
-0.002062
-0.024521
0.033478
-0.037048
-0.027817
0.029251
-0.033783
-0.019089
0.014885
-0.024597
0.014931
-0.006233
-0.015099
0.018768
0.006477
-0.014816
0.000010
-0.002556
0.025543
0.038666
0.034790
0.028320
0.017746
-0.035675
0.028351
-0.001918
-0.007149
-0.045868
-0.010536
0.036713
-0.036987
-0.035309
-0.007210
-0.015732
-0.014191
-0.020752
-0.004002
-0.001966
-0.005669
-0.041443
-0.022369
0.009346
0.016495
0.018616
-0.045898
-0.012230
-0.009148
0.006920
0.025681
-0.016098
-0.020630
-0.000562
0.011177
0.000216
0.037079
-0.009323
0.010887
-0.007061
0.029694
-0.011238
-0.015396
-0.049194
-0.014023
-0.040405
-0.022491
-0.041473
0.010490
-0.045013
-0.001754
-0.000022
-0.019119
-0.039886
0.007835
-0.021164
-0.043243
0.038910
-0.046722
0.002449
-0.043915
0.008408
0.018600
-0.028961
0.040131
0.006283
0.003550
-0.021851
-0.010353
0.021378
-0.037781
-0.009117
0.019638
-0.050110
0.002995
-0.041748
-0.012390
-0.003685
0.037323
-0.008888
-0.011452
-0.029434
-0.020264
0.004967
0.021072
-0.004154
-0.043518
0.035065
0.035980
-0.012871
-0.015671
-0.054657
0.033691
-0.025192
-0.007843
0.006668
0.042297
-0.040009
-0.025879
-0.061523
0.014198
-0.002623
-0.003298
0.036011
-0.006332
0.040649
-0.075684
0.006214
0.022858
0.014320
0.003164
-0.030579
0.005329
0.002388
-0.016617
0.044037
-0.005878
-0.027206
0.050507
-0.007217
-0.020386
0.010353
-0.053711
0.029938
-0.001506
-0.041870
-0.008759
0.000005
-0.013725
-0.016953
0.001631
-0.002579
0.042969
0.020493
-0.019485
0.032074
-0.018387
0.029831
0.019836
-0.028305
-0.013123
-0.000676
0.011620
0.001022
-0.013603
0.022064
-0.041931
0.036865
-0.000322
-0.004475
0.010559
0.020309
-0.024887
0.034180
0.007717
0.046143
-0.008469
0.038696
0.027115
-0.037567
0.023148
-0.006042
-0.041504
-0.018936
0.034363
-0.035767
0.034882
0.024765
0.026917
-0.023499
-0.024246
-0.012276
0.031952
0.028976
-0.012634
-0.018677
-0.001161
0.026550
-0.027786
-0.023865
-0.016937
0.027084
-0.017120
-0.013367
0.030930
0.026428
-0.002192
0.025955
0.039215
0.026932
0.010048
-0.002647
-0.014870
0.035614
-0.024734
0.027802
0.012802
0.010139
-0.035095
0.012672
0.000321
0.032593
0.011902
0.001766
0.008453
0.007072
0.051422
-0.005699
-0.023407
-0.002407
-0.032013
-0.026764
-0.016449
-0.015205
0.008408
-0.030243
0.028336
0.022720
0.001595
-0.011543
0.014549
0.036530
0.026398
0.037567
-0.021820
-0.003901
0.017410
0.003790
0.022202
0.023392
0.007927
-0.010742
-0.009102
0.026688
0.009300
0.005951
0.008820
0.002930
0.030731
-0.036285
-0.016342
0.016525
0.042969
-0.005447
-0.032745
0.026840
0.019272
-0.019638
0.024582
-0.013329
-0.004509
0.003309
0.025497
0.006638
0.015945
0.018234
0.016785
-0.005127
0.042603
0.041534
0.006855
-0.038513
-0.003330
0.006260
0.009804
-0.022476
-0.023270
0.011993
0.001074
-0.004787
-0.013023
-0.003864
-0.016129
-0.004414
-0.005993
-0.003622
-0.024261
0.003649
-0.022751
-0.033203
0.003361
-0.011536
-0.004494
0.021530
0.021973
0.033081
0.012199
0.035431
0.026749
0.028900
0.006470
-0.016006
0.015228
0.032196
0.024323
-0.001993
-0.026871
0.020294
-0.001919
-0.015686
-0.030090
-0.028519
-0.003252
0.022644
0.005760
-0.028214
0.019104
-0.018616
0.002979
0.041870
0.006310
0.036987
0.037445
0.030075
0.007034
0.020554
0.010094
0.011726
-0.033173
0.011757
0.009895
-0.006832
-0.021667
0.023712
0.017395
0.010757
-0.004734
0.009827
0.002972
0.035126
0.019470
0.021439
0.006840
-0.017395
0.025238
-0.006466
0.009392
0.016068
-0.005360
0.022873
-0.022552
-0.006611
-0.008919
-0.017441
-0.025940
-0.027786
0.024979
0.007389
-0.005493
0.029892
-0.000944
-0.026382
0.011856
0.016495
0.024918
-0.010216
0.005806
0.023010
0.029800
0.036591
-0.015991
0.026108
-0.022385
0.029129
0.007843
0.006191
0.006149
0.029343
0.034241
0.002846
0.036377
0.015312
-0.034851
-0.020782
0.006775
-0.025818
-0.008179
-0.026611
0.023041
-0.032867
-0.020508
-0.003242
0.001540
-0.040009
-0.011703
0.000862
0.028534
0.015236
0.004429
0.013237
-0.042206
-0.011490
-0.039734
0.031952
-0.053284
0.005474
-0.012222
0.026962
0.007259
0.000149
0.012138
-0.018127
0.008492
0.014969
-0.026108
0.014954
0.002584
-0.017380
0.013206
-0.053284
-0.025070
-0.015434
0.021713
-0.013451
0.005234
-0.041290
-0.020584
-0.044739
-0.001714
0.018417
0.026627
-0.001987
-0.021530
-0.000949
0.001207
0.029205
-0.002016
0.003252
-0.021057
-0.024796
-0.028427
-0.041901
0.040894
0.012421
-0.001325
0.011703
-0.036652
0.003546
0.009209
0.022583
0.019165
-0.009224
-0.020004
-0.006371
-0.002262
0.006863
-0.019318
0.020111
0.040863
0.010880
0.004826
-0.038940
-0.044586
0.009506
-0.030243
-0.047211
0.012825
-0.036865
0.039948
-0.021927
0.011078
-0.002480
-0.035980
-0.037476
-0.013138
-0.053345
0.013908
0.032288
0.004807
-0.030746
0.011894
0.018051
0.049072
-0.009056
-0.032959
0.011726
-0.001268
0.032990
-0.037903
0.008369
0.022049
-0.019089
0.013435
-0.028946
-0.005196
0.022583
-0.008102
-0.003637
0.008644
0.022125
-0.026794
-0.018936
-0.011330
-0.019806
-0.040802
0.011833
-0.032349
0.006847
-0.004700
0.011894
0.002388
-0.016556
0.025208
0.036377
0.018051
-0.004539
-0.017654
0.016190
-0.012238
-0.032593
-0.022415
-0.016953
0.001363
0.011528
-0.020020
-0.019913
0.041748
0.036346
0.034698
-0.022858
0.000093
0.031235
0.036346
-0.036896
-0.015587
-0.003822
-0.018951
-0.009857
0.005306
0.009834
-0.000919
0.031067
0.025131
0.016266
-0.025955
0.017166
0.039276
0.014694
0.042328
-0.020081
0.002153
0.017960
0.021484
-0.017593
-0.024902
0.000710
0.004913
0.042175
-0.003080
-0.032928
-0.018631
0.005661
0.018326
-0.008110
-0.019073
-0.025436
-0.012901
0.022156
-0.024704
0.033295
0.006905
0.034454
0.004711
-0.010910
0.004173
0.019852
-0.018326
0.013313
-0.019913
-0.035736
-0.000335
0.008354
-0.015778
0.014160
0.010559
0.009918
-0.025909
-0.016846
0.019806
0.004932
-0.005299
-0.023956
0.015244
0.007843
0.020081
-0.018280
0.033569
0.015274
-0.005394
-0.003756
0.013512
-0.023041
-0.025543
0.018555
-0.002565
-0.020111
0.017166
-0.014580
0.032928
-0.020096
0.026230
-0.015915
-0.010826
0.020187
-0.005413
0.012451
0.023788
-0.022964
-0.005432
-0.003855
0.004402
-0.036377
-0.010422
-0.028488
-0.027405
-0.013939
0.030701
0.026764
0.036255
0.005573
-0.039734
-0.034088
0.027618
-0.018768
0.005253
-0.001635
-0.002003
0.013115
0.009857
-0.008232
-0.000562
0.007011
0.009918
0.025040
-0.022949
0.020645
0.028915
0.021500
0.047791
-0.031281
0.033295
-0.002665
0.041473
-0.010521
-0.021011
-0.028122
-0.043457
0.000995
0.030701
0.001195
0.034088
-0.036896
0.029434
0.019989
-0.012535
0.007683
-0.017029
0.025177
-0.033783
0.033325
-0.012161
0.037445
0.032837
0.037964
-0.039795
0.011261
0.044830
0.003922
-0.015976
-0.032867
-0.041687
-0.030624
0.010521
0.006363
-0.018921
-0.007843
-0.002769
0.041077
0.017029
-0.003315
-0.024185
-0.008575
0.016907
-0.023880
-0.019501
-0.011902
-0.030289
0.027954
-0.011017
0.031616
-0.003319
-0.020615
-0.000223
-0.007736
-0.034210
0.005566
0.020554
0.018143
-0.013412
0.025940
0.003717
0.018707
0.036774
0.020584
0.018402
0.009155
0.013260
-0.019073
0.019882
0.027374
-0.021545
0.042419
-0.001328
0.008301
0.009544
-0.027939
-0.019409
0.011307
0.026154
-0.020691
0.018524
-0.008377
0.015884
-0.013573
-0.009895
-0.011971
0.033936
-0.042572
-0.037201
0.022537
0.019699
-0.012527
0.046509
-0.028534
-0.000998
0.016190
0.036682
0.011368
0.032501
0.011765
-0.014526
-0.025055
-0.015701
0.036743
0.023926
-0.014359
0.012611
-0.004311
-0.029449
0.003220
-0.017273
-0.040131
0.038391
0.011040
0.008812
-0.028641
-0.027878
-0.014519
0.028748
-0.011139
0.026871
0.029205
-0.021484
0.025864
0.019424
-0.005383
-0.015190
0.019806
-0.002855
-0.035248
-0.031464
0.013969
-0.034668
-0.029495
-0.020752
-0.019577
-0.008194
0.051331
-0.011864
0.024414
0.013489
0.028641
0.003727
0.018250
-0.044189
0.013580
0.036072
0.002863
-0.013023
-0.045807
-0.045898
0.029099
-0.003500
-0.002825
-0.017258
-0.005829
-0.004356
-0.037689
0.042816
-0.007748
-0.031082
0.017212
-0.001833
-0.025131
0.000154
0.004158
0.030762
-0.047058
0.010094
0.020401
0.058380
-0.036285
-0.042908
0.008736
0.000084
-0.031677
0.059967
0.003706
0.036499
-0.010933
0.021118
-0.014282
0.020538
-0.014458
-0.040771
0.024338
-0.061066
0.048950
-0.007103
-0.002239
0.009109
-0.049469
0.025650
-0.038971
0.022873
0.024673
0.002306
-0.021149
-0.001247
-0.010674
-0.051666
0.001569
-0.018265
-0.003376
-0.013382
-0.007195
0.044891
0.025146
0.004883
0.003687
0.014053
0.029510
0.012741
-0.009834
-0.022659
-0.001037
-0.005836
0.034790
0.016510
-0.004974
0.015167
-0.022095
-0.029053
-0.061035
0.028244
-0.061615
0.001662
0.012810
-0.010460
-0.035797
-0.011093
0.008156
-0.002892
-0.011032
0.023026
-0.014961
0.020584
0.006416
-0.037292
-0.030533
-0.008659
0.006779
-0.006908
-0.022217
0.049255
0.007126
0.038605
0.047943
-0.010651
0.000997
-0.043854
0.015427
-0.042084
0.018829
-0.009865
0.035889
-0.018234
-0.019516
-0.038788
-0.041962
-0.051361
-0.031738
-0.016479
0.000247
0.028656
0.015121
-0.020996
-0.023697
0.018814
0.030930
-0.052887
-0.021454
-0.004070
0.000570
-0.015404
-0.025574
0.004097
0.024353
0.031555
0.025879
-0.014084
0.007439
-0.019379
-0.010399
-0.018890
-0.017288
0.038635
0.028336
0.024887
0.006565
0.024399
0.034943
0.006485
0.034637
0.006775
-0.024673
0.019012
0.022263
0.029175
-0.020859
0.014786
0.027725
0.020660
-0.032867
-0.001982
0.002565
0.012779
-0.017532
-0.004990
-0.024353
0.023026
0.028717
-0.013878
-0.007286
0.015656
0.025772
0.035065
0.022018
-0.012398
-0.027786
-0.028107
0.028961
-0.010704
0.033295
0.022263
-0.004700
-0.024200
0.029144
-0.037567
-0.002642
0.002754
-0.037781
-0.023590
0.012199
-0.002520
0.038239
-0.025543
-0.008080
0.022949
-0.025589
-0.028351
0.018448
0.002886
0.037445
0.012482
-0.028992
-0.027527
-0.032715
0.003572
-0.020782
0.030243
0.016922
-0.028519
-0.041290
-0.010361
-0.019379
-0.015381
0.000052
0.014534
0.005222
0.010323
-0.039795
0.000304
0.023758
-0.027893
-0.023529
-0.022598
0.008797
-0.015556
0.030960
0.025391
0.015282
-0.016922
-0.005730
-0.003393
-0.027313
-0.017151
0.026459
0.012016
-0.036499
-0.034637
0.031311
0.018784
-0.016510
0.021057
-0.026993
0.002735
-0.026016
0.015182
-0.013527
-0.001040
-0.030807
-0.028931
-0.039490
-0.035248
0.032593
0.009659
0.028442
0.040955
-0.040497
0.009964
-0.058350
-0.019073
-0.026321
-0.003721
-0.006580
-0.013237
0.021561
-0.000378
0.001357
-0.019455
-0.026718
-0.010391
-0.002995
-0.019516
-0.045532
-0.016312
-0.015053
-0.000819
-0.041168
-0.020264
-0.024597
-0.035645
-0.043182
0.030045
0.010551
0.002659
-0.046539
0.017395
-0.034363
-0.001889
-0.016830
0.000488
0.003664
0.027954
-0.013344
-0.044586
0.030518
-0.017609
-0.024246
0.007187
0.034851
-0.039429
-0.009644
-0.047241
-0.040680
-0.020065
-0.025146
0.007267
-0.047760
-0.004246
-0.023163
0.008553
-0.020126
-0.013405
0.018387
-0.024628
-0.042175
0.007782
0.004467
0.003452
-0.024536
0.017899
0.005527
0.018921
-0.003450
-0.019501
-0.003305
0.045349
0.016464
-0.037354
0.042023
-0.000000
-0.039490
-0.028946
-0.013313
-0.034271
0.004044
-0.010124
-0.034943
-0.005684
-0.023712
-0.020325
-0.009575
0.045654
0.000597
-0.029236
0.016785
-0.010811
0.045349
-0.039948
-0.014526
0.012817
0.033630
-0.018158
-0.003197
-0.003519
-0.000316
-0.005413
0.000366
0.043182
-0.034363
-0.018555
-0.050323
-0.001963
-0.040009
-0.029663
0.030777
0.024460
-0.032471
-0.015053
0.009247
-0.007732
-0.041779
-0.001395
-0.000125
-0.011551
-0.011177
-0.025482
0.017838
0.054565
-0.044128
0.039825
0.004032
0.075073
-0.041107
0.003799
-0.017075
0.014610
0.033264
-0.048615
-0.003370
-0.004616
0.073303
0.002176
0.047974
-0.040710
0.040619
-0.007950
0.055237
-0.085144
-0.068176
-0.038849
0.078735
0.054962
0.025208
-0.016617
0.048035
-0.031586
0.040497
0.016418
0.044708
0.037842
0.013351
0.018112
0.031647
0.070374
0.016556
0.066589
0.013451
-0.033508
0.067322
-0.031555
-0.002661
0.080872
-0.056519
0.003582
0.019852
-0.000466
-0.018341
0.046844
-0.009995
0.059387
0.013733
0.018082
0.029602
-0.048004
0.032562
-0.008232
0.022919
0.053558
-0.031082
-0.005531
0.018127
0.063049
0.020309
-0.019592
0.041931
0.071899
-0.031372
0.044342
-0.005276
-0.053131
0.014572
-0.028625
0.029770
0.018677
0.065796
0.033386
-0.060486
-0.024292
0.046051
0.062805
-0.006081
0.015488
0.034790
0.003319
0.030121
0.010887
-0.010719
0.007683
0.017792
0.011009
0.029190
0.026520
-0.021774
0.049469
-0.040375
0.036072
0.025528
-0.015839
0.017441
0.009628
-0.016693
-0.005333
0.018021
0.021225
0.033844
-0.062500
-0.053955
0.016525
0.043488
-0.008385
0.033173
0.030884
-0.085632
0.037872
0.042694
-0.034698
-0.023819
0.026550
0.039581
-0.037476
0.004013
0.006672
-0.016373
-0.034851
0.009056
0.003120
0.013893
-0.007393
0.020157
0.021484
0.021469
-0.019775
0.012810
0.016327
-0.002855
-0.001318
0.017120
-0.028259
-0.036621
-0.031158
0.010742
-0.009331
-0.009995
0.032349
-0.035248
0.027969
0.000633
0.032410
0.011185
-0.004803
-0.023270
-0.028259
0.027679
-0.000318
-0.015076
0.005215
-0.024445
0.018204
-0.030869
0.004951
-0.029663
-0.020859
-0.012215
0.013687
-0.001918
0.001834
0.009682
0.011513
-0.015450
-0.024734
-0.030334
0.012085
0.028641
0.019913
0.019653
0.040405
0.003744
-0.029190
0.037994
-0.037140
-0.011215
0.007729
0.016586
0.004795
-0.005791
0.036163
0.006123
0.029785
-0.006561
0.034119
0.023865
0.056580
-0.015671
-0.019638
0.022720
-0.027176
0.027054
-0.009651
0.010246
0.016022
0.013885
-0.007629
0.007973
0.001932
0.046295
0.016479
-0.023621
0.025558
0.013748
-0.009132
0.035828
-0.026077
0.008263
-0.003416
0.049438
0.018646
0.025253
0.018631
-0.037567
0.029999
-0.045319
-0.013374
-0.022110
-0.004280
0.007053
-0.031769
-0.031830
0.014923
-0.000528
0.030960
-0.038574
0.023682
0.004383
0.000126
0.039490
-0.005920
-0.025223
0.000858
0.038422
0.016815
-0.011902
-0.031769
0.015007
0.006058
0.018951
0.031738
-0.009613
-0.021317
-0.008949
-0.023560
-0.010841
0.028717
-0.030334
0.042816
0.000723
0.011337
0.046021
0.050049
0.030334
-0.013420
0.032867
-0.026016
-0.022675
-0.024231
0.002789
-0.016663
0.035461
-0.015869
-0.039154
0.004051
0.003273
-0.022949
-0.014038
0.031891
-0.001257
-0.025406
0.067139
0.035797
0.021210
0.018311
-0.023087
-0.062622
0.030685
0.034180
-0.021469
-0.013062
0.008698
0.031525
0.037140
0.027908
0.009392
0.051636
0.042908
0.024872
-0.025070
0.014282
-0.037689
0.000191
0.010674
-0.014267
-0.003635
-0.019821
-0.006123
0.033112
-0.049957
0.013924
-0.007214
-0.032837
0.023697
0.019958
-0.038666
0.032379
-0.016144
0.019730
-0.001417
-0.017334
0.027390
-0.014107
-0.002205
0.013519
0.014206
0.026108
0.036407
-0.050476
0.010788
0.002970
-0.012833
0.043365
0.019562
-0.012543
-0.031830
-0.020401
-0.036438
-0.007874
0.025116
0.035797
0.037018
0.002005
0.039093
-0.032379
-0.007866
-0.009735
-0.011841
0.012283
0.010262
-0.021942
0.015114
0.004715
-0.053986
-0.028091
0.021835
0.022263
0.057465
0.027618
0.003010
0.002682
0.000657
0.021667
-0.029404
-0.015327
0.020111
0.009544
-0.010628
-0.033356
-0.004078
0.006500
-0.008698
-0.020981
-0.003508
-0.003046
0.001522
0.043701
-0.001587
-0.022354
-0.027313
-0.015991
-0.008179
0.018143
0.009842
0.030563
-0.022049
-0.050262
0.045685
-0.038757
0.023865
-0.027512
0.023499
0.022141
-0.008972
0.001181
-0.002413
-0.015541
-0.013657
-0.020493
-0.047821
0.019653
-0.043701
-0.017670
-0.025375
0.008827
0.004284
0.039612
0.029282
0.005527
-0.026123
0.014450
-0.046478
0.015930
0.004459
0.015732
-0.010384
0.017639
0.017715
-0.026199
-0.018326
-0.017639
-0.017990
-0.010330
-0.020477
-0.041107
-0.012604
0.030838
-0.023773
0.041321
0.015045
-0.018112
-0.010208
-0.033081
0.016037
-0.017868
-0.009666
0.019485
0.007614
-0.046844
0.015549
0.006207
-0.041748
0.015190
-0.028244
0.035431
0.012306
0.019287
-0.030441
0.025360
-0.017258
0.005314
-0.040863
-0.039459
0.001308
-0.021912
-0.019699
-0.020844
0.018021
0.011116
-0.027786
0.018921
0.035126
0.025116
-0.020981
-0.030640
-0.016541
-0.007336
-0.019745
0.009079
0.039398
-0.028381
0.007614
-0.047363
0.003632
-0.004993
-0.004673
0.008003
0.012833
-0.006943
-0.006809
-0.002026
0.029724
-0.046448
-0.005230
0.039124
0.019272
-0.020477
-0.014061
-0.001396
0.019424
-0.014160
-0.019852
-0.024765
-0.010719
0.019333
-0.000858
-0.010002
0.007973
0.001568
-0.003304
0.019119
-0.021881
-0.002598
0.018967
0.027740
-0.015305
-0.009583
0.012695
-0.027557
-0.005684
-0.022720
-0.025955
-0.004734
-0.024002
0.030655
0.035583
0.021896
-0.030899
0.012054
0.025909
0.013077
0.011261
0.009926
-0.005417
-0.000746
-0.025681
0.025528
0.033142
0.029617
-0.014656
0.006481
0.013168
0.030319
0.006824
-0.006096
-0.035156
0.035248
0.025467
-0.006554
-0.023712
-0.005417
-0.033447
0.030075
-0.027817
-0.025040
-0.010757
-0.041168
0.009659
-0.006958
0.013123
-0.009277
-0.031555
-0.030289
0.023743
-0.003372
-0.015762
0.018799
0.008476
0.001542
0.026367
-0.028519
0.015839
0.031311
0.033875
0.021820
-0.035248
0.020432
0.004635
-0.004116
0.021683
-0.018936
-0.008598
0.012833
0.037689
0.027603
0.013283
-0.022537
-0.013420
0.033234
0.033905
-0.015961
0.028122
0.023590
-0.017563
0.007782
-0.006004
0.010468
-0.027328
-0.021301
0.020706
0.021545
0.030670
0.035980
0.012970
0.008049
0.037750
-0.007519
0.002750
-0.011192
0.031982
-0.009628
-0.035339
0.023178
0.012833
0.017471
0.009834
0.009621
0.009880
0.016479
-0.007858
-0.016525
0.009308
0.034027
-0.008270
0.007366
-0.034454
0.021332
0.043610
-0.022278
0.006142
0.030334
-0.040283
-0.008621
0.033112
-0.036163
0.018509
-0.021378
-0.024567
0.017410
-0.002003
0.020416
-0.024979
0.036072
0.005669
0.030685
0.021896
-0.012978
0.009132
0.017807
0.032715
-0.030151
0.032776
0.034302
-0.018951
0.033905
0.011238
0.019592
-0.033234
-0.028305
-0.004833
-0.021683
0.018402
0.033966
-0.035187
0.021515
-0.003162
0.005108
-0.008858
-0.047943
0.026993
0.020798
-0.007851
0.021790
0.020294
0.020752
-0.025162
0.023453
0.023087
0.008400
-0.022537
-0.020844
-0.030746
-0.049805
0.014969
-0.001859
0.050903
-0.002678
-0.049164
-0.004333
-0.034058
0.019852
0.017197
-0.041870
0.015587
0.000015
0.020538
0.005661
-0.002922
0.026596
-0.024811
-0.016190
0.014648
0.011551
-0.000043
-0.002054
-0.053436
0.043793
0.001066
0.039001
0.031204
-0.045776
0.014366
-0.001414
-0.006119
-0.002060
-0.021027
0.018951
0.020020
-0.028534
-0.025436
0.011993
0.023331
0.013184
-0.046234
-0.046570
0.038818
0.016708
-0.002155
0.030685
0.004478
-0.000993
-0.041382
-0.025406
-0.016800
0.022552
-0.036743
-0.050568
0.040344
-0.002661
0.024063
0.026321
-0.036469
-0.005451
-0.054504
-0.022049
-0.003281
-0.037933
0.038574
0.010437
0.031372
0.016495
0.018082
0.048431
-0.011490
0.019730
0.012550
0.040680
0.017807
-0.039307
-0.003979
-0.017792
-0.037537
0.002415
-0.011055
-0.030319
-0.035583
0.034821
-0.027512
0.009560
-0.010170
-0.027252
-0.026825
0.018860
-0.033813
0.019791
-0.029739
0.021744
-0.034058
0.023178
0.011971
-0.014923
0.029572
-0.013351
-0.023132
0.027679
-0.025574
0.001878
0.018784
-0.023804
0.025223
0.021576
0.020447
-0.029099
0.023178
-0.001620
-0.011772
-0.006020
-0.003723
-0.025055
-0.025742
-0.032928
0.002625
-0.004326
0.039459
-0.032898
-0.015442
0.006588
0.014572
0.005180
0.025330
-0.013191
0.020523
-0.002405
0.002520
-0.016342
0.004406
0.004082
-0.033508
0.018295
-0.005630
0.007767
0.014503
0.027634
0.026596
-0.006916
0.013161
-0.033356
0.004646
-0.010948
0.027771
-0.024521
0.013603
-0.032166
0.033600
0.018082
-0.017120
-0.013771
-0.018860
0.001407
-0.020126
-0.007717
-0.002527
-0.036530
-0.000078
-0.025223
-0.013763
0.022293
-0.018097
-0.016556
-0.015358
-0.017059
-0.023315
0.007942
-0.021194
-0.011314
0.002520
-0.018845
0.032379
0.020828
-0.014488
-0.014870
0.030807
0.000862
0.001057
0.018448
0.010399
-0.017563
0.009186
0.007942
-0.031433
-0.009483
-0.004971
0.008522
0.006504
-0.008942
0.018066
0.005699
0.003559
-0.007023
0.015427
0.014099
0.024628
-0.031021
-0.018631
-0.000699
-0.038300
-0.022598
-0.026016
-0.000465
-0.027100
0.031677
0.035278
-0.026047
-0.008980
0.013908
0.011703
-0.027740
-0.012985
-0.000287
-0.003115
0.021713
0.020233
0.018433
-0.025833
-0.025345
-0.034698
-0.019928
0.004440
0.019867
0.029831
0.012802
0.022736
-0.008797
-0.002525
0.021851
0.036804
0.008087
0.000809
-0.019104
-0.014435
-0.024338
0.042053
-0.004681
-0.027695
0.025421
0.034393
0.017929
0.002005
0.003555
-0.029526
0.011307
0.020447
0.019913
-0.034058
-0.021851
-0.015747
0.022888
0.018112
0.034729
0.010620
-0.018951
-0.012367
-0.027084
-0.030548
0.003717
0.024612
0.022858
0.021133
0.038116
0.034119
0.010506
-0.032806
-0.005043
-0.034058
0.035339
-0.024185
-0.024536
0.018494
0.023163
-0.029770
-0.019745
0.035187
0.006310
-0.004272
-0.010345
0.009590
-0.033386
0.009796
0.036957
0.031174
0.012749
0.024246
-0.000423
0.024200
-0.015945
-0.001295
0.005318
0.001536
0.033203
-0.020508
0.022049
-0.015976
0.007359
-0.028687
0.031174
-0.020020
0.012375
0.024658
-0.035400
-0.019272
0.004704
0.020462
-0.022247
-0.003654
0.009033
0.026627
-0.020630
0.013054
-0.030518
-0.005520
0.032562
-0.006351
0.016846
0.027161
-0.003565
-0.004971
-0.013443
0.010857
0.027924
0.023727
0.015373
0.041382
0.032471
0.021149
0.018723
0.010002
-0.004848
0.016998
-0.021118
0.027832
-0.009827
-0.023666
-0.008423
0.027939
0.019119
-0.022278
-0.017502
0.022537
0.023499
-0.030289
-0.024841
0.032104
-0.024628
-0.023392
0.022232
-0.024460
-0.015427
0.009583
-0.015457
-0.016769
0.024582
0.011024
-0.006367
0.041351
0.015068
0.015297
-0.026871
-0.020172
0.016235
0.019760
-0.007275
-0.030792
-0.037506
-0.023712
-0.018753
0.038666
-0.013489
0.025635
-0.020493
-0.014595
0.027222
0.022324
-0.005726
0.004368
-0.002371
0.037109
-0.002050
-0.009392
-0.050812
0.014236
-0.018295
0.011383
-0.001914
0.021576
-0.034180
-0.011269
0.015015
0.033966
-0.016205
-0.000083
-0.010170
-0.010529
0.002996
0.036316
-0.018509
-0.039764
0.004230
-0.032715
0.028458
0.037445
0.024948
-0.013084
-0.004902
-0.016556
-0.013557
0.021530
0.035645
0.017456
0.029236
0.015472
0.031830
-0.009674
-0.047729
-0.029480
0.033813
0.004707
0.037659
0.015511
0.039215
-0.017044
-0.014877
-0.012604
-0.018982
-0.015839
0.003412
0.042755
-0.013573
0.015030
0.013481
-0.001329
-0.016006
-0.038605
-0.008423
0.003656
0.020279
-0.013649
-0.000016
0.005764
0.002159
-0.023682
0.002291
-0.015343
-0.006618
-0.030548
-0.009560
0.022751
0.027985
-0.042694
-0.033020
0.003107
0.030029
0.004517
0.053375
0.024445
-0.007145
-0.011871
0.014893
-0.004284
-0.008827
-0.028290
0.015152
0.021408
-0.007252
-0.015991
0.023529
-0.022430
-0.011459
0.030609
-0.024765
0.007988
-0.006435
0.008759
-0.007076
0.029404
0.033966
0.032684
-0.019058
0.008408
-0.023972
-0.002285
0.026138
0.016251
-0.015762
0.025803
0.027725
0.034393
-0.015404
-0.004803
-0.023331
-0.022491
-0.008003
-0.015869
-0.021652
-0.020859
0.023926
0.031830
-0.032288
0.019348
-0.024155
0.027328
-0.012871
-0.022995
-0.004688
-0.011559
-0.017441
-0.023468
-0.003090
0.016251
0.007957
0.033783
0.034576
-0.017776
-0.023392
-0.025421
-0.036926
0.020294
-0.000545
0.034790
0.010185
-0.022675
0.024963
0.033020
0.004894
-0.000507
0.014885
0.003948
-0.015640
-0.020462
0.016251
-0.017700
-0.029816
-0.000052
0.030014
-0.001987
0.006256
0.018539
-0.027802
-0.014694
-0.015198
-0.016312
0.002991
0.027664
0.006596
-0.007618
0.032166
-0.022400
0.014053
0.006660
-0.015320
0.023392
-0.034210
0.037811
0.032898
-0.009018
0.018753
0.031372
0.038940
0.003185
-0.026154
-0.016312
0.018936
0.019104
-0.011833
0.006691
-0.018417
-0.019409
-0.010811
0.022781
0.026352
-0.015282
0.005566
-0.017532
0.012161
-0.004669
0.021774
0.023056
-0.001310
-0.004089
-0.002958
-0.025864
-0.002447
-0.006390
-0.007301
0.011131
-0.012146
0.004169
-0.013344
-0.012062
-0.016418
0.007149
-0.020630
0.041321
0.009483
0.024246
0.033997
0.005753
-0.012833
-0.028656
-0.023193
-0.009232
-0.006027
-0.031235
0.038605
0.035980
0.036621
0.021942
0.034698
0.010452
-0.002981
0.011444
0.024261
0.014931
0.031464
0.016220
-0.033081
0.031982
-0.008408
0.014717
-0.020248
0.033813
-0.015732
-0.004856
-0.000932
-0.001681
-0.021484
-0.009811
-0.015854
-0.024277
-0.020569
0.017975
-0.004147
0.004185
-0.030533
0.017624
0.009377
-0.017944
-0.020386
0.032684
-0.014961
0.034241
0.014389
-0.019852
0.023300
0.011803
-0.002661
-0.004932
0.017166
0.015236
-0.002171
-0.027328
0.009270
0.000964
0.029907
-0.020233
0.010506
-0.023361
0.031616
0.028381
0.030212
-0.005135
0.010529
0.007095
0.016479
0.001842
0.009171
-0.007874
-0.003738
-0.029846
-0.031616
0.001451
0.030945
-0.013275
-0.012894
-0.009209
0.022705
-0.023544
-0.032745
-0.019196
0.009903
0.034332
0.026489
-0.035187
-0.027161
0.015251
0.003340
0.005211
-0.031830
0.029663
-0.033051
0.000745
-0.019974
0.025955
0.022415
-0.026016
-0.025970
-0.001028
0.007050
-0.020996
0.032623
-0.013680
0.010918
0.024246
-0.029770
-0.000979
-0.014320
0.037659
-0.027420
-0.002699
-0.017685
-0.030411
-0.006794
0.000289
-0.024918
-0.015388
-0.020935
0.020462
0.004433
-0.005505
-0.025818
-0.022736
0.008377
0.016754
-0.020386
-0.005280
0.005943
-0.012985
-0.015129
-0.031235
