-0.012451
0.001768
-0.020187
-0.025223
0.019852
0.015366
0.000139
-0.038544
-0.027985
0.008438
0.007057
-0.039978
-0.037842
0.001072
-0.020386
-0.002464
0.012344
0.040863
0.014450
0.027740
0.012062
-0.019211
-0.014854
-0.001768
0.023880
0.015480
0.019913
-0.016022
-0.019363
0.019852
0.041565
-0.033630
0.000254
0.038849
-0.001961
-0.006145
0.029739
0.014999
-0.010178
-0.007103
0.004864
0.006046
0.028427
-0.021072
0.029388
0.002319
0.000299
-0.027542
-0.004257
-0.004707
0.034302
-0.000457
-0.025253
0.006580
0.014618
-0.003862
-0.010712
0.023865
-0.009491
0.000011
-0.010750
0.021545
0.030380
0.035706
-0.018234
-0.017929
0.039856
0.000133
0.023270
-0.005753
0.030151
-0.021286
-0.012177
-0.017563
-0.010223
0.013977
0.013542
0.018082
-0.005150
-0.011719
-0.008789
-0.031250
0.031158
0.021088
-0.025818
-0.014908
-0.012291
-0.013000
0.020233
0.001043
0.017044
0.023163
0.010391
-0.024689
0.020676
0.025726
0.010406
0.003256
0.009857
0.021393
0.008003
-0.019241
0.005005
0.006882
0.029800
-0.028473
-0.027832
-0.001797
-0.004154
0.042542
0.004955
0.025558
0.012703
0.024658
0.026596
-0.020630
-0.029251
0.023422
0.011047
0.027008
0.021210
-0.012802
0.022751
0.025391
0.025558
-0.005974
0.031311
-0.017059
0.044373
-0.023819
0.022675
0.030762
-0.015793
0.024643
-0.012970
0.049835
0.008163
-0.018082
0.006706
-0.031219
0.004272
-0.028000
0.013260
-0.033905
0.002388
0.020660
0.013344
0.017426
0.016754
-0.018433
0.026794
-0.020844
-0.024536
0.023666
0.002844
-0.011162
0.040527
-0.031052
-0.021179
-0.024017
0.014305
-0.025574
0.025330
-0.017624
0.032959
0.023193
0.005104
0.017838
0.020172
0.021027
0.004360
-0.008652
0.005371
-0.027740
-0.034790
-0.019501
0.000320
0.034668
-0.001304
-0.017441
-0.040009
0.010117
0.017761
0.020477
0.025192
0.022629
0.006310
0.025436
-0.006718
0.012314
0.025894
-0.004215
0.000183
-0.009949
-0.011780
-0.025009
-0.023239
-0.003136
-0.038300
0.029144
0.006401
-0.018494
0.060394
-0.010986
0.021774
-0.020432
0.035431
-0.039276
0.012009
0.021667
0.041779
-0.010071
-0.023605
0.015488
0.032074
-0.040710
-0.019318
0.022385
0.018021
0.028397
-0.027817
0.037048
0.013351
-0.021133
-0.019302
-0.000724
-0.041565
0.006237
-0.012634
0.013062
0.023102
-0.012131
-0.047211
-0.023087
-0.025696
-0.003883
0.016235
-0.036194
0.040527
0.008102
0.027237
-0.017090
-0.029861
-0.023239
0.019287
0.001586
0.004570
-0.035461
0.023743
0.006306
-0.026917
-0.010941
0.011497
-0.011787
0.022583
-0.027847
-0.007744
0.001171
0.038757
-0.020966
0.003225
0.016586
0.032196
0.030853
-0.014977
0.033661
0.025513
-0.000206
0.025040
-0.015457
0.025162
-0.011078
0.033386
0.023392
-0.042236
0.003744
-0.014351
-0.014641
-0.003267
0.031372
-0.006405
-0.000610
-0.030334
0.035797
0.000678
-0.010521
-0.014435
-0.010155
0.018799
0.038422
-0.015099
0.027893
0.035828
0.014229
0.019577
0.005070
-0.006474
0.036591
-0.028870
0.011887
0.009995
-0.001909
-0.008110
0.021255
-0.007275
-0.012299
0.034698
0.014336
-0.021210
-0.012497
0.015228
-0.004799
-0.039337
0.017059
-0.018036
0.026672
-0.002398
0.037689
0.037048
-0.033020
0.014381
0.023895
0.009094
-0.029709
0.011665
0.021149
-0.007484
-0.023819
0.039307
0.034821
0.021881
-0.022629
-0.003389
-0.009781
-0.026566
0.015266
0.034821
0.002197
0.000249
0.033447
-0.011696
0.009613
0.009460
-0.025070
-0.019012
0.033691
0.002008
0.013580
0.041931
0.032318
-0.024475
-0.000123
0.035431
0.020020
0.010193
-0.018295
-0.030258
0.009323
-0.007553
0.015503
0.004185
-0.032196
0.033234
0.028015
0.014015
0.032135
0.017883
-0.033661
0.013100
0.031769
-0.023682
-0.029160
0.017441
-0.011047
0.022247
0.025620
0.022690
0.000747
0.023239
-0.002075
0.011299
0.018646
0.022797
0.015465
-0.014084
0.002851
-0.015495
0.027542
0.019623
0.012421
-0.014084
0.021500
0.046417
0.018463
-0.017776
-0.015869
-0.005478
-0.004105
-0.016418
0.013283
-0.029907
0.026917
-0.004196
-0.009262
0.036346
-0.020950
0.027237
0.039673
-0.019928
0.022629
0.012848
0.000703
-0.044586
-0.009911
-0.032959
0.016937
-0.025497
-0.016983
0.007393
0.017746
-0.001637
-0.005241
0.028000
0.021240
-0.001421
0.030655
0.014305
0.000038
0.014267
-0.010048
-0.035187
0.049622
-0.024689
-0.004459
0.002634
0.024048
-0.002174
-0.023270
0.037231
0.024185
-0.020325
0.005527
0.033264
0.038452
0.026917
0.002283
0.042603
-0.022217
0.023224
0.024185
0.017532
0.017456
0.025162
0.020584
0.020096
-0.004398
-0.028183
-0.023575
-0.033844
0.042664
-0.017761
0.001780
0.009079
0.003914
0.028717
0.036072
-0.039551
0.012901
0.010117
0.020691
0.024796
0.036865
0.029053
0.008156
0.010849
0.039917
0.012550
-0.023880
-0.025421
-0.008919
-0.025299
0.033295
0.037994
-0.029572
0.033173
0.029175
-0.014038
0.029221
0.018372
-0.005169
-0.033661
-0.018524
-0.032013
0.037903
-0.025925
-0.021988
-0.007660
-0.024490
-0.021133
-0.012146
-0.003576
0.027679
-0.033966
-0.004227
-0.001828
0.016113
0.005104
0.039948
0.014595
0.028870
-0.005062
0.030090
-0.018768
-0.011208
0.005184
-0.004322
0.002670
-0.025650
0.013657
0.024963
-0.009598
-0.004742
0.007393
-0.016678
-0.012177
-0.044098
-0.025925
0.007866
-0.022537
-0.014404
0.015335
-0.018021
0.023682
-0.028259
-0.014969
-0.006824
0.033386
-0.003857
-0.039764
0.017685
0.004082
-0.035736
-0.015808
0.027573
0.006077
-0.020309
-0.003233
0.027756
0.024902
0.021500
0.018753
0.028931
-0.034332
-0.017380
-0.010765
-0.009659
-0.001698
0.024582
0.031616
-0.019638
0.001892
0.013290
-0.028503
0.031769
0.022934
-0.004879
0.018936
0.026886
0.001508
-0.017838
-0.029694
0.011795
-0.011986
-0.024643
-0.021439
-0.008087
0.016068
-0.000513
-0.018097
-0.032227
0.016800
-0.018845
0.019653
-0.020981
-0.017365
0.001571
0.022766
0.005627
-0.005688
0.051361
0.044281
0.015343
0.011330
-0.026123
0.015297
0.026749
0.013054
-0.002850
0.027328
0.026169
-0.019058
-0.039093
0.047882
-0.002537
-0.037506
-0.002607
0.017059
-0.028961
0.007229
0.024277
-0.026031
-0.023056
0.001138
0.007637
0.051544
-0.001027
0.026108
-0.013954
0.031250
0.036713
0.021332
0.001190
0.035461
0.011993
-0.002750
0.027649
0.012535
-0.006870
-0.027969
-0.019409
0.012993
0.024567
-0.041962
-0.017120
0.020218
-0.036255
-0.012131
-0.031769
0.010391
-0.010551
0.024445
-0.004169
0.005138
0.013489
0.031647
0.008179
0.037109
-0.019012
-0.022934
-0.018372
0.028046
0.035187
0.023849
-0.011276
0.005291
0.032745
-0.036285
-0.028091
0.019363
0.000957
0.008667
-0.030838
-0.003914
0.016434
-0.021194
-0.020660
0.007225
0.028671
0.000829
0.003235
0.006355
0.027069
-0.014717
0.003416
0.010300
0.035767
-0.030640
0.027969
0.031647
0.041870
-0.028992
0.026169
-0.019363
0.013794
-0.032684
-0.035339
0.007748
-0.004562
0.008049
-0.009232
-0.021912
-0.035614
0.029358
-0.029877
-0.004021
0.012993
0.006138
-0.027344
0.005054
-0.028290
0.006496
0.015976
0.009697
-0.008156
0.015411
0.035095
0.018555
-0.005524
-0.030426
0.019028
0.012566
0.033264
0.007225
-0.003092
-0.031372
0.012245
-0.004730
0.041138
0.023483
-0.017761
0.031952
-0.008995
0.024994
0.034607
-0.032043
-0.007889
-0.015511
0.013390
0.006413
-0.020432
-0.028824
0.010307
0.018555
-0.043884
-0.005783
-0.004616
0.013496
0.003458
-0.021027
0.000395
-0.017227
0.028397
0.019577
-0.034973
-0.022873
-0.019928
-0.004604
0.021118
-0.002573
0.019348
0.018219
0.016785
-0.003906
-0.030228
-0.023773
0.010025
0.019028
-0.017136
0.025055
0.030869
-0.011520
-0.029709
-0.018021
0.026627
0.015518
0.017883
0.007843
-0.023010
-0.031403
0.036285
-0.001791
-0.055084
0.002024
0.015175
0.042511
-0.043945
-0.021851
0.017715
-0.015594
0.007568
0.026306
0.010193
-0.003496
0.029953
0.000432
0.000154
-0.060730
-0.007767
-0.001042
0.048828
0.018265
-0.012512
0.010178
0.023727
-0.026535
0.041321
0.036377
0.034393
0.001709
-0.000384
0.009560
-0.005116
0.043365
-0.005810
0.003660
-0.000570
0.019836
-0.013901
0.010170
-0.001258
0.014969
0.007290
0.020386
-0.007515
0.035950
-0.073730
0.038788
0.031921
0.005928
0.028946
-0.009064
0.003231
-0.009445
0.041595
-0.012520
-0.014969
0.016998
-0.021103
-0.047394
0.033844
0.023514
0.013763
-0.026382
-0.000685
0.021408
0.040100
0.024719
-0.007889
-0.011093
-0.033752
0.003592
0.003418
-0.007988
0.016296
0.035919
0.062927
0.001593
0.031311
-0.014565
-0.045441
-0.012764
-0.025711
0.043701
-0.020874
-0.022568
0.026672
0.011215
0.039703
0.002867
0.005119
0.012672
0.028564
0.019806
-0.022903
-0.033081
-0.019333
0.024872
0.005768
-0.000002
-0.010651
-0.007645
0.012848
-0.012993
-0.030304
0.036041
-0.005638
-0.000823
0.022171
-0.013107
-0.041443
0.003721
-0.007534
-0.032349
-0.045197
-0.003115
-0.050720
0.030396
-0.024200
-0.025879
0.006832
0.010254
-0.027328
0.025208
0.017487
-0.009018
-0.031403
0.024643
-0.020584
-0.037903
-0.022919
-0.022766
-0.019348
0.017761
0.002308
-0.019485
-0.003645
-0.001993
-0.041229
0.030197
0.019943
-0.024307
0.023682
-0.017609
0.026367
-0.017426
0.020233
0.003489
0.009964
0.006115
0.030014
-0.007019
-0.011253
-0.041412
0.002399
0.030960
0.020264
0.018692
0.006718
0.001927
-0.013077
0.024399
0.003872
0.024231
0.014694
-0.019196
0.011162
0.001580
-0.059570
0.002789
0.028595
0.016312
0.021927
0.028046
0.014610
0.039948
-0.025986
0.025833
-0.005188
-0.020966
0.053406
0.007324
-0.022324
0.007679
-0.043304
-0.010063
-0.009071
-0.006706
-0.004642
-0.025375
0.004196
-0.039093
-0.003366
-0.026321
-0.018707
0.016495
-0.002462
0.006313
0.000657
0.044403
-0.052979
0.045013
-0.019379
-0.018127
-0.007797
0.028717
-0.028870
-0.030792
-0.005276
-0.016388
0.003218
0.007069
-0.005611
-0.012215
-0.045349
-0.027359
0.024185
0.036194
-0.002073
-0.038727
0.004177
0.033386
0.020325
-0.027512
0.020309
-0.027832
-0.024094
-0.038452
0.025024
0.038971
0.045135
0.025299
-0.029282
-0.008675
-0.006950
0.013321
0.007511
-0.025009
-0.014389
0.010117
-0.016983
0.004768
0.008446
-0.017944
-0.023087
0.004856
-0.037384
0.003164
0.009140
0.024963
-0.012848
-0.032806
-0.029343
0.019165
-0.030991
0.014900
-0.038483
0.015244
-0.003044
-0.008133
-0.028900
0.027527
0.010155
-0.022781
-0.000834
-0.016724
-0.024414
-0.004631
0.029053
-0.035095
0.015289
0.012283
0.027115
0.029343
0.015610
-0.029663
0.002983
0.004959
0.001392
0.026031
-0.022217
0.032043
0.006577
0.022324
0.013924
-0.024246
0.010971
-0.010010
-0.038727
0.017715
0.009552
-0.024124
-0.001698
0.017120
0.000703
-0.039368
-0.006012
0.031464
-0.001199
-0.028641
-0.016174
0.006622
0.003462
0.003628
-0.029877
-0.005909
0.004955
-0.003233
-0.001841
-0.011620
-0.035980
0.004017
-0.009438
-0.003271
-0.021423
0.026810
-0.016235
-0.011292
-0.030838
0.022690
-0.013947
0.026474
0.002399
0.039734
0.023895
0.002378
-0.024246
-0.036926
-0.017929
0.044006
-0.007858
0.008018
-0.019653
-0.008560
-0.038605
0.000875
0.006817
-0.011185
0.018509
-0.031464
0.018158
-0.028198
0.003246
-0.007656
-0.022202
-0.002991
0.001904
-0.017502
-0.018677
0.004917
-0.024033
-0.003832
-0.019302
-0.012169
0.035919
-0.014305
-0.026062
0.002756
0.004223
-0.006687
0.006489
-0.002573
0.028748
0.026520
-0.019028
0.032166
0.028549
0.021194
-0.001453
0.023209
-0.034546
0.014923
-0.014427
0.014282
0.034637
0.003599
0.012108
-0.000421
0.028641
-0.008682
-0.023193
-0.026581
0.003265
-0.030777
0.026352
0.020737
-0.017868
-0.011169
0.024307
0.036896
-0.049866
0.024429
0.004745
-0.004433
-0.012581
-0.027435
-0.025757
-0.050781
0.013123
-0.002733
0.042938
-0.002022
0.010803
-0.008865
0.029968
0.006519
-0.066040
-0.015060
0.026245
0.021210
-0.025116
0.020050
-0.013458
-0.029221
0.003731
-0.025925
0.002058
0.002178
-0.017227
-0.009552
-0.032471
0.005863
-0.034149
0.008072
0.050415
-0.010506
-0.010559
0.024017
-0.027313
-0.007206
0.013596
0.015175
-0.032349
-0.024139
0.028503
-0.032745
0.004589
-0.017853
-0.023193
-0.019745
0.007557
-0.003529
-0.010208
-0.040405
0.044952
0.023972
0.016113
-0.030838
-0.027679
0.006042
0.018768
0.023605
0.001256
0.047424
0.017273
-0.035095
0.027435
0.018417
-0.035095
0.034027
0.033844
0.017624
-0.019806
-0.040619
-0.097534
0.015854
0.011749
-0.026825
0.022858
-0.003603
-0.004841
0.024689
0.024628
-0.009544
-0.026505
-0.005638
0.029587
-0.019745
0.042755
-0.017776
0.032898
-0.008598
-0.021011
-0.010048
0.009621
0.046448
-0.000013
0.009781
0.009079
0.018402
0.003288
0.003088
0.035645
-0.017502
-0.045166
0.048981
0.025894
-0.011475
-0.032715
0.000152
-0.065552
0.019333
0.015030
-0.033173
-0.009605
-0.031525
0.020721
-0.025543
-0.017029
-0.022675
-0.005569
-0.025787
0.030701
0.050995
0.039307
0.049042
-0.011971
0.047424
0.014282
0.019043
0.036224
0.029739
0.043701
0.006416
0.029831
0.020401
0.010468
0.036133
-0.017456
-0.041443
0.023972
0.020554
0.009338
-0.031891
-0.073975
-0.033020
0.100708
0.029037
0.025803
0.022736
-0.010803
-0.080078
0.026810
0.025024
0.040802
-0.058533
-0.067566
0.035065
0.039093
0.035645
0.063232
0.054291
0.047821
-0.009514
0.046448
-0.016769
0.011681
0.063538
0.028778
-0.064331
0.079041
0.024994
-0.008171
-0.001590
-0.054840
-0.009735
0.083618
0.033783
0.014641
-0.055817
0.029694
0.044067
0.064087
0.039856
-0.071716
-0.014709
-0.010071
0.010155
0.057831
-0.052582
0.118408
0.071289
-0.010216
-0.021835
0.006107
-0.022461
0.007740
0.025238
-0.012543
0.015793
0.026199
0.031586
-0.010910
-0.059814
0.092102
0.059265
0.039154
0.002604
0.021622
-0.027542
0.038147
0.026947
-0.008781
0.035156
0.014381
-0.051788
-0.053833
0.054657
-0.074646
0.005840
-0.040741
0.057922
0.036652
-0.021881
-0.021957
-0.011253
0.038483
0.022858
-0.039368
0.027603
-0.058563
-0.011566
0.031403
-0.028931
0.015610
0.024872
0.027252
0.005554
-0.028305
-0.067810
0.077942
0.050934
0.016129
0.001839
0.039642
-0.006512
-0.009415
-0.029160
0.018860
-0.007233
0.029327
0.017303
0.008652
0.000152
0.016205
0.028397
-0.019150
0.009804
0.003767
0.021988
0.031525
0.024765
-0.013611
-0.003431
0.038971
0.009315
0.034119
-0.007793
-0.023636
0.032959
0.007851
-0.023087
-0.021149
-0.011299
-0.018738
-0.002651
0.020065
0.002363
-0.028732
0.027100
-0.031677
0.010056
0.027756
0.015213
0.017624
0.006992
0.017166
-0.022263
-0.033875
0.034302
0.025146
0.021988
0.001453
0.008324
0.039124
0.036407
-0.032776
0.012039
0.028320
0.008224
0.024780
0.010880
-0.004848
0.038483
-0.009155
-0.000656
0.005241
-0.007580
0.031525
-0.036377
0.021683
0.004208
-0.029755
0.005669
-0.032410
0.021408
0.034393
-0.033691
0.025436
0.026489
-0.022858
-0.009521
-0.031738
-0.002748
0.019608
0.019852
0.013603
-0.011208
0.015472
-0.011238
-0.025726
0.004913
-0.017502
0.017380
0.024384
-0.007381
0.010307
0.006638
-0.000823
-0.013962
-0.003895
0.014015
0.016510
-0.003229
0.012993
0.008675
0.021942
0.029663
-0.025879
0.010788
0.006294
0.008911
0.036591
0.021759
0.014992
-0.025864
0.003426
-0.029709
0.024155
0.010063
-0.010696
0.012894
-0.003754
-0.015686
0.013092
-0.015526
0.016510
-0.020493
-0.002020
-0.004421
0.025284
-0.031677
0.023117
0.025803
-0.017807
-0.011765
-0.022919
0.027420
-0.011810
0.019028
0.006020
-0.011307
0.021042
0.021301
-0.012978
0.020554
0.008034
-0.010979
-0.019287
-0.032837
-0.013840
-0.001625
0.028015
0.004616
0.006542
0.022858
0.005379
-0.036987
0.011925
0.022537
-0.007580
0.015327
0.023346
-0.038513
-0.009354
-0.016769
-0.016525
-0.028091
-0.037140
-0.036011
-0.024094
-0.006992
0.014633
0.018280
0.008011
0.008881
0.020187
0.046631
0.027954
0.008339
0.007320
0.006168
0.004063
-0.007019
-0.025696
0.033447
0.024490
-0.001957
-0.028275
-0.008209
0.004890
0.013596
-0.000006
-0.010948
0.000045
0.004322
-0.016571
-0.023193
0.020035
0.013657
0.015778
-0.021118
0.017639
-0.002382
0.030182
0.026657
0.006630
-0.021942
0.002617
-0.014015
-0.012558
-0.019699
0.023193
-0.010025
-0.025513
-0.018143
0.040649
0.019394
-0.037842
0.018463
-0.031677
0.005726
0.035156
-0.051453
0.014999
0.030563
-0.026871
0.011436
0.008118
0.001844
0.041748
-0.010902
-0.022064
0.004528
0.015411
-0.033142
-0.023758
-0.018387
0.020630
0.039185
-0.022781
0.031143
0.010506
-0.004375
-0.011665
-0.004971
0.023193
-0.013885
-0.006477
-0.008949
0.018112
-0.016693
-0.028824
0.002333
-0.010742
-0.024292
0.015945
0.016586
0.036224
-0.004368
0.019150
-0.008026
0.011513
-0.007195
-0.016129
0.013924
0.012169
-0.022598
-0.031738
0.042084
-0.022583
0.029205
-0.025146
0.017975
0.007389
-0.006802
-0.032318
-0.011002
0.044586
0.018036
0.058960
0.013550
0.015205
0.023895
-0.000739
0.023865
0.017700
0.018021
0.008301
-0.017807
0.004250
-0.019409
0.013504
-0.003855
0.044373
-0.047150
-0.039398
-0.008965
-0.029572
-0.047668
0.027695
-0.019714
0.010391
0.054199
0.033478
-0.007214
0.027145
-0.052368
0.020325
0.005909
0.045197
-0.023376
0.023193
-0.041718
-0.032410
0.023041
-0.021347
0.034851
0.021378
-0.005821
0.004009
-0.006027
0.056915
0.008774
0.031860
-0.020767
0.009720
-0.004406
0.022629
0.003603
0.034576
0.030228
0.008522
-0.025665
0.033936
0.015221
-0.016327
0.035370
-0.005947
-0.038361
0.050781
-0.053925
0.003611
0.020126
0.042206
-0.013733
-0.021988
0.006145
0.024399
-0.010490
-0.022079
-0.026962
-0.027359
0.040741
0.001039
-0.031616
0.044739
0.037445
-0.036865
0.003294
0.007874
-0.000764
0.017776
0.004765
0.030746
-0.000567
0.007919
-0.033783
0.020370
0.046997
0.017212
-0.011551
-0.005787
-0.006886
0.047546
-0.026642
0.028595
-0.010818
-0.032379
0.022064
0.001027
-0.013138
0.031616
0.014183
0.035797
0.001345
-0.001003
0.037140
0.008369
0.015465
-0.003126
0.001944
0.036926
-0.021988
-0.031021
0.033386
-0.034332
0.008942
0.009689
0.008156
0.021729
0.017914
0.001819
-0.017960
-0.002514
0.026978
0.022476
0.023468
0.014091
-0.005474
-0.027328
-0.018494
-0.023270
0.023117
0.021835
0.012894
0.015182
-0.018936
0.004539
-0.030441
0.024124
0.035126
0.032166
-0.018051
0.022659
-0.020081
0.032288
-0.000711
0.030167
0.009300
-0.013458
-0.028809
-0.021667
0.003296
-0.024490
0.019211
0.028793
0.027206
-0.025696
-0.011208
-0.040039
-0.005219
0.036133
0.028656
0.032074
-0.004158
0.012062
-0.001003
-0.006397
-0.008652
0.029068
-0.009087
0.022964
0.013741
0.019867
0.003639
0.005558
-0.003624
0.008568
0.017731
0.029480
0.009521
0.021942
-0.029068
0.015388
0.034485
-0.031464
0.018570
0.017639
0.016327
-0.024567
0.002457
0.023727
0.019409
0.032684
0.008339
-0.020615
-0.009583
0.014183
-0.030273
-0.024658
-0.019104
-0.011421
0.001179
-0.007866
-0.015778
0.014458
-0.000562
-0.021072
-0.011765
-0.032654
-0.002790
-0.003016
-0.022308
-0.016464
0.004997
-0.025528
-0.023773
0.020859
0.037659
-0.006428
0.026123
-0.017120
0.001496
-0.001246
-0.030975
0.027252
0.009598
-0.036407
-0.019073
0.031174
0.031708
-0.005165
0.022369
0.023376
0.011314
-0.005917
-0.001143
-0.003410
0.028992
0.001321
0.003305
-0.018860
0.030579
0.010292
0.032257
0.037476
0.030838
0.015068
0.007828
-0.031799
-0.013527
-0.006809
-0.010567
-0.009834
-0.026550
-0.018066
-0.032257
0.030212
0.021133
0.000485
-0.006695
0.009171
-0.014580
0.000165
0.009445
-0.023361
-0.035370
0.011772
0.024658
-0.010864
0.013779
0.029297
-0.020737
0.012230
-0.022003
0.036255
0.013237
-0.004509
-0.011719
-0.026459
0.024704
0.023804
0.018127
0.019501
0.001107
-0.001230
0.015930
0.016373
0.013031
-0.009277
-0.018677
0.007195
0.003229
0.050232
0.002220
-0.037872
-0.015511
0.011337
0.027252
-0.025299
-0.033295
0.002672
-0.022232
0.037933
-0.031403
-0.009827
0.004459
0.032440
0.010391
0.007473
-0.025940
-0.020187
0.015717
-0.014030
0.036377
0.004349
-0.011009
-0.023087
0.020676
0.033234
-0.002806
-0.015915
0.004154
0.021317
0.035553
-0.007469
0.014145
-0.034058
0.033569
0.023773
0.048004
-0.041534
-0.015175
0.019257
0.024963
-0.028656
-0.028992
0.002779
0.001114
0.008537
-0.015671
-0.038330
-0.003111
-0.016235
0.004627
-0.025116
-0.015610
0.026306
-0.022263
0.010536
-0.026062
0.000940
0.020630
-0.011726
0.012108
0.007988
0.030472
-0.019516
0.013184
0.008240
-0.043488
-0.008080
0.018997
-0.000754
-0.021210
-0.031128
0.000978
0.009270
-0.020752
-0.025650
-0.032532
-0.032288
-0.014412
-0.015511
-0.006039
0.010849
0.024902
0.012413
0.020401
-0.028091
-0.027878
-0.020981
-0.024750
-0.029251
0.010406
-0.028015
-0.005943
-0.009346
-0.024139
0.007450
-0.008751
-0.027191
0.007782
0.009399
-0.031189
-0.023026
0.029083
0.019531
0.028595
-0.010239
0.031250
0.000057
0.014000
0.039215
0.024658
0.007835
0.029816
-0.034729
-0.002275
0.035156
0.029572
0.022842
-0.027939
0.028381
0.002853
-0.028961
0.032532
0.031830
0.012978
0.018616
0.026688
0.000221
-0.005627
0.028595
0.006527
0.012085
0.012535
0.011040
0.014526
-0.008080
0.033447
-0.011581
0.004482
0.017700
0.035461
-0.021500
0.032104
0.037659
-0.012512
0.024918
0.017395
0.004673
-0.021896
0.011780
-0.018326
0.000868
-0.004879
-0.013092
-0.018402
-0.015404
-0.005386
-0.008263
0.004272
0.013405
0.020355
-0.007935
0.015434
0.015915
0.015823
0.006458
-0.020721
-0.036102
0.025635
0.019287
-0.007198
-0.011734
0.028671
0.019638
0.032166
-0.017319
0.021118
0.007626
0.009521
0.006290
0.007626
0.031769
0.016388
-0.004986
-0.018234
-0.036896
-0.012886
-0.012794
0.014320
0.007038
0.012428
0.022751
0.029938
-0.021210
0.013321
0.030533
0.019928
0.024536
0.032440
-0.032898
0.044403
0.037262
0.024445
0.022263
0.019974
0.026062
0.003328
0.019577
-0.020615
0.018799
-0.018784
0.003202
-0.016434
-0.033722
-0.022171
-0.007523
0.014267
0.023575
-0.007820
0.009949
0.003262
-0.021088
0.017288
-0.019836
0.005989
-0.026840
-0.027344
0.003742
0.003414
0.005093
0.037903
0.027710
-0.006737
0.036255
0.038422
0.032166
-0.008904
0.028091
-0.026733
-0.002333
0.016403
0.021805
-0.012825
0.037598
-0.003824
-0.018753
0.028870
0.014549
-0.004585
0.017075
0.028854
-0.027023
0.017502
0.030685
0.018951
0.025238
-0.019028
-0.013405
-0.019058
0.024796
-0.011002
0.016312
0.028900
0.023697
0.028625
0.014343
0.001989
-0.008736
0.028000
-0.020432
-0.008354
0.037048
0.041840
0.003607
-0.023926
0.003696
0.029739
0.007061
0.024933
0.014442
0.035339
0.024567
0.028397
0.011635
-0.008751
-0.023849
0.022354
-0.004402
0.015495
0.032440
-0.017166
0.019104
0.008247
0.026108
0.005154
0.037354
-0.000747
0.018250
0.024612
-0.010590
-0.008430
-0.013763
-0.006756
-0.020432
0.025909
-0.012032
-0.027267
0.003139
-0.022202
0.017197
0.034973
-0.011353
-0.036407
0.020889
0.001412
0.030289
0.032715
0.007420
-0.005440
-0.014320
0.025345
0.034790
0.013016
-0.011467
-0.013481
-0.033447
0.020737
-0.026245
0.030090
-0.040894
-0.044708
0.003174
0.009804
0.004864
0.045898
0.007103
0.027405
0.005680
-0.003445
0.032074
-0.020966
0.005512
-0.005550
-0.026825
0.004951
0.020370
-0.023804
-0.016144
0.038086
0.026855
-0.005672
0.023575
-0.027359
-0.037537
-0.015640
-0.028290
0.033630
0.026749
-0.021255
0.035583
0.030045
0.024536
-0.017426
0.016968
0.016983
0.028122
-0.033020
-0.024948
0.037628
0.009499
0.001518
0.013092
-0.019760
0.006241
0.026031
0.009682
0.048615
-0.038849
0.002245
0.026047
0.001938
0.012314
0.035980
-0.006245
-0.022095
-0.001400
-0.028564
0.045532
-0.026672
-0.013763
0.024612
-0.008606
0.010185
-0.008728
-0.013977
0.034790
0.042755
-0.025467
-0.014503
0.008003
0.007278
0.007710
-0.028900
0.044312
0.006138
0.040894
0.026108
0.002060
-0.001748
-0.020065
0.016754
-0.009293
0.025620
0.024933
0.040253
0.011536
0.010963
0.001738
-0.015976
0.015472
-0.030563
0.014137
0.009209
-0.024826
0.020126
-0.006779
0.020752
-0.017532
0.035522
-0.012360
-0.025818
0.030884
-0.010941
-0.025055
0.035614
-0.017914
0.040527
-0.035431
-0.009697
0.009735
0.026672
0.029953
0.023376
-0.003311
-0.025482
-0.020386
-0.018188
-0.008690
-0.009186
0.030792
0.031525
-0.015732
0.016922
0.001431
-0.022202
0.035095
-0.013100
-0.004436
-0.007042
0.000058
0.003481
0.020737
0.002380
-0.020813
0.021194
-0.007713
-0.023056
-0.029175
-0.002855
0.028229
-0.035400
0.009346
-0.002995
-0.023926
0.009567
0.020981
0.013779
-0.031113
0.034821
-0.023193
-0.015495
-0.008057
0.012901
0.010704
0.025238
0.001451
-0.025024
0.000999
0.034637
-0.032928
-0.023605
-0.033417
-0.024658
0.019089
0.039734
0.020615
-0.014587
-0.017685
0.033325
0.034576
0.009636
0.014084
-0.015106
-0.001695
0.012215
-0.012505
-0.008865
-0.020401
0.030640
-0.006680
0.026245
-0.001863
0.014252
0.029678
-0.007168
0.010979
-0.026108
0.034882
-0.022247
-0.029144
-0.015747
0.017593
0.001784
-0.028595
0.010391
0.005241
0.009666
-0.006741
-0.008224
-0.005840
0.001633
-0.006653
-0.007805
-0.018158
-0.018539
-0.012344
-0.017807
-0.011620
-0.013947
-0.030411
-0.017731
0.016357
0.009560
0.017044
-0.024017
-0.025146
0.028610
0.036346
-0.021317
-0.021103
-0.013664
-0.035919
0.024384
-0.017487
0.026230
0.023712
0.022797
0.032288
0.020279
-0.003937
-0.030396
-0.012360
0.021072
-0.024994
0.018005
-0.034668
-0.018066
0.003544
-0.004349
0.029404
-0.016479
-0.027267
0.039093
0.002871
-0.018906
0.034149
-0.030472
0.031403
0.010468
-0.009995
0.013535
-0.006104
-0.025391
-0.023514
-0.018936
0.018234
-0.018311
-0.034576
0.005665
-0.030792
-0.023529
0.033203
0.020309
-0.023788
-0.037811
-0.017181
0.014885
0.018234
-0.003456
0.005154
-0.040192
-0.029739
-0.034637
0.003454
0.039886
0.025650
-0.013245
0.033691
0.019196
-0.013390
-0.018402
-0.020218
0.016968
0.007351
0.035736
-0.022537
-0.021149
-0.002686
-0.040192
-0.014732
0.044647
0.023575
0.025375
-0.000800
-0.036835
0.018692
0.018845
0.025085
0.037872
0.013634
0.020798
-0.034332
0.021210
0.016998
0.007442
0.000894
0.007553
-0.007362
-0.001842
0.021133
0.027893
0.003885
0.006493
0.021393
-0.006073
-0.015480
-0.025665
0.007149
-0.037231
0.049255
-0.054413
0.023193
0.029465
-0.003681
0.016846
-0.026443
0.024979
0.037109
0.037964
-0.043915
0.035004
-0.038422
0.006195
0.045929
0.027222
-0.015129
0.007843
-0.018600
0.011749
0.007095
-0.021576
0.028641
-0.035156
0.002655
-0.011940
0.022095
-0.005508
0.014915
-0.038757
-0.031281
0.002007
-0.017349
-0.010269
0.036163
-0.016983
-0.013802
0.029907
-0.031677
0.007851
0.011803
0.016403
0.024597
0.004791
0.001774
-0.030304
-0.000741
-0.017731
0.007633
-0.006840
-0.012367
-0.008156
-0.032928
-0.027161
-0.033752
-0.001259
-0.013130
-0.054901
0.020447
-0.009163
-0.043518
-0.012611
-0.007793
-0.006176
-0.042694
0.044800
-0.029053
-0.042023
-0.019058
-0.010399
0.017227
-0.066040
-0.008331
0.003910
0.026642
0.004120
0.009178
0.020218
-0.059723
-0.014343
-0.061096
0.003941
-0.020599
-0.008820
-0.057556
-0.061584
-0.021591
0.035431
-0.018036
0.008362
-0.033966
0.001818
0.000896
0.008118
-0.014755
0.047974
0.019791
0.015480
-0.051697
0.030975
-0.014084
0.036804
-0.034271
-0.013268
-0.022827
-0.052551
-0.029678
0.044617
-0.018051
-0.000399
0.000419
-0.059509
-0.032928
0.032593
-0.031372
-0.014137
0.003607
-0.028137
0.055725
-0.012558
0.021439
0.003683
-0.049530
0.012947
-0.019943
-0.005474
-0.042328
0.006153
0.004013
-0.029160
-0.010582
-0.063110
-0.013527
0.038025
-0.038147
-0.031830
0.020523
-0.010567
-0.028931
0.005749
-0.031982
-0.009232
-0.002876
-0.003038
-0.046356
-0.034821
-0.005695
0.008797
-0.001732
-0.014351
0.001008
0.024078
-0.002737
-0.048187
-0.040741
0.031464
-0.033508
-0.015640
-0.002058
0.038239
0.004520
-0.032776
0.030029
-0.012512
0.027374
-0.051361
-0.016220
0.035461
-0.003119
-0.015022
-0.061859
-0.000523
-0.009750
0.008980
0.000852
0.006836
0.011154
0.045441
0.004837
-0.041962
-0.034241
-0.042999
0.043121
0.027832
-0.014748
0.039276
0.061951
-0.018005
-0.034821
0.005596
0.014267
-0.025009
-0.039398
0.047241
-0.016571
0.031738
0.031952
-0.030136
0.040405
-0.028992
-0.007362
-0.005497
-0.011086
0.023346
-0.001914
0.023651
0.002119
-0.001740
-0.005802
-0.014244
-0.001032
-0.026169
-0.014122
0.014381
-0.001204
-0.016510
-0.018936
0.005959
-0.005905
0.011215
-0.017105
0.020950
-0.016388
-0.008179
0.016525
-0.020065
0.027649
0.021515
0.034058
0.022125
-0.030548
0.033844
-0.007450
-0.019989
-0.004604
-0.000667
-0.024689
0.004017
-0.010384
0.034912
0.012100
0.018814
-0.022720
-0.027191
0.031036
0.021240
-0.019791
0.006210
-0.012077
-0.021347
0.019272
0.032959
0.029297
0.026184
-0.003286
-0.019485
0.039459
0.016968
-0.022583
-0.023926
0.002699
0.028076
0.001841
-0.003178
0.038849
0.016312
-0.026825
-0.014771
-0.030960
0.029129
-0.020538
-0.001984
0.000371
-0.026566
-0.021149
-0.007107
-0.012672
0.003172
-0.011421
-0.033203
-0.045258
-0.027771
-0.010956
-0.003532
-0.009377
0.012932
0.001422
-0.014519
0.024628
0.018951
0.000615
-0.001813
0.003658
-0.018082
-0.007244
0.032654
-0.005646
0.028412
-0.000763
0.009041
0.012123
-0.003283
0.028992
0.030579
-0.014992
-0.004433
-0.015419
0.022690
0.017273
-0.007675
-0.017502
0.031372
-0.011108
-0.024933
-0.000758
-0.028015
-0.034637
-0.002155
-0.033600
-0.025330
-0.001587
0.054810
0.012032
0.028091
0.013725
0.005844
-0.000732
-0.005039
-0.016129
0.007374
-0.038116
-0.041168
-0.038971
-0.044586
0.006451
0.021149
0.041290
-0.035889
0.010979
-0.004932
-0.037476
-0.026077
0.012863
0.019165
0.026428
0.026352
0.001517
0.007500
0.019165
-0.024628
0.030014
-0.010521
0.016617
-0.024017
-0.045563
-0.025345
0.025391
0.004833
-0.021255
-0.003527
-0.042542
-0.024200
-0.028473
-0.000011
0.023529
0.029953
-0.023056
-0.024933
0.032379
0.005688
0.004719
-0.025406
0.032867
-0.001098
0.013336
0.009041
-0.031799
-0.030792
-0.034607
-0.018127
0.004406
-0.028748
-0.026855
0.022690
0.017517
-0.008049
-0.025269
0.030182
0.006161
-0.016922
0.022827
-0.037384
-0.026459
0.043915
0.003288
-0.021378
-0.034027
0.015930
0.026566
0.008080
0.001587
-0.003300
-0.005741
-0.005451
0.005459
0.012756
0.021698
-0.026138
-0.008842
0.022430
0.013710
-0.022903
-0.044312
0.007221
-0.015327
0.006561
0.032043
0.005798
0.006195
0.025681
-0.024979
-0.018814
-0.020523
0.007046
-0.017303
-0.004986
0.047089
-0.010490
-0.013641
-0.036011
0.053070
-0.001072
-0.034760
-0.007244
-0.010735
-0.001456
0.007130
-0.019379
0.010506
0.009819
-0.024582
-0.030716
-0.010880
-0.036896
0.018494
-0.003510
0.020828
0.011642
0.015327
0.023651
-0.017258
0.036926
0.030121
0.008972
0.004898
0.003159
-0.032471
0.003792
0.021362
0.028519
-0.026184
-0.027710
0.008591
-0.018753
0.036865
-0.003611
0.006371
-0.048248
-0.023514
0.034027
0.013863
0.021393
-0.026810
0.002317
0.009239
-0.017380
-0.017090
-0.028900
0.010025
-0.012115
0.002686
-0.032227
-0.014328
0.029236
0.017960
-0.009094
-0.009346
0.023651
0.037964
0.002937
0.017807
0.004711
-0.032227
0.031174
0.028259
-0.014503
-0.024567
-0.031021
-0.026932
0.027817
-0.034149
-0.022827
-0.027802
0.018433
0.035095
0.027634
-0.028152
0.014938
-0.007988
-0.025604
-0.013916
0.015610
-0.003849
0.008957
0.018860
-0.033417
0.016937
-0.019394
-0.000035
-0.001090
-0.019150
0.012527
0.034210
-0.029968
0.024765
-0.029495
-0.025436
0.023499
-0.028854
-0.000873
-0.010643
-0.014542
0.034546
-0.004242
-0.018829
0.040558
-0.001489
-0.019913
0.015411
-0.003792
0.037872
0.013199
-0.019394
-0.017593
-0.021118
-0.008896
0.014336
0.033234
0.026962
-0.005730
0.035492
0.035278
-0.013680
0.004322
-0.022507
0.039124
-0.027374
0.010765
-0.024384
-0.015701
-0.032593
-0.015327
-0.022842
0.009361
0.036865
0.018753
-0.005745
-0.021957
-0.006119
0.031891
0.012245
0.033112
0.019180
-0.021393
0.023773
0.021088
0.022995
-0.031982
0.024261
0.059357
0.014526
0.022751
-0.012985
0.060944
0.033569
0.025009
0.036896
0.040802
0.020798
-0.001005
0.035278
-0.012016
0.042969
0.006584
-0.027634
-0.046844
0.027527
0.010918
0.038391
-0.025024
-0.016708
-0.074585
0.068787
0.009422
0.070129
0.035919
0.004433
-0.029144
0.041199
0.038452
0.056793
-0.015404
-0.072510
0.006847
-0.002064
-0.003883
-0.005188
0.021759
0.025436
-0.026184
0.010536
-0.002914
0.002453
-0.000274
0.000415
-0.028793
0.005291
-0.012695
-0.014671
0.023544
-0.054230
-0.002407
0.040039
0.028763
0.053009
-0.068909
0.034668
-0.005081
0.041626
0.028625
-0.008385
0.016510
0.057129
-0.007622
0.083618
-0.037598
0.011986
0.033875
-0.037903
-0.007759
0.012634
-0.003319
0.033661
0.013344
0.012711
-0.006824
0.067505
0.038696
-0.045990
-0.059479
0.046234
0.041351
0.017014
0.040558
0.035217
0.034149
0.046936
-0.012718
0.032593
-0.005230
0.021805
-0.018036
-0.028320
0.061981
-0.005615
0.011726
-0.014145
0.045990
-0.018143
-0.026627
-0.004738
-0.017288
-0.001791
0.022614
-0.031982
0.039001
-0.009247
-0.001945
0.040466
0.007721
0.041382
0.058258
0.021606
0.059692
-0.011040
-0.003918
0.086060
0.020096
-0.014137
0.003952
-0.004368
0.019806
0.012505
-0.000991
-0.038025
0.000345
0.023743
-0.000655
-0.035278
0.045258
-0.028915
0.025757
0.012207
-0.026199
-0.004963
-0.032593
0.016937
-0.027954
0.009216
-0.002111
0.033936
-0.021774
-0.031555
-0.026398
0.030136
0.040039
0.025879
0.026932
0.023224
-0.004948
-0.014328
-0.014580
0.026794
-0.030090
0.021545
0.020401
-0.027649
-0.036926
-0.008484
0.015266
0.025635
-0.005932
0.010742
0.039276
-0.029160
-0.001135
-0.016235
-0.005272
0.014771
0.011223
0.007164
-0.001320
0.021820
0.021744
0.018021
0.029129
0.029114
0.039032
0.023788
-0.023239
0.026016
-0.016235
-0.012703
0.010323
0.020264
-0.009430
-0.021484
0.029999
0.031799
-0.043823
0.022491
0.007065
0.001295
0.004845
-0.033600
0.007778
-0.026550
-0.015083
-0.024750
-0.019394
0.041779
-0.023010
0.002142
-0.020523
0.000545
-0.026764
-0.031830
-0.037079
-0.026733
0.022568
0.012009
0.020691
-0.031372
0.005356
-0.014015
-0.013840
0.035767
0.025513
-0.018524
0.011902
-0.022476
0.002560
0.005508
0.010147
0.025070
-0.025681
0.023834
-0.008141
-0.025726
-0.029419
-0.008583
-0.029861
0.032379
0.026276
0.000036
-0.031586
0.019196
-0.038727
-0.031235
-0.004345
-0.003769
-0.017563
0.027786
-0.004807
0.011589
0.025589
-0.047150
0.009102
0.005394
-0.008232
-0.005360
0.045471
0.009926
0.002388
-0.034149
-0.035187
-0.037018
-0.046021
0.001299
-0.044647
-0.002178
0.018829
-0.019257
-0.014534
-0.034393
-0.002125
-0.016296
0.007019
0.029022
0.008270
0.019897
0.015381
-0.009781
-0.021942
-0.007919
0.014465
-0.015228
-0.010765
0.016251
-0.051483
-0.000712
0.015511
-0.027878
-0.026855
-0.020309
0.008026
-0.003222
-0.012817
0.006191
0.036865
-0.055664
-0.002415
-0.039032
0.013527
0.005253
0.038483
-0.005890
0.047607
-0.046356
-0.004955
-0.017151
0.032379
0.005730
-0.016022
-0.000564
-0.011711
0.018875
-0.014854
0.014107
-0.027390
0.015289
0.027466
-0.035889
0.033783
-0.020081
0.007099
0.032898
0.006088
-0.019135
-0.036072
-0.002033
0.043488
0.045502
-0.016373
0.015625
-0.046600
0.002869
0.001589
-0.037323
-0.006882
0.024872
-0.008354
-0.035828
-0.027557
0.017242
0.040833
-0.007259
-0.046692
-0.004860
0.006378
-0.013344
-0.029480
-0.023972
-0.019684
-0.030945
-0.036255
0.000200
-0.007610
0.035461
-0.060486
0.044952
-0.008751
0.034790
0.011635
0.009621
0.009598
-0.010788
0.002050
0.021378
-0.015411
0.010246
-0.025162
0.018661
-0.009483
-0.012360
-0.022491
-0.033905
-0.012863
0.003345
-0.022003
0.014862
0.007603
-0.014053
-0.013573
0.048157
-0.055237
-0.040894
0.002895
-0.008247
0.025253
0.010124
-0.067322
0.060669
0.033936
-0.021149
0.064087
-0.026398
0.018433
-0.093750
0.016556
-0.044250
-0.000624
0.045013
-0.046509
0.028137
0.008202
0.066650
0.023102
0.010811
0.002447
0.079224
0.062073
0.013016
0.009430
-0.003134
-0.019684
0.011368
0.020782
0.048889
-0.025833
0.058441
-0.043091
-0.045685
-0.044434
0.049255
0.013229
-0.010956
-0.036835
-0.015762
0.052124
0.029327
0.017136
0.029175
-0.038300
0.013397
-0.013916
0.052277
0.040222
0.014397
-0.032684
-0.042450
0.046356
-0.012665
0.009712
-0.012215
0.028748
-0.037872
-0.009827
0.006348
0.049713
0.070984
-0.066223
0.001375
0.058167
-0.017746
0.002258
0.028015
0.036102
0.021927
0.031586
-0.006382
0.047577
-0.044647
-0.012764
0.006630
-0.031799
0.016098
-0.019257
-0.009895
-0.024460
0.029312
-0.049927
-0.017563
-0.044678
-0.014214
0.014534
-0.018677
-0.039093
0.027756
0.030472
0.027878
-0.061432
0.020706
0.011566
-0.036621
-0.047791
0.021210
0.034698
0.062561
0.022003
-0.023376
0.011238
0.057465
-0.046051
-0.033813
0.070618
0.042389
-0.008499
-0.025833
0.023315
-0.006355
-0.053314
-0.029709
-0.071899
-0.059662
-0.027374
-0.046722
0.021713
-0.047058
0.011238
0.034271
-0.009644
-0.076050
0.020157
0.004871
0.057556
0.005726
0.024582
0.003613
0.009529
0.050018
-0.002310
-0.006226
-0.002525
-0.019119
0.026810
0.002222
0.014908
-0.037354
0.010643
0.015366
-0.023773
0.029663
0.024002
0.018707
-0.006947
0.007565
0.013069
-0.020203
0.020813
0.001304
-0.008049
-0.023499
0.021820
0.016220
0.004436
0.031067
-0.033508
-0.016953
0.022888
-0.002602
0.026245
0.038727
-0.013779
0.025238
-0.021576
-0.030518
0.033173
0.001881
-0.000096
0.016739
-0.040649
-0.011635
-0.007786
0.029236
0.042480
-0.011429
-0.032135
0.000043
-0.022171
-0.005859
0.005051
-0.017212
0.007965
-0.026794
-0.021362
0.017105
-0.009674
-0.013168
-0.003618
-0.005329
0.008751
-0.021667
0.006035
-0.013725
-0.013199
-0.002132
-0.013481
0.014954
-0.027191
-0.018967
-0.015945
-0.016922
-0.043152
0.026596
0.013214
-0.010170
-0.023346
0.031281
-0.009720
-0.022522
0.016724
0.006927
-0.000362
-0.029465
0.019272
-0.018906
0.047333
0.002966
-0.008865
0.026031
0.036652
-0.012543
-0.020660
0.011436
0.028061
0.039246
0.000982
0.019562
-0.008675
-0.016235
-0.009178
-0.003218
0.014877
0.034882
-0.041992
0.000694
0.001488
0.029099
-0.018478
-0.011238
0.009956
-0.003458
-0.010178
-0.008232
0.006275
0.020996
0.012970
-0.019928
0.020050
0.004612
0.004059
0.003481
0.007957
-0.010620
-0.022964
0.019852
-0.025360
0.005619
-0.000490
-0.013657
0.002977
-0.000083
-0.006428
-0.032928
-0.049225
-0.026367
-0.027039
0.048950
0.015358
0.027557
-0.038422
0.010979
0.020767
0.050934
-0.023254
0.033325
-0.003073
0.015053
-0.015869
-0.061096
0.022491
0.024155
-0.003235
0.000228
-0.014503
0.031799
0.017365
0.004807
-0.025528
0.007450
0.010529
0.006802
-0.000579
0.018051
-0.013725
-0.019135
0.009850
-0.027954
-0.012314
0.012589
-0.021515
0.034882
0.001834
-0.013062
-0.012886
0.030884
0.008347
-0.019302
-0.018082
-0.021362
0.031067
-0.003799
0.013756
0.032990
-0.025955
0.036957
-0.024994
-0.015434
0.031021
0.017365
-0.042847
0.033417
0.018402
0.000271
0.025101
-0.003328
0.050842
0.003092
-0.044647
0.026230
-0.032593
-0.025345
0.027863
0.043976
0.044281
-0.013329
-0.004425
-0.037750
-0.025681
-0.006699
-0.008507
0.000417
0.012459
0.002609
-0.009949
0.007801
0.013321
0.009506
-0.017807
-0.005848
-0.036041
-0.026871
-0.016617
0.011917
-0.016922
0.000749
0.036896
-0.025314
-0.008293
0.038544
0.028519
-0.022293
0.043854
-0.023590
0.001116
-0.011391
0.013054
-0.006748
-0.001034
-0.004410
0.010231
-0.041260
0.046936
-0.038025
-0.004173
0.018463
-0.010010
-0.019226
-0.031982
0.016693
-0.016464
-0.035553
0.034912
-0.009361
0.015465
0.030167
0.033234
-0.002361
0.024399
0.006371
0.020325
0.005165
0.039734
0.017288
-0.005718
0.011314
0.007397
0.020645
-0.002439
0.029877
-0.026367
-0.032440
0.031494
0.010536
0.016327
-0.002626
-0.008675
-0.017380
0.040436
0.042206
0.011642
0.015015
-0.028732
-0.004658
-0.033081
0.000947
0.020737
-0.039124
0.012856
-0.027176
0.013603
0.017548
0.016876
-0.024200
0.020599
0.005569
-0.025177
-0.037964
0.015656
-0.010574
0.015564
0.012741
-0.011192
0.029358
0.020248
-0.018097
-0.018295
0.034454
-0.000483
-0.018051
-0.014526
-0.010696
-0.007015
0.018280
0.029236
0.010635
0.003889
0.037262
-0.018402
0.015099
0.004944
0.009300
0.011009
0.002050
-0.014450
0.003063
0.015732
-0.015266
-0.018936
-0.026016
-0.030228
-0.002274
-0.004646
-0.027939
-0.035034
-0.016800
0.033905
0.017960
-0.018585
-0.018143
-0.002403
-0.046143
0.000275
0.026825
0.021332
-0.021805
-0.030380
0.026062
-0.008537
0.012810
-0.026169
0.026199
-0.031921
0.035583
0.012154
0.031555
-0.008942
0.001454
0.029297
0.003887
-0.032440
0.004509
-0.014488
0.021164
0.015991
-0.018295
0.021942
0.027542
0.002438
0.016022
0.000378
0.040527
-0.023712
-0.030350
-0.012466
0.001156
-0.007439
0.004601
0.018860
0.013885
0.033508
0.029892
