-0.491943
0.595215
0.343262
-0.687500
-0.115051
-0.045563
2.123047
-0.340820
-0.871094
3.351562
-0.413818
-0.011131
2.207031
1.276367
0.184204
0.642090
-0.016083
1.903320
-0.272949
-0.473145
4.355469
-0.047821
-0.344727
-0.061310
2.570312
0.790039
-0.163452
-0.592773
0.072632
-0.307861
1.643555
-0.407227
3.388672
1.229492
-0.615234
2.517578
-0.036011
-1.190430
-0.356934
2.394531
-0.063782
-0.185303
0.923828
-0.004391
2.505859
5.265625
-0.114441
-0.078613
-0.139038
1.744141
0.523438
-0.183350
-0.850586
0.574219
0.854980
-0.665039
-0.015625
-0.096191
-0.402100
-0.478027
0.409424
2.652344
-0.704590
2.216797
