-0.038361
-0.110046
2.976562
2.417969
0.471680
-0.025436
-0.127686
-0.500488
2.375000
1.139648
2.449219
-0.003819
1.131836
-0.031433
0.127441
-0.018066
-0.334473
-0.041504
-0.089050
-0.016403
0.917969
0.725586
-0.005730
-0.138794
-0.037537
-0.962402
-0.081787
-0.564453
-0.025970
-0.329590
0.413818
3.298828
0.403076
0.737305
-0.020706
-0.096252
-0.020599
-0.473389
0.294189
0.332764
1.068359
0.028168
0.633301
0.202759
-0.294678
-0.418457
3.023438
-0.173950
-0.043793
-0.035706
-0.065674
-0.355713
0.648438
1.168945
0.050171
-0.379883
2.109375
0.875488
-0.041779
-0.118774
-0.535156
0.489014
-0.034576
0.644043
