-0.391357
0.671387
0.660645
0.709961
-0.003201
-0.460449
-0.034851
-0.014618
-0.321289
-0.119507
1.513672
-0.007759
-0.141846
-0.084961
-0.028763
-0.026047
-0.235352
2.593750
2.933594
-0.007801
0.460449
-0.063721
1.587891
-0.001914
-0.235352
0.660156
0.689941
0.471924
0.359863
-0.194214
-0.050964
0.658203
-0.021011
0.540039
0.164185
0.648438
0.625000
-0.152466
-0.168579
-0.307861
-0.185547
0.026993
-0.019897
2.039062
-0.160889
-0.102112
0.515137
1.268555
0.368896
-0.141968
1.822266
1.832031
-0.053741
-0.072754
-0.129761
-0.512695
-0.007675
-0.060150
1.393555
-0.150269
0.066589
-0.810547
1.457031
1.725586
