-0.021988
-0.148682
2.199219
2.488281
-0.023682
0.483643
-0.037109
-0.604004
2.263672
0.938477
2.140625
0.670898
0.771484
-0.054718
0.057800
0.458008
-0.336182
0.436523
-0.060242
0.653809
0.825195
0.869141
-0.013817
-0.184814
-0.068115
-1.052734
-0.051483
-0.587891
0.107117
-0.266113
0.793945
2.978516
-0.026230
0.670898
0.432129
-0.195923
0.266113
-0.619629
1.003906
-0.032806
1.152344
0.184814
1.030273
0.667480
-0.368408
-0.515137
3.408203
-0.210815
-0.012192
-0.013245
0.167236
-0.368164
0.513184
0.480957
0.960449
-0.364258
2.839844
1.552734
0.139282
-0.119690
-0.433594
0.284912
-0.018784
0.312988
