0.14379883
0.48583984
0.10388184
0.091796875
0.44018555
0.051757812
-0.037017822
-0.024108887
0.29736328
-0.017807007
-0.0044937134
-0.039245605
-0.012886047
0.15563965
0.036193848
-0.037231445
-0.04574585
-0.047363281
0.43212891
-0.013816833
0.34301758
0.38549805
0.14404297
0.022766113
0.22753906
0.12744141
-0.018005371
0.20703125
0.4230957
-0.0065422058
0.12030029
-0.022171021
-0.053863525
0.098144531
-0.013336182
-0.0058822632
0.083007812
0.14770508
-0.0023822784
0.21447754
0.17175293
0.10974121
0.29394531
0.18676758
-0.038726807
0.087158203
0.25708008
0.29418945
0.41430664
0.19567871
0.063110352
0.058837891
0.1427002
0.16845703
-0.00079393387
0.15075684
0.48291016
0.46264648
0.32348633
0.0095443726
0.1184082
0.2244873
-0.003162384
0.5625
0.086608887
0.28222656
0.10955811
0.0048103333
0.46386719
-0.011917114
0.23400879
0.0287323
0.17272949
0.24243164
0.35253906
-0.0049057007
0.16552734
0.076782227
0.14343262
0.2076416
0.13244629
-0.014060974
-0.027282715
-0.037536621
0.34936523
0.13183594
-0.024978638
-0.0077171326
0.023773193
-0.012084961
-0.010421753
-0.0039100647
0.15686035
0.30224609
0.10955811
-0.014770508
-0.00030875206
0.2019043
-0.0047836304
0.0059661865
0.094970703
-0.040283203
0.086364746
0.062805176
0.016220093
0.38745117
0.050567627
-0.0080184937
-0.0055503845
0.10766602
-0.0033283234
0.11669922
-0.010635376
0.52685547
-0.0065002441
0.42822266
-0.0034561157
-0.018417358
0.09765625
0.296875
0.14953613
-0.011505127
-0.008354187
0.15856934
-0.024124146
0.0362854
0.06161499
-0.0052185059