-8.700805902e-01 
-8.671416044e-01 
1.319424510e+00 
4.395390749e-01 
4.208572581e-02 
4.239181578e-01 
2.225773036e-01 
-8.243532777e-01 
7.336977124e-01 
-2.785567343e-01 
-9.148032665e-01 
-1.945476532e-01 
-1.122707963e+00 
-1.119860113e-01 
-1.206584692e+00 
8.779521585e-01 
4.378617108e-01 
7.181167603e-01 
-2.305243015e-01 
-2.381551266e-01 
1.028209209e+00 
-8.774917573e-02 
8.067724705e-01 
3.269786239e-01 
7.494912744e-01 
1.826719642e-01 
-9.124736488e-02 
-6.987589598e-01 
-3.426429331e-01 
4.045762420e-01 
8.723241687e-01 
1.461879492e+00 
1.674539000e-01 
-3.163786978e-02 
-5.098502636e-01 
-4.883790612e-01 
1.541166306e-01 
8.520541787e-01 
1.914470941e-01 
1.321970463e+00 
1.867190897e-01 
2.195687965e-02 
8.294605464e-02 
1.298696995e-01 
1.715264767e-01 
-4.966390133e-02 
2.327605709e-02 
2.984091341e-01 
-1.866103262e-01 
-3.189530671e-01 
3.132545650e-01 
3.021704853e-01 
3.344531059e-01 
-4.636242986e-01 
-5.783559680e-01 
8.539235592e-01 
6.677372456e-01 
9.195594192e-01 
-3.577515781e-01 
-7.512457669e-02 
-2.846717834e-01 
5.031161904e-01 
1.862752736e-01 
-4.881110191e-01 
1.456030458e-02 
-1.629386097e-01 
1.853801757e-01 
7.414547801e-01 
3.029098213e-01 
2.945430577e-03 
4.165501893e-01 
5.388966799e-01 
1.048663735e+00 
-7.790869474e-01 
-6.546533108e-01 
-1.623375118e-01 
-3.498836458e-01 
5.020291805e-01 
1.845755875e-01 
-1.642898917e-01 
6.889407635e-01 
2.311813980e-01 
-8.494616486e-03 
8.158479333e-01 
3.943285644e-01 
1.491962820e-01 
-9.278229475e-01 
-9.495956898e-01 
-7.417380810e-01 
1.418224573e+00 
8.436565399e-01 
2.630431652e-01 
-5.798701048e-01 
8.460896015e-01 
6.866322756e-01 
-3.617691100e-01 
7.460684776e-01 
-4.812458754e-01 
-4.876676947e-02 
-1.140779257e+00 
-1.676316261e+00 
-6.405950785e-01 
5.865746737e-01 
3.953476250e-01 
7.101691961e-01 
8.789027333e-01 
1.422112703e+00 
7.110515237e-01 
8.469012380e-01 
-2.422472537e-01 
-9.018992633e-02 
-7.063227892e-01 
4.602488577e-01 
-1.884149075e+00 
4.230417013e-01 
1.381553531e+00 
-1.668567657e-01 
-1.975944638e-01 
5.769862533e-01 
-4.965916872e-01 
-2.284558713e-01 
1.125562787e-01 
-3.303492069e-01 
-6.378919482e-01 
4.895663261e-01 
-2.816062868e-01 
-8.928823471e-02 
6.480615139e-01 
