-0.180542
-0.009445
4.578125
3.017578
0.984375
-0.212769
-0.294189
-0.320801
3.164062
1.121094
2.234375
-0.009857
0.593750
-0.216309
0.950684
-0.335205
-0.445557
-0.264648
-0.221069
-0.385254
1.104492
0.289551
0.977051
0.704102
-0.016907
-0.787598
-0.113281
-0.583008
-0.138794
-0.580078
0.178467
3.248047
2.912109
0.388916
-0.192871
0.824219
0.699707
-0.087097
0.541992
2.187500
0.617188
-0.162842
0.727051
-0.245972
-0.097473
-0.336670
2.519531
-0.013908
0.006119
0.129761
-0.336182
-0.201660
0.057220
2.039062
-0.292480
-0.478760
-0.015640
-0.060791
-0.315430
-0.182129
-0.845703
2.091797
-0.043152
1.193359
