0.082153
-0.068787
0.056610
0.026871
-0.045654
-0.063232
-0.096558
0.070190
-0.087036
-0.030624
0.054749
-0.040894
-0.014114
0.058105
-0.004486
-0.049561
-0.037476
-0.085815
0.092468
-0.054535
0.061401
-0.074402
0.005253
0.051086
-0.068115
-0.005577
-0.011612
-0.001105
-0.002562
-0.069946
-0.018997
-0.060883
-0.093628
0.021484
0.002684
0.075867
-0.054321
-0.043182
-0.050446
0.070862
-0.002508
-0.011299
-0.052002
0.048431
0.079102
-0.015388
0.088196
-0.063110
-0.096436
-0.075317
0.060669
0.009270
0.086609
-0.083191
0.082458
-0.093079
-0.005039
-0.041565
-0.060944
0.078186
0.027328
0.035828
-0.074585
0.042603
-0.002752
-0.008781
0.006878
-0.026794
0.039337
0.020508
-0.034119
-0.076477
0.019943
-0.014877
-0.025116
-0.023712
0.020218
-0.028122
0.081909
-0.002184
-0.064697
-0.002764
0.006691
0.042053
-0.026077
-0.051178
0.036194
0.027039
-0.074341
-0.058655
0.000057
-0.038940
-0.025101
0.013016
-0.029327
0.068237
-0.079590
-0.081909
-0.031143
-0.061066
-0.078674
-0.030396
0.059235
-0.008026
-0.095398
0.091003
0.010635
-0.058899
0.094177
-0.054993
0.084717
-0.042297
-0.042206
0.051086
-0.074402
-0.008797
-0.030807
-0.043579
-0.031799
-0.017578
-0.038574
0.065063
0.025253
0.082458
-0.031830
0.059387
-0.038513
0.013367
-0.070435
0.052185
0.061249
-0.003359
-0.015747
-0.002617
-0.067688
-0.010422
0.006725
-0.081665
-0.011955
-0.025345
-0.071838
-0.042725
-0.042145
0.035889
-0.058105
0.005371
0.053558
0.022858
-0.053864
0.068481
-0.039368
-0.084900
0.065002
0.068359
0.089783
-0.027008
0.052307
-0.015320
-0.023361
-0.077026
0.079773
-0.074402
-0.054230
0.064636
-0.064087
-0.030762
0.010178
-0.042084
-0.050903
0.036316
0.009209
-0.012718
0.045380
-0.049713
-0.023972
0.052490
-0.067078
0.003834
0.094543
0.043915
-0.029053
-0.026276
-0.043152
-0.058441
0.062408
0.096375
-0.075317
-0.063843
0.048065
0.008728
-0.031586
-0.063904
-0.016998
0.027832
0.060364
-0.095276
-0.033051
-0.043976
0.066284
0.069275
0.057098
-0.083923
-0.002375
0.067932
-0.096985
-0.009796
-0.052185
-0.064758
0.034637
0.070374
-0.030136
-0.056274
0.087341
0.045502
-0.063599
-0.035034
0.037872
0.017303
-0.069336
-0.001108
-0.080261
0.025345
-0.077637
-0.018829
0.071289
-0.021149
-0.036774
-0.089539
-0.091003
0.001844
0.000697
0.036407
-0.015198
-0.043518
-0.065613
0.002516
-0.019318
-0.055725
0.066467
0.067871
0.070740
-0.060883
-0.002996
0.087341
0.032715
-0.068970
-0.062225
0.041229
0.049927
-0.082520
0.014641
0.046234
-0.059052
-0.004631
-0.074707
0.017700
-0.015884
0.066284
0.072937
-0.009972
-0.091980
-0.070190
0.018127
-0.038971
0.017563
0.001755
-0.070984
0.009972
0.035248
0.078125
-0.062164
-0.083374
0.044128
0.019241
0.008583
-0.076843
-0.076721
0.080872
-0.039520
0.054962
-0.036530
0.059723
0.084290
-0.074707
-0.081421
0.081543
-0.033051
0.006466
0.024200
-0.015991
0.006229
-0.064819
0.071899
-0.032440
-0.058319
-0.051178
-0.041840
0.005337
-0.033905
-0.069580
-0.065247
-0.025452
0.017075
0.085327
-0.047546
-0.075867
0.092407
0.085754
-0.081970
0.012917
0.043732
-0.067871
0.028961
-0.061157
-0.081116
-0.080261
0.023392
-0.083069
-0.066956
0.009766
0.067688
-0.060028
0.007626
-0.014214
-0.056458
0.050568
-0.022873
-0.024307
-0.076782
0.023148
-0.047241
0.089783
0.011978
0.040253
0.015747
-0.039642
0.024506
0.074097
-0.040985
-0.070068
0.082397
-0.005138
0.073059
0.020020
0.085144
0.043915
0.066650
-0.069946
-0.042938
0.028992
0.076416
0.073608
0.026947
-0.068665
0.035675
-0.061218
0.020248
0.020935
-0.065979
-0.056152
-0.050781
0.024689
-0.051819
0.008202
0.060577
0.043060
-0.056854
-0.060028
0.020309
0.047760
-0.040039
0.019089
0.070679
0.021973
-0.001265
-0.008507
0.069336
0.038116
-0.076660
-0.088867
-0.025604
0.023315
0.059357
0.086609
0.032806
-0.082397
-0.065491
-0.068726
-0.011139
0.003765
0.080444
-0.079590
-0.044983
0.002768
0.055145
-0.064575
-0.067871
0.035370
-0.028519
-0.014496
-0.018646
-0.058411
0.005352
0.022537
-0.034790
-0.057251
0.029633
0.031433
-0.080994
0.028503
0.065613
0.011940
0.060577
-0.014641
-0.042084
0.074036
0.064880
-0.088257
-0.068298
-0.037964
0.033020
0.057892
0.072144
-0.000566
-0.051636
-0.075378
0.020416
-0.030853
-0.054382
-0.061340
0.021149
-0.066345
-0.084717
0.059143
0.085083
0.086365
0.095581
-0.032745
0.052490
0.006790
0.044800
-0.001582
0.049622
0.043793
-0.049652
0.005249
-0.015656
-0.078430
-0.064087
-0.013176
-0.027512
-0.035492
0.005005
0.039612
0.043427
0.076477
0.089600
0.071838
-0.054413
-0.054810
0.029434
0.082275
-0.070068
-0.014145
0.048248
0.057739
0.016739
0.010651
-0.022202
-0.020981
0.021790
-0.037262
-0.087891
-0.005211
-0.078308
0.014549
0.072021
0.028687
0.029480
0.002686
0.051361
-0.088867
0.028778
0.022751
-0.032166
-0.029922
-0.006283
0.072144
-0.065002
0.054657
0.062225
0.072266
-0.063416
-0.042786
-0.069336
0.022781
-0.082458
-0.102539
-0.000638
-0.075195
0.047668
0.049500
-0.065979
-0.004707
0.004452
-0.012558
0.062012
0.031494
-0.016678
-0.043518
-0.049927
-0.083374
-0.022049
0.094849
0.009720
0.080627
-0.061218
0.095154
0.030533
0.027222
-0.075073
-0.010429
-0.010155
-0.051971
0.028793
-0.045166
0.069885
-0.048126
0.044769
0.049347
0.028351
0.043274
-0.001064
0.084290
0.077454
0.017975
-0.001025
-0.012703
-0.010353
-0.021194
0.033539
0.039154
0.067444
-0.009346
0.051941
0.074585
-0.009926
0.075012
0.053101
-0.059692
-0.041534
-0.084106
0.026108
-0.017181
-0.058868
0.053741
0.060455
0.021362
-0.041046
-0.076965
0.039337
-0.039215
0.034210
0.028687
-0.019180
-0.032715
0.039001
-0.023163
-0.024170
0.026840
-0.033905
0.029221
-0.075134
-0.058533
0.026642
-0.006630
-0.029587
-0.076355
0.080627
0.073425
0.025986
-0.006672
0.008049
0.002295
-0.021973
0.048187
0.026535
0.040619
-0.051056
-0.009026
-0.023941
0.028336
-0.078796
-0.076904
-0.034332
-0.033752
0.071289
-0.059021
-0.077698
-0.028427
-0.079529
-0.064758
0.003721
-0.057251
0.077332
-0.006126
-0.060455
-0.017044
0.027390
0.059784
0.083801
0.060150
-0.045013
0.067505
0.004482
-0.003853
-0.006245
-0.034546
-0.013313
0.041626
0.033173
0.093933
-0.055542
0.041199
0.086792
-0.058441
-0.010811
-0.085632
-0.074158
0.081116
0.088501
-0.052765
0.093628
0.039154
0.013908
0.009094
-0.054199
-0.060516
0.029938
-0.078430
-0.035583
-0.067871
-0.029694
0.021820
-0.000714
0.037842
0.017242
0.015762
0.074219
0.025131
0.004158
-0.075928
-0.071045
-0.067017
-0.004593
-0.000290
0.074402
-0.015488
-0.052155
0.081665
-0.014847
0.004894
0.023346
-0.057678
0.065125
0.038849
-0.091125
-0.047882
-0.027420
-0.063293
-0.064270
0.069641
-0.024445
-0.070862
-0.010422
0.023178
0.021545
0.063660
-0.042358
0.043060
0.061188
0.062561
-0.026733
-0.055023
0.009674
-0.053986
-0.013618
0.085632
-0.070618
-0.090210
0.053070
-0.041992
-0.052246
0.040161
-0.064087
0.009521
-0.092590
-0.083679
-0.026001
-0.003599
-0.006390
-0.068359
-0.017563
0.067566
0.054810
0.030777
-0.029327
0.003105
-0.008545
-0.073486
0.041748
-0.027679
0.030762
0.076599
-0.059601
-0.076965
0.021530
-0.008781
-0.080994
0.074829
-0.056610
-0.082336
-0.047943
-0.048401
0.028580
0.072937
0.070251
-0.015068
0.042023
-0.079041
-0.045685
0.047974
-0.058838
0.065186
-0.063904
0.020355
-0.039703
0.006550
-0.100647
0.033295
-0.073303
-0.085083
0.053406
0.034363
-0.050873
0.014603
-0.076294
-0.051758
0.037750
0.012032
-0.082581
-0.016006
-0.016525
-0.003967
0.111694
-0.021942
-0.019684
0.039246
-0.070374
0.081421
-0.039612
-0.007587
0.023376
-0.023071
0.067383
-0.077026
-0.030411
-0.048859
0.049377
0.061157
-0.063049
0.046753
-0.037598
0.014709
-0.036591
-0.080627
-0.051544
-0.031738
-0.056396
0.065979
0.012970
0.082275
0.039703
0.009621
0.095947
-0.035828
0.077087
0.083618
0.078979
0.005142
-0.023544
-0.060394
0.044891
-0.032196
-0.030441
-0.057770
0.045166
0.065125
0.091370
0.055908
0.006969
-0.043335
-0.013115
0.071655
-0.033813
-0.037964
-0.031494
0.043396
0.039032
-0.059570
-0.043518
-0.009468
0.044678
0.021820
-0.036133
-0.061646
0.030273
0.030777
0.040894
0.033630
-0.013565
0.047028
-0.079468
-0.012878
0.050537
-0.078674
0.071777
0.028275
0.063477
-0.022598
0.031433
-0.024765
0.077271
-0.000228
-0.036469
0.008308
0.034302
0.095398
0.061768
0.098633
-0.036194
-0.037292
-0.050110
-0.024857
0.023361
0.080322
-0.047882
-0.034180
0.014977
-0.081665
-0.025070
0.005489
0.081909
0.019730
0.026932
-0.060699
0.070312
-0.014648
-0.063416
0.035309
-0.060333
0.001754
-0.044373
-0.008118
0.024887
-0.001596
0.047058
-0.073425
0.027847
-0.076538
0.083008
-0.052307
0.073181
-0.057037
0.003979
-0.018265
-0.052216
0.023560
-0.033508
-0.055115
0.011017
0.037872
0.068726
-0.006130
-0.012238
-0.064087
-0.008179
-0.058716
-0.033203
-0.026337
0.077209
-0.041595
0.007370
-0.011398
0.001323
0.069031
0.032562
-0.008751
0.039185
0.041748
-0.053528
-0.011574
-0.081360
0.031372
0.090942
0.024826
-0.039001
0.068970
-0.083374
0.023636
-0.056366
0.002527
-0.044586
0.078003
0.055115
-0.034668
0.068054
-0.066345
0.079834
-0.055573
-0.081177
0.007366
0.076599
-0.022766
0.047241
0.063782
-0.014267
0.099365
-0.037689
0.048218
-0.056122
0.088867
0.085083
-0.027206
-0.084656
0.097595
-0.042969
0.058075
0.074890
-0.037231
0.018814
-0.087708
0.002752
0.102478
0.010773
0.036743
-0.039642
-0.022705
0.088989
-0.024368
0.038116
0.012253
-0.022583
-0.034485
0.048309
0.023132
-0.071960
-0.046997
0.025085
-0.039307
0.013039
0.061127
-0.024261
-0.012375
-0.026932
-0.081360
0.011856
-0.094482
0.099426
-0.084595
-0.052826
-0.069946
0.072693
0.018784
0.083435
0.052704
0.070862
0.049622
-0.059357
0.029282
0.002718
-0.022003
-0.058289
-0.018677
-0.107178
0.048859
0.015778
-0.083313
-0.054962
-0.055298
0.039520
0.006287
-0.027130
0.007671
-0.035675
0.026077
0.008667
-0.040863
-0.055450
-0.066101
-0.091553
0.043518
-0.002209
-0.036713
0.081116
0.003403
-0.032440
0.002916
0.038788
-0.081482
-0.067139
0.052216
-0.005211
-0.016647
-0.021210
-0.061859
-0.077820
0.050659
-0.071167
-0.090637
0.091980
0.007603
0.009827
-0.004761
0.032715
-0.025955
0.036163
-0.051575
-0.064026
-0.017990
-0.084106
0.070496
0.048370
-0.018906
-0.065002
0.055634
0.035370
-0.038025
0.025238
0.062225
0.044586
0.040192
-0.068665
0.058777
0.083191
0.077271
-0.024979
0.023483
-0.047180
-0.078735
0.030350
-0.082275
0.037598
-0.050507
-0.051727
0.031555
-0.080139
0.010574
-0.039001
-0.060425
0.088318
-0.089783
0.071167
-0.079651
0.049103
0.020248
-0.069763
-0.039490
0.047119
-0.004333
0.070984
-0.002960
-0.099792
-0.012276
-0.037079
-0.032074
-0.049530
0.081238
-0.097412
0.016495
0.055359
-0.054504
-0.072937
0.038483
-0.000663
0.028275
-0.058838
0.078674
-0.031281
0.003197
-0.091492
-0.039734
0.021286
-0.091125
0.098633
0.033295
0.022598
-0.015060
-0.034241
-0.000482
-0.007950
-0.073853
0.103821
0.054596
0.027832
-0.056824
-0.010010
-0.087952
-0.077637
0.025253
0.081726
-0.087585
-0.036102
-0.016190
0.044861
-0.048889
0.015617
0.069092
-0.008987
0.043732
0.046631
0.018036
-0.092529
0.069885
0.043854
-0.007130
-0.071228
-0.063965
-0.068481
0.075806
-0.026505
0.071960
0.106934
-0.084595
0.001573
0.041687
0.024078
0.085999
-0.029373
-0.028015
-0.036377
0.009277
0.048920
0.041626
-0.026138
0.048828
0.069458
-0.046448
0.070496
0.069275
-0.032410
0.034637
-0.018219
0.057556
-0.063477
-0.052917
-0.018845
-0.052551
0.028427
0.018677
-0.061554
0.051331
0.005722
-0.006062
-0.075012
-0.056915
-0.038513
-0.032227
-0.013901
0.035126
-0.024551
0.033325
-0.032349
-0.079468
-0.005684
-0.003366
0.022964
0.012779
0.018845
-0.021744
-0.039124
0.053436
-0.023529
0.015121
-0.025726
-0.040222
-0.009811
0.072388
-0.034027
0.051758
-0.027145
-0.040192
-0.012375
-0.066895
0.000365
-0.029984
-0.045288
-0.080933
0.094604
-0.021255
-0.006001
-0.070740
0.081726
0.075500
-0.031921
-0.011009
-0.034851
-0.001502
-0.010437
0.043304
0.062561
-0.033875
0.041626
-0.003582
-0.030579
0.010628
0.042999
-0.023270
-0.005241
0.006493
0.076721
-0.055969
0.000784
-0.061432
0.022079
-0.054108
0.044800
0.029922
0.075012
0.070312
-0.035278
0.037262
0.038818
0.067993
-0.000961
0.092163
-0.069763
-0.049072
0.046204
-0.018555
-0.059082
0.085022
0.092102
0.068115
-0.021912
0.075867
-0.047760
0.041779
-0.013344
-0.067139
0.017471
0.048035
0.071777
-0.066345
-0.030426
-0.022980
-0.037476
-0.059052
0.079163
0.030304
-0.012596
0.016541
-0.034027
-0.052917
0.048370
-0.079529
0.026062
-0.022171
-0.006638
-0.035004
-0.051117
0.004616
0.002262
-0.000014
0.047516
-0.088501
-0.003319
-0.026947
-0.019180
0.062744
-0.056671
-0.000634
0.070068
0.030548
0.017807
0.097351
0.018784
-0.041199
-0.008423
0.086182
0.087830
0.079956
0.060181
0.024521
0.034149
0.068848
-0.066467
0.027084
-0.022644
-0.001117
-0.070801
-0.024612
-0.045227
0.008179
0.001193
-0.058228
-0.019318
-0.083252
-0.055450
-0.039001
0.041656
0.074829
0.022812
0.001507
0.035919
-0.062164
0.072144
-0.031342
-0.046631
-0.019043
-0.071289
0.017212
0.074036
-0.051880
-0.042755
0.040680
-0.075867
-0.023605
-0.033203
0.075928
0.083313
-0.038666
0.076904
0.069580
0.020355
-0.003778
-0.046661
-0.004784
-0.023163
-0.010986
-0.069824
0.004360
-0.047821
-0.072693
-0.029205
-0.085083
0.050903
-0.030502
-0.026123
0.001654
-0.040466
-0.046967
0.023651
0.028839
0.000634
-0.084290
-0.050629
0.050690
-0.072937
-0.073669
0.077393
-0.032440
0.039246
0.044861
0.072632
0.025024
-0.010757
-0.060974
-0.073486
-0.035461
-0.003971
0.087341
0.066650
0.044922
-0.064514
-0.070129
-0.067871
0.017593
0.079834
0.050934
-0.027679
-0.057983
-0.063293
0.050018
0.011971
-0.070190
-0.055725
-0.059937
0.007675
0.055878
-0.042206
0.026474
0.071167
-0.061859
0.076538
-0.086609
-0.059937
0.013542
-0.020996
0.011353
0.073364
-0.059906
0.094360
0.005993
0.064209
0.018005
-0.030624
0.024261
0.042786
0.089905
-0.026031
-0.038818
-0.013687
0.051514
0.094727
-0.060425
-0.054413
0.068176
0.087646
0.067749
-0.064941
0.082581
0.054840
-0.015686
0.022675
0.038544
-0.015541
0.010162
-0.097595
0.088806
0.007820
-0.027374
-0.005035
-0.038177
-0.033752
0.046692
0.017380
0.080994
-0.014946
-0.044434
0.011467
-0.039459
0.035767
-0.082520
0.081665
0.005024
0.071655
0.065430
0.047668
0.032684
0.049927
0.075317
-0.078369
-0.054138
-0.060669
0.073608
0.007259
-0.050201
-0.064026
0.077820
0.074707
0.036072
-0.078613
-0.040009
0.080750
0.026306
0.017303
-0.038422
-0.076050
0.006992
0.036499
0.044495
0.033875
-0.032074
0.091614
-0.018951
-0.041107
-0.040619
-0.043732
-0.063721
0.079895
-0.044434
0.002495
0.080688
0.048828
-0.016083
-0.025375
0.051544
0.075989
-0.021378
-0.037201
0.064697
0.074524
0.039276
-0.068176
-0.016586
-0.082458
-0.077637
-0.049561
-0.024261
-0.024857
-0.043213
-0.059631
-0.063049
-0.030060
-0.062500
0.079834
0.027130
-0.009308
-0.079590
-0.026718
-0.049042
-0.001822
-0.006256
-0.072021
-0.074768
-0.035980
0.079956
0.055756
-0.065979
-0.049347
-0.023758
0.036926
-0.036407
0.089539
-0.032166
0.051422
-0.051605
0.022552
0.020859
0.039490
-0.001522
-0.088440
-0.002913
-0.019821
0.031403
-0.023102
-0.077087
-0.070984
-0.021774
0.069031
0.019089
0.079102
-0.026443
-0.047394
-0.033783
-0.026596
-0.041473
-0.075256
-0.090149
-0.004925
-0.047058
-0.059784
-0.003056
-0.043274
-0.018158
0.065491
-0.080200
0.076355
-0.025314
-0.065613
-0.075195
0.047607
-0.072754
0.037140
-0.089294
0.043030
0.088318
-0.078430
0.033691
0.012070
-0.035767
-0.030136
-0.056000
-0.041840
0.080383
-0.008774
-0.000140
0.062866
-0.067383
0.034424
0.027206
-0.053650
0.002726
0.001094
0.005798
0.010666
0.020401
0.079407
-0.069641
-0.044830
0.071289
0.045166
0.049286
0.084961
0.000193
0.076843
0.076660
0.002573
0.041443
-0.078064
0.094849
-0.051605
-0.009254
0.082336
0.064819
-0.065674
0.086182
-0.086182
-0.036987
-0.002537
-0.092590
-0.011993
0.019989
-0.080994
-0.004467
0.062622
0.088440
0.044312
0.064270
0.062866
-0.071533
-0.096008
-0.032684
-0.077637
0.012978
-0.009995
0.042816
-0.052765
0.022232
-0.046783
0.087524
-0.032562
-0.075867
-0.081299
0.100464
0.017609
-0.033875
0.024185
-0.061035
-0.014175
0.079529
-0.000642
-0.034607
0.003990
0.023270
0.041168
-0.000939
0.008942
-0.090942
0.054230
-0.079529
0.024734
-0.008263
-0.030258
-0.002073
-0.096558
-0.078125
0.044891
0.044983
-0.016739
0.053467
0.077942
0.079102
0.058258
-0.005280
-0.080933
-0.070435
-0.069763
-0.012016
0.006821
-0.052032
-0.026016
-0.014984
-0.032532
-0.000825
-0.022141
-0.052826
0.023682
0.040649
-0.022507
-0.088440
0.050873
0.010490
-0.027817
0.089478
-0.038391
0.059113
0.029053
0.075623
-0.045502
0.026505
0.064148
-0.015900
-0.004944
-0.012978
0.066895
-0.073059
-0.044434
-0.046143
-0.011612
-0.077576
-0.023468
-0.067322
-0.012589
0.010139
-0.011353
0.021881
-0.039795
0.023773
0.020706
0.076233
0.049927
0.073608
0.028259
0.010841
0.058044
0.054047
-0.041382
-0.019669
-0.061371
0.062195
-0.084900
-0.023590
0.042511
-0.069519
-0.050537
-0.022079
0.064514
-0.004814
-0.063110
-0.064148
-0.036011
-0.042847
0.040985
-0.064026
0.020447
0.022903
0.003283
0.046417
0.033630
0.020157
-0.028336
-0.007851
0.044678
-0.040466
-0.071960
-0.038330
0.084961
0.018021
0.060760
-0.048767
-0.037659
0.060181
0.049103
-0.032074
-0.085205
0.048523
0.009354
-0.051514
0.076233
0.094238
0.007912
-0.084595
-0.087708
0.005230
0.080078
0.051636
-0.005314
-0.085388
-0.001121
0.025009
0.011833
-0.047485
-0.043762
-0.041565
0.076355
0.073181
-0.011620
-0.043243
0.008575
-0.000209
-0.013115
0.027985
0.011642
0.046753
-0.067871
0.080688
-0.029205
0.046997
0.039062
-0.007385
-0.070007
-0.017883
0.073792
0.054352
0.061615
0.042358
0.061768
0.014999
0.055206
-0.044067
-0.069641
0.043640
-0.089111
-0.042114
-0.024063
0.012161
0.051208
-0.056763
0.068298
0.036835
0.023163
-0.001166
0.033936
-0.057587
-0.071106
-0.070740
-0.022003
0.003107
-0.002144
0.013092
0.030426
0.087158
0.018936
0.007942
-0.069946
-0.068420
-0.013664
-0.071228
0.053314
0.088501
-0.074158
0.048462
-0.043274
0.051483
0.075256
0.047821
0.042664
0.067688
-0.006226
-0.011124
0.041626
-0.074341
0.089722
-0.074219
0.068970
0.029175
0.002775
-0.034119
-0.069336
0.020203
0.051270
0.020569
0.005257
0.033997
0.065857
-0.056183
-0.076233
-0.051941
0.024216
0.004078
-0.040771
0.056335
0.014915
-0.002113
-0.018005
0.009354
-0.063477
0.056366
-0.029114
0.044830
-0.006298
0.052673
-0.074524
0.070068
-0.026901
0.077576
0.045166
0.083435
0.062134
-0.029312
0.080566
-0.056366
-0.050629
-0.010628
0.054382
0.042725
0.074890
0.002655
0.084961
0.047455
0.010864
0.061981
0.011345
0.072632
0.082031
-0.002275
0.043762
0.018066
0.009323
0.068604
0.058319
-0.055634
0.005417
-0.092346
-0.073914
0.079834
-0.025101
-0.047638
-0.045624
-0.046356
0.027145
0.048401
-0.033020
-0.021622
0.041260
0.065735
0.031464
-0.080322
0.018631
-0.040833
0.047729
0.000658
0.001927
-0.012047
0.027756
-0.012665
-0.062622
0.014519
-0.080505
-0.000221
-0.056946
0.076660
-0.060425
-0.039734
-0.001894
0.027298
-0.019302
-0.039764
0.048767
-0.061920
0.039215
-0.085144
-0.048737
-0.024094
-0.001462
0.014114
-0.088867
-0.006466
0.012123
0.047821
0.050629
-0.051392
-0.023193
0.041718
-0.070496
0.063049
0.079346
-0.016891
0.021896
0.010071
0.012741
0.087341
0.083496
0.030823
0.026825
-0.044373
0.049835
-0.002298
0.032501
0.061157
-0.031799
0.016907
-0.090332
0.068237
-0.072327
0.068054
0.069336
-0.050537
0.049744
0.013130
0.066040
-0.009224
-0.020462
-0.091919
-0.074280
0.047821
0.048523
0.038239
-0.041870
0.028824
0.049072
0.025620
-0.083862
-0.017868
-0.058289
-0.081421
-0.072815
-0.064209
-0.082703
0.067932
-0.057648
0.041840
0.021484
0.008133
-0.058777
-0.050812
0.002075
0.025711
0.054016
-0.054474
0.007477
0.020065
0.042236
-0.051514
-0.006866
0.058289
-0.002558
-0.061554
-0.046967
0.051086
0.017166
-0.062988
-0.023315
-0.027161
0.057678
-0.000906
0.019608
-0.039337
-0.090454
-0.034698
0.047241
0.069214
-0.066223
0.081787
-0.019623
0.025314
-0.070557
0.035187
0.081177
-0.045288
0.061737
-0.013725
-0.055573
0.067017
0.020035
0.055115
-0.057648
-0.032501
0.053497
0.031235
-0.066345
-0.015213
-0.079651
0.057587
-0.080994
0.035126
-0.079651
-0.035767
-0.084045
0.042175
0.059814
-0.047150
0.049194
0.048340
0.010475
-0.036713
0.023926
-0.001743
0.065125
-0.064209
0.014885
0.038025
-0.033386
0.017853
0.034515
-0.052917
0.018173
0.015945
-0.015411
-0.061340
-0.015198
-0.035522
0.082825
0.059204
0.009109
-0.034027
-0.036194
0.045471
0.046997
0.005630
-0.023758
-0.071716
-0.080261
-0.016876
0.055695
0.056122
0.043365
0.011650
0.034210
0.003630
0.068848
0.012100
0.058319
-0.024139
0.026245
-0.053375
0.053040
-0.058777
-0.025726
-0.031738
-0.079041
-0.057648
-0.012871
-0.045197
0.040833
0.060516
0.015869
0.026932
-0.081543
0.061646
0.080627
0.024155
-0.001334
0.043671
0.029892
-0.065186
0.081604
-0.042694
0.072510
-0.039368
-0.070618
-0.043640
0.047363
0.041565
-0.041595
0.057190
0.052307
-0.017624
-0.073303
0.035187
0.012161
-0.073425
0.036102
-0.038269
0.020218
-0.055389
-0.000109
-0.065918
0.013786
0.050140
-0.052429
0.036560
0.023773
0.003445
-0.084473
-0.001733
0.061829
-0.021515
-0.044312
-0.087219
-0.057373
0.078247
-0.021591
-0.007820
-0.057892
-0.050354
-0.053284
0.012222
0.028717
-0.041229
-0.022278
-0.010818
0.070007
0.000860
0.000964
-0.029388
-0.073181
0.085388
0.049408
-0.046753
-0.069702
0.002516
-0.016144
0.063477
0.092224
-0.013893
0.047668
-0.064209
0.039612
0.044189
0.099609
0.032471
0.006424
-0.022751
-0.051697
-0.059052
0.075867
-0.049042
0.001546
0.019196
-0.068604
0.017883
-0.040161
-0.009689
-0.051819
-0.055237
0.017136
-0.028687
0.073547
-0.062164
0.063110
0.065613
-0.008301
-0.023880
0.083862
-0.032959
-0.048676
0.017639
-0.033417
0.039703
0.053558
-0.068359
0.031006
-0.039612
0.017349
0.080688
-0.095703
0.032959
-0.076233
-0.081238
-0.036835
0.042175
0.027527
0.024277
-0.067810
0.033386
0.023560
0.069641
-0.019943
-0.022705
-0.060699
-0.022583
-0.047638
0.068481
0.095703
-0.004288
-0.057739
0.088928
0.050507
0.083191
-0.083557
0.026978
0.048218
-0.037048
-0.054413
-0.039886
-0.009956
-0.008904
-0.005177
0.028732
-0.079590
-0.022659
0.088074
-0.042511
0.021881
0.024902
0.000147
-0.006512
-0.029617
-0.042969
0.019241
0.060211
0.023087
-0.049683
-0.003944
0.000682
0.082092
-0.074463
0.059235
-0.028809
0.071533
0.047150
0.001508
0.035065
-0.041412
-0.045502
-0.052643
0.069214
-0.054749
0.071777
-0.051666
0.081055
0.021301
0.083801
-0.053284
-0.001581
-0.074158
-0.012329
-0.058472
-0.045074
0.026810
-0.045349
0.062744
-0.035065
0.049805
0.046509
-0.055695
-0.027481
0.092041
-0.050171
-0.076599
-0.067627
0.084778
0.020889
-0.067444
0.059296
-0.046539
0.048706
0.069824
0.019028
-0.065735
-0.068848
0.054932
0.008316
-0.046722
0.004623
-0.087463
-0.008644
0.050690
0.094360
-0.076477
-0.033508
0.080444
0.049774
-0.005302
0.052887
0.043610
0.053223
-0.079773
-0.022308
0.077393
0.008354
0.020126
0.001448
0.010178
0.041351
0.017822
0.082520
-0.005672
-0.078857
0.040009
-0.021393
0.042053
-0.021561
0.091492
-0.061493
0.035339
-0.071228
-0.040436
-0.003765
-0.016571
-0.022385
0.027191
-0.068604
-0.011818
0.067993
0.055206
-0.057861
-0.080627
-0.010643
-0.007591
-0.026291
0.082153
-0.077209
-0.077209
0.028992
0.103455
-0.013794
0.113953
-0.063049
-0.064270
0.007420
-0.030716
-0.019638
0.064941
-0.081421
-0.039368
-0.064697
-0.033783
-0.030304
-0.053467
-0.080505
0.016220
0.027390
0.024780
0.076477
-0.045593
-0.049957
-0.079407
-0.040588
-0.048645
0.097961
0.008789
-0.020889
-0.060364
-0.002947
0.079651
-0.019379
0.045898
0.015991
-0.058044
-0.103882
0.065247
-0.049530
-0.000639
0.090332
-0.064819
-0.049652
0.059174
-0.092285
-0.082520
-0.086548
0.071289
-0.078979
0.084534
-0.026611
0.071960
0.099121
-0.016022
-0.035400
-0.020752
0.024338
0.061768
-0.016434
0.048798
0.039917
-0.080750
-0.063904
0.030457
0.030945
-0.073059
-0.083923
-0.016937
0.013329
0.013481
0.055328
0.043091
-0.079224
0.064392
-0.064636
0.089783
0.068237
-0.050110
0.075134
-0.034760
-0.035156
-0.008377
-0.016678
-0.077637
-0.061310
0.053345
-0.052856
-0.043610
-0.016678
-0.022400
0.080872
-0.063904
-0.050018
0.075928
0.048615
0.018784
0.010132
-0.086487
-0.003054
-0.053070
-0.072998
0.047363
0.079895
-0.059692
-0.039459
0.070618
-0.033966
-0.045715
0.066895
0.033417
-0.022614
0.058624
0.031555
-0.069397
-0.076843
-0.010178
0.049164
-0.068787
0.031677
-0.076721
-0.083374
-0.075012
0.006382
0.024261
-0.063965
-0.064148
0.072083
0.016724
0.064697
-0.030930
0.021500
-0.001332
-0.077026
0.014626
0.036133
-0.019623
0.000829
-0.046936
-0.014557
0.082581
0.088806
-0.058746
0.032959
0.035828
-0.047058
0.040741
-0.018127
-0.044891
-0.065063
-0.050110
0.044525
-0.047546
-0.015251
0.083740
-0.022797
0.067810
-0.031342
0.072144
0.017090
0.073730
0.005337
0.005146
0.062500
0.033234
0.056702
-0.019058
-0.072754
-0.074219
0.083191
0.021927
0.041534
-0.004711
0.027954
-0.036224
-0.039215
-0.067566
0.041199
0.094727
-0.090088
0.006794
-0.018967
0.033112
0.021576
-0.038635
-0.030502
-0.084167
-0.034668
-0.047455
0.010735
0.073303
0.087830
-0.046356
-0.066101
-0.079956
-0.083130
-0.039734
0.007179
-0.026306
-0.054016
-0.022522
0.006584
0.053040
-0.070190
-0.035492
0.062164
0.041016
0.082458
0.056854
0.087585
0.072327
0.047943
0.024460
0.051788
0.041199
-0.034607
0.083435
-0.072388
-0.008766
0.054260
0.048462
-0.045105
-0.048004
0.064453
-0.035400
0.057159
0.072693
0.007927
0.020828
0.073425
0.050476
-0.064941
-0.011559
-0.045593
0.030319
-0.079834
0.017670
0.070862
0.004963
0.027161
-0.067810
0.080750
0.015556
0.045868
-0.070740
0.066101
-0.012238
-0.014145
-0.083435
-0.087463
-0.073792
0.037415
-0.056305
0.044495
-0.059662
-0.065613
0.028976
0.010437
-0.032288
0.048279
0.077576
-0.089417
0.033356
-0.062347
-0.083435
0.040497
0.082214
-0.038971
0.010933
-0.051849
0.071228
-0.018478
0.015518
0.032959
-0.020126
0.024490
-0.015854
-0.077393
0.077576
0.045868
0.055115
0.015190
-0.027924
0.055664
-0.022064
-0.075195
0.075195
-0.052643
0.084351
0.084167
0.041229
0.015457
0.000550
-0.053009
-0.025558
0.030838
0.010391
-0.030212
-0.036896
-0.035370
-0.073975
0.017883
-0.063416
0.022491
0.017075
-0.039703
-0.042938
0.038513
0.016312
-0.060730
-0.062744
-0.030273
-0.034302
0.036224
0.070618
-0.023346
0.021042
0.054932
-0.039429
-0.014122
0.053131
-0.037994
0.084473
-0.063293
0.029831
-0.046661
0.053497
-0.032135
-0.065979
-0.000380
0.028046
0.060822
-0.084656
0.093262
-0.052368
0.033020
0.046753
-0.040680
0.091736
0.010712
0.044708
0.040344
-0.011826
-0.010086
-0.050293
0.010643
0.021606
0.006264
-0.046387
0.041840
0.012009
-0.008087
-0.008926
0.030655
-0.016144
0.020798
0.044952
-0.055664
-0.082397
0.053070
0.058685
0.068848
-0.020996
0.031082
-0.021179
0.045074
0.013062
-0.032257
0.071228
-0.069336
0.016357
0.058960
0.046112
0.040131
-0.038361
0.011238
-0.047485
-0.080383
0.076355
0.034271
0.078491
-0.073547
0.022659
-0.061340
-0.001446
-0.051483
-0.050995
0.044922
-0.008804
-0.063538
0.074158
0.046783
-0.070862
-0.029556
0.087646
0.065491
0.045837
0.046722
-0.083984
0.079102
0.066833
-0.053833
0.073303
0.047546
0.051636
0.044891
0.034332
-0.030090
0.036102
-0.008072
0.080078
-0.062988
-0.012695
0.067749
-0.060333
-0.015976
0.011467
-0.042114
-0.022202
0.011864
-0.003660
-0.015991
0.042419
-0.030014
0.025772
-0.008324
-0.017319
-0.083130
0.068665
0.076355
0.080505
-0.015244
0.032227
0.077026
0.009827
-0.077454
-0.078796
-0.048737
-0.067444
0.063354
0.108643
0.029770
0.025620
-0.062042
0.040924
0.067200
0.047607
-0.077026
-0.015839
-0.000798
-0.048218
-0.001578
0.019577
-0.052032
-0.067078
0.002916
0.070068
0.057007
0.051819
-0.047424
-0.085510
-0.006924
-0.042480
-0.030640
0.060669
-0.075684
-0.026596
-0.061005
0.006748
-0.000375
-0.079529
0.064697
-0.068787
0.020508
0.005787
0.085266
0.054291
0.048828
-0.004040
0.034485
-0.063293
-0.104431
0.045074
0.089661
-0.034027
0.039001
0.060730
0.061432
-0.043610
-0.010735
-0.082642
-0.014259
-0.063354
-0.062500
-0.018158
-0.028198
0.004967
-0.030548
-0.010864
-0.101440
0.054047
0.055054
-0.042786
0.042023
-0.054382
0.074341
0.067749
0.025146
0.033508
0.038391
0.015030
-0.100586
-0.040009
-0.098450
0.015289
-0.076416
0.083374
-0.013710
-0.048126
0.054443
-0.001597
0.050873
0.059723
-0.047577
0.031128
-0.041504
-0.058075
-0.080261
-0.106323
-0.041229
-0.063416
-0.053833
0.019257
-0.060669
-0.053375
0.102356
0.055939
0.000367
-0.067261
-0.009972
-0.004898
-0.013870
0.054413
-0.076843
0.056213
-0.054260
0.001933
0.042694
0.043823
0.055328
-0.031525
-0.017532
0.020844
0.052338
0.086365
-0.023926
0.050323
-0.085632
-0.037018
0.027634
-0.069946
-0.040222
-0.069214
-0.081421
0.026199
0.013008
-0.072632
-0.065674
0.005806
-0.035706
-0.002855
0.051819
-0.059082
0.064819
0.038910
-0.054077
0.073242
-0.011444
0.001669
-0.029602
-0.096619
-0.069641
0.085205
0.085327
0.021530
-0.002384
-0.025391
0.043976
-0.075806
0.031311
-0.069885
0.032166
-0.041931
-0.055634
-0.028809
0.055237
-0.063293
0.083618
0.013145
-0.043579
0.050110
-0.067627
-0.064087
-0.026871
0.042877
-0.019287
-0.019440
0.014931
-0.085205
0.059845
-0.083862
0.051270
-0.082764
-0.080566
-0.015419
0.084229
-0.072693
0.053680
-0.040344
0.088806
-0.056854
-0.053009
0.078918
0.023544
-0.021652
0.033936
-0.025528
0.042755
0.060272
-0.085754
-0.036957
-0.004250
0.060974
0.095032
0.029160
0.015015
-0.037933
0.064941
-0.027756
0.003851
-0.050934
-0.069519
0.035339
-0.069458
-0.032928
-0.080750
-0.008751
0.082825
0.009621
0.040039
0.075867
-0.034668
0.008545
-0.018173
0.055481
0.084045
0.032196
0.031036
0.029343
-0.072510
0.056580
0.005745
-0.070190
-0.065430
0.088989
-0.014374
-0.068054
0.007435
0.044067
0.047089
-0.050842
-0.006718
0.006622
-0.047882
0.024078
0.056396
0.016861
0.023514
-0.016632
-0.071289
-0.076416
0.058228
0.005428
0.050873
-0.021744
-0.049164
-0.061981
-0.070251
0.041840
-0.039429
-0.028076
-0.067017
0.074707
0.039886
0.037323
0.018921
0.021057
0.063354
0.004681
-0.039551
0.036957
0.046387
-0.000782
0.065186
0.069702
0.013504
0.031738
0.038422
-0.035492
-0.078491
0.053345
0.016693
-0.017059
0.032135
0.053101
0.017059
-0.007359
-0.033386
-0.072571
-0.052429
-0.066528
0.085266
-0.006840
0.005692
-0.026047
-0.047333
0.023590
-0.028717
0.002401
0.079651
-0.064270
-0.086975
0.043091
0.047241
-0.073730
-0.070862
-0.091125
-0.002712
-0.035370
0.004856
0.027679
0.000544
0.047485
-0.016556
-0.059082
0.010605
-0.032288
0.031647
0.030243
-0.086365
0.014145
-0.085083
0.025055
-0.006683
-0.075256
-0.044647
-0.006214
-0.074097
-0.006805
-0.100281
0.062317
0.053711
-0.076965
0.030380
0.028778
-0.065430
-0.005970
-0.058380
-0.070801
0.079956
0.066162
0.059021
0.022781
0.003613
0.041809
0.067993
0.064941
0.036224
-0.072876
0.033020
-0.020676
-0.018051
-0.087585
-0.010925
0.012787
-0.065613
-0.075500
-0.015976
-0.082153
0.032959
-0.067505
0.034882
-0.046234
-0.062561
-0.003334
0.071411
-0.055481
0.018387
0.049652
0.083374
-0.008812
-0.036041
0.029907
-0.000637
-0.086182
-0.063049
-0.099304
0.037933
0.023178
-0.018372
0.005024
0.049042
0.037109
-0.053131
0.046051
0.056885
-0.049561
-0.064148
-0.011871
-0.012535
0.011559
0.024033
0.034210
-0.029465
0.001837
0.055084
0.004780
-0.034119
-0.011597
0.048187
-0.020035
0.070740
0.010399
-0.070923
-0.052063
-0.054565
-0.031555
-0.059601
-0.067017
0.079834
0.062988
0.065186
0.078369
0.054352
0.053741
0.045685
0.031799
0.088379
0.075623
-0.001481
0.062103
0.002172
0.037415
-0.020187
0.069397
0.097900
0.074402
-0.048096
-0.011948
-0.077148
0.013168
-0.074341
0.062744
0.050781
0.088806
-0.022003
0.032867
0.072388
0.041656
-0.041931
0.042511
-0.029846
-0.023315
-0.043243
0.046234
0.019638
0.080750
0.019318
-0.075623
0.062225
0.007256
0.013718
0.048523
0.045654
-0.002226
-0.044373
0.080078
0.020645
-0.000980
0.062744
0.022217
-0.015099
-0.008354
0.089905
0.062683
0.033844
0.068481
-0.045715
-0.085144
0.024246
-0.070740
0.013237
0.022171
0.020035
0.084351
0.012794
0.045502
-0.018570
0.019470
0.031586
0.050781
0.065308
-0.000859
0.016907
0.070007
0.069885
-0.065247
0.072693
0.068359
0.036072
-0.057343
-0.047577
-0.052246
-0.080872
-0.081360
-0.006111
-0.012947
0.026855
0.050415
0.000523
-0.031372
-0.046112
0.080994
0.048401
0.001053
-0.045593
-0.047882
-0.020859
-0.034424
0.018265
0.057404
-0.045349
-0.029373
-0.039734
-0.015495
0.050964
0.010132
-0.072327
0.094238
-0.092529
-0.074280
0.007565
-0.050201
0.036407
0.034241
-0.043304
0.014183
0.043274
0.055847
0.089478
0.028580
-0.020920
0.056274
-0.007217
-0.061615
-0.045380
-0.020355
-0.021866
-0.027451
0.003147
0.008789
0.021027
0.028137
-0.009148
0.011848
0.025146
-0.045593
-0.053375
-0.064087
0.014671
0.032074
0.054413
0.075195
-0.008499
-0.006653
-0.049835
0.012520
0.021393
-0.053070
0.037872
0.065735
0.003395
0.005917
-0.003851
-0.092529
0.034424
0.055664
-0.075867
0.087646
-0.044922
-0.039917
-0.055359
0.045868
-0.066101
0.002707
-0.054443
-0.093201
-0.061096
-0.031342
0.084045
-0.022522
0.078552
0.058563
-0.021957
0.007423
0.043243
-0.010498
-0.081177
-0.049347
-0.027161
-0.051910
0.059448
-0.005455
-0.081421
-0.067505
-0.082031
0.074646
-0.029129
0.010529
0.074768
-0.037720
-0.019547
0.022858
-0.047058
0.068115
-0.052032
0.077698
-0.070129
-0.059631
0.076111
0.006565
0.074402
-0.028992
-0.062744
0.044159
0.065857
0.063721
-0.060547
0.038910
-0.008965
-0.025833
-0.095154
0.039062
-0.084045
0.041870
0.009132
-0.070190
-0.032074
-0.014290
0.059906
0.098389
0.062134
0.015823
0.029892
0.052856
0.080994
-0.020416
0.072021
-0.015594
0.005436
0.053619
-0.075134
0.037201
-0.017410
0.097595
0.045502
0.011627
-0.025024
0.001520
0.030029
0.012825
0.023087
0.005287
0.031525
-0.010818
0.084045
0.017380
-0.060913
-0.010056
0.033752
0.070984
0.032135
-0.013000
-0.027725
0.059143
-0.012665
0.054871
0.011375
-0.011063
-0.064270
0.036835
-0.055298
-0.026245
0.072144
-0.025482
0.068909
0.009094
0.026138
-0.063171
-0.049438
0.056396
-0.046173
0.083191
0.063965
0.042236
-0.050934
-0.030075
0.040588
-0.040405
-0.042267
0.069031
0.006454
-0.064209
-0.056122
0.003263
0.046265
-0.058258
-0.071167
0.084167
-0.016251
-0.007618
-0.033813
0.068542
0.008644
-0.031189
0.080078
0.050964
0.088013
-0.066406
-0.004719
-0.016388
0.049316
0.046722
0.064392
-0.035278
-0.014206
0.017075
0.053528
0.037415
0.079834
-0.040375
0.087585
-0.004116
0.014450
-0.006050
0.006763
0.076538
0.058899
-0.031097
-0.080383
0.025482
-0.025818
-0.000533
0.059265
0.028381
-0.013069
0.009209
-0.075745
0.056610
0.090942
-0.004421
-0.056610
0.004238
0.080261
-0.014366
0.078857
0.036804
-0.031952
0.033722
-0.081787
-0.066162
-0.032532
-0.000628
-0.073059
-0.024216
0.059479
0.051300
-0.027222
-0.071533
0.044830
-0.072998
-0.048370
-0.044983
0.048553
0.026230
-0.073303
-0.028091
0.084045
0.041626
-0.007889
0.082153
-0.001904
0.070801
-0.020203
-0.013550
-0.079468
0.005692
-0.047943
0.035919
-0.036469
0.015259
0.097290
0.049164
0.004326
-0.048645
0.074341
0.043579
-0.044861
0.039429
-0.031769
0.040497
-0.078613
-0.021072
-0.081848
0.073853
0.041046
-0.005154
-0.062103
0.030701
-0.025009
-0.071289
-0.076538
-0.087219
-0.007706
-0.041382
0.085632
-0.055481
0.022018
-0.082703
0.029480
-0.006554
0.026001
0.080078
-0.035706
0.030243
-0.084900
0.046051
-0.022293
0.054626
-0.065552
0.053253
-0.058472
0.059723
-0.036346
0.077820
0.075073
0.053192
-0.003012
-0.013634
0.048248
-0.069031
-0.101013
0.006519
0.019653
-0.077515
0.007153
0.050720
-0.054077
-0.059967
0.037323
0.025192
0.066162
-0.045105
0.001408
0.061340
-0.029297
0.087341
0.036499
0.093445
0.014038
-0.063354
0.021423
-0.051727
0.000149
0.052307
-0.006832
-0.007149
-0.048889
-0.007484
-0.053070
-0.019913
-0.005386
-0.077026
0.003237
-0.090637
-0.087280
-0.010735
-0.074890
0.029266
0.062988
-0.001828
0.028183
-0.000335
-0.018951
-0.017532
-0.006760
-0.000095
0.075989
-0.068909
0.001763
0.026215
0.025177
-0.068787
0.092407
0.056030
-0.011780
0.075928
-0.002287
-0.050964
-0.068359
0.019135
-0.032471
-0.074097
0.064392
0.073975
-0.072632
-0.065674
-0.034668
-0.068542
0.080688
0.093689
-0.031708
0.025070
-0.011902
-0.057526
-0.018845
-0.051453
-0.077271
-0.065308
-0.006790
-0.046692
-0.065857
0.080566
-0.024338
-0.012672
0.028214
0.009583
0.083313
0.083679
-0.038513
-0.004902
0.036774
0.040527
-0.054047
0.039612
0.033997
-0.014442
0.024200
-0.024551
-0.026062
0.061981
-0.081238
-0.075867
0.037781
0.084900
0.024994
0.054688
0.017242
0.064392
-0.046204
0.058899
-0.089111
-0.075439
0.009468
0.050262
-0.051666
-0.083801
0.010109
-0.084961
0.037354
0.073059
-0.046021
0.026230
-0.025284
0.086060
0.049377
0.010033
0.073853
0.076538
0.075500
-0.016449
0.042511
0.023087
0.064392
-0.012344
-0.056396
0.021179
-0.022537
0.072021
0.046326
-0.052307
0.077637
-0.002541
-0.057922
-0.073242
-0.024384
-0.006962
0.004520
0.063354
0.024765
-0.085571
0.049500
-0.008957
0.019836
0.086121
0.058258
0.079956
0.045959
-0.068848
0.005245
0.018066
-0.004520
0.022278
-0.039307
-0.032654
-0.078430
0.077820
0.005764
-0.017349
0.056671
0.007710
-0.031113
-0.001425
0.046753
0.095886
0.045227
-0.073181
0.055817
0.003115
0.026123
0.092957
-0.016922
0.033508
0.004105
0.041046
-0.046295
0.025711
-0.091797
-0.031403
0.038177
0.046631
-0.059021
0.001531
-0.058258
-0.039185
-0.022598
0.006302
-0.040131
-0.046143
-0.006447
-0.075623
-0.030014
-0.017273
0.061035
-0.057343
-0.015656
-0.036102
-0.079529
-0.028183
-0.057587
0.001010
-0.096130
-0.018539
-0.075317
0.017761
-0.078003
0.009872
-0.052216
-0.000479
0.090881
-0.045929
0.049774
-0.029999
0.038269
0.027206
0.070618
0.082581
-0.000759
-0.107239
0.077515
-0.083679
0.027237
-0.061829
-0.078979
-0.064026
-0.036621
0.054077
-0.001454
0.019470
0.014702
0.012085
-0.009811
0.044067
-0.036896
-0.061615
0.052795
0.007515
0.054932
0.067688
0.054443
0.063904
0.068115
0.093079
0.070740
-0.022324
-0.054565
-0.066223
0.010742
0.063660
-0.060455
0.065918
-0.010231
-0.072083
-0.037872
0.074951
-0.006264
-0.091675
0.052032
-0.010757
0.082092
0.005276
0.021439
-0.055359
0.061005
-0.025330
0.089111
0.002144
0.075745
-0.081116
-0.044525
0.052277
0.010826
-0.077515
-0.023254
-0.078979
0.038147
0.006786
-0.074219
-0.064575
-0.051880
-0.087158
-0.005901
-0.006016
0.058990
-0.003511
0.026535
-0.052429
0.010696
-0.074646
0.025604
0.010910
-0.050110
0.031174
-0.034607
0.009872
-0.015152
-0.023880
0.049469
0.114929
0.072571
0.053894
-0.061554
-0.057556
-0.084717
0.056000
0.025146
-0.080322
0.056915
-0.070679
0.048767
-0.028366
0.092651
0.043671
0.100464
0.043365
-0.097046
-0.054047
0.054443
-0.070618
-0.070557
-0.071167
-0.047607
-0.094788
-0.041626
0.044617
0.088196
0.022232
0.106873
-0.025665
-0.062988
0.055847
-0.057617
0.001028
-0.058685
-0.033875
-0.065796
0.008553
0.047821
-0.007046
0.096252
-0.032379
0.017258
-0.045105
0.003597
-0.009720
0.026306
-0.047394
0.013702
0.028290
-0.019424
0.050598
0.069336
-0.067993
-0.041290
-0.007851
0.008812
0.055237
-0.045380
0.043335
-0.015572
0.087708
0.066833
-0.009117
-0.013901
0.030060
-0.053101
-0.098572
-0.012688
0.033020
0.093506
-0.062378
-0.092896
0.053894
0.088318
-0.012886
0.057861
-0.009499
0.000996
-0.006149
-0.075500
0.068542
0.065735
0.057465
0.039520
-0.046631
-0.087769
-0.053894
-0.003801
-0.054596
0.039673
-0.053802
-0.058350
0.024445
-0.048370
-0.034576
-0.020493
0.058899
-0.080872
0.063965
0.048523
-0.031189
-0.038269
0.026794
0.078674
-0.005138
-0.004425
0.041412
-0.052155
0.034454
0.032135
-0.039124
0.031586
0.046631
0.046143
-0.014740
-0.002417
0.115112
-0.036255
-0.043365
-0.029388
-0.069397
0.069641
0.082031
0.058472
0.053680
-0.037170
0.102234
-0.012268
-0.052368
0.073853
0.056915
0.068604
0.059601
0.009209
-0.096008
0.000839
0.020706
0.034424
0.011314
-0.051910
0.102356
0.029282
-0.074951
-0.059509
0.091797
0.000780
0.108276
-0.039520
0.005634
-0.033234
-0.087524
-0.070496
-0.022766
0.006851
-0.065979
-0.004009
-0.010590
-0.063232
0.040710
0.066162
-0.086487
-0.044983
-0.055359
-0.051758
-0.089050
-0.040405
0.078918
0.061584
0.008919
-0.028656
0.031342
0.038269
-0.049988
-0.004162
0.076294
0.087219
-0.057159
-0.039764
-0.054993
0.078918
-0.060791
-0.030029
-0.038727
0.048859
0.055603
0.048218
-0.070068
0.067688
0.032288
0.053711
0.045471
0.059937
-0.057190
0.025711
0.065552
-0.033966
-0.043365
-0.059204
0.051483
0.077393
-0.078857
0.004261
0.024689
0.049408
0.033356
-0.009941
0.062683
0.018097
0.008385
0.012077
0.000818
0.059723
-0.036743
-0.011162
-0.000953
-0.069824
0.092102
0.081482
0.012924
-0.012970
-0.030136
-0.063599
0.013626
-0.063599
-0.079102
-0.063843
0.085083
0.034119
-0.061066
0.052643
-0.069092
-0.026031
-0.031021
0.028030
-0.046448
0.005604
-0.009438
-0.006931
0.050171
-0.012329
0.039856
-0.062744
0.002129
-0.060822
0.080261
0.000986
-0.082336
0.050110
0.022141
0.021072
0.021576
-0.062286
0.052856
0.018265
0.035034
0.001405
0.072205
-0.028946
0.002689
-0.028305
-0.059967
-0.028610
-0.003613
-0.070496
-0.036102
0.071594
-0.069031
-0.060638
0.082214
0.055695
-0.054535
0.012207
-0.074707
0.061249
0.061127
0.017059
-0.064331
0.076355
0.038269
-0.031097
-0.075256
-0.020615
-0.046143
0.080017
0.005817
0.060669
0.084839
-0.076233
0.055359
0.079102
-0.074524
0.065369
0.036499
-0.013420
-0.028900
-0.042389
0.009918
0.060272
0.056915
0.057037
-0.036957
0.040833
0.032532
0.044739
-0.052734
-0.092529
-0.075562
0.011894
-0.013878
-0.068726
0.081238
-0.035583
-0.016159
0.045319
-0.007523
-0.013092
-0.059967
-0.004166
-0.076660
0.060120
-0.036072
0.019928
0.080383
0.030975
0.030807
-0.042969
0.017487
-0.024643
0.077881
0.011345
0.029343
-0.073364
-0.093872
0.038116
-0.032928
0.003687
-0.021667
-0.095703
0.049500
0.058441
0.029312
0.031143
-0.084229
0.051819
-0.056641
-0.038361
-0.056427
0.061127
0.028061
0.093445
-0.007309
0.052765
-0.000383
-0.074158
-0.008270
0.016724
0.047577
-0.067932
-0.056366
0.080322
0.035828
0.031525
-0.041718
0.015076
0.042999
-0.008781
0.050537
0.046997
-0.030151
0.034363
-0.010773
0.034332
0.038513
-0.070435
0.089783
-0.081848
0.093262
0.040192
0.012024
0.008888
-0.020370
-0.003704
-0.006165
0.066833
-0.016251
-0.070251
0.074585
0.029831
-0.003294
-0.085083
-0.037445
-0.087219
-0.011047
-0.054382
-0.031189
0.037354
0.071655
-0.008179
0.072510
-0.095947
0.027435
-0.076965
-0.065857
-0.071167
0.031921
-0.048553
-0.034454
0.079407
-0.041962
-0.056030
-0.037292
0.049286
-0.033752
0.085510
0.020950
0.080688
0.066589
-0.024521
0.028732
-0.005478
-0.091003
-0.027771
-0.022736
0.053650
0.026749
-0.070068
0.031860
0.044342
-0.067261
-0.009346
0.000591
0.081055
-0.058228
-0.011696
-0.030151
0.087341
0.055115
-0.001559
0.039429
0.055908
0.021057
-0.061005
-0.084106
-0.068909
-0.052887
-0.011719
-0.019333
0.034454
0.076843
-0.014114
-0.056152
-0.006523
0.074097
-0.000487
-0.048431
-0.052460
-0.042664
-0.008064
0.063965
0.001780
0.064636
0.010208
-0.058960
-0.028244
0.043365
-0.006947
0.072754
-0.093628
0.041534
0.001691
-0.046814
-0.015686
-0.056976
-0.005394
0.038330
0.050934
0.079468
0.014656
-0.079895
0.056702
0.045319
-0.002256
0.049683
-0.040863
0.055573
-0.090088
0.015778
-0.014946
0.040833
-0.056244
-0.060272
-0.010231
-0.012962
-0.015099
0.071716
-0.070496
-0.061401
-0.015549
0.030350
-0.066833
0.082825
0.090820
0.027206
0.013306
-0.096497
0.061096
0.039978
0.062622
0.074890
0.081604
-0.065674
-0.016724
-0.050903
0.079346
-0.059357
-0.054901
0.085815
0.081787
-0.077454
0.010498
0.048798
-0.059052
0.015717
0.010635
0.038422
-0.022903
0.036652
0.051270
-0.085449
-0.028503
0.072449
0.037689
0.014427
-0.053131
0.069214
0.019547
-0.087402
-0.047150
-0.028809
-0.040314
0.052856
-0.074524
0.019211
-0.078064
0.006027
0.060699
0.012482
-0.072876
-0.069092
0.048676
0.034637
0.005890
-0.089905
-0.009636
-0.087585
-0.047546
0.025452
0.023788
-0.026932
-0.039246
-0.069458
0.004566
0.034058
0.038452
-0.015213
0.055450
-0.073425
0.054871
-0.004070
0.046265
-0.010788
-0.058197
-0.058197
-0.008118
0.080933
-0.015602
-0.064636
-0.006325
-0.014046
-0.051636
-0.021896
0.082947
0.084045
0.010696
0.040375
0.036682
-0.048431
0.066528
0.067993
0.057190
0.035767
0.050354
0.012543
-0.036011
-0.003050
-0.059723
0.058746
0.035004
-0.042450
0.013847
-0.020432
-0.034119
-0.070801
0.042206
-0.060547
0.032257
-0.059204
0.062347
0.003794
-0.058716
0.055206
-0.066650
-0.037842
-0.000935
-0.069092
-0.071167
0.068542
0.096802
-0.050690
-0.001427
0.000535
-0.042969
0.025925
-0.087036
-0.004299
0.009499
-0.039459
0.059601
0.028870
-0.039825
-0.081665
0.007118
0.051666
-0.009537
0.039978
0.086975
0.031860
-0.068787
0.088806
-0.018417
0.002981
-0.068481
-0.093689
-0.049408
0.058777
0.052673
0.050507
-0.018799
0.073975
0.036530
-0.028656
0.051056
-0.090088
-0.023697
0.004684
-0.089600
0.003187
0.015465
0.014107
-0.024597
-0.011497
-0.016083
-0.038727
-0.023926
0.069214
-0.033722
0.059235
-0.016815
0.029266
-0.049164
0.065369
0.035065
0.045074
0.007080
0.003864
-0.006260
-0.037842
0.078308
0.001433
-0.032593
-0.012276
-0.039886
0.038239
-0.001980
0.080139
-0.000019
-0.011009
-0.008308
0.080750
-0.037292
-0.049957
-0.005474
0.076843
0.008278
0.089600
0.001616
-0.041595
-0.049866
-0.014236
0.033539
0.057617
-0.053650
0.094238
-0.006866
-0.076904
0.039215
0.057617
0.029663
0.068359
0.033173
-0.038300
0.046051
-0.011559
0.068970
-0.026962
-0.029037
-0.085205
-0.067383
-0.084839
-0.057556
0.008438
0.059204
-0.010826
-0.022034
0.020691
0.025177
0.002562
-0.030975
0.003780
0.031677
-0.005501
-0.034821
0.062469
0.043213
0.053802
0.007450
-0.030945
-0.021301
-0.044800
-0.026398
0.086914
0.075684
-0.035828
0.003172
0.072815
0.075012
-0.047150
0.065247
-0.069702
0.018402
-0.027924
0.031525
-0.011177
0.049255
-0.064331
0.011063
-0.028534
-0.009003
-0.050110
0.082642
-0.005539
-0.044678
-0.062042
-0.016174
-0.025787
0.089661
-0.022171
0.004578
0.067932
0.079834
-0.015854
0.004395
-0.035706
0.050934
0.003380
-0.002438
0.047424
0.029648
0.076172
0.047119
0.062927
0.019913
-0.048218
-0.003553
-0.023346
0.040863
-0.042816
-0.041870
0.070190
0.087524
-0.067078
0.013443
-0.030151
-0.034546
0.085022
-0.001634
0.005165
0.084167
-0.061340
0.082397
0.042603
0.068481
-0.055115
0.006542
0.035553
0.017395
-0.008316
-0.030182
0.041626
0.027054
0.066101
-0.060638
0.030060
-0.045105
-0.084961
0.045258
-0.003262
0.042755
0.007420
-0.013016
0.001893
0.085083
-0.046661
0.000444
0.080688
0.050476
0.080383
0.026550
0.044708
0.045013
0.080017
-0.006954
-0.032196
-0.035095
0.037994
-0.002851
0.040253
0.028305
0.034882
-0.081299
0.061462
-0.036377
-0.070374
0.017029
-0.042816
-0.009445
0.082092
0.075012
0.055939
0.000152
-0.029007
0.064514
-0.007187
0.005928
-0.067932
0.039642
0.088623
-0.087280
0.009384
-0.020218
0.008202
-0.059326
-0.058563
-0.066772
-0.013687
0.090149
-0.095703
-0.024979
-0.000732
0.056885
0.025543
0.078247
-0.041229
-0.044189
-0.041565
0.028503
0.060547
0.058502
-0.041321
-0.034271
0.028610
-0.067505
-0.074341
0.048706
0.000583
0.010757
-0.055084
-0.060425
0.026367
0.074585
-0.036743
-0.018112
-0.021896
0.041748
-0.022949
0.005474
0.069275
-0.088440
0.052979
0.058594
0.083618
-0.020264
-0.072693
0.051636
-0.066406
0.007053
-0.064941
-0.010597
0.012581
0.035095
0.057892
0.002535
-0.016525
-0.035889
-0.038208
-0.037628
0.002748
0.080627
0.007401
0.091187
-0.051666
-0.028015
0.019638
0.014236
-0.022858
0.080505
0.021027
0.050629
-0.045288
-0.067505
0.022888
-0.000754
0.015869
-0.050049
0.046326
-0.047211
0.041931
-0.030304
0.059845
0.020065
0.086426
0.049469
0.062622
0.068054
-0.038055
0.026993
-0.019379
-0.023026
0.028412
0.068359
-0.027573
0.036377
0.056702
0.083679
0.016342
0.021698
0.050476
-0.055481
0.079773
0.030472
0.060944
-0.064697
0.042938
-0.043030
-0.050659
-0.049438
-0.006969
0.061127
-0.018570
-0.074951
0.017609
-0.001150
-0.087158
-0.060242
0.053497
-0.000371
0.076233
-0.034760
0.075012
0.042419
-0.025421
0.062164
0.075806
0.015244
-0.080200
-0.077820
-0.003761
-0.017242
0.048187
-0.031067
0.014046
-0.042023
0.015175
0.073120
-0.070435
-0.053619
0.072327
0.054565
-0.036407
-0.028641
0.054504
-0.030350
-0.029037
0.028793
0.025955
0.010323
-0.037781
-0.049744
0.081665
-0.039276
0.015030
-0.040955
-0.024841
0.033997
-0.034943
0.093567
-0.016464
-0.073975
-0.059021
-0.049347
-0.044464
-0.075073
-0.023071
0.065857
-0.062744
-0.070984
-0.048706
0.083130
0.078613
0.016418
-0.059418
0.078369
0.014603
0.026825
0.001444
-0.013023
-0.055237
0.091431
0.018005
0.024048
0.083862
-0.026321
-0.054718
-0.079346
-0.080627
0.021286
0.028076
-0.046600
-0.060791
-0.082153
-0.046967
0.046143
-0.042206
-0.071350
-0.031281
0.022202
-0.014359
-0.074829
0.021042
0.044464
-0.035156
-0.061432
-0.003429
0.020142
0.027405
0.030380
0.053284
-0.072449
0.044678
-0.060730
0.035706
0.073059
0.010315
-0.035522
0.069031
0.080994
0.047058
-0.021027
-0.000079
0.012840
-0.061829
0.048706
0.032104
0.054596
0.074463
0.029648
-0.027420
0.058411
-0.026779
0.095764
-0.029770
0.069275
-0.033173
-0.070618
0.017242
0.049133
-0.039764
0.018784
-0.004223
0.074768
-0.007427
-0.032104
0.009132
-0.004078
-0.006596
-0.019272
-0.015587
-0.051941
0.013329
-0.070618
0.028427
0.088806
0.070190
-0.052551
0.013702
-0.009529
0.049988
0.001631
0.021912
-0.075806
-0.064270
0.055908
0.063965
-0.048462
-0.062561
0.051636
0.081604
-0.054596
0.090576
-0.019943
-0.000499
-0.079224
-0.029373
-0.014473
-0.056641
0.046844
-0.033783
-0.082886
-0.018784
-0.074219
0.055115
0.001870
0.059570
-0.015068
-0.053741
-0.054016
-0.060303
0.050232
-0.057678
-0.068481
0.093750
-0.048920
0.095337
-0.006554
-0.097107
0.007179
0.033569
-0.096680
-0.047791
-0.072510
0.007717
0.079956
-0.053650
-0.085876
-0.009697
-0.033173
0.035217
-0.058411
0.019516
-0.015289
-0.043915
0.023926
0.070190
-0.046997
-0.038025
0.035217
0.058228
-0.067261
-0.043884
-0.060394
-0.030167
-0.069946
-0.044098
0.091919
-0.012611
0.006565
0.080750
0.021057
0.090637
-0.024475
0.020645
-0.017654
-0.053619
-0.011360
0.025116
0.064758
-0.037781
-0.007767
-0.053558
-0.076172
0.072937
-0.076843
0.049622
-0.077576
0.012489
-0.016342
-0.017670
0.027435
-0.068848
0.018127
-0.020004
0.012741
-0.030472
-0.052216
0.082886
0.079102
0.001707
0.075317
0.084778
0.041931
-0.083313
-0.002468
-0.016754
-0.047302
-0.021835
-0.075745
0.036316
0.047516
-0.054047
-0.082886
-0.068115
-0.066528
0.010925
0.074341
0.022308
0.010788
0.068115
0.060394
-0.030350
-0.070496
0.084351
0.028091
-0.042938
-0.011719
-0.059448
-0.043274
0.052856
-0.012993
0.007000
0.001139
0.023376
-0.049103
-0.033508
0.031891
-0.057190
0.024841
0.091492
0.015106
-0.028595
0.058502
0.031982
-0.012238
0.053955
0.077698
0.082764
-0.017792
0.029480
-0.039429
0.001751
-0.033875
-0.040924
0.072083
0.034515
-0.044525
-0.034912
-0.012428
-0.037842
-0.046021
-0.011398
0.088623
-0.057159
-0.043365
0.074951
-0.008133
-0.064941
0.034515
-0.011269
-0.019943
-0.018372
0.050568
0.074768
0.066040
0.085632
0.038300
0.003468
-0.057617
0.073364
0.051941
0.016876
-0.055115
-0.003948
-0.027267
0.072021
-0.058777
0.031799
0.035339
0.008339
-0.079163
-0.018219
0.069153
0.082275
-0.056824
-0.015778
-0.008430
0.002884
0.087219
0.021927
-0.036621
0.032013
-0.047821
-0.027847
-0.006523
0.073975
0.000979
-0.007244
-0.009453
0.098328
0.037018
0.003828
-0.075745
0.022842
-0.039948
0.085571
0.007896
0.016312
-0.049255
-0.006443
0.012642
-0.003069
0.018127
0.009758
0.031250
-0.009995
0.037933
0.067749
0.008987
0.011505
-0.067932
0.007282
0.004467
-0.079590
-0.010979
0.017075
0.060425
-0.059082
0.050964
0.074463
0.036987
-0.078857
-0.076111
0.054565
0.018280
-0.062164
0.052917
-0.076416
0.066895
-0.052887
0.039886
-0.056396
0.059509
-0.064514
0.014549
0.039490
0.078064
0.021927
-0.064392
-0.089722
0.050598
-0.051392
0.084229
-0.000284
0.006466
-0.010750
-0.050690
0.050873
0.067566
-0.053711
0.008553
0.053894
0.063965
-0.019394
-0.024139
0.033447
-0.066956
0.056061
0.074585
0.049286
0.064026
-0.064270
0.011955
-0.051575
-0.075134
0.039856
0.030090
0.045959
-0.078491
-0.031677
-0.079102
0.031433
-0.004993
0.066284
-0.032684
-0.066040
0.045807
0.038849
-0.086365
-0.018372
0.048309
0.030838
-0.024750
-0.070679
0.060638
0.071960
0.008415
0.095093
-0.062378
0.077454
-0.046051
0.062561
0.054352
-0.022598
0.015564
0.047241
0.048065
-0.055145
0.026443
0.034515
0.056366
0.055725
-0.085388
0.074036
0.061462
-0.051270
0.052521
0.068970
0.002890
-0.060852
0.007595
0.044708
0.006134
-0.050812
0.054138
-0.078796
0.025375
0.016754
-0.022369
-0.016663
-0.054626
0.068787
-0.046967
-0.061371
0.007099
-0.026352
-0.069336
-0.080811
-0.083374
-0.027100
0.048004
0.034607
-0.057251
0.071350
-0.055908
-0.013252
0.012047
-0.022369
0.002283
0.034302
-0.035431
-0.056824
-0.040344
0.011169
0.097046
0.068176
-0.024979
-0.047150
0.055939
-0.016251
0.029984
0.015366
0.050232
-0.075745
0.075195
0.009956
0.018967
0.030167
0.041809
-0.055267
0.091064
0.095825
0.018890
-0.060883
-0.001089
-0.003422
0.010071
0.052124
-0.092285
0.053894
-0.042419
-0.046021
-0.000126
-0.011452
-0.054749
0.010414
0.058960
-0.055237
0.025757
0.023788
0.039642
0.068970
0.023254
-0.053406
0.067444
-0.020538
-0.091064
-0.060272
-0.056152
-0.088562
0.044037
-0.057098
0.041901
-0.052155
-0.035980
-0.080383
-0.045807
-0.020416
0.029770
0.041168
0.048859
-0.011459
0.029572
-0.092468
0.010857
0.046906
-0.014000
-0.098145
-0.083069
-0.007919
0.066162
0.046143
-0.008560
0.025421
0.068542
-0.083862
0.043732
0.022522
-0.076111
0.017715
-0.014977
-0.009239
0.044495
-0.020340
-0.018066
-0.016159
-0.003532
0.061493
0.060974
-0.028290
0.013161
-0.057343
-0.000682
0.044159
-0.063354
0.075134
0.015793
-0.075317
-0.008545
0.016251
0.071289
0.023895
-0.060547
-0.005779
-0.063354
0.012619
-0.027618
0.062683
-0.034546
0.057739
-0.008934
0.057648
-0.058716
-0.023132
-0.018539
0.043976
-0.005260
-0.078430
-0.004417
0.007858
-0.009552
0.083679
0.006199
-0.000762
0.029724
0.081970
-0.012688
-0.072449
-0.005295
-0.036957
-0.002598
0.065125
-0.067261
0.030441
0.085510
0.031708
0.065063
0.002579
-0.001030
-0.056580
-0.075195
-0.063110
0.054718
0.079346
0.042328
-0.069153
0.051147
0.031281
-0.094788
-0.067505
0.061737
0.002884
-0.066956
0.004925
0.075806
0.043304
-0.061554
0.009048
0.040222
0.018646
0.025024
0.011665
0.071045
0.040924
-0.076111
-0.057007
-0.062286
0.061554
0.082520
0.071594
0.026443
0.072998
0.046173
-0.078369
-0.029892
0.005207
0.016174
-0.041168
0.025818
0.079590
-0.019043
-0.017990
-0.068909
0.007790
-0.012932
0.034607
-0.040802
-0.008492
-0.093018
-0.066833
0.043823
-0.014198
-0.004025
0.019806
-0.002531
-0.073669
0.059418
-0.073730
-0.017471
0.092224
0.030624
-0.064514
0.036194
0.036682
0.074219
-0.049438
0.041168
-0.050995
0.069641
-0.030045
0.072266
-0.088196
-0.050171
0.073425
-0.036163
0.070801
-0.049896
0.012337
-0.080383
0.005367
0.065979
-0.026947
0.015358
0.009361
0.057007
-0.065430
0.043854
-0.045563
0.043488
-0.087463
0.006756
0.004211
-0.013550
-0.007412
-0.064148
-0.015732
0.026993
0.075867
0.045563
-0.083618
0.083435
-0.045715
-0.050354
-0.020020
-0.046906
-0.033417
0.009872
-0.039459
-0.069275
0.033966
-0.031311
0.012680
0.036346
-0.063293
0.087952
0.057129
0.023300
-0.025040
-0.019501
0.021332
0.013138
0.022537
-0.064331
0.065735
-0.039337
-0.015457
-0.058685
0.006439
0.028381
-0.075623
0.041504
-0.005486
0.044739
0.061981
-0.046051
0.050629
0.070312
0.075562
-0.009056
0.072021
0.077759
-0.058868
0.066284
-0.076355
0.068848
-0.062225
0.006565
0.066589
-0.033051
0.031342
0.087524
-0.084229
0.058533
0.016235
-0.042236
0.056946
0.049591
0.090637
0.060974
-0.094238
-0.056427
-0.013351
0.038971
-0.045715
0.007599
0.029846
0.084839
0.077026
-0.001003
-0.024887
0.080078
0.066162
-0.020554
0.063599
0.071777
-0.089050
0.044006
0.042542
0.024139
0.022842
0.005646
-0.079529
-0.042480
-0.051636
-0.033234
-0.009911
0.088562
-0.076294
0.102295
0.004623
-0.059906
-0.008766
0.064026
-0.008484
0.009941
-0.084717
0.025848
0.054871
-0.011238
0.065491
0.040833
0.060181
-0.037079
0.081421
0.023743
-0.079773
0.078796
0.002069
0.051392
-0.001541
0.046783
-0.058289
0.000608
-0.067139
-0.084290
0.013832
0.075684
0.010971
0.068604
0.047180
-0.027695
0.043427
-0.012779
-0.064636
-0.009933
0.001469
-0.043793
-0.049408
0.005028
0.014824
-0.068665
0.006813
-0.052429
-0.085022
0.028488
-0.072510
-0.001611
0.018875
0.025223
0.018982
0.035431
-0.080383
-0.069519
-0.048584
-0.010361
0.015602
0.060272
-0.001612
-0.032471
0.013687
0.045929
-0.003166
-0.010513
0.041077
-0.062683
0.052246
0.020508
0.080688
-0.082947
0.073486
0.069763
-0.088928
-0.006752
0.062988
-0.034821
0.054810
-0.079407
0.021790
0.005089
0.071289
0.033386
-0.082092
0.081543
0.065613
0.019653
-0.079224
-0.014137
-0.026962
-0.040375
-0.064575
-0.077026
0.085815
0.032532
-0.031219
-0.002287
-0.026688
0.039001
0.030991
-0.000141
0.078979
0.006531
0.087952
-0.013435
-0.065552
-0.029541
-0.010521
-0.027237
0.013443
-0.070862
-0.083374
-0.055847
-0.013031
-0.027710
-0.003910
-0.049255
0.048065
-0.038361
0.048492
-0.081726
0.071472
-0.036194
0.058594
0.015488
-0.011894
0.074158
-0.015869
0.084900
0.019928
-0.067261
0.018295
0.015823
0.003075
0.007450
0.028900
0.019577
0.053558
-0.042145
0.052277
0.005119
-0.055542
0.003017
-0.038940
-0.070618
-0.024139
0.048645
-0.065491
0.084900
0.060791
-0.058411
-0.002981
0.045013
-0.015068
0.055328
-0.018509
-0.077759
0.081055
-0.025406
0.042450
-0.035614
0.016754
0.019852
0.021851
-0.027145
-0.030365
-0.084167
-0.022278
-0.074280
0.003832
-0.012184
0.052734
0.085999
-0.016586
-0.087036
-0.032013
-0.011063
0.046143
0.046844
0.034760
-0.025696
0.048279
-0.015190
-0.070435
-0.060364
0.039490
0.006184
-0.030243
0.055084
-0.036194
-0.071228
0.007137
-0.002041
-0.007965
0.044128
-0.055725
0.066406
-0.044556
0.061890
-0.035004
-0.010750
-0.067261
0.040955
-0.078613
0.056244
-0.036346
0.098145
0.043610
0.099365
0.065674
0.044312
0.071045
0.050018
0.030075
0.013206
-0.043793
-0.009460
0.058411
-0.000244
0.011444
-0.000301
-0.065063
0.082397
-0.039825
0.068909
-0.004791
0.004822
0.045563
-0.003017
0.058960
-0.054169
0.009972
-0.078491
0.038452
0.002913
-0.021591
-0.015472
0.026642
0.048309
0.024048
-0.027771
-0.000116
-0.056244
0.021011
-0.067505
-0.037994
0.034668
0.067749
-0.024292
0.038635
-0.089783
-0.046234
-0.005402
0.077515
-0.028381
-0.064941
-0.048462
0.092224
0.050812
0.082581
-0.092651
0.038422
0.046814
-0.038269
-0.001042
-0.076843
0.007858
0.052551
0.080017
0.037048
-0.005402
-0.034821
0.022690
-0.043213
-0.046631
-0.085144
0.055634
-0.081482
-0.046173
-0.013527
-0.070618
0.077332
0.048950
0.052887
0.024490
0.091309
-0.035950
0.042938
0.016388
0.056244
-0.007114
0.014420
0.029953
0.049469
-0.017181
-0.036987
0.057007
-0.065308
0.079895
0.047577
0.006340
-0.044922
-0.029053
-0.035583
0.071167
0.017853
0.024994
0.054840
0.093201
0.074524
-0.002811
0.047028
-0.001934
0.006638
0.094971
-0.060059
0.055847
0.010582
0.079773
0.014626
0.087891
-0.007198
-0.007347
-0.076050
-0.045410
-0.035614
-0.025803
0.047882
0.062225
0.057007
-0.041290
-0.045837
0.037689
-0.061066
0.039948
0.027298
-0.073914
-0.057922
-0.018356
0.048859
0.099609
0.013390
0.056793
0.063416
0.049500
0.032959
-0.093933
-0.048828
-0.090088
-0.031677
0.089722
-0.043121
0.016891
-0.075745
0.062744
0.070496
0.067078
0.056366
-0.068848
-0.052917
0.036102
-0.009697
0.003487
-0.041962
0.071350
-0.075134
0.001606
0.005917
-0.058777
-0.058716
-0.097656
0.017075
-0.053619
-0.046234
-0.043396
0.083862
-0.004276
0.044098
-0.023331
0.021423
-0.039551
-0.105530
0.036591
-0.019897
0.015732
0.058319
0.083557
-0.079712
0.084900
-0.063904
-0.075806
0.030350
-0.008911
0.035431
0.019333
-0.066223
0.024261
-0.012009
0.096924
-0.005287
0.081482
0.060852
0.034180
0.006817
-0.034607
0.015427
0.078003
0.028244
0.048492
0.000128
-0.021667
-0.076355
0.042877
0.081604
0.000208
0.007595
-0.083740
0.021835
-0.041290
-0.059113
-0.053436
0.013908
0.028946
-0.056641
0.027832
0.028549
-0.002121
-0.081604
-0.079895
-0.018280
-0.072083
0.011749
0.094604
-0.061890
0.033600
0.013016
-0.007572
0.076172
0.006981
0.000275
-0.070190
0.028168
-0.020035
-0.041046
0.076904
0.037628
-0.069946
-0.017242
0.048553
-0.022202
-0.092163
-0.057220
0.084229
-0.049805
-0.086304
-0.067261
0.035217
0.004154
0.038116
-0.027374
-0.067200
0.032043
0.043945
0.009926
0.048096
-0.001522
0.031403
-0.081421
-0.069397
0.013191
-0.054077
-0.032562
-0.059387
0.043335
0.076843
0.105347
0.022903
0.031586
-0.078552
0.076721
0.009972
0.063843
-0.044495
0.035522
0.028992
-0.100037
-0.002016
-0.071594
0.002796
0.072083
0.088867
0.041321
0.085876
0.068787
-0.076782
0.042725
-0.013176
-0.088440
-0.038818
-0.072388
0.091003
-0.044342
0.017136
0.086670
0.015297
-0.082214
-0.048737
0.064697
-0.011597
0.055908
-0.068970
0.035614
0.079956
-0.057587
0.051666
-0.036743
-0.019012
0.062103
-0.033478
-0.076172
0.062134
-0.048706
0.022049
0.075500
-0.061249
0.037964
0.037415
0.010017
-0.096130
-0.016022
-0.060760
0.021347
0.020554
-0.032471
-0.030594
0.005180
-0.014519
0.080627
0.025330
-0.071533
-0.048615
0.036713
0.003132
0.044006
0.089233
-0.067322
-0.090210
0.067749
0.059570
0.071106
0.078918
0.057892
0.021790
0.050964
0.015411
-0.036957
0.047150
-0.054871
0.044312
0.008400
0.015884
0.044495
0.001146
0.043854
-0.063782
0.059113
0.039856
0.011124
-0.004997
-0.025620
-0.015572
0.005238
-0.019852
0.004086
0.074646
0.064270
-0.018494
0.069214
-0.045532
-0.037750
-0.039062
-0.064514
0.004185
0.039429
0.027969
-0.034943
0.067200
-0.052521
0.068848
0.067993
0.083984
0.071289
0.031113
0.022659
-0.064758
0.003628
0.066162
-0.037445
0.035797
-0.060120
0.007156
-0.000426
-0.043488
-0.010071
0.089355
-0.067627
-0.000471
0.026947
-0.070312
-0.033539
0.070618
0.062622
0.086792
-0.048920
0.052734
0.068970
-0.015472
0.037140
0.061554
-0.004395
0.003456
-0.005665
0.073059
0.020157
0.050720
0.086426
0.038727
0.052704
0.070068
0.037445
0.007286
-0.062500
0.026184
0.003464
0.007324
-0.020615
0.067688
0.044708
-0.067444
0.039886
-0.052795
-0.029739
0.005711
-0.054749
-0.097290
-0.005634
0.017914
0.013115
-0.085144
0.069092
-0.003716
-0.029282
-0.066711
0.024200
0.074402
0.056061
-0.060272
-0.062195
0.095764
-0.015480
0.075928
-0.044891
-0.019150
0.061615
-0.021713
-0.073792
0.067322
0.027664
0.050964
-0.076660
0.077026
-0.017899
-0.060516
-0.041504
-0.028275
-0.063293
0.078491
-0.057495
0.051147
0.091675
-0.041046
0.037384
-0.010231
-0.033997
0.079407
0.051636
0.069397
-0.036255
0.033081
0.007149
0.027176
-0.033325
-0.032745
-0.043335
-0.065979
0.070679
0.068420
0.064575
0.033508
0.024170
-0.048187
-0.022980
-0.038086
-0.018951
0.001074
-0.039612
-0.033966
0.041565
-0.038330
0.059479
0.022964
0.016678
-0.022430
-0.002121
0.042694
-0.074280
-0.071594
0.081116
-0.010048
-0.090088
-0.064636
0.013168
0.051361
-0.059723
0.051727
-0.030884
-0.073242
0.091675
-0.036865
-0.008598
-0.074768
-0.039795
0.024048
0.019363
-0.077148
0.076233
0.083862
0.009598
0.023911
0.039154
-0.036987
-0.021515
-0.052979
-0.064941
-0.076172
0.029663
0.004807
-0.016190
-0.002514
0.066528
-0.070129
-0.006577
0.051483
0.043274
-0.076721
0.004066
-0.008591
-0.070862
-0.018433
-0.047546
-0.092041
-0.031525
-0.000134
-0.013130
-0.029129
-0.009010
-0.068237
0.011986
0.098206
-0.014038
-0.005688
-0.071960
0.029953
-0.061493
-0.026993
-0.054291
0.025253
0.055969
0.071655
-0.062866
-0.081665
0.044891
0.030746
-0.014381
-0.033478
-0.042145
0.085999
0.065857
-0.037201
-0.018127
0.005264
0.011230
0.018295
-0.069336
0.086426
0.039276
0.034424
-0.005833
0.003960
0.012047
-0.048615
0.017456
-0.044922
0.071655
0.039612
0.011803
-0.082397
-0.034027
-0.018677
-0.086426
-0.072021
-0.037292
-0.039673
-0.066650
0.040771
0.080811
-0.011932
-0.031952
-0.073364
-0.056244
0.009384
0.029083
0.011261
-0.061798
0.022888
-0.043701
-0.036987
0.012207
0.032959
-0.066895
-0.076843
-0.021225
0.039703
-0.019119
-0.022232
-0.040741
0.040680
0.081421
-0.086670
-0.011658
0.007336
-0.071167
-0.018417
0.030289
0.084473
-0.010353
0.084595
-0.051025
-0.080017
-0.053589
-0.042175
0.006226
0.025833
0.061401
0.020203
0.029205
-0.024536
-0.058990
-0.083923
-0.032166
0.041168
0.036285
0.061188
0.001822
0.067383
0.009903
0.048035
0.074768
0.004589
0.061157
0.018372
-0.022354
0.016052
-0.001492
0.052185
0.022003
0.007683
0.047943
0.079834
-0.042938
-0.057892
-0.037140
0.088745
-0.078369
0.038269
-0.077820
-0.037384
-0.048767
0.036438
-0.029327
0.022919
-0.052765
0.048645
0.058502
0.006901
-0.059540
-0.025452
-0.051117
-0.006378
0.052032
-0.039520
-0.018997
0.068542
-0.083130
-0.046844
-0.059082
0.075195
0.013351
-0.060333
-0.056824
-0.076599
-0.066406
0.080017
0.054993
0.042816
-0.029541
-0.081665
-0.028458
0.025650
0.077820
0.056213
-0.071228
-0.077332
0.004539
0.009453
0.021255
-0.062866
-0.014534
-0.059967
0.028992
0.074219
-0.067566
-0.063293
-0.001223
-0.002562
0.044769
0.048004
0.016022
-0.032135
0.035492
0.070374
0.028046
-0.021133
-0.075195
-0.053192
-0.072754
0.052734
-0.034790
-0.014847
-0.022156
-0.018631
-0.065063
0.027664
0.034546
-0.030167
0.021698
0.039429
-0.010071
0.068054
0.037994
-0.059692
-0.081421
0.089050
-0.088745
-0.043213
-0.080994
-0.063049
0.084351
-0.003122
-0.078308
-0.081116
-0.026230
-0.086060
-0.077576
-0.020920
-0.028564
-0.005978
0.092163
0.022644
0.054901
0.050293
-0.043640
0.085754
-0.049561
-0.011589
-0.024506
-0.062408
-0.007702
-0.026321
-0.019653
0.040405
0.086487
0.047363
0.016220
0.035217
0.079651
0.044434
-0.010918
0.081970
-0.012558
0.010162
0.090881
-0.047424
-0.009453
-0.068298
-0.090088
-0.045258
-0.063354
-0.086609
-0.066284
-0.038818
-0.067444
0.009277
-0.058228
-0.072083
0.079468
-0.032654
0.092346
0.066650
0.092163
0.067444
-0.038269
0.035187
0.091736
-0.041016
0.007103
-0.026779
-0.009178
-0.046021
0.007671
-0.009094
-0.029251
0.009972
-0.040527
0.029816
0.069275
-0.044342
0.077759
-0.013496
0.083435
-0.015732
-0.027420
0.055176
0.051575
0.005463
0.032532
-0.002312
0.040436
0.021179
0.027054
0.019165
-0.048218
-0.040253
0.048584
-0.025864
0.064819
-0.024307
0.050751
0.010773
0.074585
0.052673
-0.076233
-0.079041
0.030212
-0.047302
-0.043213
0.035187
0.022263
-0.047272
0.014687
-0.091003
-0.094421
-0.062683
-0.073364
0.066223
-0.072266
0.051605
0.062744
0.057220
0.076782
-0.050964
0.089294
-0.002075
-0.043182
0.011505
0.013496
0.037964
-0.049225
0.074768
0.071655
-0.032013
-0.070984
-0.022141
-0.076660
-0.036163
0.079529
0.044128
-0.065430
0.058716
0.072876
0.021515
0.010155
0.044067
0.075378
0.060699
-0.012894
0.021881
0.062103
0.015480
-0.038788
-0.052460
0.076843
-0.091125
0.008606
0.083862
-0.029633
-0.013451
-0.077393
-0.010353
0.000629
-0.083801
-0.074707
0.077881
-0.021698
-0.004272
-0.031143
0.012207
0.027496
-0.026627
0.076782
0.017822
0.051422
0.019043
0.041260
0.060822
-0.072388
0.040894
0.062042
0.065063
0.013870
-0.043182
0.030350
0.007843
0.024521
-0.002047
-0.055267
0.061462
-0.095154
-0.057007
-0.045258
0.079041
-0.041504
-0.009590
0.075989
-0.045135
-0.086548
0.086487
-0.070923
-0.082947
0.069641
-0.061554
-0.075500
0.000688
0.038727
0.084656
-0.069031
-0.055450
-0.047729
0.077087
0.042084
0.015762
0.025284
0.067139
-0.036957
-0.078247
-0.007084
-0.084839
0.026794
0.070801
-0.033508
-0.071960
0.084595
0.093018
0.005844
0.010681
-0.073242
-0.031647
-0.039642
-0.012100
-0.072998
0.042358
-0.010880
-0.037476
0.065369
0.006584
0.005207
0.058777
0.075500
0.005100
0.017502
0.081970
0.072449
-0.073486
0.040649
0.007748
-0.016281
-0.072754
-0.028061
-0.062347
0.007465
-0.040649
0.009315
0.006313
0.050018
-0.044708
0.076172
-0.047241
0.068970
0.082947
0.075745
-0.066589
0.029907
-0.023178
0.096802
-0.033173
-0.016754
-0.068054
-0.026886
0.003639
-0.068176
-0.062042
0.003510
-0.021133
-0.027603
0.014435
-0.040955
-0.052155
0.074646
0.051483
0.019470
-0.031738
0.036499
-0.090088
0.008629
0.042725
0.078308
0.058899
-0.032166
-0.040619
0.094666
-0.044037
0.061890
0.005726
-0.081909
0.018356
-0.049316
-0.090454
0.034576
0.044983
-0.042542
0.081665
-0.028763
-0.046387
-0.032288
-0.000099
-0.034363
0.062103
0.040588
0.062927
0.061584
-0.030655
-0.046417
-0.056122
0.067261
-0.080261
0.040497
0.053894
0.080872
0.087524
0.029556
0.020859
-0.034790
0.026413
0.069092
-0.037842
-0.056152
-0.012161
0.008423
-0.046997
-0.069092
-0.069580
-0.044952
-0.095459
0.022385
0.051147
-0.019760
-0.078613
0.071228
0.021118
0.018173
0.026688
0.074585
0.081604
0.032501
0.095154
0.078674
-0.077026
-0.087158
0.040314
-0.073669
0.036072
0.031235
0.038971
-0.003433
-0.012413
0.050964
-0.070984
-0.006069
0.058838
0.004292
0.001542
0.072083
-0.037018
-0.083008
-0.010094
0.002510
0.079590
-0.089355
0.035370
0.040771
-0.035156
0.024185
0.012650
-0.075378
0.023422
-0.012306
-0.031113
-0.066833
-0.073120
0.001839
-0.024323
-0.036224
-0.083984
0.061401
-0.018066
-0.058502
0.041565
0.012161
0.038971
0.079468
0.070496
-0.079041
-0.073730
-0.003262
-0.049377
0.008904
0.014908
-0.007236
0.032867
0.035553
0.032959
0.053101
0.039612
-0.005013
-0.069458
-0.002220
0.073975
-0.045227
0.091125
-0.060577
0.013451
0.038208
-0.084595
0.013550
-0.010033
0.043396
0.027069
-0.075134
-0.031403
0.050568
0.076477
0.053040
-0.008629
-0.067078
-0.005951
0.084839
-0.063538
-0.073547
-0.078979
-0.089233
0.075745
-0.040680
-0.043091
0.034973
0.034027
0.032684
-0.033691
0.043762
0.067688
0.050720
0.045563
0.019913
-0.060425
-0.013863
0.014763
0.066345
0.059692
0.047272
0.080261
0.067871
0.051208
0.020523
0.000491
0.017654
0.054871
-0.078491
-0.083435
0.026260
-0.019501
-0.016693
0.065857
0.060730
-0.068970
-0.005703
-0.011879
0.070862
-0.025406
-0.035156
-0.074646
-0.049744
-0.012070
0.057465
-0.022263
-0.028488
0.019653
-0.006779
-0.020721
0.065979
-0.006577
0.024704
-0.047485
0.044312
-0.069885
-0.025970
-0.039764
-0.052124
-0.047028
0.025452
0.008308
-0.061981
-0.059845
0.064880
0.026016
0.052460
-0.060944
0.082092
-0.035217
-0.042267
0.006599
-0.018417
0.005894
-0.008530
-0.033478
-0.080383
-0.058502
-0.028732
0.024963
-0.032654
0.021362
0.073669
-0.004337
-0.010933
-0.080811
0.001976
-0.034912
-0.074951
0.091309
-0.045288
-0.015564
-0.086304
-0.083862
-0.040558
-0.014404
0.063232
-0.069946
0.079834
0.079102
0.015411
-0.089722
0.012062
-0.007397
-0.013878
0.073364
-0.015945
-0.079407
-0.002861
0.017624
-0.079529
0.082031
0.004993
0.053284
0.010033
0.021515
-0.059601
0.085327
-0.068176
0.049500
0.007061
-0.052338
-0.023621
0.058807
0.003704
0.042114
-0.062500
-0.023468
0.059326
0.063171
-0.028183
-0.074585
0.034698
-0.030807
0.026031
0.002264
-0.047882
-0.088196
-0.021835
0.082214
-0.043488
0.048248
0.010071
0.024963
-0.002668
0.004791
-0.032745
0.030945
-0.050049
0.062500
0.015511
-0.084045
0.029709
-0.073181
-0.051514
0.041260
0.022018
0.082214
-0.095825
-0.012848
-0.056305
-0.048492
-0.021255
-0.010582
0.002785
0.039917
-0.064331
0.005154
0.026382
-0.075806
-0.097107
-0.060547
0.043243
0.012207
0.005379
0.047180
-0.052094
0.012459
0.016525
0.099731
0.038177
-0.012093
-0.026077
0.058502
0.009560
-0.046570
0.039764
-0.004047
0.072266
0.034119
-0.001438
-0.015236
-0.020218
0.010788
0.020020
0.013855
0.003044
0.090881
0.005714
-0.035645
0.013771
0.037201
-0.073425
-0.040710
0.089905
-0.007164
-0.066711
-0.040009
0.029922
-0.004578
0.036194
0.061584
-0.001197
0.090881
0.072754
0.031097
-0.057098
-0.009598
0.077820
-0.071350
-0.031342
0.077515
-0.064453
0.051819
0.014687
0.048859
-0.061859
-0.003876
-0.006390
0.059479
0.072998
-0.067688
-0.025543
0.053436
-0.055359
-0.007000
-0.066162
-0.055817
0.071594
-0.101685
-0.030197
-0.084229
0.027954
0.004715
0.050781
0.074280
-0.036041
0.082520
-0.040009
0.071838
0.069885
0.106567
-0.067810
0.071594
0.017593
-0.089661
0.006245
0.068115
0.020874
0.016388
0.017441
-0.047455
-0.028961
0.060059
-0.039215
-0.046692
-0.016403
-0.017166
0.083740
-0.042328
0.052185
0.059143
0.083496
0.091187
-0.067383
0.038147
-0.000255
-0.035950
0.091431
0.008156
-0.007866
0.040405
-0.012314
0.010025
-0.019119
-0.036530
-0.015060
0.018860
0.046295
-0.065247
0.014465
0.024185
0.005295
0.043762
0.081665
-0.000579
0.052826
-0.064758
-0.023209
-0.012619
0.052277
-0.068237
-0.041290
-0.021866
0.069885
0.040863
0.015717
-0.000187
-0.085449
0.003448
-0.030090
-0.059235
-0.062134
0.056854
0.032990
-0.087219
0.041809
0.055389
0.004715
-0.073792
-0.078796
-0.083862
-0.053619
0.005203
-0.097961
0.014961
-0.078186
0.061340
-0.003571
0.075378
0.046173
0.076233
-0.011597
0.020081
0.031235
0.066589
0.039612
0.040924
-0.046722
-0.087585
-0.026871
-0.066956
-0.073975
0.062103
-0.072632
0.082642
0.044678
-0.085083
0.066711
0.014534
0.011902
-0.020187
-0.063904
0.052399
-0.016769
-0.076233
0.075500
0.019958
0.004848
-0.042542
0.048126
-0.061096
-0.048431
-0.082642
-0.036255
-0.049286
-0.034241
0.077942
-0.018539
-0.038818
-0.091919
-0.014664
0.058685
0.007462
0.069885
0.021896
-0.017593
0.041656
-0.040009
0.000712
-0.078064
-0.004551
-0.048981
-0.026398
0.061554
0.094604
0.077026
0.043274
0.063660
0.063354
-0.067017
0.063721
-0.046722
-0.077759
0.074707
-0.034729
-0.062866
-0.078979
-0.005196
0.083069
0.031952
0.027252
0.003914
-0.051178
0.005459
0.020767
0.005432
0.077148
0.076904
0.047150
-0.085510
-0.066406
-0.004177
-0.089905
-0.035217
0.046204
0.006878
-0.094177
-0.057404
0.068298
-0.015839
0.017929
-0.084167
-0.013550
0.024475
0.051300
-0.016815
-0.007797
0.074585
0.030853
0.004047
0.029922
-0.007874
-0.041779
0.051971
0.084595
0.075073
0.056152
0.081177
-0.029221
0.039795
-0.045593
-0.002394
-0.008667
0.020508
0.039459
0.012299
0.054260
0.021561
-0.002062
0.023956
0.065002
-0.022583
0.040833
0.040192
-0.006908
0.050293
0.025894
-0.082153
-0.081360
0.041870
-0.033112
0.053009
0.039703
0.093079
0.022964
-0.049500
-0.080933
0.007431
-0.002377
-0.022049
0.075439
-0.029053
-0.019119
0.048920
0.040497
-0.045044
0.053223
-0.041138
0.010811
0.018570
0.054413
-0.079407
0.006561
0.029449
0.059082
0.022751
-0.063477
-0.081421
0.020752
-0.019424
0.024246
-0.011154
-0.069214
0.072632
0.050964
0.016602
0.045563
0.036652
0.014145
0.076050
0.028641
-0.037872
0.086609
0.055054
-0.011497
-0.011215
-0.032196
-0.053650
0.069153
0.065247
-0.068115
-0.037903
0.049377
-0.003248
0.048126
-0.072388
0.076538
-0.017090
0.004780
-0.044830
-0.047699
-0.027252
0.067932
0.029602
-0.092224
-0.015320
-0.050018
-0.070862
0.077820
0.079468
-0.085754
-0.078979
0.058502
0.004459
0.084534
-0.064087
-0.048981
-0.094116
-0.077271
-0.053589
0.082703
-0.097656
-0.057343
0.078918
0.050598
0.009918
-0.010200
0.050110
-0.060638
-0.005253
-0.064270
-0.069824
-0.010727
-0.035217
0.046051
0.029587
-0.007004
-0.068054
-0.004463
-0.037323
0.062012
0.053772
0.011787
0.023514
-0.024750
0.013596
-0.002535
-0.007065
-0.047852
0.055847
0.093811
0.033783
0.091858
-0.072693
0.030273
0.013969
-0.016266
0.084167
0.084045
-0.002178
0.013847
0.085999
-0.023651
-0.017471
-0.043854
-0.072754
-0.038208
-0.024673
-0.019424
-0.053436
0.025604
-0.087402
0.058502
0.013420
-0.084656
0.049316
0.073059
0.012848
-0.036835
0.042053
0.052673
-0.066772
-0.077637
-0.091064
-0.031342
0.069458
-0.015266
0.083862
0.001968
0.007782
-0.013603
-0.050232
0.007359
-0.050751
-0.006908
0.014114
-0.041901
-0.075684
0.086914
-0.000840
-0.048645
0.055908
0.084229
-0.040497
0.031738
0.050110
-0.025970
-0.011505
-0.082092
-0.070679
0.012337
-0.007423
0.086365
0.008614
0.012039
-0.018921
-0.009666
0.012909
-0.085022
-0.070190
-0.020859
-0.029602
-0.039795
-0.030151
0.063538
-0.054840
0.067322
0.070190
0.060333
-0.015511
-0.053864
-0.084473
-0.061127
-0.005108
-0.010475
0.092468
-0.007965
0.081238
0.013062
-0.056976
-0.063843
0.023804
-0.017593
-0.013603
-0.046326
-0.018829
-0.050018
-0.000638
-0.054047
-0.066406
0.091858
-0.079590
0.053253
-0.032410
-0.005909
0.084900
0.017075
-0.033569
0.058838
-0.023956
-0.022110
-0.056030
0.007000
-0.065369
0.027481
-0.032715
-0.057434
0.029144
0.030670
0.075623
0.006939
-0.070374
0.036072
0.049744
0.004036
0.072754
0.025787
-0.028061
0.000130
-0.058228
-0.066101
0.075989
0.003986
0.074707
0.049622
0.028305
-0.014900
0.071289
0.064514
0.013939
0.074158
0.060822
-0.014160
-0.073547
-0.018188
-0.030273
0.026611
0.061646
0.032318
0.042877
0.032532
-0.058044
0.082275
-0.093689
-0.065430
-0.013649
-0.003412
-0.017212
-0.072876
-0.019745
-0.000131
-0.067444
-0.009903
0.000918
-0.041840
0.050476
0.038208
0.083984
0.079590
0.000546
0.075378
0.066223
-0.060547
0.046051
-0.043091
-0.043732
0.075745
-0.063538
0.055237
0.057281
0.043640
0.014099
0.058289
0.032593
0.005398
0.010712
0.044769
-0.026978
-0.002598
-0.074219
-0.015778
0.020676
-0.030457
0.095154
-0.052734
0.026276
0.086304
-0.011673
-0.043030
-0.045593
0.071289
0.017944
0.025513
-0.011642
-0.058319
-0.086487
0.020416
0.062988
-0.055084
0.060486
-0.009354
0.015244
-0.077515
0.081787
0.061249
0.084961
0.011154
-0.039124
0.028091
-0.082031
0.033508
-0.058655
-0.025833
-0.029816
0.082153
0.061218
-0.029282
-0.063110
0.075562
0.077942
0.037567
0.027390
0.006531
-0.073975
0.029572
-0.041351
-0.079346
-0.023239
0.079346
0.037201
0.070862
0.052216
0.051147
0.041779
0.018646
0.018127
0.061737
0.078613
0.064636
-0.064514
0.065735
0.015045
-0.058838
-0.009048
-0.087524
-0.066284
-0.060577
0.086853
0.081604
0.045166
-0.046509
-0.055573
-0.024918
0.005287
-0.009583
-0.029007
0.075745
-0.019608
0.021454
0.045258
0.071350
-0.065613
0.009491
-0.045288
0.000788
0.035461
-0.052490
0.012558
-0.068726
0.057373
-0.040710
-0.021500
0.008125
0.025467
-0.041870
-0.078369
-0.094177
-0.046600
-0.016632
0.052338
0.039398
0.063293
-0.017593
0.004864
-0.086060
0.014801
0.069946
0.002628
-0.046295
0.005882
-0.021210
0.019348
0.080872
0.002254
0.082947
0.040802
-0.086914
-0.024063
-0.004517
-0.080017
-0.039612
0.045624
-0.087341
-0.036163
0.076843
-0.070740
0.036957
0.076416
-0.054993
-0.081665
-0.012337
-0.020050
0.065796
-0.077942
0.034637
-0.005447
-0.036011
0.000623
0.027222
0.063660
-0.035583
0.079407
0.069885
0.029602
-0.034576
-0.055603
-0.004642
0.029327
0.013931
0.051147
-0.071167
0.068481
0.061127
-0.049866
-0.070312
-0.000645
0.031021
0.012894
-0.071777
-0.078735
0.010902
0.011253
0.034180
0.013512
0.058411
-0.041321
-0.058197
-0.017975
0.022003
0.054962
-0.049164
-0.011269
0.081116
-0.000258
-0.040558
0.046448
0.006134
0.055542
-0.059540
0.043823
0.004524
0.063904
0.009758
-0.019073
0.021164
0.029800
0.013992
-0.025345
0.006817
-0.020966
0.017670
-0.020721
-0.042633
0.026566
-0.013588
0.049774
-0.058777
-0.010460
0.004871
-0.010391
0.028152
-0.003130
-0.007053
-0.046753
-0.007275
0.067749
-0.053558
0.019577
0.036682
0.031494
0.061432
-0.050934
-0.063049
0.088867
-0.074219
-0.002918
0.026062
-0.077209
-0.028992
0.065430
0.060333
-0.079468
-0.060760
0.040161
0.018631
-0.065674
-0.054596
-0.024200
-0.064636
-0.062927
0.079651
-0.039032
0.003464
-0.070190
-0.005077
0.081665
-0.021088
0.026108
-0.018173
-0.056122
-0.056641
0.059875
-0.027466
-0.048676
-0.002316
0.009193
-0.020004
0.023346
0.033112
0.058838
0.014656
-0.094604
0.066711
0.026840
0.038422
-0.069397
-0.036652
-0.008430
0.054565
-0.061310
0.001025
-0.082336
0.006626
0.045807
-0.026535
0.024918
0.060455
-0.028488
-0.052429
0.084473
0.003016
0.074951
0.059570
-0.069397
-0.074036
-0.046417
0.077698
0.076111
0.014046
0.040375
-0.058167
0.005470
0.039490
-0.062256
-0.076172
-0.060547
-0.025604
-0.075745
-0.068237
0.023224
0.077942
-0.000893
-0.002890
