5.115177035e-01 
2.574518621e-01 
-1.394290477e-01 
3.222332001e-01 
-1.749654710e-01 
-2.687095404e-01 
-6.309904158e-02 
-1.257172227e-01 
-2.402093709e-01 
4.939745069e-01 
6.976160407e-01 
1.542463005e-01 
2.487210184e-01 
-2.395897359e-01 
5.463125184e-03 
2.653349936e-01 
3.473860919e-01 
-7.112549245e-02 
3.107625544e-01 
5.563419461e-01 
-1.030831337e-01 
-4.530864954e-01 
1.186018884e-01 
4.781868458e-01 
1.900156289e-01 
2.745453417e-01 
-4.101492465e-03 
8.050004840e-01 
-1.881199330e-01 
-1.760868728e-01 
-1.534153670e-01 
1.501210630e-01 
3.078518510e-01 
-3.093115687e-01 
-5.702071358e-03 
2.483412325e-01 
-2.058120370e-01 
5.564114451e-01 
1.764458120e-01 
2.110089809e-01 
4.200592637e-01 
-4.136005342e-01 
1.440177113e-01 
-3.232570291e-01 
-2.716193795e-01 
2.100757062e-01 
-5.243084207e-02 
8.873928338e-02 
-2.783695161e-01 
1.287608892e-01 
-1.848713905e-01 
4.808262289e-01 
-7.417926192e-01 
7.887819409e-02 
2.243186086e-01 
2.600670755e-01 
2.785552144e-01 
-3.016407788e-01 
2.752461135e-01 
3.864249885e-01 
1.141286850e+00 
9.704639204e-03 
-1.490700990e-01 
2.568429112e-01 
2.860153913e-01 
-3.182891905e-01 
3.729756922e-02 
2.593447864e-01 
5.424903035e-01 
-4.748134315e-01 
2.926449180e-01 
1.829025596e-01 
1.630003452e-01 
-5.891509652e-01 
-3.302256018e-02 
-7.640405744e-02 
4.491429776e-02 
-3.134120703e-01 
1.672874689e-01 
-1.969531476e-01 
4.180815220e-01 
8.210629225e-02 
3.325069547e-01 
-5.606879592e-01 
1.696423888e-01 
-1.604456827e-02 
5.121685266e-01 
3.213563934e-02 
2.513371706e-01 
1.146049425e-01 
-4.093171284e-02 
2.042046785e-01 
8.084291816e-01 
-2.783609033e-01 
3.664236367e-01 
-1.840329915e-01 
4.264994860e-01 
2.196955085e-01 
2.025188953e-01 
3.363206089e-01 
5.348955393e-01 
3.598197103e-01 
2.137297690e-01 
-6.439078599e-02 
4.580763727e-02 
-3.701040745e-01 
9.248306155e-01 
2.336494178e-01 
5.995355248e-01 
5.187638402e-01 
2.672488987e-01 
4.723481536e-01 
-5.862637758e-01 
-2.364078760e-01 
-4.227686673e-02 
-5.302559733e-01 
2.544574738e-01 
-3.060010672e-01 
6.674994826e-01 
5.138246417e-01 
-3.915224075e-01 
2.984578907e-01 
-6.755235195e-01 
-1.920315325e-01 
-6.636570692e-01 
1.843191981e-01 
-3.501142561e-01 
1.235792711e-01 
