0.066956
-0.048737
-0.058136
-0.043304
-0.049957
0.001275
0.028824
-0.035126
0.056488
-0.065613
0.043732
-0.010643
0.073853
0.063049
0.061798
0.047638
-0.007397
-0.015152
0.004856
-0.052643
0.064758
-0.026093
-0.043365
-0.025818
-0.044128
0.034424
-0.080139
-0.059845
0.001554
-0.047180
0.011955
0.080627
-0.040436
0.093933
0.017029
0.033264
0.051849
0.048981
-0.010010
0.053589
0.010818
-0.008125
-0.041870
-0.068542
0.005962
0.050201
0.007771
0.093262
-0.082092
-0.030212
0.038696
-0.061676
0.016846
0.051331
0.078918
-0.076721
0.062195
0.021973
-0.063232
-0.076294
-0.033844
0.013130
-0.085693
-0.027557
0.036469
-0.037292
0.062683
0.003380
0.063843
-0.063660
0.066162
-0.074341
-0.012383
-0.016876
-0.038544
-0.006649
0.076477
-0.029144
0.038666
-0.068848
0.088745
-0.088928
-0.022400
0.045258
-0.038818
-0.037415
0.064148
0.056030
-0.071045
-0.027649
-0.048492
0.004051
0.062286
-0.035339
0.031403
0.036743
-0.002569
0.038300
0.070068
-0.067749
0.048248
-0.081848
-0.068115
-0.035339
-0.059601
-0.054291
0.076721
0.071899
-0.042023
-0.052765
0.073059
-0.069397
0.032898
0.027634
0.069275
0.079773
0.048615
0.063599
0.020203
-0.074890
0.044037
-0.032043
-0.011818
-0.003531
0.018799
0.071411
0.001809
-0.010651
0.053040
0.002958
-0.042633
-0.055389
-0.044891
-0.051239
-0.074524
-0.060272
0.013885
0.080505
-0.034485
0.060150
-0.040314
-0.021805
0.078552
0.060394
-0.019714
-0.052979
0.058899
-0.001570
0.064087
0.044373
-0.060883
-0.081482
0.048279
0.071228
-0.025925
-0.006035
-0.097534
0.040039
-0.074280
-0.045105
-0.053986
0.040588
0.052063
0.052185
-0.060516
-0.055023
0.008377
-0.052216
0.044464
-0.065857
0.062073
0.093811
0.021408
0.004963
-0.018692
-0.071411
0.044830
0.088074
0.056580
-0.039703
-0.004951
0.053558
0.000603
0.081665
0.072266
-0.018539
0.009743
0.004074
0.008202
0.085754
0.089294
-0.014954
-0.042145
-0.059479
0.033661
-0.038177
0.005680
0.059601
-0.072388
-0.080505
-0.053741
-0.029312
0.058533
0.054138
-0.057861
-0.043274
-0.014290
-0.002562
0.084229
-0.024246
0.073486
0.062225
0.083069
0.012787
-0.058716
0.020981
-0.053650
0.038574
0.015488
0.050293
0.011299
-0.010162
-0.061096
-0.025955
0.078308
0.045898
0.031952
0.004051
0.057770
0.075928
-0.024567
-0.062164
-0.061249
0.066833
0.010391
0.005188
-0.062683
0.031158
0.033173
0.024048
-0.001997
-0.050140
0.000269
0.095093
0.049133
-0.078247
0.016510
-0.051025
-0.023117
-0.017181
-0.056671
0.046814
-0.089355
0.000239
0.018784
0.007702
-0.039307
0.017365
0.048004
0.017029
0.004929
0.001839
-0.031799
-0.062805
-0.001432
-0.036560
-0.043976
0.039948
0.011490
0.064392
0.008965
-0.077820
0.003288
-0.080566
0.030930
0.008247
0.077209
-0.010178
-0.007652
-0.057312
0.056152
-0.047272
-0.021042
-0.036469
0.004562
-0.020752
0.030090
-0.080811
-0.028702
0.022827
0.089844
0.010147
0.028244
-0.013718
-0.091736
0.031525
-0.006176
0.026367
0.019272
-0.031738
0.073975
0.000865
-0.044586
0.047058
0.071777
-0.001274
-0.067932
0.028687
0.048737
0.091675
0.070984
-0.072205
-0.048340
0.051758
-0.016769
-0.063660
0.022064
-0.034119
0.073059
0.080383
0.046600
0.020203
-0.041962
0.014717
-0.060028
0.081726
0.060272
0.017075
0.007008
0.070251
0.076050
-0.069397
-0.035431
0.086853
-0.048798
-0.065369
-0.024063
-0.058472
0.068359
0.058075
0.073669
-0.006104
0.088318
-0.039459
0.003229
0.014664
-0.029083
0.006039
-0.027985
0.071960
0.043060
-0.016403
0.064148
-0.039093
-0.052002
0.026245
0.017181
-0.067749
0.065002
-0.026138
-0.055023
-0.031891
-0.055145
0.015869
0.008087
-0.052887
0.018387
-0.056854
0.086548
0.038910
-0.036957
0.017273
0.029404
-0.092102
-0.077881
0.070557
-0.047119
0.020355
0.064636
-0.074829
0.049683
-0.024094
0.003124
0.019226
-0.074524
0.088135
0.030319
-0.058105
-0.040527
0.079224
-0.002775
-0.021408
-0.009758
0.049133
-0.024902
0.060455
-0.070984
0.057159
0.033356
-0.070129
-0.000920
-0.080872
0.090698
0.076294
0.083557
-0.038971
-0.017960
0.058563
-0.088562
0.018829
0.091797
0.003706
-0.091125
0.035034
-0.022049
0.070801
-0.050720
-0.062866
-0.051971
0.083130
0.018539
0.040710
0.000938
-0.014069
0.051605
0.027863
0.010483
-0.070251
-0.019440
-0.016983
-0.018127
0.078979
-0.016647
-0.030869
0.006798
0.043457
0.029572
0.046936
-0.074219
0.058685
0.011070
0.052643
0.074524
-0.074036
-0.002531
0.054688
-0.013275
0.023453
-0.056061
-0.044830
-0.072083
-0.034729
0.077026
-0.023468
-0.023331
0.074768
-0.042755
0.007553
-0.024643
-0.038757
-0.077881
0.046814
0.039459
-0.029495
0.049774
0.067017
0.045807
-0.078674
0.033569
0.021515
0.057861
0.073975
0.040314
-0.015701
-0.049896
0.009483
-0.008919
-0.028534
0.068970
-0.019272
-0.061707
0.008156
-0.045807
-0.075439
0.019928
0.020187
-0.084229
-0.009705
0.069397
0.030121
0.000204
0.020523
-0.049835
0.025208
0.054871
-0.026917
0.017563
0.055756
-0.054535
-0.016083
-0.048828
-0.063965
0.036469
0.038300
0.057098
-0.029922
-0.009140
0.028427
-0.088684
0.056488
-0.048553
-0.045410
0.046906
0.077637
-0.062500
-0.008904
0.042908
0.072083
-0.022217
0.007450
-0.074646
-0.024368
0.027328
0.005875
0.013176
-0.038177
-0.071106
0.011009
-0.064758
-0.072571
-0.002560
0.014206
-0.047974
-0.048462
0.082031
-0.059570
-0.054901
0.016602
-0.003113
-0.037231
0.003290
-0.076050
0.053741
0.043823
-0.077942
-0.067078
-0.058899
0.073364
-0.051971
-0.004673
-0.061035
-0.051758
-0.046570
-0.022781
0.055969
0.070251
0.065308
-0.007751
-0.004547
0.004223
0.059235
-0.038757
0.071350
-0.064575
0.049774
-0.080322
0.059174
-0.069092
0.001037
-0.008781
0.005390
0.083374
-0.023499
-0.060455
0.060242
-0.085876
0.058563
0.059235
0.015213
-0.006622
0.053772
-0.006668
0.005669
-0.057037
0.019028
0.004574
-0.030685
-0.063232
0.023804
0.020996
0.070801
0.019592
-0.056763
0.002062
0.039551
-0.037781
-0.055542
0.038116
-0.019791
-0.011322
0.059723
-0.063904
-0.060883
0.031525
-0.076599
0.057770
0.038940
-0.049561
0.025391
-0.015068
-0.048279
0.046234
-0.067932
-0.082031
-0.058502
-0.041351
-0.014290
-0.060791
0.041656
-0.040009
-0.009521
0.028641
0.014206
-0.051270
0.037964
0.035004
0.063843
0.044495
0.016220
-0.050690
-0.007355
0.076965
0.063049
0.041473
-0.015762
0.010925
0.033173
0.029221
-0.078369
-0.037567
-0.040222
-0.035339
0.046082
-0.020523
-0.025833
-0.037292
-0.028168
0.034454
-0.036499
-0.080566
-0.012886
-0.023270
-0.011993
-0.036560
-0.015991
0.036041
0.077820
-0.049042
-0.062500
0.034454
0.035431
-0.038116
0.026718
0.046936
0.072388
-0.009979
0.008347
-0.011299
-0.068787
-0.076050
0.095764
0.060303
-0.050385
-0.051819
-0.042603
-0.075073
0.019058
0.039825
0.065186
-0.003590
0.072754
0.033508
0.056488
0.033905
-0.065247
0.080078
-0.049042
0.071106
-0.006584
-0.050903
0.025635
-0.017380
-0.084717
0.034393
0.056122
0.014130
0.050934
0.086365
0.059082
0.083801
0.068176
0.061188
-0.036316
-0.012672
0.016144
-0.102234
0.071106
0.054810
0.073669
-0.057983
0.078308
0.050446
-0.008873
-0.077698
0.038635
0.001653
-0.061310
0.017899
0.054260
0.058502
0.033081
0.042297
-0.044434
0.001013
0.076233
-0.034912
0.008980
-0.010223
-0.014420
-0.002283
-0.070068
-0.066162
0.040497
0.086304
0.069946
-0.000205
0.005573
-0.037048
0.017944
-0.083984
0.055298
-0.073669
-0.034149
-0.015686
-0.017471
-0.005322
-0.015251
0.012398
0.105774
-0.007320
-0.019104
0.045258
-0.031677
0.054779
0.025543
0.008408
0.043732
-0.057709
-0.003408
0.010612
0.037079
0.019104
0.094666
-0.000995
0.067200
-0.002886
-0.054932
0.104248
0.072266
0.012360
-0.023010
-0.068604
-0.086731
0.068176
0.056030
-0.022797
-0.054199
-0.066040
0.055328
-0.021164
-0.063660
0.032074
0.046875
-0.070435
0.063904
-0.065857
0.074463
0.013596
0.046448
-0.000397
-0.019424
-0.044617
0.067200
-0.009773
-0.019455
0.023911
-0.022873
-0.037994
0.040344
-0.046326
0.086060
-0.043823
0.061859
-0.018631
0.056030
-0.016052
0.041382
0.034180
0.086731
0.035797
-0.038208
0.018295
-0.006680
-0.028152
-0.005833
0.007614
-0.030106
-0.057312
0.069641
-0.064270
0.004055
0.046906
0.048431
-0.006100
0.071960
0.077087
-0.018341
0.003170
0.088501
-0.065002
-0.031647
-0.061218
0.043396
0.071167
0.009644
-0.043518
0.055817
0.063538
-0.018295
0.018036
0.060364
0.041138
0.040039
0.056427
-0.007507
0.024292
0.036011
0.038544
-0.034149
-0.063293
0.024216
0.078308
0.061188
-0.022629
-0.040924
-0.030014
-0.077759
0.033966
0.081787
-0.017838
0.006157
0.035889
-0.064697
-0.069519
-0.061493
0.054871
-0.065796
-0.046936
0.074280
0.042480
0.056793
-0.054016
0.096191
-0.038849
-0.005344
-0.084473
0.003229
0.084778
0.044556
0.053009
-0.054138
-0.031311
-0.020569
-0.000767
0.018188
-0.038544
0.003944
0.033234
0.065491
0.084106
0.093384
-0.040070
-0.039307
0.017334
0.054474
0.015305
0.058197
0.019547
-0.088562
0.083618
-0.018494
-0.083008
-0.064392
0.078796
0.079285
0.021896
-0.034271
-0.085449
-0.037048
-0.077271
-0.064026
0.017166
-0.005478
0.063477
-0.026260
0.041992
-0.087585
-0.053497
0.065796
0.067322
-0.003857
-0.069824
-0.026840
0.065674
-0.046051
-0.037903
0.073242
-0.035034
-0.008736
0.047119
0.078308
-0.073242
-0.078369
0.018372
0.032623
0.043549
0.041687
-0.027451
0.045319
0.029236
-0.055389
0.036041
-0.052979
0.035522
0.032867
0.014412
0.061371
-0.024216
-0.029938
-0.075134
0.064575
-0.069763
0.018051
0.054260
-0.021896
-0.009293
0.011650
0.000573
0.014351
-0.087524
0.073730
0.067810
-0.010086
0.091797
0.018158
0.035950
0.045532
-0.030258
0.003088
0.037323
0.056519
-0.073914
-0.033356
0.027893
-0.014839
-0.013031
-0.035095
0.089233
-0.017395
0.007378
-0.071350
-0.052704
-0.052948
0.077637
0.014511
-0.056091
-0.053955
0.022003
-0.081482
0.082214
0.042786
-0.056305
0.060547
0.019333
-0.006081
-0.026215
-0.034790
0.044281
0.012962
-0.064453
-0.070129
-0.069092
0.090149
0.086731
-0.055084
-0.022324
0.073853
0.020920
0.047546
0.070801
0.034210
-0.010742
0.085876
0.043396
0.021881
0.054230
-0.043793
0.009674
0.013527
-0.002991
0.018768
0.068420
0.008621
0.023590
-0.055420
-0.070251
0.072693
0.083069
-0.029861
0.057861
0.072876
0.090881
-0.079407
0.095154
0.078125
0.065552
0.073303
-0.013832
-0.004276
-0.070190
-0.003304
0.053192
0.084229
-0.011650
0.032379
-0.025558
0.003679
0.081421
-0.021255
0.023636
0.109985
0.043060
0.009071
0.024719
-0.058411
-0.074829
0.021530
0.004345
0.064331
-0.045685
-0.047852
0.001120
0.036011
-0.024384
0.012810
0.097107
0.038910
-0.050781
-0.019424
0.072021
0.001528
0.072632
-0.059753
0.083801
0.016861
-0.075439
-0.008011
0.064758
0.011459
-0.023895
0.075317
0.064392
-0.020813
0.021103
0.059540
0.062805
0.022141
0.002588
0.075867
-0.028885
0.012619
0.002048
0.060059
-0.070679
0.069702
-0.061981
-0.048645
0.006870
-0.043274
-0.045959
-0.027283
-0.003149
0.088257
-0.007069
-0.024811
0.072083
0.061310
0.013229
0.004105
0.063232
-0.027588
0.090576
0.070496
0.010689
0.032593
-0.029877
0.012161
-0.049255
0.047852
0.082642
-0.003138
0.015572
0.049835
-0.097473
0.014931
0.061188
0.087036
0.004803
-0.018539
-0.053253
0.078430
-0.018387
0.042908
-0.039368
-0.011360
-0.030991
0.009537
-0.042114
-0.094177
-0.003490
-0.067810
-0.065857
0.004551
0.060822
-0.068665
0.049957
-0.037964
-0.029434
-0.015884
-0.022079
0.088074
-0.011948
-0.064514
-0.027649
-0.038696
0.046967
0.006645
0.025604
-0.064331
0.018967
-0.007488
0.068359
-0.056915
0.091309
-0.042938
0.067627
0.062988
-0.040588
0.054321
-0.027374
0.011948
0.008781
0.032623
-0.029144
0.018997
-0.051849
0.035065
0.073975
0.033142
0.001100
0.024796
0.055878
0.002527
0.017807
0.014984
0.011383
-0.057526
-0.044006
0.046600
-0.024811
-0.047943
0.036774
0.011017
-0.028641
-0.062988
0.037933
-0.025620
0.052704
0.041351
0.048767
-0.050690
0.031158
-0.042023
-0.058105
0.052673
0.068481
0.040680
0.033295
0.026093
0.022629
-0.071167
0.022446
0.083923
0.048218
0.028885
0.066223
0.070435
0.056671
0.012444
0.042419
0.073425
-0.046478
-0.009377
0.021561
0.076965
-0.039368
0.023300
-0.049683
0.021408
0.004509
-0.075500
-0.052856
-0.041168
-0.021332
0.042999
0.075256
0.052795
0.055450
0.053192
-0.017059
0.007248
-0.048706
0.052277
-0.014801
0.025848
-0.079041
0.035065
0.037079
-0.049164
0.090088
-0.045593
0.049225
-0.039551
-0.088623
-0.000590
-0.040955
-0.065186
0.050842
-0.077942
0.034882
-0.079346
0.031219
-0.029907
0.018967
0.049225
-0.084778
0.085632
-0.020554
-0.060730
0.031235
0.037384
0.075195
0.059967
0.026917
0.066833
-0.017044
-0.022644
0.050140
0.047668
-0.036926
0.027313
-0.007195
0.070618
0.070618
0.033691
-0.028702
-0.075378
-0.106079
-0.019501
-0.031082
0.066162
0.034637
0.021606
0.025787
-0.025223
0.036499
0.009621
0.104126
0.020020
-0.037567
-0.022186
-0.061737
0.091858
0.072266
0.037720
-0.023056
-0.066223
0.065186
-0.043732
-0.040894
-0.000802
-0.009232
-0.003662
0.038818
0.008652
0.022461
0.031677
0.001917
0.029984
0.033234
0.057953
0.006802
0.076843
-0.066772
0.024246
-0.107666
-0.002951
0.010590
0.014732
0.069946
-0.017410
-0.064331
-0.015480
-0.023392
-0.034882
-0.069824
0.073730
-0.000974
0.024597
-0.034149
-0.031204
0.022003
0.051880
-0.035583
0.081726
-0.021973
-0.040558
0.016708
-0.058075
-0.028152
0.036743
-0.025864
-0.040771
-0.034119
-0.029922
-0.045837
0.017990
0.057617
0.003801
-0.055359
-0.044708
-0.066284
-0.069031
0.059265
-0.017242
0.032684
-0.070312
-0.088623
-0.093323
0.090698
0.036530
-0.044800
-0.017014
-0.003447
-0.003889
-0.059845
-0.084839
-0.090393
-0.082092
-0.052368
-0.068054
-0.097961
0.068237
0.066711
0.012680
0.068481
0.032623
-0.036652
0.108948
-0.036438
-0.016113
0.019058
0.040588
-0.075500
0.033905
-0.040497
-0.075256
0.058838
0.087036
-0.062622
0.018707
-0.021637
-0.014107
-0.072388
0.090332
-0.027954
-0.046875
-0.047546
-0.062683
-0.043274
0.044922
-0.015961
0.055298
0.086121
0.064941
0.026321
-0.048004
-0.023773
-0.026810
-0.068237
0.012650
0.020004
-0.005062
-0.031235
-0.000900
-0.046570
0.038757
0.028351
0.074341
-0.027176
-0.064941
-0.049561
-0.022369
0.025452
-0.019485
-0.015182
-0.069336
-0.078674
0.065491
-0.022507
0.054596
0.030365
-0.070923
0.045624
0.076111
-0.020157
0.082397
0.040955
0.037231
0.069458
0.050934
0.072144
0.025864
-0.069336
0.050476
0.086487
-0.081726
0.014297
0.064209
-0.077393
-0.052490
0.025558
-0.078735
-0.072205
0.084351
0.056091
-0.087769
0.051849
-0.042908
0.028320
0.077759
0.058289
-0.045685
-0.088013
-0.020020
0.008972
-0.073730
-0.034027
0.021713
-0.054321
0.019287
0.085876
0.079285
0.088562
-0.017212
0.027954
0.028290
0.070374
0.035431
0.064392
-0.010529
0.011635
0.050995
0.043854
0.025085
0.018997
0.075195
0.016220
-0.072388
-0.035400
-0.007126
-0.026413
0.046295
-0.059326
0.049622
-0.029449
0.032654
-0.007725
-0.022034
0.027847
0.079041
-0.066711
-0.064209
-0.075806
0.063477
-0.089233
0.029984
-0.004021
0.046753
-0.003496
0.053833
-0.044220
0.074524
0.044891
-0.024307
0.037231
0.050415
-0.012733
0.052979
-0.036743
-0.077454
-0.008408
-0.012100
0.055023
-0.015312
0.009628
-0.038025
0.034668
-0.040131
0.097168
0.036896
-0.030945
-0.012497
0.003910
-0.003033
0.073486
-0.001852
0.042694
-0.084717
0.071045
-0.084778
-0.022629
-0.016205
0.000438
-0.010727
0.004387
-0.007233
-0.091858
-0.062439
-0.065552
0.100891
0.028229
-0.005264
-0.025879
0.094604
0.024979
0.063171
-0.011940
-0.021942
-0.045654
-0.015182
-0.061584
0.052124
-0.034088
-0.026413
0.057739
-0.079529
-0.050629
0.017349
-0.042908
-0.068848
-0.031281
-0.028122
0.025894
0.081360
-0.113403
-0.072205
-0.007729
0.061707
-0.061462
0.009033
0.016800
-0.092590
0.005363
0.003151
0.094604
0.004723
-0.040161
-0.066223
-0.067505
0.021088
0.021393
0.075867
0.048126
-0.037109
-0.033325
0.090637
0.075806
0.056549
-0.017303
-0.007889
-0.080383
0.013329
-0.075256
0.007668
-0.041748
0.079834
0.094971
0.004002
0.067200
0.035553
0.078186
-0.069092
-0.003242
-0.053558
0.059204
0.057800
-0.062439
0.035187
-0.020691
0.036804
-0.081604
-0.094360
0.021210
-0.054138
0.027634
0.048645
0.034119
0.093994
-0.061798
0.002777
-0.044250
-0.030899
-0.010262
0.062744
0.089905
-0.014076
-0.057861
0.042053
-0.008522
-0.052216
-0.038544
0.076233
-0.060303
-0.040222
-0.006306
-0.010582
0.083191
0.056274
-0.031769
-0.051605
0.010498
-0.017395
-0.054810
0.017380
0.004868
0.072937
0.057861
0.056305
0.064453
0.015266
-0.031677
0.068909
0.039703
-0.068542
-0.073242
0.011192
0.047119
-0.073608
0.059448
-0.053009
-0.073364
-0.052765
-0.051483
-0.008858
-0.053345
0.079712
-0.038849
0.006084
0.058807
-0.074829
-0.089233
0.013435
-0.008949
0.064148
-0.019974
0.057404
-0.037292
-0.061646
-0.073792
-0.012611
0.071472
-0.042328
0.052582
-0.080872
0.062988
-0.020309
-0.057526
0.015656
0.007450
-0.046234
-0.052917
-0.017761
-0.083679
0.014275
-0.008400
0.030762
-0.055054
0.023010
0.077087
0.071411
-0.006535
-0.001616
-0.024384
0.068542
0.017700
-0.002628
-0.090820
-0.002619
-0.052155
-0.055328
0.087524
0.092163
-0.035492
0.074646
0.072937
0.044495
-0.024567
0.048584
-0.018646
0.002031
0.038971
-0.033722
-0.009308
0.075806
-0.048309
0.059662
-0.005539
-0.046631
-0.014641
-0.026398
-0.078674
0.073120
0.012787
-0.003742
-0.012375
0.034485
0.053467
-0.010872
-0.002447
0.074585
-0.053009
0.033203
-0.014603
0.007988
-0.070618
-0.008507
0.026688
0.106934
0.069458
-0.045288
0.044830
-0.042999
-0.050110
-0.066589
-0.008842
0.069275
-0.085754
-0.038422
-0.023178
-0.037781
-0.074829
0.027390
-0.051758
-0.011024
0.055206
-0.019257
-0.079529
0.000234
0.016922
-0.060791
0.070679
0.067322
0.082031
-0.035370
0.044739
0.039734
0.046783
-0.047974
0.034882
-0.013107
0.020828
-0.028214
-0.013252
-0.026611
-0.087952
-0.039703
-0.022308
0.070984
0.017303
-0.088074
0.066650
-0.085876
-0.031372
0.082153
0.057312
0.072388
-0.066711
-0.018845
-0.042969
-0.028458
-0.007881
0.067444
0.020554
-0.077393
0.082825
-0.074280
-0.097595
0.057404
-0.007927
-0.080750
0.046631
-0.006767
0.058868
0.070129
0.010414
-0.070068
0.010452
-0.061188
0.049927
-0.065552
-0.002802
-0.048676
0.044373
-0.049011
-0.031647
-0.058167
0.042450
-0.014404
-0.046021
0.066772
0.032227
0.091919
-0.072144
0.039673
-0.088074
-0.076355
0.024231
0.021301
-0.008377
-0.021347
0.044495
0.030380
0.088013
0.011215
-0.024506
-0.073792
0.058563
0.034973
0.009254
0.066223
-0.086182
0.055176
0.034088
-0.070068
0.003979
0.044281
-0.088135
-0.041260
0.038361
0.016861
-0.073608
0.012299
0.094604
-0.055084
-0.052490
0.086060
-0.064758
0.020782
0.046173
-0.007309
-0.048737
-0.044098
-0.004139
0.040680
0.005447
0.090393
0.069397
-0.095398
-0.002218
0.024323
-0.067017
0.042358
0.094116
-0.083923
0.041656
0.078613
-0.001346
0.037201
0.016373
-0.099304
-0.028061
-0.032135
-0.056549
0.042114
-0.009293
-0.023026
0.062744
-0.021622
0.057037
0.026215
-0.034332
0.031250
-0.037262
-0.072388
0.032623
-0.011246
0.070190
0.070557
-0.000038
-0.038330
-0.026703
-0.077759
0.052002
0.083801
-0.065063
-0.045837
0.053040
0.058960
0.065735
0.037384
0.084167
-0.007767
-0.043243
-0.025986
0.006809
0.016495
0.076782
-0.015564
-0.007637
0.003393
0.005543
0.074036
0.000508
0.088806
0.030289
-0.079956
-0.054047
0.036469
-0.036896
0.097046
0.030945
-0.011978
-0.066956
0.024826
0.088013
0.051697
-0.080688
-0.011475
-0.012955
0.030365
0.069275
0.059814
-0.054932
0.080261
-0.049866
-0.025467
0.086426
-0.056396
-0.089417
-0.035065
-0.014801
-0.084167
0.030121
0.046173
0.030228
-0.012848
-0.063843
-0.063538
0.004463
-0.027618
0.084595
0.000144
0.056519
-0.048767
0.083923
-0.032410
0.072449
0.073853
-0.011017
-0.027023
0.080261
-0.038177
-0.000384
-0.012825
0.055084
-0.024094
-0.073120
0.077026
-0.022690
0.071655
-0.044525
0.041534
-0.003820
0.043060
0.089844
0.013794
0.012573
0.046051
-0.045013
0.037598
0.085022
0.050293
-0.034332
0.087158
0.076843
0.020615
0.006954
0.025406
-0.071960
0.074097
0.067871
0.043518
0.004608
-0.082031
-0.052338
-0.009743
0.081909
0.076172
-0.020126
0.076599
0.019119
0.026871
-0.016098
-0.004795
-0.032013
-0.035919
0.084412
0.041321
-0.073181
-0.080811
-0.070679
0.069458
0.081848
0.040100
0.082275
-0.018845
0.005726
-0.065125
0.079895
0.003771
-0.014343
0.046295
-0.010117
0.045776
0.086975
-0.043457
0.042816
-0.001222
0.064758
-0.029572
0.034027
0.034454
-0.011215
0.023224
-0.069763
-0.081543
-0.027908
0.020966
0.036011
-0.049530
-0.053680
0.018173
0.072205
0.033691
0.052307
0.071716
0.058990
0.009087
0.022827
0.071045
-0.061707
-0.045349
-0.053375
-0.008308
0.033356
-0.012161
-0.011597
-0.017624
0.025894
0.082458
0.079590
-0.026657
-0.038025
0.073120
-0.073669
-0.079529
0.085449
-0.058197
0.062073
0.049225
-0.008675
-0.030029
-0.017334
-0.039185
-0.045227
-0.062042
-0.014954
-0.008507
0.028351
0.072021
-0.077209
-0.023224
0.018250
-0.020401
-0.008339
0.005241
-0.063171
0.027161
0.013702
0.030869
0.043793
-0.083435
0.055267
-0.074951
0.003712
0.052307
-0.016632
0.071411
0.009933
-0.054779
-0.080933
0.076599
-0.039246
0.046661
0.085571
0.082275
-0.066040
-0.076172
0.015839
-0.045410
-0.028458
-0.047394
0.011147
0.073792
0.068420
0.027908
0.026749
-0.061829
-0.082581
0.071838
-0.028061
-0.035095
-0.050476
0.058746
-0.031235
0.075562
0.101624
-0.026047
0.033051
0.093140
-0.077454
0.030136
0.018036
0.050323
0.085266
0.061493
0.020752
-0.066345
-0.088684
-0.047974
0.056427
0.026886
-0.020721
-0.080688
-0.075134
-0.096924
0.047272
-0.018463
-0.041229
0.003019
-0.030060
-0.061096
0.081970
-0.018005
-0.051575
-0.064636
-0.027679
0.015686
-0.037933
0.006973
-0.084473
-0.067749
0.064087
0.004166
0.033112
-0.058624
0.000685
-0.062683
-0.054810
-0.058044
0.012291
0.059998
0.028122
-0.085571
0.062622
-0.055054
-0.087952
0.071899
-0.037079
-0.086548
-0.034698
0.059540
0.051666
-0.028702
-0.020584
0.076660
0.101868
-0.068176
-0.040222
0.076721
0.015472
0.100220
0.030014
-0.057068
-0.007851
-0.093140
0.064514
-0.015671
-0.048462
0.012001
0.040649
0.005375
-0.040924
-0.079651
-0.008003
-0.057159
0.005013
-0.062805
-0.017853
0.049774
-0.052399
0.102661
-0.051605
0.028595
0.074402
0.043213
-0.089966
0.007397
-0.012474
0.010590
-0.036194
-0.006157
-0.070740
-0.079102
-0.050354
-0.004845
-0.069824
0.011307
-0.078735
0.019852
-0.003963
-0.007153
0.062317
0.093994
0.059814
-0.052155
-0.008095
-0.014076
-0.002655
0.073975
-0.062988
0.096436
0.070618
-0.066833
0.046143
-0.026932
0.021255
0.048004
-0.031738
0.046051
-0.001459
0.075928
-0.088440
0.087646
-0.010880
-0.034637
-0.084229
0.037476
0.034851
-0.060822
0.058685
-0.019409
0.071350
-0.013046
-0.026337
0.057526
-0.074097
0.068115
0.089600
0.100220
-0.035675
-0.070801
0.042938
0.036713
-0.020355
-0.041992
-0.032410
0.028503
0.057648
-0.038910
-0.044037
-0.090942
-0.054810
0.026672
-0.083252
-0.039368
0.118408
-0.089905
0.069946
-0.050232
-0.077942
0.021729
0.000473
0.046967
0.069763
-0.065369
-0.043671
-0.020218
-0.089294
0.030548
0.087585
-0.002121
0.031677
-0.034882
-0.011040
-0.060333
-0.056061
-0.071960
0.065125
0.097961
0.087402
0.076294
0.005257
-0.036926
0.094666
-0.003576
0.017197
-0.001604
0.072510
0.033051
0.014618
-0.059418
-0.075928
0.002991
-0.029388
-0.012718
0.018265
-0.058105
0.016754
0.075256
0.093811
-0.064758
0.083130
-0.060974
0.041656
0.007763
-0.005493
0.015617
0.009491
0.105164
-0.014351
-0.074219
-0.008949
-0.085571
-0.007618
0.066772
-0.016586
-0.031372
-0.074646
-0.014709
-0.046356
0.078430
0.068604
0.027603
0.057709
0.053131
-0.060791
-0.012299
-0.044861
-0.066650
-0.079590
0.008934
0.101868
0.013184
-0.061371
-0.061493
0.101135
-0.061462
-0.047028
-0.045197
-0.051941
0.037231
-0.044098
-0.030502
0.032135
-0.027176
0.033752
-0.031433
-0.017517
-0.035675
-0.076355
0.002119
0.054260
0.005219
-0.008240
-0.024002
0.005505
0.114807
0.018997
-0.026505
-0.042999
0.013702
0.006302
0.084778
0.063965
-0.069885
-0.024963
0.069824
-0.052246
0.069275
0.070374
-0.053192
-0.070923
0.085266
0.062439
-0.040833
0.022293
0.003870
0.081116
0.051514
0.025818
-0.007412
-0.015762
0.033630
0.012802
0.079346
-0.046051
0.035583
0.024979
-0.083191
0.050781
0.060547
0.038025
-0.014023
0.028091
0.042419
-0.020538
0.075745
-0.071045
-0.022705
-0.032440
0.091492
0.058929
-0.050293
-0.014496
0.039978
0.061737
0.043579
0.059326
0.069275
-0.082275
0.085510
0.054688
0.061554
-0.019806
-0.028473
-0.049347
0.078064
0.046326
-0.073914
0.019196
0.073364
0.068848
-0.031860
-0.035492
-0.012718
-0.005604
0.074585
-0.004440
0.026337
-0.060059
0.004707
-0.053253
0.071777
0.081909
0.033936
-0.015793
0.063049
0.073364
-0.039215
0.008713
0.015533
-0.070129
-0.001062
-0.014755
0.088745
-0.057251
-0.023239
-0.036041
0.035309
0.038666
-0.060303
-0.030533
-0.064941
-0.074036
0.101440
0.019730
0.007767
0.072388
0.051910
-0.022202
-0.074646
-0.046753
0.012413
-0.044708
0.089905
0.077576
0.000878
0.007381
0.115479
-0.023239
-0.039032
-0.034882
-0.002613
-0.064270
0.009171
0.063416
0.033997
-0.048370
-0.052155
-0.042389
-0.018265
0.026688
0.007229
-0.052887
0.013481
0.060730
0.090393
-0.032898
-0.035583
0.057373
-0.010277
-0.047607
0.046173
0.054626
0.057861
0.087952
0.016861
0.066284
0.040771
-0.069702
0.042938
-0.048859
-0.003214
-0.060272
0.030594
0.003395
0.037598
0.014015
0.085205
0.043549
0.018494
-0.009689
0.020142
0.042175
-0.014282
-0.043671
0.032318
0.006817
0.023132
-0.078674
-0.079651
-0.069214
-0.080750
0.079956
0.062256
-0.062134
0.040314
0.059509
0.031158
-0.068298
-0.040741
-0.023300
-0.065857
-0.038696
0.046509
-0.017670
0.009956
-0.005421
0.000343
-0.012093
-0.075012
-0.071960
0.010727
-0.044342
0.083801
0.005558
0.065002
-0.066162
0.086304
-0.047302
-0.000694
0.072388
0.011444
0.085144
0.051636
0.016602
0.028503
0.074707
0.067200
0.087646
0.052551
-0.072693
0.041138
-0.052399
-0.010551
0.043243
-0.067383
0.061127
0.041046
-0.078247
-0.018417
-0.061218
0.011124
-0.044647
-0.083618
0.022308
0.039825
-0.026367
-0.006512
0.046234
0.066345
-0.066650
0.081726
-0.027893
0.080688
0.055267
0.088623
-0.034943
0.072815
-0.063171
-0.016006
-0.039581
0.051270
0.011780
0.026581
-0.059052
0.079224
0.031677
0.066589
0.057251
-0.026474
-0.057037
0.051086
-0.077454
-0.015076
0.042480
-0.012177
-0.037567
0.091736
-0.010658
0.040833
0.031464
0.004143
-0.022308
0.022171
0.052399
0.067688
-0.032593
0.026016
0.061340
0.070740
-0.032379
0.031799
0.003653
-0.066223
-0.003857
0.078369
-0.085510
0.055634
0.095947
-0.017792
0.037659
0.066223
0.029648
0.021393
-0.018967
0.011795
0.001391
0.075256
0.078491
0.094238
0.012802
0.027130
0.059814
-0.006348
0.015732
0.032898
-0.030090
-0.028122
0.029999
0.032928
-0.071594
0.043762
-0.003132
0.055389
0.015915
0.082764
-0.033783
-0.076355
0.012184
0.059204
0.079346
0.074097
-0.067322
-0.048218
-0.034363
-0.031052
0.070496
-0.012726
0.025269
0.016327
-0.049774
-0.001070
0.018890
-0.022629
0.075684
-0.010338
0.023087
-0.057587
-0.013885
-0.016937
0.061890
-0.028015
-0.018677
0.050293
0.030869
0.034821
-0.062286
0.080139
0.002935
0.039642
0.044464
0.093140
-0.048065
-0.089050
-0.071716
0.065552
0.003843
0.053955
0.040527
-0.037933
0.072693
0.095093
-0.063721
-0.016312
0.076050
-0.068848
-0.080811
0.006836
0.095947
0.059601
-0.059814
-0.014450
0.021042
0.067932
-0.062439
-0.082031
-0.055206
-0.052521
-0.075500
0.009186
-0.053101
-0.043091
0.002621
0.050629
-0.013802
0.023712
0.019592
0.065247
-0.012001
0.013702
0.037994
0.030548
0.080383
0.053802
0.021378
-0.065674
0.056549
-0.000731
-0.039307
0.007462
-0.002277
-0.007778
-0.019363
-0.012207
0.019730
0.037689
-0.045959
-0.065247
-0.008675
0.034790
0.084290
0.079651
0.095032
0.072693
0.030609
-0.018875
0.079834
-0.018295
-0.006332
-0.046356
0.059784
0.024719
0.075623
-0.050171
0.044342
-0.031769
0.114685
0.009987
-0.087524
-0.027573
0.075378
0.020874
-0.031738
0.009903
0.027328
-0.014488
-0.049469
0.052399
-0.046936
-0.058197
0.094360
0.023315
0.004082
0.028397
-0.057587
-0.083435
0.073181
-0.084839
0.028168
-0.037018
0.047119
0.012535
-0.012421
0.022034
-0.043427
-0.063538
-0.039307
-0.046173
0.074341
0.013466
0.046753
0.016586
-0.081970
-0.064636
-0.056305
-0.056213
0.000373
0.069092
0.070312
0.079407
0.070312
0.081116
-0.013069
-0.032227
-0.062042
-0.016098
-0.019485
-0.041962
-0.025803
-0.027328
0.022980
-0.034729
0.050293
0.030075
0.011475
0.082581
-0.010818
-0.018463
0.032135
-0.033508
-0.076904
0.054749
-0.062408
-0.090698
0.104187
0.040344
-0.020981
0.054718
-0.031891
-0.043518
0.048248
0.083252
-0.084290
-0.021866
-0.004803
-0.008110
0.092957
-0.036163
-0.045288
0.061676
-0.048798
-0.079285
0.011024
0.085632
0.019424
0.019730
-0.032166
0.054230
0.058746
-0.033783
0.002876
0.083740
-0.033539
0.018845
0.015961
0.001561
-0.009819
-0.085022
-0.033783
0.008133
-0.027878
0.035767
-0.047363
-0.042511
-0.070251
-0.054535
0.037872
-0.063538
0.017029
0.039124
-0.028305
0.069763
0.053253
0.050934
-0.092590
0.001017
0.053192
-0.053558
0.042267
0.052246
0.047211
-0.044373
0.070190
-0.023758
-0.031143
-0.007229
0.077820
-0.047180
-0.078430
0.089111
0.070679
0.089966
0.060120
0.029205
0.008507
-0.006119
-0.029785
-0.087463
0.073669
0.004520
0.087036
-0.035675
-0.008553
-0.004261
-0.050293
-0.030594
0.077209
-0.004795
-0.088135
-0.030319
-0.079224
-0.014076
-0.068481
-0.069214
-0.041534
-0.013504
-0.031494
-0.049622
0.058075
-0.071167
0.083130
-0.024384
-0.009811
-0.012405
0.068787
0.068420
-0.055054
0.028503
-0.071289
0.040131
-0.015732
-0.095276
0.072144
0.033112
0.084778
0.080811
-0.083008
0.065979
-0.023941
0.000223
0.042816
-0.025024
-0.080139
0.030060
-0.021896
-0.000212
0.054321
-0.066650
-0.071533
0.076477
-0.055359
-0.040436
-0.045898
0.075134
0.101685
0.019806
0.021896
0.061005
-0.046692
0.060822
-0.037262
0.067139
-0.066345
0.066284
0.008095
0.069397
-0.019196
0.073425
-0.001982
-0.021957
0.042114
0.029373
-0.036499
-0.062073
-0.059143
0.007534
-0.003483
-0.029617
-0.027481
0.076965
0.017380
-0.057953
-0.008415
-0.071411
0.012329
0.030121
0.044708
-0.049500
-0.079041
0.090515
-0.001628
0.000771
0.001321
0.076538
0.032684
-0.023041
-0.034302
-0.059692
0.062378
0.038544
0.077942
-0.009384
-0.038483
-0.027054
0.042725
0.081177
0.014404
0.046173
0.060364
0.038513
-0.020081
-0.036926
-0.051270
-0.089783
-0.058350
0.050354
-0.104004
0.069824
0.057404
0.065796
-0.041565
-0.019089
-0.055511
0.067688
0.040863
0.060669
-0.042023
-0.034454
0.056244
-0.057281
0.057648
0.046692
-0.014900
-0.010719
0.056793
0.020752
-0.037354
-0.012146
0.074951
0.076416
0.080383
-0.065063
0.078247
0.056152
-0.060852
0.009499
-0.036713
0.020432
0.041565
-0.006550
-0.018250
-0.044739
-0.004852
-0.089539
0.048523
-0.059143
-0.050629
-0.042450
0.088318
-0.011635
-0.049957
-0.028229
0.094055
0.055145
-0.057404
-0.022964
-0.019287
-0.002203
-0.082581
-0.071960
-0.085876
-0.068359
0.025284
-0.045715
-0.040405
0.023758
-0.024979
-0.005985
-0.016815
-0.005470
0.088806
0.044037
0.041138
0.026016
-0.010490
-0.000063
0.030762
0.102966
-0.055298
-0.070740
0.003468
0.017929
0.055420
0.048309
-0.076721
-0.046936
0.047180
-0.084351
0.013718
0.004627
0.089050
-0.036896
-0.032410
-0.092102
0.032043
-0.015076
0.047455
-0.039581
0.102844
0.085632
0.016281
0.053406
0.039673
-0.037720
-0.084167
0.076355
0.028137
-0.065918
-0.046814
0.033081
-0.009682
-0.081299
-0.031921
-0.022598
0.055206
0.062744
0.022232
-0.036133
-0.071777
0.082886
-0.045135
-0.010124
-0.042358
0.054413
0.015854
0.048645
-0.079407
-0.053131
0.040802
-0.000753
0.057495
-0.003498
0.021881
0.085693
-0.006889
-0.088562
-0.080872
0.086487
-0.071106
0.092407
-0.024399
-0.009895
-0.050385
0.008942
-0.021835
-0.016434
-0.045288
0.008064
-0.058533
-0.056915
0.069580
0.037842
0.005211
0.079468
-0.041718
-0.058319
-0.067078
0.090820
0.048920
0.045288
0.052216
-0.002855
0.057220
-0.028427
0.079346
-0.018219
0.088196
-0.067505
-0.060669
0.034576
0.071472
0.073914
0.064209
0.027542
-0.026764
0.006508
-0.047333
0.014854
0.014732
0.086304
-0.050568
-0.043243
0.082214
-0.005638
0.004761
0.092957
-0.025177
0.027451
0.068054
-0.023376
-0.091309
0.084351
0.081909
-0.049957
-0.064209
-0.066956
0.024994
0.060791
0.042297
-0.043365
0.052979
-0.008949
0.042938
0.054352
-0.059265
-0.062500
-0.053864
-0.036285
-0.082458
0.022781
-0.086548
0.059052
0.007465
0.035492
-0.044769
-0.011459
-0.034668
0.027725
0.053375
-0.069885
0.087036
0.014473
0.002737
-0.090210
0.016174
-0.053986
0.099487
-0.038361
-0.063599
0.061707
0.033844
0.061401
0.026459
0.001297
0.081665
-0.032837
0.072449
0.056061
-0.000376
0.096069
-0.041840
0.036011
0.035431
0.020462
0.041565
0.073364
0.057281
0.055115
0.066467
-0.052063
0.088379
0.020157
0.043732
-0.056091
0.028458
0.006649
-0.013138
-0.044769
0.070923
-0.047821
0.001022
-0.008759
-0.053375
0.070740
-0.063599
-0.031204
-0.015205
-0.061340
-0.051453
-0.058716
0.048706
0.001961
-0.005951
0.084717
-0.004112
0.079163
-0.059265
-0.002796
-0.063782
0.015869
0.000310
0.019958
-0.001807
-0.017410
-0.034027
-0.077637
0.002636
0.056213
-0.105774
0.032776
-0.092163
0.091125
-0.011444
0.096375
-0.006664
0.049103
0.034912
0.055145
0.046875
0.046661
-0.025864
0.051819
0.075562
-0.029327
-0.010475
0.028259
0.030151
0.048065
0.039856
0.007294
-0.012390
-0.066406
-0.029755
-0.060364
0.084839
0.075073
0.082092
-0.009499
0.064026
-0.096252
0.055298
0.070557
-0.032684
0.020081
-0.008003
-0.052704
-0.011292
-0.080811
-0.037079
0.104980
-0.079041
-0.083557
0.041840
-0.058105
-0.060516
-0.057404
-0.083191
0.016632
-0.018250
0.080200
0.063232
-0.008041
0.002979
-0.007366
0.007004
-0.024261
-0.063538
0.069580
-0.034119
0.044861
-0.026550
-0.025558
0.026672
-0.046387
-0.016083
-0.069092
-0.049622
-0.030365
0.015053
0.004971
0.034973
0.002186
0.069702
-0.047394
-0.065613
0.002090
0.087769
0.070496
0.080505
0.075500
-0.022995
0.040436
-0.053253
-0.006058
-0.089294
-0.018021
0.023270
-0.020416
0.049927
0.034546
-0.012230
-0.089600
-0.072815
0.031769
-0.018509
-0.011192
0.041168
0.077637
0.070129
-0.046204
-0.078369
0.004726
-0.067749
-0.079285
0.048126
0.004276
0.038116
0.042664
0.071472
0.078430
0.021896
-0.003880
0.024445
-0.069580
-0.026291
0.005440
0.038208
-0.068359
0.047791
0.029724
-0.007927
-0.057861
-0.024292
-0.081177
-0.023392
0.019638
-0.067810
-0.014648
0.013565
0.086304
0.070129
0.015762
0.001929
-0.090698
0.070740
-0.020935
-0.001081
-0.006840
0.081665
0.030533
0.051483
-0.051361
-0.022659
-0.047028
-0.013344
0.055847
-0.041962
-0.084473
0.053925
-0.046936
-0.031464
0.079163
-0.070557
0.024307
-0.034271
0.014114
-0.033264
0.062134
0.011612
0.061890
-0.003563
0.062561
0.006866
0.069641
-0.000535
-0.022202
0.068176
-0.073853
-0.081360
0.024979
-0.006794
0.053955
-0.020630
-0.044006
-0.016434
-0.003012
0.030441
-0.006836
0.029953
0.057831
0.007496
-0.035645
0.055817
-0.006313
0.017334
-0.054291
-0.103333
0.043640
0.091614
-0.051331
0.014641
-0.070251
-0.026672
-0.029694
-0.002520
0.037262
0.043610
0.079651
-0.004292
0.038879
0.068909
-0.066833
-0.002373
0.031555
-0.006252
0.027954
0.045166
-0.000865
-0.045319
-0.023254
-0.061401
-0.009476
0.043365
-0.058624
-0.002747
0.050293
-0.042084
-0.040100
-0.054413
-0.004440
0.071655
0.091919
-0.020996
0.003944
0.066406
-0.021118
0.026840
0.058838
0.023544
-0.049744
-0.011299
0.050781
-0.033966
0.022476
0.085815
0.068054
0.012146
-0.047577
0.062866
0.029724
0.042267
0.064331
0.029663
0.074341
-0.007858
-0.039032
0.072632
-0.084045
-0.054871
0.000611
-0.010475
0.086487
0.049500
0.002029
0.008873
-0.077393
-0.051636
-0.041870
-0.001826
-0.051422
-0.074585
-0.054230
0.013519
-0.067810
0.072815
-0.037689
-0.006145
-0.001759
0.069275
0.054382
-0.082214
0.022202
-0.012573
0.037231
0.041962
-0.053131
-0.045074
0.005932
0.003517
0.016495
0.013542
-0.046051
-0.052826
0.087830
-0.069763
0.065735
-0.064697
0.081055
-0.014793
0.012138
0.084534
-0.037598
0.013168
-0.005032
0.079651
0.050568
-0.029510
0.075134
0.073425
-0.052063
0.053009
0.043579
-0.024872
-0.001327
-0.070007
-0.011238
-0.069397
-0.036560
-0.030716
-0.057495
-0.006531
0.061859
-0.029770
0.017197
0.041199
-0.026459
0.014122
0.008156
-0.019577
0.085266
-0.043945
0.070618
-0.025497
0.082520
0.048096
0.050140
-0.064697
-0.002333
0.055237
0.030075
0.028427
0.039154
0.022049
-0.010216
-0.076477
-0.006538
0.038300
0.007458
-0.069763
-0.063293
-0.013474
0.009850
-0.052307
-0.073792
-0.037476
0.047699
-0.038727
0.038757
-0.035339
0.065491
0.075562
-0.072937
-0.026459
0.002575
0.019424
0.023254
-0.022400
0.066833
0.042206
0.077087
0.014694
0.034027
0.078674
-0.009132
-0.017151
-0.086304
-0.067749
0.018570
0.086060
-0.002991
-0.072449
0.076721
-0.083435
-0.074402
0.053497
-0.058441
0.075867
0.082947
0.032959
-0.070862
-0.018784
0.012100
0.042938
0.028717
-0.003242
-0.033691
-0.093140
-0.017670
0.073425
-0.032867
0.080383
-0.075745
-0.027588
-0.034424
0.068970
0.041595
0.072083
-0.074463
0.010071
-0.045807
0.105225
-0.057068
0.028137
-0.006416
0.067322
-0.037476
0.091492
0.039734
0.024261
-0.048004
0.002295
-0.078613
-0.019196
-0.003212
-0.020401
0.068420
-0.010933
-0.074097
-0.072266
0.080688
-0.073242
-0.056274
0.012215
-0.011185
0.079895
-0.073547
-0.051788
0.007591
-0.034393
0.080505
-0.060120
0.103149
0.066040
-0.048248
0.038422
0.043732
0.100037
0.062317
-0.091248
0.032013
0.019379
-0.043976
-0.064941
-0.001277
0.011040
0.062988
0.029663
-0.012230
-0.040100
0.040253
-0.010071
-0.066101
0.020844
0.084717
0.061493
0.059875
0.006504
0.025284
0.067993
-0.066162
0.028809
-0.042328
-0.061951
-0.004635
-0.077881
-0.010696
0.015511
-0.050934
0.047791
0.055023
0.014076
-0.033752
0.051147
0.072144
0.086182
-0.000279
0.081055
-0.059204
0.071289
0.083984
-0.076599
-0.086182
0.070618
0.074890
-0.051422
-0.009529
-0.011734
-0.046722
-0.080688
-0.022430
0.043152
-0.017380
-0.068115
0.060211
-0.038849
-0.003563
0.059326
-0.047241
-0.045410
-0.012215
0.023636
0.062561
-0.036621
0.050323
-0.006580
-0.055786
-0.030899
0.023560
0.013817
-0.007942
0.009758
0.010994
0.001568
0.055298
-0.003235
-0.019760
0.033142
0.015732
0.000820
-0.058807
0.045410
0.037720
0.030304
-0.057861
0.033875
-0.004459
-0.006580
0.043610
-0.001021
-0.081848
0.053955
-0.052582
0.008278
-0.062378
0.038910
0.001810
0.041931
-0.084656
0.007164
-0.064026
-0.044464
0.062164
0.019882
-0.081604
-0.082642
-0.050598
-0.085388
-0.049316
0.007435
0.051300
0.047302
-0.089355
0.008156
-0.080139
-0.086182
0.012573
0.035950
0.088074
0.075378
-0.050446
-0.003258
-0.071777
0.067322
-0.026520
-0.022537
0.032227
-0.089844
0.033264
0.107300
-0.078674
0.007221
-0.045197
0.013252
-0.005966
-0.083618
-0.030334
-0.085266
0.008148
0.079651
-0.053711
-0.063538
-0.006878
-0.063477
-0.001382
0.035004
0.080627
-0.014961
0.012001
0.007595
0.012253
-0.076294
-0.006336
0.014603
-0.038330
-0.042175
0.019058
-0.059601
0.032776
0.081116
-0.062622
-0.086670
0.058289
-0.077209
0.046356
-0.025681
0.012589
-0.077148
0.023987
-0.052856
-0.002556
0.087646
0.061951
0.008957
0.001265
-0.051453
-0.001397
-0.078552
-0.070435
-0.058319
0.079895
0.032867
-0.058197
-0.047943
0.048279
-0.088806
-0.067810
0.012115
-0.061493
-0.067200
0.040649
-0.025360
0.049438
0.013351
0.033356
-0.019104
0.082703
0.036987
0.042297
-0.034485
-0.086121
-0.057129
-0.012352
0.035217
-0.072510
0.085388
-0.052917
-0.086304
-0.056519
0.026978
-0.009041
0.067566
-0.024094
-0.032349
-0.075562
-0.058075
0.089722
-0.009087
-0.002522
0.006180
-0.032684
0.060883
-0.053101
-0.091003
0.062866
-0.088867
-0.002495
-0.056519
0.048676
-0.033722
-0.071533
0.066711
-0.043854
0.027939
-0.001087
-0.078613
0.042908
-0.083679
-0.005398
-0.035980
-0.085693
0.062378
0.038818
0.093262
-0.051270
-0.049500
-0.046143
-0.015915
-0.067566
-0.051483
0.010185
-0.025925
0.058838
0.073975
0.079041
-0.024536
0.001175
0.041901
0.034485
-0.024399
0.015839
-0.001254
0.081482
-0.048767
-0.004322
-0.037842
0.015617
-0.009140
-0.018845
0.051788
0.052094
0.054779
-0.079346
0.011482
-0.085815
-0.062317
0.032593
0.031738
0.006042
0.065125
0.017960
0.068542
-0.009193
-0.043121
0.005638
0.033234
-0.084290
0.053253
0.058777
0.027054
-0.050751
0.000491
0.071716
-0.078308
-0.018738
-0.006905
0.024673
0.028687
-0.086914
-0.081482
0.046539
0.040405
-0.042114
-0.049133
-0.041534
-0.055939
0.005661
0.093689
0.061005
0.084900
-0.072388
0.031097
-0.023651
0.075134
0.072876
0.007553
0.053284
0.055847
0.076355
-0.024643
0.025452
-0.058838
0.031006
-0.028076
0.019562
-0.069153
-0.036774
-0.079468
0.091614
0.039978
-0.057251
0.089600
-0.018631
0.079163
0.089783
0.076172
0.078552
-0.057129
0.016312
-0.018692
-0.041168
0.070374
-0.041748
0.086487
-0.088379
0.059052
0.086975
-0.044434
0.018829
-0.012260
-0.053314
0.072388
-0.014854
0.059631
-0.073547
0.030685
-0.019623
-0.077637
0.053528
0.013977
0.029785
0.071838
-0.071594
0.010765
0.004196
-0.011421
0.019867
0.054138
-0.010353
0.041077
-0.004055
-0.062866
-0.071289
-0.014572
0.061920
-0.032043
-0.077515
0.061554
-0.017120
-0.018845
0.084412
-0.057373
0.061127
-0.067017
0.071594
0.042908
0.068726
0.024902
-0.078430
-0.048950
-0.078613
-0.014763
0.063721
0.015213
0.057129
-0.008148
-0.054474
0.012215
-0.007076
0.041046
-0.026840
-0.011986
0.081360
0.043213
-0.041626
-0.052094
0.042969
0.052429
0.077087
-0.016708
-0.084106
-0.020737
-0.067627
-0.074158
0.027176
-0.038544
-0.018204
-0.035583
-0.003408
0.052368
0.060669
-0.005623
0.072510
0.033356
-0.019791
0.029495
0.020432
0.040436
-0.035645
0.049957
-0.054260
0.010887
0.036316
0.053101
0.010635
-0.060944
0.015747
-0.075928
0.029007
-0.067200
0.028076
0.038940
-0.059906
0.077637
0.059937
0.009109
0.041748
-0.085449
-0.040619
-0.061310
0.034302
0.040497
-0.045197
0.054993
0.015930
0.072815
-0.019608
-0.054352
0.046600
-0.068848
-0.082458
-0.101990
-0.043762
0.080627
0.060883
0.045197
-0.000151
-0.065918
-0.036469
0.091492
-0.043060
-0.058441
0.043732
-0.090759
-0.027206
-0.081970
0.027878
-0.067627
0.069153
-0.017944
0.010033
0.058289
0.046143
0.087097
0.067749
-0.075989
-0.019150
-0.087402
-0.075317
0.040192
-0.003084
0.034302
0.077576
-0.091003
-0.078613
-0.091797
-0.102295
0.077515
-0.013710
-0.052277
0.085754
-0.045074
0.074280
0.068176
0.029022
0.059662
-0.011795
-0.055634
0.006607
-0.062622
-0.030136
-0.075439
-0.060577
0.011391
0.066589
0.030060
-0.011406
-0.083313
-0.045135
0.004009
0.038330
-0.102844
-0.020035
-0.014473
-0.042419
-0.010559
-0.043884
-0.064880
-0.041962
-0.010269
-0.013329
0.010719
-0.022141
0.091248
-0.085327
-0.041382
0.061035
0.084473
-0.074219
0.077637
-0.027725
-0.011215
-0.047424
0.002071
0.065308
-0.009331
-0.073608
0.060944
0.009682
0.003441
0.036102
0.076599
-0.085327
-0.034393
0.085632
-0.043793
-0.078003
-0.036285
0.007889
0.018250
0.024887
-0.013206
-0.027512
-0.047699
0.068970
0.049408
0.042480
0.047821
-0.086853
-0.053955
-0.018539
0.038391
0.041779
-0.016434
0.046722
-0.027069
-0.071045
0.070496
-0.041626
0.032593
0.024658
-0.056702
-0.005959
-0.044952
0.059235
0.040833
0.043579
0.035217
-0.066956
-0.039581
-0.025269
0.076599
0.048279
-0.026672
-0.028503
-0.033936
0.000385
-0.082825
0.013779
0.030792
-0.081177
-0.036957
0.057098
-0.059326
-0.001965
0.054596
-0.080811
-0.083069
0.025391
-0.017288
-0.078308
-0.066345
-0.045807
-0.049957
0.083984
0.018951
-0.085388
-0.054718
0.031647
0.079895
0.080933
0.046875
-0.013779
0.039490
0.035522
0.037720
0.068909
-0.076965
-0.027176
-0.059357
-0.081543
0.042267
0.085388
0.088867
0.064819
-0.045532
0.090210
-0.048187
-0.080688
0.066895
-0.044708
-0.078552
0.067932
0.006512
0.062988
0.043182
0.077148
0.044006
0.026550
0.009109
-0.055939
-0.067200
-0.058685
-0.018875
-0.025955
-0.042114
0.071716
0.032379
0.012665
-0.014397
-0.075684
0.062927
0.006844
-0.093018
-0.057678
-0.002605
-0.033020
-0.005791
0.089844
0.071228
-0.069458
-0.068970
-0.022461
-0.073120
-0.003273
-0.037537
-0.080688
-0.094788
0.054901
0.071716
0.009331
-0.006786
-0.041229
0.053314
-0.064819
0.079285
0.003389
-0.010353
0.011116
-0.070618
0.048248
-0.069336
-0.016525
-0.090576
0.036713
0.018921
-0.043488
-0.055328
-0.085510
-0.027786
0.070068
-0.077271
-0.056030
-0.024597
-0.085510
0.033722
-0.007465
-0.003906
0.034119
-0.077881
-0.073364
0.017166
-0.057312
0.040680
-0.019455
-0.044189
0.037720
0.062073
0.090759
-0.012657
-0.022263
-0.040863
0.038757
-0.019913
0.064331
0.048645
-0.037109
-0.037384
-0.070374
-0.046265
-0.042572
-0.043823
0.069763
0.069824
-0.055725
0.023727
-0.070496
0.038330
-0.035370
-0.027206
-0.000653
0.034302
-0.029922
0.053436
-0.085754
0.037384
-0.070129
-0.004230
-0.008575
0.052643
0.084412
0.082031
0.076538
-0.014740
0.017563
0.044678
-0.011154
0.076355
0.046539
0.028564
-0.058563
0.077759
0.060760
-0.005535
0.017502
-0.019043
-0.056335
-0.076172
-0.064270
0.016891
0.022400
-0.009445
-0.036682
-0.048492
0.012138
0.045105
-0.040222
0.006123
-0.059875
0.044067
0.028961
-0.073730
0.033081
-0.011055
-0.074768
-0.016281
-0.062805
-0.038605
-0.082947
0.033875
-0.069214
0.088379
0.016861
-0.084045
0.085022
-0.059326
-0.080322
-0.050385
0.079590
0.020676
0.084534
0.071106
-0.057190
0.065552
0.036255
0.019897
0.072510
0.086243
-0.031769
-0.028931
0.044159
-0.006283
0.046051
0.051941
0.033813
-0.011650
0.028320
0.074463
-0.006565
-0.027710
0.075439
0.052094
0.005131
-0.032684
0.061005
0.004044
0.045624
-0.030273
0.082642
-0.000948
-0.062622
-0.032379
0.031128
-0.022400
0.050079
-0.039520
-0.053802
0.040466
0.009605
0.082825
-0.055542
-0.044708
-0.072754
0.048401
0.006531
0.030243
-0.006447
0.082581
0.001378
-0.083435
0.044220
-0.082825
0.056976
0.069946
-0.021317
0.075073
0.041626
-0.021179
0.068787
0.012177
-0.049103
0.036591
0.052490
0.068298
0.047394
0.011711
0.080994
0.066162
-0.067627
-0.036163
0.005203
0.089661
0.018845
0.080566
0.073547
0.070740
-0.056885
-0.043945
0.066833
-0.060028
0.050751
0.026855
-0.009468
-0.034210
-0.073730
-0.014015
-0.029663
-0.027008
-0.068726
-0.000341
0.073303
-0.068359
-0.082153
0.017319
0.093201
0.027771
-0.082397
-0.080261
-0.008018
0.061035
-0.006699
-0.079529
0.036102
-0.017044
-0.026733
0.008560
-0.052185
0.040497
-0.069580
0.068054
-0.018326
0.085571
0.033600
0.085693
-0.082092
0.064270
0.032715
-0.078064
-0.049683
-0.049713
-0.036255
0.004486
0.046448
0.048981
-0.045074
-0.066406
0.045959
-0.031281
0.067383
-0.024796
-0.024780
-0.051086
0.086182
0.047211
-0.029602
0.024582
-0.072754
-0.058472
0.024948
0.051971
-0.022293
-0.010048
0.005905
-0.011101
0.062500
-0.032440
0.014427
0.078674
-0.058441
-0.043060
-0.058838
0.060547
0.026550
-0.075256
0.032898
-0.069275
-0.027084
0.080505
0.053467
-0.052246
0.013710
-0.023346
-0.078857
0.060608
0.042236
-0.014854
-0.081909
-0.050537
0.042175
0.035156
0.064453
-0.070007
0.011528
0.034363
-0.050262
-0.030457
0.061310
0.084656
0.038361
-0.006363
0.069092
0.018753
-0.009628
-0.038269
-0.044403
0.064941
0.064453
-0.049438
0.051483
0.004768
0.060089
-0.036621
-0.066467
-0.013496
-0.042877
-0.009758
0.029617
0.014236
-0.045898
0.032288
-0.081726
0.013298
0.039520
0.082458
-0.036469
-0.082947
0.055786
0.096741
0.045074
0.089172
0.033569
-0.026840
-0.064880
0.067688
0.055481
0.060333
0.005531
-0.010414
0.023407
-0.059692
0.064331
0.039612
0.076050
0.054321
0.063965
-0.075623
0.004040
-0.014404
-0.048889
0.046997
0.065796
-0.069641
0.014275
-0.072632
0.045959
0.050995
0.054871
0.037567
0.039978
0.042053
0.044312
-0.030121
0.063599
-0.035736
-0.073547
0.016632
0.040161
0.062622
0.069580
-0.035370
0.048615
0.089172
-0.031830
0.068665
0.020523
-0.022339
-0.075684
0.077454
-0.002808
-0.005268
0.011574
-0.050964
0.033478
0.050934
0.067444
-0.029175
0.078735
0.061584
-0.069214
-0.025284
0.020523
-0.044067
0.069641
0.045105
-0.074402
0.012108
-0.080566
-0.036835
-0.079468
-0.059509
0.056183
0.051575
0.078613
0.036377
0.080322
0.038727
-0.029648
-0.057892
0.004902
-0.053375
0.036804
-0.048187
-0.062103
0.012581
-0.042664
0.065186
0.052032
-0.016571
-0.046539
-0.029404
-0.029663
-0.030441
-0.070801
0.084473
-0.079407
0.049072
0.022034
-0.037018
0.004051
0.044586
0.012550
0.076538
-0.065857
0.089172
0.038483
0.084045
-0.061829
-0.030014
-0.045715
-0.029373
-0.082336
-0.019699
-0.082397
0.061768
0.012016
0.037598
-0.061646
-0.059174
-0.075500
-0.037262
-0.002201
-0.057312
-0.090027
0.083313
-0.038879
-0.089539
0.082886
0.036530
-0.009743
-0.071716
-0.040314
-0.030289
0.085205
-0.085510
0.075867
-0.018921
-0.056366
-0.066040
0.002384
-0.042786
0.044189
-0.005360
-0.003717
0.042603
-0.052979
-0.057434
-0.014145
-0.049255
0.059967
0.078979
0.069519
0.063293
0.065735
-0.045044
0.067993
-0.094543
-0.030792
0.060486
0.085083
0.011139
0.084351
0.034180
0.019196
-0.054291
0.017014
-0.075806
-0.055267
0.040558
-0.029083
0.007744
-0.060577
-0.012138
0.063782
-0.084473
0.034729
0.008896
0.076782
0.001785
0.059937
-0.012878
-0.073242
0.053345
0.057495
-0.032532
-0.087402
0.001215
-0.060272
0.076233
-0.054993
-0.064575
-0.022339
-0.072937
-0.089478
-0.072754
-0.069153
-0.064758
0.019547
-0.081787
0.025116
-0.055145
-0.024612
-0.070251
-0.061127
-0.031647
-0.062042
-0.077759
-0.080566
-0.028671
0.068726
-0.043182
0.008064
0.044189
-0.030197
0.018372
0.038544
0.021988
-0.013451
0.064636
-0.054169
0.028458
0.020691
-0.039429
-0.074097
0.003447
-0.026535
-0.083557
0.062500
-0.005596
-0.036987
-0.009079
0.046600
0.021362
-0.056427
-0.004681
0.036163
0.064331
-0.042206
-0.024002
0.054474
0.018311
-0.026855
0.028046
0.013199
0.043182
-0.044189
0.016251
0.025940
-0.003622
0.010895
0.070190
0.003111
0.063965
-0.068359
0.026855
-0.069031
-0.022980
0.066895
-0.040894
0.066956
0.029449
-0.059998
-0.042297
0.084045
0.057892
-0.021149
0.071838
0.007122
0.029770
0.004387
-0.056610
0.059052
-0.003378
-0.072754
0.004509
-0.044586
0.006927
-0.065063
-0.049347
-0.019608
-0.014427
0.029297
0.045288
0.059021
-0.046722
0.070129
0.050049
0.051239
0.040009
-0.072693
0.018051
-0.021698
-0.018784
0.051941
0.021576
0.024765
0.013580
-0.062927
0.022385
0.044830
0.034271
-0.021530
0.000278
0.007267
0.014534
0.021988
-0.057861
0.078674
-0.025299
-0.015602
0.055908
0.048523
0.076843
-0.009537
-0.004677
0.001812
0.076782
-0.009140
0.032257
0.058136
-0.076416
0.029739
-0.054352
0.071899
0.054199
0.034210
-0.054718
0.062378
-0.017441
-0.060059
-0.090454
-0.079285
0.036377
-0.083069
0.039337
-0.025589
-0.058105
-0.038086
0.007538
0.072876
-0.085144
-0.086121
0.027359
0.053070
0.021133
0.060974
0.036255
-0.026413
-0.037689
-0.026215
0.021088
-0.025925
0.046844
-0.059540
0.026978
0.040070
-0.033905
-0.027023
0.043182
0.014549
-0.006634
0.026184
-0.058105
-0.014633
0.052704
0.050568
-0.076782
-0.005367
-0.018036
0.035583
0.011185
0.041107
0.002142
0.060852
-0.034546
-0.088440
0.036438
0.021347
-0.064514
-0.023926
0.003340
-0.025070
0.091797
0.081238
0.038086
-0.015945
-0.006859
0.074158
0.080872
0.009010
0.032318
0.043243
0.066284
0.018829
0.046295
0.041534
-0.079773
0.017853
-0.026215
-0.015732
0.003685
-0.016327
-0.079834
0.018875
-0.032349
-0.044952
-0.018707
-0.052795
0.001857
0.014336
0.084656
-0.061737
-0.081482
-0.092712
0.028931
-0.073486
-0.057373
0.068726
-0.066528
0.049988
0.044800
-0.072632
-0.084229
-0.095520
0.021378
-0.001721
-0.056488
-0.054382
0.008789
-0.076843
-0.026108
0.055023
-0.021820
0.022766
0.010841
-0.028961
-0.037567
0.038391
-0.004562
0.050537
-0.067444
0.104126
0.014900
-0.005577
0.064270
0.054321
-0.043610
0.039795
-0.075867
-0.009087
0.041931
0.043518
-0.004257
0.097961
0.014145
0.064575
0.032959
0.007889
-0.067566
0.008080
0.009422
0.052917
-0.067566
-0.082581
-0.062683
0.062683
0.014145
0.055054
0.008125
0.029449
-0.014465
-0.018158
0.002974
-0.006878
-0.086121
-0.088013
-0.014603
0.037476
0.083862
-0.005211
0.022247
0.031403
-0.058533
0.054321
-0.046906
-0.096130
0.064941
0.067993
0.073730
-0.035065
-0.068542
-0.063721
-0.007263
0.047485
-0.035950
-0.050781
0.021210
-0.057953
-0.087952
0.023819
0.022263
0.070068
-0.053925
0.057678
-0.001328
-0.076782
0.009911
0.002548
-0.022842
0.072510
0.054535
-0.030518
0.049683
0.081970
0.043793
-0.102051
-0.063171
0.004559
-0.014351
-0.044830
-0.048798
-0.036163
-0.069885
-0.078491
0.021896
0.113770
0.060181
0.052399
-0.072693
0.048370
-0.035034
0.036285
0.058197
-0.012894
-0.069275
0.036102
0.015823
-0.082031
0.084534
0.092102
-0.013939
0.067871
-0.077942
-0.070984
-0.011223
-0.017273
0.054779
0.041626
0.062927
0.049347
0.003246
0.064392
0.009773
-0.045715
-0.036163
-0.076721
-0.030426
-0.016190
-0.081055
0.045776
-0.000402
-0.039703
0.000582
-0.011513
-0.057587
-0.000199
0.031921
-0.029785
-0.043121
0.035095
-0.069397
0.055725
-0.017761
-0.046143
-0.001515
-0.069763
0.055328
0.012291
-0.034576
0.026459
0.087280
-0.062683
-0.055054
-0.062561
-0.048248
0.007336
-0.093140
-0.060577
-0.047913
0.072083
0.054749
-0.011505
0.039459
0.027359
-0.041046
0.062927
0.096008
-0.013794
-0.010887
0.014519
0.028107
-0.061646
0.031342
-0.054688
0.010193
-0.005737
0.000524
-0.077393
-0.079712
0.068542
-0.018753
0.017090
-0.056030
0.070984
-0.075012
0.036560
0.047028
-0.048889
-0.024551
-0.032501
0.059357
-0.064575
0.042175
0.055145
0.062103
0.038605
-0.051971
-0.055176
0.107788
-0.029709
0.047516
0.033936
0.026001
0.055511
-0.010780
-0.040161
0.029938
0.079163
-0.034668
0.043060
0.082581
-0.080994
-0.019257
0.016861
-0.089355
-0.078125
-0.087769
0.038727
0.058228
0.044952
-0.073669
0.037354
0.040100
-0.045288
0.066345
0.052124
0.014381
-0.071899
0.025543
-0.050049
-0.053314
0.071655
0.026642
0.029099
0.084167
0.036102
0.026276
-0.063477
-0.016907
0.052094
-0.063904
-0.050049
-0.067505
-0.006981
-0.070740
-0.018860
0.045868
0.086365
-0.087463
0.085938
0.047455
-0.008896
-0.082336
-0.073669
-0.071838
-0.027847
-0.053040
-0.088257
0.008438
0.058990
-0.035980
0.066345
-0.045624
-0.022324
-0.028198
0.050690
-0.020416
-0.077515
0.042450
-0.057648
-0.030548
-0.024643
-0.066345
-0.088501
-0.042480
0.034485
-0.073120
-0.011192
-0.064514
0.070862
0.021835
-0.008507
-0.044708
0.023163
-0.042480
-0.073730
-0.048553
-0.009468
0.041595
-0.003500
0.057251
0.075256
0.018616
-0.044586
-0.056183
-0.050415
0.042603
-0.003403
-0.062805
-0.000575
0.046265
-0.022934
-0.002121
-0.067139
-0.024857
0.043610
0.071472
0.089050
-0.024445
0.041656
-0.043610
-0.049561
-0.083679
0.086853
0.076416
-0.077271
0.065613
0.001711
0.050659
0.055145
-0.082642
0.051392
0.014450
-0.032715
0.016296
-0.032288
0.038849
0.067017
-0.025116
-0.047363
-0.009773
0.082520
-0.076294
-0.041138
0.061066
0.011154
-0.022156
-0.059631
0.024780
-0.062866
-0.062744
0.005341
-0.037598
-0.055420
-0.006203
-0.081543
0.030640
0.012215
0.045349
-0.060791
0.002562
-0.073059
-0.080200
-0.008888
0.039734
0.070557
0.066345
0.030838
-0.019363
0.004547
-0.052979
-0.074402
0.015213
-0.013435
0.035126
0.033875
-0.073730
0.069519
0.043640
-0.025558
0.022507
-0.072388
-0.057343
-0.051819
0.025650
-0.049774
0.039917
-0.066711
0.024246
-0.005211
0.084595
0.022430
0.003609
-0.037323
-0.026138
-0.030991
0.031647
0.046753
0.060730
-0.069824
0.044861
-0.057037
-0.028839
-0.052185
0.037170
-0.034668
-0.005699
0.068970
0.008247
0.020660
0.071838
0.069885
-0.048645
0.062439
0.047485
0.078735
0.050964
-0.002382
-0.061279
0.086121
0.101257
-0.073303
-0.064148
-0.046265
-0.060089
0.023056
0.002024
-0.059021
-0.010452
0.017517
-0.059479
-0.000019
0.049316
0.044037
0.011230
0.061554
0.049286
-0.055206
-0.043518
-0.052887
-0.020554
-0.005142
0.058075
0.004982
-0.031082
-0.025208
0.021698
-0.033997
0.069031
0.023956
0.089783
0.066895
-0.048431
0.033081
0.010681
0.054382
-0.031372
-0.008408
0.080994
-0.091614
0.078613
-0.058655
-0.013199
0.088928
-0.068420
0.070374
0.080505
-0.060608
0.023148
0.068542
-0.071716
-0.051727
0.065857
-0.003139
-0.016510
0.056396
-0.029236
0.073242
-0.010757
-0.045013
-0.026413
0.028961
-0.038727
0.037964
-0.013878
-0.080566
0.086182
0.035706
-0.075684
-0.025848
0.091309
0.038849
0.075378
-0.028732
-0.048401
0.061401
-0.027344
-0.031891
-0.015190
0.004101
-0.046539
-0.066956
-0.036163
0.027756
0.077209
0.058655
-0.044556
0.061249
0.062439
0.084412
-0.005459
0.014664
-0.078796
-0.020370
-0.057922
-0.037445
0.040771
-0.005470
-0.068115
0.061859
-0.048035
0.007763
0.099548
0.073853
-0.023926
0.065308
0.010284
-0.036224
0.046906
0.039093
0.055695
0.023041
0.020401
-0.063904
-0.061981
-0.072632
0.061340
-0.079956
0.039520
-0.049652
-0.052368
-0.080811
0.031281
-0.069092
-0.023590
0.000692
0.058044
0.058960
-0.006218
-0.016464
-0.029510
-0.040894
0.093628
0.034332
-0.063843
0.014923
0.023315
-0.025269
0.045441
-0.077698
-0.079834
-0.046204
-0.025894
0.051971
0.009827
-0.027405
0.087646
-0.020889
-0.010132
0.044952
-0.014435
0.051971
-0.010284
0.014099
-0.057251
0.004929
0.036896
-0.093018
-0.015450
0.043854
-0.062500
-0.061584
-0.075867
0.036469
0.031952
-0.080872
-0.033417
0.054688
-0.074341
0.022873
-0.069885
-0.021805
-0.051178
0.013885
-0.003092
-0.065491
0.031952
-0.010857
-0.036102
0.078857
0.053528
0.045380
-0.017456
-0.058319
0.015945
0.063904
0.073486
0.011818
-0.065552
-0.093628
-0.001187
-0.035858
-0.069824
-0.029053
0.006664
-0.032562
-0.039185
0.017868
-0.027771
0.075195
-0.083923
-0.000997
-0.014099
-0.039490
-0.016220
0.058228
-0.051758
-0.070251
0.072571
-0.077026
0.076721
0.071350
0.068542
0.036713
0.016312
-0.016907
0.026840
0.026779
-0.059692
-0.037811
-0.080566
-0.076538
-0.049927
0.006241
0.050049
-0.083557
0.061829
0.084900
0.074951
-0.039368
-0.035217
-0.080627
0.053162
0.075012
0.049652
-0.015747
-0.050812
0.043793
0.038239
0.065430
0.043335
-0.063293
-0.059143
0.041412
0.075562
-0.032959
-0.057281
-0.029449
0.023117
0.031647
-0.086609
0.022461
0.081055
0.052704
-0.083191
-0.047607
-0.013573
-0.010674
-0.021149
0.036407
-0.004269
-0.013519
-0.030273
0.026062
0.038361
-0.039062
-0.070129
-0.066833
-0.023010
0.002600
-0.038605
0.002256
0.033600
-0.001789
-0.075500
-0.070862
-0.030396
-0.029694
-0.032928
0.058899
-0.022415
0.101685
0.019073
0.078613
0.064636
0.038116
-0.030334
0.036041
-0.057220
-0.007133
0.057770
0.028259
-0.054321
-0.018188
-0.029266
-0.011780
0.039154
-0.025574
0.070557
0.056946
-0.024826
-0.050293
0.003235
0.031281
-0.029663
0.055084
-0.038269
0.057861
-0.082458
-0.088196
-0.065918
-0.003979
-0.054993
0.024887
-0.065430
-0.011047
-0.007145
-0.068420
-0.071167
-0.036469
-0.003214
0.056915
-0.044556
-0.010223
0.070190
-0.076050
-0.070923
-0.022629
-0.056183
-0.032318
-0.063110
-0.016083
0.074768
0.001396
-0.032684
-0.071594
0.005844
-0.092896
-0.020523
-0.076843
-0.068359
0.035004
0.008560
-0.056641
0.069458
0.054413
-0.013985
0.059509
0.003878
0.049591
-0.028595
0.033539
0.074768
-0.062164
-0.067322
0.025574
0.039276
-0.073547
-0.019211
0.026886
-0.064758
-0.062408
0.054474
0.065979
0.064148
-0.059662
0.012321
0.035797
-0.058380
0.014664
-0.066833
0.095520
0.005074
-0.016220
-0.077881
-0.060333
0.006817
0.064087
0.020721
0.098328
0.029388
0.072144
-0.030289
0.014847
-0.064636
0.052551
-0.039276
0.067139
-0.059540
-0.038147
0.076294
0.007572
-0.035248
0.016266
0.053467
0.071106
0.051941
0.081177
0.022522
0.035248
0.041809
0.013832
-0.031677
0.073608
-0.086060
-0.057983
0.096252
-0.060852
-0.029434
-0.022507
0.015762
-0.080811
-0.067383
-0.043274
0.013725
-0.036133
-0.090332
0.010429
-0.075867
-0.025177
-0.063904
0.015930
0.041687
0.002722
-0.037292
0.003273
-0.050659
-0.082336
-0.008942
0.030136
-0.057495
0.006908
0.008682
-0.088623
0.031433
-0.072571
-0.091492
0.071777
0.051086
-0.100220
0.058838
-0.017365
-0.059509
0.036865
-0.063538
0.061310
-0.015038
0.023392
-0.000741
0.025085
-0.033325
-0.000883
0.007595
0.109009
-0.077637
-0.055359
-0.005657
0.019012
-0.040314
-0.093567
-0.018250
0.045532
-0.058258
0.089539
-0.037811
-0.096924
0.090820
-0.083618
0.027573
-0.063171
0.023666
0.064697
-0.093079
0.058502
-0.063354
0.046295
0.025146
-0.071411
0.063538
-0.017746
-0.011436
-0.005276
-0.044617
0.022156
0.060425
-0.068359
-0.038666
-0.052032
0.031860
0.038635
-0.036530
-0.078979
-0.024994
0.078674
0.032074
-0.058228
-0.067932
0.024231
-0.064392
0.024399
-0.000466
-0.021744
-0.073792
-0.013023
0.066223
-0.019180
-0.079834
-0.029953
0.083313
-0.093750
0.011993
0.012505
-0.076233
0.041748
-0.012054
-0.001329
-0.070801
0.015266
0.037384
-0.008240
0.035248
0.029984
-0.028702
-0.077637
-0.011856
0.024918
0.063904
-0.082825
0.001970
-0.076599
0.055206
0.041565
-0.074097
-0.084106
0.045349
-0.070251
0.024490
-0.046204
0.065125
-0.037628
-0.001302
0.086548
-0.052582
0.004276
0.055023
-0.037384
0.028442
0.080811
0.075623
-0.054474
-0.011520
-0.026108
0.070251
-0.036957
0.020462
-0.024673
0.030594
-0.040161
-0.067017
0.070801
0.011978
0.070129
0.063782
0.076477
-0.047058
-0.070007
-0.077393
0.092346
-0.023682
0.068726
-0.015190
0.079773
-0.082947
-0.000927
0.084900
-0.024109
0.033875
0.032867
0.007530
-0.046936
0.010620
0.068359
-0.013817
-0.047424
-0.032349
-0.084045
-0.059570
-0.013100
-0.066284
0.036957
0.009712
-0.034790
-0.067810
-0.027969
0.076721
-0.043549
-0.063721
-0.081055
-0.063660
-0.075562
-0.065002
0.077576
-0.046692
0.015823
-0.070984
0.075012
0.028931
-0.066223
0.000455
-0.064941
0.050568
-0.072632
0.050171
0.047241
-0.036926
0.063354
0.072021
0.020813
-0.039703
-0.045959
-0.081665
0.072571
-0.001700
0.090576
-0.042816
-0.065491
-0.043518
-0.060944
0.050629
-0.000859
0.035950
-0.013901
0.076538
-0.014252
0.094727
-0.013618
-0.051636
-0.014992
0.073547
-0.004612
-0.010277
0.089539
-0.079895
0.029495
-0.091736
-0.053589
-0.015038
-0.021912
-0.011391
0.053314
-0.017853
-0.026642
-0.037262
0.080444
-0.093445
0.075928
-0.042236
-0.036133
0.060791
0.030045
0.044189
-0.076172
0.079712
-0.083496
0.006790
0.054535
-0.002045
0.069153
0.070679
0.035217
0.041962
-0.061157
0.104187
0.035034
-0.027359
0.056519
0.028809
0.065735
0.085938
-0.048950
0.045349
-0.049622
-0.035217
-0.007732
-0.068909
0.074097
-0.056702
-0.049652
0.084106
0.044312
-0.040955
0.015106
0.107300
0.064880
-0.065002
-0.026871
-0.005802
-0.053436
-0.026062
-0.063477
0.089844
0.069824
0.072205
0.101440
0.041321
-0.004910
0.088684
-0.069702
0.096436
-0.045532
0.078186
0.007141
0.046509
0.039032
-0.028931
-0.069397
0.060577
0.056091
-0.043976
-0.007256
0.035583
-0.028229
-0.050446
-0.061401
-0.066406
0.103882
-0.047363
0.026291
0.052979
0.015350
-0.062683
0.015869
-0.084595
0.018341
-0.032501
0.056732
-0.043549
0.067932
0.043549
0.039795
0.049744
0.023926
0.003555
-0.029633
-0.034210
0.043427
0.073853
0.076233
0.050568
0.070496
0.025024
-0.079468
0.055939
0.067627
-0.046997
0.062256
0.076538
-0.056641
0.084717
0.027710
0.010712
0.034180
-0.065430
-0.013916
-0.010071
0.006653
0.035889
0.026657
0.007648
0.078369
-0.069641
-0.069031
0.040314
-0.070129
-0.072083
-0.060638
-0.002773
0.035126
0.049774
-0.082520
-0.038422
-0.023743
-0.001122
-0.046326
0.022888
0.026505
0.032776
0.020142
0.009361
-0.032043
-0.032227
-0.011177
-0.001445
0.026535
0.023956
-0.078369
0.019470
0.083313
-0.033600
0.060303
0.014214
0.022079
-0.036499
0.054413
0.004089
-0.076843
-0.004475
0.031113
-0.003618
0.073059
0.081848
0.019531
0.054077
0.061890
-0.069336
0.021545
0.055756
0.002678
-0.042236
0.044159
0.068115
0.010559
-0.017120
0.024017
-0.009552
0.021591
-0.014893
0.091248
-0.011551
-0.065796
0.036957
-0.016159
0.085632
0.043915
-0.027267
-0.012695
-0.010155
0.026718
0.063232
-0.071289
-0.010872
-0.072754
-0.055603
-0.015884
0.081909
-0.009666
-0.017136
-0.049133
0.032684
-0.049286
0.060638
0.067444
0.043182
-0.042603
-0.052338
0.050171
-0.030807
-0.088806
-0.046661
0.058105
0.072876
-0.079651
-0.032684
0.040436
0.031616
0.001220
-0.014824
-0.026398
0.070374
-0.063110
0.008301
0.005035
0.023132
-0.041016
-0.041595
-0.029800
0.082275
0.057922
0.081177
0.026520
0.022629
-0.019409
-0.014885
-0.044373
0.002884
0.059937
0.089478
-0.045746
0.011139
0.015022
0.064453
0.021469
0.019684
0.031464
-0.021530
0.035248
0.057190
0.004444
-0.064209
0.005177
0.088928
-0.079834
0.023087
0.017685
-0.072815
0.036224
0.067749
-0.011894
-0.052399
0.046875
-0.033905
0.051117
0.084961
0.070374
0.009697
0.038361
-0.088745
0.004852
-0.058990
-0.022568
0.078979
0.043213
-0.075439
0.013756
0.059052
-0.009163
0.063660
-0.001851
-0.058411
0.070312
0.064270
-0.083191
-0.022232
-0.060425
0.011490
0.039856
0.037201
-0.080994
-0.028091
-0.047058
0.046234
0.050812
0.027832
-0.074219
-0.004841
0.010887
0.029236
0.023758
0.025681
-0.029419
-0.034454
-0.035187
-0.078674
-0.067871
0.014984
-0.055267
0.055084
-0.001004
-0.005161
-0.024658
0.021622
0.086365
0.023148
-0.038086
-0.030380
0.053284
0.030807
0.070862
-0.034760
-0.026764
0.062103
0.051849
0.081238
-0.041321
-0.040894
0.069275
0.007790
0.029068
-0.081909
0.032227
-0.043823
-0.011711
-0.027908
0.091309
0.045654
0.051422
0.088684
-0.020203
0.043762
0.009903
-0.077576
-0.027466
-0.004040
-0.069641
-0.039581
0.039612
-0.054291
0.038971
-0.032990
0.082886
-0.080078
-0.007927
0.006691
0.048553
0.061493
0.080444
0.001208
0.055267
-0.003674
0.015213
0.064392
-0.025909
-0.045776
-0.072388
0.068298
0.083557
0.017273
0.090942
-0.046326
0.054688
0.089783
-0.000486
0.048492
0.048279
0.009392
-0.009773
-0.066711
-0.076782
0.041901
0.042419
0.057678
-0.006969
-0.046051
-0.047424
0.062622
-0.059906
-0.026901
-0.031021
0.021515
-0.047607
0.043152
-0.037354
-0.075012
-0.000525
-0.015289
-0.010284
-0.003000
0.036591
0.066772
-0.036835
-0.088806
0.042358
0.040131
0.036041
-0.031708
0.087280
0.093994
0.055054
-0.013901
0.052856
0.061554
-0.010696
0.079956
0.009209
0.065796
-0.079529
-0.058807
-0.038239
-0.055084
0.033600
-0.041473
-0.006729
0.016205
-0.025375
-0.005856
0.024384
0.030609
0.026230
-0.078491
0.017853
0.052612
-0.060913
-0.003687
-0.060242
0.000214
0.063416
-0.009979
-0.037720
-0.065247
-0.019363
-0.027496
0.055573
-0.058105
-0.047394
0.019684
0.035492
-0.017029
0.077087
-0.038605
0.001172
0.077332
0.003078
0.033966
0.045807
-0.003746
0.030960
0.047699
-0.061066
-0.089233
-0.073730
-0.031494
0.033661
0.068237
-0.004604
-0.045135
-0.057312
0.039215
0.068176
-0.058411
-0.006214
-0.066650
-0.011177
-0.009232
-0.092834
0.016251
-0.089844
-0.034729
-0.057617
0.025085
0.040222
-0.049774
-0.019394
0.097595
0.065918
-0.067505
-0.024368
0.018005
0.033173
-0.050232
-0.063293
0.005337
-0.070312
0.069824
-0.057861
0.050293
-0.043854
0.013718
0.010994
0.058258
-0.015717
0.091797
0.035492
0.042664
-0.014641
-0.004917
-0.056549
-0.025009
-0.078613
-0.071350
-0.020126
0.046448
-0.071106
0.002563
0.075684
-0.065247
-0.015900
-0.020035
0.078125
0.063477
-0.029938
-0.019180
-0.056671
0.069153
0.033875
-0.040009
0.035004
-0.056152
0.015823
0.035553
0.086243
-0.032135
-0.048096
-0.033691
-0.069641
-0.086365
-0.004894
-0.057068
0.085632
0.062866
0.043915
-0.083862
0.042908
0.041565
-0.061371
0.024429
0.042297
0.014183
-0.006966
0.044830
0.001854
0.022552
-0.045380
-0.023849
0.007858
0.038391
-0.055298
-0.050842
-0.079468
0.049286
0.083801
-0.012947
-0.081177
-0.039093
0.001380
-0.058228
-0.056305
0.074585
-0.014877
-0.064819
-0.028961
0.049072
0.047363
-0.085754
0.090210
-0.045166
-0.001264
-0.050140
0.037872
0.088379
0.021957
0.061279
-0.041870
-0.069946
0.052948
0.086182
0.009293
0.078308
0.011345
-0.001856
-0.044220
0.005989
0.073792
0.090210
-0.020660
-0.005138
-0.016693
0.018265
-0.012375
0.076843
0.024002
-0.012932
-0.044556
0.025558
-0.072937
-0.048065
-0.051025
0.024124
0.012978
0.007473
-0.014343
0.064758
0.019913
-0.044220
-0.069275
-0.030624
-0.065430
0.081238
-0.036346
0.090698
-0.062408
0.080505
-0.051575
-0.010895
0.039612
-0.081055
-0.026062
-0.034546
-0.015450
-0.074097
-0.057098
0.004498
-0.012695
0.011559
-0.051636
-0.075928
0.080566
-0.068359
-0.087585
-0.014496
0.037170
0.016113
0.033783
-0.073303
-0.004395
-0.054840
0.059357
-0.058777
-0.054718
0.000564
0.053131
-0.028992
-0.025024
-0.045288
-0.005733
-0.010658
-0.023483
0.086670
0.036774
-0.063171
-0.059082
0.071899
0.048401
0.079529
-0.034851
0.063904
0.018066
-0.016891
-0.034271
-0.045563
0.080017
-0.067017
0.053711
0.030655
-0.048645
0.066650
0.032776
-0.093445
0.073181
-0.005749
0.028366
0.009689
-0.000912
-0.017365
-0.006802
-0.038544
-0.082092
-0.007343
-0.043304
-0.011894
-0.090698
0.013260
0.079773
0.039429
-0.053772
-0.007412
0.015289
-0.057831
-0.072449
0.007267
0.053986
0.026184
-0.078613
0.057556
-0.046265
0.055817
0.021652
0.003454
-0.029099
0.033020
-0.030701
0.070190
0.047577
-0.075012
0.064392
-0.078979
-0.033844
-0.006634
-0.072876
0.062164
-0.060974
0.016968
-0.038483
0.033081
0.042053
-0.080872
-0.062256
0.053192
-0.064880
-0.053589
0.061371
-0.070618
-0.019409
0.065308
-0.027939
-0.061218
0.030884
0.022461
0.016083
-0.001920
0.074829
0.084167
0.060638
0.075989
0.038391
-0.016022
0.025574
0.016052
-0.040070
0.069702
-0.075439
-0.054169
0.094055
-0.034332
-0.044464
0.006783
0.020294
-0.040924
0.054688
-0.058716
0.002651
0.055054
-0.009766
-0.000313
0.035736
-0.013588
0.018463
0.025635
-0.015732
0.047058
0.057526
-0.073120
0.023407
-0.078796
0.074707
0.002327
0.049042
0.042511
-0.051422
0.005676
-0.022995
0.079407
-0.034210
-0.088684
0.026260
-0.084106
0.045441
0.047302
0.011063
0.017929
0.040131
0.066528
0.006794
-0.070312
0.033752
0.001930
0.026398
0.028793
-0.057556
-0.074036
-0.013344
0.030319
0.060852
-0.005096
0.000186
0.082764
0.089722
-0.014130
-0.060730
-0.032318
0.052490
-0.081177
0.054993
0.020416
0.045837
-0.036011
-0.059082
-0.018188
0.029724
-0.055664
0.041107
0.022919
-0.057678
-0.036926
0.018112
-0.066406
0.045959
0.051971
0.083984
-0.005127
0.018219
-0.016113
0.018341
0.009132
0.058502
0.014542
-0.028473
-0.088013
0.054749
-0.029953
-0.055847
0.044891
0.095642
-0.034668
0.045471
0.080139
0.067932
0.050293
0.016769
-0.067627
-0.017593
0.057556
-0.071289
-0.044067
-0.068542
0.024323
0.010132
0.076782
0.084534
-0.023254
0.008736
0.075012
0.072693
-0.000709
-0.072937
0.001666
0.036621
0.000712
-0.066223
-0.042572
-0.061096
-0.014954
-0.052155
-0.040802
-0.001267
0.053009
-0.080627
0.064331
0.001548
0.003626
-0.011040
-0.075745
-0.037811
-0.021393
0.080444
0.001737
-0.046478
0.000075
0.067017
-0.103333
0.021118
-0.007378
-0.091736
0.046753
0.023392
-0.032959
-0.020279
0.066650
0.053253
0.067749
0.093811
0.049133
0.084656
-0.023102
0.005005
0.015137
-0.081177
0.070007
-0.058014
-0.025177
0.067627
0.001537
0.025406
-0.025101
-0.032501
0.069885
0.092163
-0.081787
0.040527
-0.073669
0.013214
0.005333
0.079773
0.017807
-0.020111
-0.020096
-0.053070
0.063782
0.021423
-0.083679
-0.004520
-0.073059
0.017960
0.053680
0.043335
-0.025558
-0.010323
-0.001491
-0.028976
-0.050781
0.014061
-0.015594
-0.027344
0.019180
-0.041595
0.054626
0.034210
-0.035919
0.049774
0.057892
0.006222
0.056732
-0.062042
-0.081360
0.002068
0.070557
0.046112
-0.023849
0.011635
-0.012146
-0.036835
-0.032440
-0.067444
-0.082458
0.004391
-0.042450
0.050354
0.046722
0.084290
-0.061401
0.050476
0.079590
-0.051086
-0.004372
0.030975
-0.073792
0.080017
0.057495
0.076111
-0.035004
0.028687
0.040283
0.024399
-0.032715
-0.056213
-0.061371
0.083008
-0.050201
0.010818
0.056885
-0.056793
0.020950
0.068848
-0.005882
-0.048370
-0.083008
-0.057861
-0.084595
-0.025452
0.082275
0.064331
0.014938
0.076050
0.020721
0.086365
-0.014168
-0.065063
0.003702
-0.054993
0.067139
0.019287
-0.037659
-0.057892
0.025833
-0.069641
0.067078
-0.039978
-0.034515
0.003151
-0.007534
0.021606
-0.078735
0.078857
0.002115
-0.045471
0.056732
-0.067505
0.024338
0.077942
0.043396
0.079346
0.075684
0.072510
-0.035309
-0.007542
0.048523
-0.004856
-0.028320
0.041229
-0.098267
0.007263
-0.047821
0.068298
0.021240
0.052856
0.042572
0.071472
-0.039886
-0.048370
0.018036
0.029312
-0.055298
-0.039703
0.077454
0.005653
-0.062988
0.009605
0.085205
-0.003584
0.004673
-0.001129
0.022934
-0.001974
0.061096
0.049377
0.009605
-0.055054
0.089355
-0.005619
-0.034241
0.000820
-0.057678
-0.032227
0.051910
-0.088928
-0.031311
0.039795
0.003094
-0.055786
0.028824
-0.098267
0.087585
-0.069397
-0.011169
0.017166
-0.023575
0.055664
0.080322
-0.037048
0.008224
-0.063354
0.040802
0.067200
-0.022919
0.076172
0.061157
0.048065
0.036316
0.000352
-0.065125
0.004528
-0.084351
0.039459
-0.025726
-0.064941
0.020844
0.077576
-0.020615
-0.021866
0.016693
-0.012375
0.029892
-0.038696
0.038422
0.017609
0.049774
0.026901
0.055969
0.029663
-0.037354
0.045532
-0.061615
0.021957
-0.049377
0.041260
0.014000
0.035400
-0.014206
-0.027679
0.003582
0.095947
0.010429
-0.029480
0.073914
-0.024918
-0.028168
-0.007130
-0.059387
0.074829
0.006958
0.045532
0.063110
0.032928
-0.024918
-0.064514
0.045197
-0.057007
0.050140
-0.051880
-0.065430
0.072876
0.095032
0.061890
-0.038330
-0.011665
0.048187
0.056030
0.007427
0.061981
0.055328
0.090332
0.033112
-0.000639
0.000891
0.011551
-0.056274
0.008865
0.076233
0.032623
-0.051208
0.082764
0.040192
-0.045593
0.008965
-0.090210
-0.059479
0.021118
-0.051727
0.085083
-0.051849
0.025864
0.059723
0.065979
0.063232
0.055664
0.017258
-0.060730
0.081360
-0.053314
0.004494
0.053650
0.074768
-0.029083
-0.074097
-0.083069
0.054565
0.006981
0.060089
-0.007988
-0.034973
-0.023560
-0.074585
0.004379
0.029541
0.003325
0.086487
0.027466
-0.075378
0.016373
-0.005184
0.008469
-0.105530
-0.041504
-0.051483
-0.065186
0.044922
0.027679
-0.029297
-0.003370
-0.024399
-0.074524
-0.029526
0.018616
-0.012016
-0.023315
0.013573
0.032074
0.050385
-0.091614
0.058380
-0.059235
0.077148
-0.034149
0.006748
-0.084900
-0.031799
0.011536
-0.010513
0.018616
-0.023071
-0.063904
-0.063965
-0.080811
-0.064087
0.032776
0.057739
-0.082520
-0.033569
0.013557
0.080444
-0.002892
-0.036896
-0.037689
-0.032440
0.060333
-0.042114
-0.014351
-0.020462
0.045105
0.002949
-0.067261
0.047241
0.074158
-0.034149
0.070740
-0.021637
-0.002766
0.071594
0.077759
0.041992
-0.024582
-0.000702
0.070007
0.008385
-0.021713
0.072083
-0.041443
-0.081970
0.059601
0.049011
-0.060760
0.024521
-0.076233
0.058472
0.007721
-0.017929
-0.005093
-0.028198
-0.039825
0.085022
-0.038239
-0.022125
0.080078
0.091125
-0.072083
0.078491
0.066223
-0.083130
-0.077942
-0.013344
0.061127
0.083496
0.087830
-0.059326
0.049042
-0.056641
-0.038361
0.043884
-0.007679
0.050018
-0.046021
0.059387
0.021942
-0.077026
-0.027359
-0.062286
-0.029922
0.089478
0.072021
-0.083374
-0.047546
-0.004772
-0.023102
-0.077332
0.016129
0.035492
0.080322
-0.025681
0.065613
-0.035675
0.082275
-0.035370
-0.073792
-0.006496
0.015236
0.027405
0.058685
-0.057587
-0.022614
0.071411
0.054138
-0.034882
0.041382
0.049774
0.046356
-0.072327
-0.031738
0.081726
-0.054932
-0.019730
-0.015053
-0.039307
0.011452
-0.041138
0.082275
-0.026825
-0.092651
-0.085449
0.093262
-0.038025
-0.047455
0.014587
-0.001294
-0.064331
-0.012558
0.072571
0.051697
-0.056641
-0.069580
0.040924
-0.047668
0.035400
-0.035156
-0.035431
0.031952
0.008812
-0.059509
-0.073181
-0.084290
-0.057953
0.018356
-0.022903
-0.085205
-0.078857
0.101990
-0.051514
-0.003349
0.061554
-0.044922
0.074219
-0.000937
0.017181
-0.061768
-0.056274
-0.021301
0.051941
0.083740
-0.022903
0.070984
0.018021
0.064941
0.058411
-0.023956
0.000087
0.081055
-0.054443
-0.072388
0.062500
0.008125
0.055664
0.054413
0.048767
0.048859
0.051422
-0.067017
-0.069153
-0.022263
0.076172
0.049103
-0.090393
-0.020493
-0.024475
0.036896
0.041382
-0.045990
-0.016052
0.044098
0.027191
0.058594
0.032623
-0.003757
-0.029343
-0.045624
-0.028839
-0.021896
-0.038422
0.081604
-0.056885
-0.020294
0.036865
0.050690
-0.041229
0.087341
0.015717
-0.031235
0.083313
0.000633
-0.080505
0.034363
0.082092
-0.054321
-0.082581
0.028946
0.037262
-0.006962
-0.057892
0.014191
0.052368
-0.070923
-0.028442
-0.005802
-0.085022
0.069763
-0.019257
-0.045074
-0.076843
-0.041595
-0.006363
0.032349
-0.049286
-0.019150
-0.043182
0.061310
0.019287
0.012985
0.031113
-0.088135
-0.025696
-0.024170
-0.047546
-0.024307
0.072205
-0.094604
-0.089661
-0.008629
-0.071777
-0.021713
-0.040131
0.044525
-0.071655
0.076294
-0.037262
-0.036499
-0.069214
0.003057
-0.003490
0.067322
0.056976
0.049530
0.084290
0.034149
0.032074
-0.035095
0.002617
-0.046265
0.076660
-0.046722
0.020874
0.021301
-0.023132
-0.070923
-0.038910
-0.088867
0.035126
-0.070190
-0.048615
-0.030975
-0.038330
-0.043854
0.007675
0.045349
-0.041870
0.033875
-0.020554
0.092346
-0.029434
-0.083252
0.004955
0.026596
-0.082275
-0.079407
0.001768
0.002087
0.057922
0.083191
0.044373
0.044830
0.081787
0.016861
0.069336
0.075684
0.085144
-0.056488
0.067444
0.063049
0.077942
0.075867
-0.050201
0.007973
0.038757
-0.028778
0.044067
-0.064026
0.032471
-0.041992
-0.086487
-0.062988
0.064941
-0.014366
-0.057343
0.082886
-0.023056
-0.081909
0.061798
0.034821
-0.055054
0.085205
-0.007545
-0.029404
0.053986
0.008667
0.026901
0.080017
-0.049316
-0.052094
0.051788
-0.079407
-0.046417
0.068909
0.038086
0.034058
-0.012199
0.078613
-0.025757
-0.072937
0.055389
-0.027954
-0.052063
-0.041473
-0.053070
0.051971
0.059326
-0.048279
0.000938
0.063110
-0.005146
-0.056244
-0.032501
-0.001781
-0.071106
0.045227
-0.034698
0.082275
-0.065979
-0.088135
0.005169
0.066895
0.065674
-0.063843
-0.044891
0.010147
-0.009422
0.009872
-0.086792
0.001352
0.082275
-0.074585
0.035278
-0.007404
-0.023178
-0.055756
0.036835
0.074646
-0.020859
0.033173
-0.051483
0.023575
0.000302
-0.007896
0.013283
-0.092773
-0.033875
0.098145
-0.066101
-0.000398
-0.058472
-0.081055
0.057007
-0.083496
0.020279
-0.068787
0.080627
-0.066956
0.040985
0.058105
-0.010216
-0.059113
0.086304
-0.062042
0.003036
-0.011292
-0.057526
0.004227
0.062683
-0.093262
0.019180
-0.079102
-0.067444
-0.034424
0.047913
0.012306
0.028717
-0.068237
-0.052307
-0.057343
-0.077332
0.056183
-0.069458
-0.017639
0.059357
0.017670
-0.033447
-0.044434
0.045074
-0.003395
-0.077942
0.035889
-0.063904
0.044830
0.012680
-0.023666
0.016693
-0.018066
0.037201
0.077881
-0.020813
0.068726
-0.046722
-0.012962
0.009018
0.042725
0.072205
0.001251
0.044708
-0.017303
-0.030029
0.045288
-0.053772
-0.026642
0.041504
0.079407
-0.034515
-0.087341
0.067993
0.018494
0.025696
-0.029907
0.005035
0.061523
-0.018417
-0.054657
-0.071045
0.065430
-0.010735
-0.045685
0.089417
-0.065674
0.078430
0.071472
0.070496
-0.004276
0.042847
0.019226
0.096130
-0.031342
-0.066589
0.003426
-0.016510
0.079468
-0.041016
0.043762
-0.009430
-0.073486
0.034149
-0.056549
-0.041840
0.020096
0.059357
0.065247
0.050812
0.066833
-0.066650
0.056366
0.047791
0.052063
0.000302
0.070923
0.035980
0.019485
-0.041290
0.003355
-0.073425
-0.065063
0.048523
0.051483
0.010513
0.012321
0.065002
-0.080750
-0.037598
0.093872
-0.075500
0.001942
0.008942
0.049744
-0.041595
-0.055237
0.074036
0.003265
-0.046387
-0.025589
0.015778
-0.027435
0.000124
0.002176
0.065430
-0.026627
0.069397
-0.062805
-0.034973
0.099121
0.056152
0.033936
-0.001625
-0.005882
-0.016220
0.002348
0.079224
0.048401
0.049957
0.050903
0.079773
-0.007496
0.040222
0.064819
-0.059357
-0.009850
0.031586
-0.000513
-0.027328
-0.041840
-0.010902
0.038910
-0.024948
-0.001548
-0.011696
0.097168
-0.025726
-0.052490
0.011444
0.042816
0.047943
-0.037781
-0.064636
-0.029999
-0.066833
0.033020
0.050476
-0.069702
-0.033783
0.024689
-0.019897
-0.059235
0.081970
-0.059021
0.035614
-0.004868
0.041565
0.084900
0.007378
-0.079590
0.008698
-0.063477
0.017212
0.011932
-0.008171
0.011131
0.028961
-0.005924
0.028610
-0.019455
0.026459
0.064270
0.074829
-0.058533
0.076782
0.080566
0.027084
0.035156
-0.052917
-0.043579
0.063049
0.078247
-0.049683
-0.025818
0.032990
-0.010300
0.071777
0.017624
0.027985
-0.052704
-0.065063
0.014542
0.059082
-0.035950
0.068542
0.067017
-0.078857
-0.025497
0.036621
-0.043488
0.083557
