90.112000
90.113000
90.114000
90.115000
90.116000
90.117000
90.118000
90.119000
90.120000
90.121000
90.122000
90.123000
90.124000
90.125000
90.126000
90.127000
90.128000
90.129000
90.130000
90.131000
90.132000
90.133000
90.134000
90.135000
90.136000
90.137000
90.138000
90.139000
90.140000
90.141000
90.142000
90.143000
90.144000
90.145000
90.146000
90.147000
90.148000
90.149000
90.150000
90.151000
90.152000
90.153000
90.154000
90.155000
90.156000
90.157000
90.158000
90.159000
90.160000
90.161000
90.162000
90.163000
90.164000
90.165000
90.166000
90.167000
90.168000
90.169000
90.170000
90.171000
90.172000
90.173000
90.174000
90.175000
90.176000
90.177000
90.178000
90.179000
90.180000
90.181000
90.182000
90.183000
90.184000
90.185000
90.186000
90.187000
90.188000
90.189000
90.190000
90.191000
90.192000
90.193000
90.194000
90.195000
90.196000
90.197000
90.198000
90.199000
90.200000
90.201000
90.202000
90.203000
90.204000
90.205000
90.206000
90.207000
90.208000
90.209000
90.210000
90.211000
90.212000
90.213000
90.214000
90.215000
90.216000
90.217000
90.218000
90.219000
90.220000
90.221000
90.222000
90.223000
90.224000
90.225000
90.226000
90.227000
90.228000
90.229000
90.230000
90.231000
90.232000
90.233000
90.234000
90.235000
90.236000
90.237000
90.238000
90.239000
90.240000
90.241000
90.242000
90.243000
90.244000
90.245000
90.246000
90.247000
90.248000
90.249000
90.250000
90.251000
90.252000
90.253000
90.254000
90.255000
90.256000
90.257000
90.258000
90.259000
90.260000
90.261000
90.262000
90.263000
90.264000
90.265000
90.266000
90.267000
90.268000
90.269000
90.270000
90.271000
90.272000
90.273000
90.274000
90.275000
90.276000
90.277000
90.278000
90.279000
90.280000
90.281000
90.282000
90.283000
90.284000
90.285000
90.286000
90.287000
90.288000
90.289000
90.290000
90.291000
90.292000
90.293000
90.294000
90.295000
90.296000
90.297000
90.298000
90.299000
90.300000
90.301000
90.302000
90.303000
90.304000
90.305000
90.306000
90.307000
90.308000
90.309000
90.310000
90.311000
90.312000
90.313000
90.314000
90.315000
90.316000
90.317000
90.318000
90.319000
90.320000
90.321000
90.322000
90.323000
90.324000
90.325000
90.326000
90.327000
90.328000
90.329000
90.330000
90.331000
90.332000
90.333000
90.334000
90.335000
90.336000
90.337000
90.338000
90.339000
90.340000
90.341000
90.342000
90.343000
90.344000
90.345000
90.346000
90.347000
90.348000
90.349000
90.350000
90.351000
90.352000
90.353000
90.354000
90.355000
90.356000
90.357000
90.358000
90.359000
90.360000
90.361000
90.362000
90.363000
90.364000
90.365000
90.366000
90.367000
90.368000
90.369000
90.370000
90.371000
90.372000
90.373000
90.374000
90.375000
90.376000
90.377000
90.378000
90.379000
90.380000
90.381000
90.382000
90.383000
90.384000
90.385000
90.386000
90.387000
90.388000
90.389000
90.390000
90.391000
90.392000
90.393000
90.394000
90.395000
90.396000
90.397000
90.398000
90.399000
90.400000
90.401000
90.402000
90.403000
90.404000
90.405000
90.406000
90.407000
90.408000
90.409000
90.410000
90.411000
90.412000
90.413000
90.414000
90.415000
90.416000
90.417000
90.418000
90.419000
90.420000
90.421000
90.422000
90.423000
90.424000
90.425000
90.426000
90.427000
90.428000
90.429000
90.430000
90.431000
90.432000
90.433000
90.434000
90.435000
90.436000
90.437000
90.438000
90.439000
90.440000
90.441000
90.442000
90.443000
90.444000
90.445000
90.446000
90.447000
90.448000
90.449000
90.450000
90.451000
90.452000
90.453000
90.454000
90.455000
90.456000
90.457000
90.458000
90.459000
90.460000
90.461000
90.462000
90.463000
90.464000
90.465000
90.466000
90.467000
90.468000
90.469000
90.470000
90.471000
90.472000
90.473000
90.474000
90.475000
90.476000
90.477000
90.478000
90.479000
90.480000
90.481000
90.482000
90.483000
90.484000
90.485000
90.486000
90.487000
90.488000
90.489000
90.490000
90.491000
90.492000
90.493000
90.494000
90.495000
90.496000
90.497000
90.498000
90.499000
90.500000
90.501000
90.502000
90.503000
90.504000
90.505000
90.506000
90.507000
90.508000
90.509000
90.510000
90.511000
90.512000
90.513000
90.514000
90.515000
90.516000
90.517000
90.518000
90.519000
90.520000
90.521000
90.522000
90.523000
90.524000
90.525000
90.526000
90.527000
90.528000
90.529000
90.530000
90.531000
90.532000
90.533000
90.534000
90.535000
90.536000
90.537000
90.538000
90.539000
90.540000
90.541000
90.542000
90.543000
90.544000
90.545000
90.546000
90.547000
90.548000
90.549000
90.550000
90.551000
90.552000
90.553000
90.554000
90.555000
90.556000
90.557000
90.558000
90.559000
90.560000
90.561000
90.562000
90.563000
90.564000
90.565000
90.566000
90.567000
90.568000
90.569000
90.570000
90.571000
90.572000
90.573000
90.574000
90.575000
90.576000
90.577000
90.578000
90.579000
90.580000
90.581000
90.582000
90.583000
90.584000
90.585000
90.586000
90.587000
90.588000
90.589000
90.590000
90.591000
90.592000
90.593000
90.594000
90.595000
90.596000
90.597000
90.598000
90.599000
90.600000
90.601000
90.602000
90.603000
90.604000
90.605000
90.606000
90.607000
90.608000
90.609000
90.610000
90.611000
90.612000
90.613000
90.614000
90.615000
90.616000
90.617000
90.618000
90.619000
90.620000
90.621000
90.622000
90.623000
90.624000
90.625000
90.626000
90.627000
90.628000
90.629000
90.630000
90.631000
90.632000
90.633000
90.634000
90.635000
90.636000
90.637000
90.638000
90.639000
90.640000
90.641000
90.642000
90.643000
90.644000
90.645000
90.646000
90.647000
90.648000
90.649000
90.650000
90.651000
90.652000
90.653000
90.654000
90.655000
90.656000
90.657000
90.658000
90.659000
90.660000
90.661000
90.662000
90.663000
90.664000
90.665000
90.666000
90.667000
90.668000
90.669000
90.670000
90.671000
90.672000
90.673000
90.674000
90.675000
90.676000
90.677000
90.678000
90.679000
90.680000
90.681000
90.682000
90.683000
90.684000
90.685000
90.686000
90.687000
90.688000
90.689000
90.690000
90.691000
90.692000
90.693000
90.694000
90.695000
90.696000
90.697000
90.698000
90.699000
90.700000
90.701000
90.702000
90.703000
90.704000
90.705000
90.706000
90.707000
90.708000
90.709000
90.710000
90.711000
90.712000
90.713000
90.714000
90.715000
90.716000
90.717000
90.718000
90.719000
90.720000
90.721000
90.722000
90.723000
90.724000
90.725000
90.726000
90.727000
90.728000
90.729000
90.730000
90.731000
90.732000
90.733000
90.734000
90.735000
90.736000
90.737000
90.738000
90.739000
90.740000
90.741000
90.742000
90.743000
90.744000
90.745000
90.746000
90.747000
90.748000
90.749000
90.750000
90.751000
90.752000
90.753000
90.754000
90.755000
90.756000
90.757000
90.758000
90.759000
90.760000
90.761000
90.762000
90.763000
90.764000
90.765000
90.766000
90.767000
90.768000
90.769000
90.770000
90.771000
90.772000
90.773000
90.774000
90.775000
90.776000
90.777000
90.778000
90.779000
90.780000
90.781000
90.782000
90.783000
90.784000
90.785000
90.786000
90.787000
90.788000
90.789000
90.790000
90.791000
90.792000
90.793000
90.794000
90.795000
90.796000
90.797000
90.798000
90.799000
90.800000
90.801000
90.802000
90.803000
90.804000
90.805000
90.806000
90.807000
90.808000
90.809000
90.810000
90.811000
90.812000
90.813000
90.814000
90.815000
90.816000
90.817000
90.818000
90.819000
90.820000
90.821000
90.822000
90.823000
90.824000
90.825000
90.826000
90.827000
90.828000
90.829000
90.830000
90.831000
90.832000
90.833000
90.834000
90.835000
90.836000
90.837000
90.838000
90.839000
90.840000
90.841000
90.842000
90.843000
90.844000
90.845000
90.846000
90.847000
90.848000
90.849000
90.850000
90.851000
90.852000
90.853000
90.854000
90.855000
90.856000
90.857000
90.858000
90.859000
90.860000
90.861000
90.862000
90.863000
90.864000
90.865000
90.866000
90.867000
90.868000
90.869000
90.870000
90.871000
90.872000
90.873000
90.874000
90.875000
90.876000
90.877000
90.878000
90.879000
90.880000
90.881000
90.882000
90.883000
90.884000
90.885000
90.886000
90.887000
90.888000
90.889000
90.890000
90.891000
90.892000
90.893000
90.894000
90.895000
90.896000
90.897000
90.898000
90.899000
90.900000
90.901000
90.902000
90.903000
90.904000
90.905000
90.906000
90.907000
90.908000
90.909000
90.910000
90.911000
90.912000
90.913000
90.914000
90.915000
90.916000
90.917000
90.918000
90.919000
90.920000
90.921000
90.922000
90.923000
90.924000
90.925000
90.926000
90.927000
90.928000
90.929000
90.930000
90.931000
90.932000
90.933000
90.934000
90.935000
90.936000
90.937000
90.938000
90.939000
90.940000
90.941000
90.942000
90.943000
90.944000
90.945000
90.946000
90.947000
90.948000
90.949000
90.950000
90.951000
90.952000
90.953000
90.954000
90.955000
90.956000
90.957000
90.958000
90.959000
90.960000
90.961000
90.962000
90.963000
90.964000
90.965000
90.966000
90.967000
90.968000
90.969000
90.970000
90.971000
90.972000
90.973000
90.974000
90.975000
90.976000
90.977000
90.978000
90.979000
90.980000
90.981000
90.982000
90.983000
90.984000
90.985000
90.986000
90.987000
90.988000
90.989000
90.990000
90.991000
90.992000
90.993000
90.994000
90.995000
90.996000
90.997000
90.998000
90.999000
91.000000
91.001000
91.002000
91.003000
91.004000
91.005000
91.006000
91.007000
91.008000
91.009000
91.010000
91.011000
91.012000
91.013000
91.014000
91.015000
91.016000
91.017000
91.018000
91.019000
91.020000
91.021000
91.022000
91.023000
91.024000
91.025000
91.026000
91.027000
91.028000
91.029000
91.030000
91.031000
91.032000
91.033000
91.034000
91.035000
91.036000
91.037000
91.038000
91.039000
91.040000
91.041000
91.042000
91.043000
91.044000
91.045000
91.046000
91.047000
91.048000
91.049000
91.050000
91.051000
91.052000
91.053000
91.054000
91.055000
91.056000
91.057000
91.058000
91.059000
91.060000
91.061000
91.062000
91.063000
91.064000
91.065000
91.066000
91.067000
91.068000
91.069000
91.070000
91.071000
91.072000
91.073000
91.074000
91.075000
91.076000
91.077000
91.078000
91.079000
91.080000
91.081000
91.082000
91.083000
91.084000
91.085000
91.086000
91.087000
91.088000
91.089000
91.090000
91.091000
91.092000
91.093000
91.094000
91.095000
91.096000
91.097000
91.098000
91.099000
91.100000
91.101000
91.102000
91.103000
91.104000
91.105000
91.106000
91.107000
91.108000
91.109000
91.110000
91.111000
91.112000
91.113000
91.114000
91.115000
91.116000
91.117000
91.118000
91.119000
91.120000
91.121000
91.122000
91.123000
91.124000
91.125000
91.126000
91.127000
91.128000
91.129000
91.130000
91.131000
91.132000
91.133000
91.134000
91.135000
91.136000
91.137000
91.138000
91.139000
91.140000
91.141000
91.142000
91.143000
91.144000
91.145000
91.146000
91.147000
91.148000
91.149000
91.150000
91.151000
91.152000
91.153000
91.154000
91.155000
91.156000
91.157000
91.158000
91.159000
91.160000
91.161000
91.162000
91.163000
91.164000
91.165000
91.166000
91.167000
91.168000
91.169000
91.170000
91.171000
91.172000
91.173000
91.174000
91.175000
91.176000
91.177000
91.178000
91.179000
91.180000
91.181000
91.182000
91.183000
91.184000
91.185000
91.186000
91.187000
91.188000
91.189000
91.190000
91.191000
91.192000
91.193000
91.194000
91.195000
91.196000
91.197000
91.198000
91.199000
91.200000
91.201000
91.202000
91.203000
91.204000
91.205000
91.206000
91.207000
91.208000
91.209000
91.210000
91.211000
91.212000
91.213000
91.214000
91.215000
91.216000
91.217000
91.218000
91.219000
91.220000
91.221000
91.222000
91.223000
91.224000
91.225000
91.226000
91.227000
91.228000
91.229000
91.230000
91.231000
91.232000
91.233000
91.234000
91.235000
91.236000
91.237000
91.238000
91.239000
91.240000
91.241000
91.242000
91.243000
91.244000
91.245000
91.246000
91.247000
91.248000
91.249000
91.250000
91.251000
91.252000
91.253000
91.254000
91.255000
91.256000
91.257000
91.258000
91.259000
91.260000
91.261000
91.262000
91.263000
91.264000
91.265000
91.266000
91.267000
91.268000
91.269000
91.270000
91.271000
91.272000
91.273000
91.274000
91.275000
91.276000
91.277000
91.278000
91.279000
91.280000
91.281000
91.282000
91.283000
91.284000
91.285000
91.286000
91.287000
91.288000
91.289000
91.290000
91.291000
91.292000
91.293000
91.294000
91.295000
91.296000
91.297000
91.298000
91.299000
91.300000
91.301000
91.302000
91.303000
91.304000
91.305000
91.306000
91.307000
91.308000
91.309000
91.310000
91.311000
91.312000
91.313000
91.314000
91.315000
91.316000
91.317000
91.318000
91.319000
91.320000
91.321000
91.322000
91.323000
91.324000
91.325000
91.326000
91.327000
91.328000
91.329000
91.330000
91.331000
91.332000
91.333000
91.334000
91.335000
91.336000
91.337000
91.338000
91.339000
91.340000
91.341000
91.342000
91.343000
91.344000
91.345000
91.346000
91.347000
91.348000
91.349000
91.350000
91.351000
91.352000
91.353000
91.354000
91.355000
91.356000
91.357000
91.358000
91.359000
91.360000
91.361000
91.362000
91.363000
91.364000
91.365000
91.366000
91.367000
91.368000
91.369000
91.370000
91.371000
91.372000
91.373000
91.374000
91.375000
91.376000
91.377000
91.378000
91.379000
91.380000
91.381000
91.382000
91.383000
91.384000
91.385000
91.386000
91.387000
91.388000
91.389000
91.390000
91.391000
91.392000
91.393000
91.394000
91.395000
91.396000
91.397000
91.398000
91.399000
91.400000
91.401000
91.402000
91.403000
91.404000
91.405000
91.406000
91.407000
91.408000
91.409000
91.410000
91.411000
91.412000
91.413000
91.414000
91.415000
91.416000
91.417000
91.418000
91.419000
91.420000
91.421000
91.422000
91.423000
91.424000
91.425000
91.426000
91.427000
91.428000
91.429000
91.430000
91.431000
91.432000
91.433000
91.434000
91.435000
91.436000
91.437000
91.438000
91.439000
91.440000
91.441000
91.442000
91.443000
91.444000
91.445000
91.446000
91.447000
91.448000
91.449000
91.450000
91.451000
91.452000
91.453000
91.454000
91.455000
91.456000
91.457000
91.458000
91.459000
91.460000
91.461000
91.462000
91.463000
91.464000
91.465000
91.466000
91.467000
91.468000
91.469000
91.470000
91.471000
91.472000
91.473000
91.474000
91.475000
91.476000
91.477000
91.478000
91.479000
91.480000
91.481000
91.482000
91.483000
91.484000
91.485000
91.486000
91.487000
91.488000
91.489000
91.490000
91.491000
91.492000
91.493000
91.494000
91.495000
91.496000
91.497000
91.498000
91.499000
91.500000
91.501000
91.502000
91.503000
91.504000
91.505000
91.506000
91.507000
91.508000
91.509000
91.510000
91.511000
91.512000
91.513000
91.514000
91.515000
91.516000
91.517000
91.518000
91.519000
91.520000
91.521000
91.522000
91.523000
91.524000
91.525000
91.526000
91.527000
91.528000
91.529000
91.530000
91.531000
91.532000
91.533000
91.534000
91.535000
91.536000
91.537000
91.538000
91.539000
91.540000
91.541000
91.542000
91.543000
91.544000
91.545000
91.546000
91.547000
91.548000
91.549000
91.550000
91.551000
91.552000
91.553000
91.554000
91.555000
91.556000
91.557000
91.558000
91.559000
91.560000
91.561000
91.562000
91.563000
91.564000
91.565000
91.566000
91.567000
91.568000
91.569000
91.570000
91.571000
91.572000
91.573000
91.574000
91.575000
91.576000
91.577000
91.578000
91.579000
91.580000
91.581000
91.582000
91.583000
91.584000
91.585000
91.586000
91.587000
91.588000
91.589000
91.590000
91.591000
91.592000
91.593000
91.594000
91.595000
91.596000
91.597000
91.598000
91.599000
91.600000
91.601000
91.602000
91.603000
91.604000
91.605000
91.606000
91.607000
91.608000
91.609000
91.610000
91.611000
91.612000
91.613000
91.614000
91.615000
91.616000
91.617000
91.618000
91.619000
91.620000
91.621000
91.622000
91.623000
91.624000
91.625000
91.626000
91.627000
91.628000
91.629000
91.630000
91.631000
91.632000
91.633000
91.634000
91.635000
91.636000
91.637000
91.638000
91.639000
91.640000
91.641000
91.642000
91.643000
91.644000
91.645000
91.646000
91.647000
91.648000
91.649000
91.650000
91.651000
91.652000
91.653000
91.654000
91.655000
91.656000
91.657000
91.658000
91.659000
91.660000
91.661000
91.662000
91.663000
91.664000
91.665000
91.666000
91.667000
91.668000
91.669000
91.670000
91.671000
91.672000
91.673000
91.674000
91.675000
91.676000
91.677000
91.678000
91.679000
91.680000
91.681000
91.682000
91.683000
91.684000
91.685000
91.686000
91.687000
91.688000
91.689000
91.690000
91.691000
91.692000
91.693000
91.694000
91.695000
91.696000
91.697000
91.698000
91.699000
91.700000
91.701000
91.702000
91.703000
91.704000
91.705000
91.706000
91.707000
91.708000
91.709000
91.710000
91.711000
91.712000
91.713000
91.714000
91.715000
91.716000
91.717000
91.718000
91.719000
91.720000
91.721000
91.722000
91.723000
91.724000
91.725000
91.726000
91.727000
91.728000
91.729000
91.730000
91.731000
91.732000
91.733000
91.734000
91.735000
91.736000
91.737000
91.738000
91.739000
91.740000
91.741000
91.742000
91.743000
91.744000
91.745000
91.746000
91.747000
91.748000
91.749000
91.750000
91.751000
91.752000
91.753000
91.754000
91.755000
91.756000
91.757000
91.758000
91.759000
91.760000
91.761000
91.762000
91.763000
91.764000
91.765000
91.766000
91.767000
91.768000
91.769000
91.770000
91.771000
91.772000
91.773000
91.774000
91.775000
91.776000
91.777000
91.778000
91.779000
91.780000
91.781000
91.782000
91.783000
91.784000
91.785000
91.786000
91.787000
91.788000
91.789000
91.790000
91.791000
91.792000
91.793000
91.794000
91.795000
91.796000
91.797000
91.798000
91.799000
91.800000
91.801000
91.802000
91.803000
91.804000
91.805000
91.806000
91.807000
91.808000
91.809000
91.810000
91.811000
91.812000
91.813000
91.814000
91.815000
91.816000
91.817000
91.818000
91.819000
91.820000
91.821000
91.822000
91.823000
91.824000
91.825000
91.826000
91.827000
91.828000
91.829000
91.830000
91.831000
91.832000
91.833000
91.834000
91.835000
91.836000
91.837000
91.838000
91.839000
91.840000
91.841000
91.842000
91.843000
91.844000
91.845000
91.846000
91.847000
91.848000
91.849000
91.850000
91.851000
91.852000
91.853000
91.854000
91.855000
91.856000
91.857000
91.858000
91.859000
91.860000
91.861000
91.862000
91.863000
91.864000
91.865000
91.866000
91.867000
91.868000
91.869000
91.870000
91.871000
91.872000
91.873000
91.874000
91.875000
91.876000
91.877000
91.878000
91.879000
91.880000
91.881000
91.882000
91.883000
91.884000
91.885000
91.886000
91.887000
91.888000
91.889000
91.890000
91.891000
91.892000
91.893000
91.894000
91.895000
91.896000
91.897000
91.898000
91.899000
91.900000
91.901000
91.902000
91.903000
91.904000
91.905000
91.906000
91.907000
91.908000
91.909000
91.910000
91.911000
91.912000
91.913000
91.914000
91.915000
91.916000
91.917000
91.918000
91.919000
91.920000
91.921000
91.922000
91.923000
91.924000
91.925000
91.926000
91.927000
91.928000
91.929000
91.930000
91.931000
91.932000
91.933000
91.934000
91.935000
91.936000
91.937000
91.938000
91.939000
91.940000
91.941000
91.942000
91.943000
91.944000
91.945000
91.946000
91.947000
91.948000
91.949000
91.950000
91.951000
91.952000
91.953000
91.954000
91.955000
91.956000
91.957000
91.958000
91.959000
91.960000
91.961000
91.962000
91.963000
91.964000
91.965000
91.966000
91.967000
91.968000
91.969000
91.970000
91.971000
91.972000
91.973000
91.974000
91.975000
91.976000
91.977000
91.978000
91.979000
91.980000
91.981000
91.982000
91.983000
91.984000
91.985000
91.986000
91.987000
91.988000
91.989000
91.990000
91.991000
91.992000
91.993000
91.994000
91.995000
91.996000
91.997000
91.998000
91.999000
92.000000
92.001000
92.002000
92.003000
92.004000
92.005000
92.006000
92.007000
92.008000
92.009000
92.010000
92.011000
92.012000
92.013000
92.014000
92.015000
92.016000
92.017000
92.018000
92.019000
92.020000
92.021000
92.022000
92.023000
92.024000
92.025000
92.026000
92.027000
92.028000
92.029000
92.030000
92.031000
92.032000
92.033000
92.034000
92.035000
92.036000
92.037000
92.038000
92.039000
92.040000
92.041000
92.042000
92.043000
92.044000
92.045000
92.046000
92.047000
92.048000
92.049000
92.050000
92.051000
92.052000
92.053000
92.054000
92.055000
92.056000
92.057000
92.058000
92.059000
92.060000
92.061000
92.062000
92.063000
92.064000
92.065000
92.066000
92.067000
92.068000
92.069000
92.070000
92.071000
92.072000
92.073000
92.074000
92.075000
92.076000
92.077000
92.078000
92.079000
92.080000
92.081000
92.082000
92.083000
92.084000
92.085000
92.086000
92.087000
92.088000
92.089000
92.090000
92.091000
92.092000
92.093000
92.094000
92.095000
92.096000
92.097000
92.098000
92.099000
92.100000
92.101000
92.102000
92.103000
92.104000
92.105000
92.106000
92.107000
92.108000
92.109000
92.110000
92.111000
92.112000
92.113000
92.114000
92.115000
92.116000
92.117000
92.118000
92.119000
92.120000
92.121000
92.122000
92.123000
92.124000
92.125000
92.126000
92.127000
92.128000
92.129000
92.130000
92.131000
92.132000
92.133000
92.134000
92.135000
92.136000
92.137000
92.138000
92.139000
92.140000
92.141000
92.142000
92.143000
92.144000
92.145000
92.146000
92.147000
92.148000
92.149000
92.150000
92.151000
92.152000
92.153000
92.154000
92.155000
92.156000
92.157000
92.158000
92.159000
92.160000
92.161000
92.162000
92.163000
92.164000
92.165000
92.166000
92.167000
92.168000
92.169000
92.170000
92.171000
92.172000
92.173000
92.174000
92.175000
92.176000
92.177000
92.178000
92.179000
92.180000
92.181000
92.182000
92.183000
92.184000
92.185000
92.186000
92.187000
92.188000
92.189000
92.190000
92.191000
92.192000
92.193000
92.194000
92.195000
92.196000
92.197000
92.198000
92.199000
92.200000
92.201000
92.202000
92.203000
92.204000
92.205000
92.206000
92.207000
92.208000
92.209000
92.210000
92.211000
92.212000
92.213000
92.214000
92.215000
92.216000
92.217000
92.218000
92.219000
92.220000
92.221000
92.222000
92.223000
92.224000
92.225000
92.226000
92.227000
92.228000
92.229000
92.230000
92.231000
92.232000
92.233000
92.234000
92.235000
92.236000
92.237000
92.238000
92.239000
92.240000
92.241000
92.242000
92.243000
92.244000
92.245000
92.246000
92.247000
92.248000
92.249000
92.250000
92.251000
92.252000
92.253000
92.254000
92.255000
92.256000
92.257000
92.258000
92.259000
92.260000
92.261000
92.262000
92.263000
92.264000
92.265000
92.266000
92.267000
92.268000
92.269000
92.270000
92.271000
92.272000
92.273000
92.274000
92.275000
92.276000
92.277000
92.278000
92.279000
92.280000
92.281000
92.282000
92.283000
92.284000
92.285000
92.286000
92.287000
92.288000
92.289000
92.290000
92.291000
92.292000
92.293000
92.294000
92.295000
92.296000
92.297000
92.298000
92.299000
92.300000
92.301000
92.302000
92.303000
92.304000
92.305000
92.306000
92.307000
92.308000
92.309000
92.310000
92.311000
92.312000
92.313000
92.314000
92.315000
92.316000
92.317000
92.318000
92.319000
92.320000
92.321000
92.322000
92.323000
92.324000
92.325000
92.326000
92.327000
92.328000
92.329000
92.330000
92.331000
92.332000
92.333000
92.334000
92.335000
92.336000
92.337000
92.338000
92.339000
92.340000
92.341000
92.342000
92.343000
92.344000
92.345000
92.346000
92.347000
92.348000
92.349000
92.350000
92.351000
92.352000
92.353000
92.354000
92.355000
92.356000
92.357000
92.358000
92.359000
92.360000
92.361000
92.362000
92.363000
92.364000
92.365000
92.366000
92.367000
92.368000
92.369000
92.370000
92.371000
92.372000
92.373000
92.374000
92.375000
92.376000
92.377000
92.378000
92.379000
92.380000
92.381000
92.382000
92.383000
92.384000
92.385000
92.386000
92.387000
92.388000
92.389000
92.390000
92.391000
92.392000
92.393000
92.394000
92.395000
92.396000
92.397000
92.398000
92.399000
92.400000
92.401000
92.402000
92.403000
92.404000
92.405000
92.406000
92.407000
92.408000
92.409000
92.410000
92.411000
92.412000
92.413000
92.414000
92.415000
92.416000
92.417000
92.418000
92.419000
92.420000
92.421000
92.422000
92.423000
92.424000
92.425000
92.426000
92.427000
92.428000
92.429000
92.430000
92.431000
92.432000
92.433000
92.434000
92.435000
92.436000
92.437000
92.438000
92.439000
92.440000
92.441000
92.442000
92.443000
92.444000
92.445000
92.446000
92.447000
92.448000
92.449000
92.450000
92.451000
92.452000
92.453000
92.454000
92.455000
92.456000
92.457000
92.458000
92.459000
92.460000
92.461000
92.462000
92.463000
92.464000
92.465000
92.466000
92.467000
92.468000
92.469000
92.470000
92.471000
92.472000
92.473000
92.474000
92.475000
92.476000
92.477000
92.478000
92.479000
92.480000
92.481000
92.482000
92.483000
92.484000
92.485000
92.486000
92.487000
92.488000
92.489000
92.490000
92.491000
92.492000
92.493000
92.494000
92.495000
92.496000
92.497000
92.498000
92.499000
92.500000
92.501000
92.502000
92.503000
92.504000
92.505000
92.506000
92.507000
92.508000
92.509000
92.510000
92.511000
92.512000
92.513000
92.514000
92.515000
92.516000
92.517000
92.518000
92.519000
92.520000
92.521000
92.522000
92.523000
92.524000
92.525000
92.526000
92.527000
92.528000
92.529000
92.530000
92.531000
92.532000
92.533000
92.534000
92.535000
92.536000
92.537000
92.538000
92.539000
92.540000
92.541000
92.542000
92.543000
92.544000
92.545000
92.546000
92.547000
92.548000
92.549000
92.550000
92.551000
92.552000
92.553000
92.554000
92.555000
92.556000
92.557000
92.558000
92.559000
92.560000
92.561000
92.562000
92.563000
92.564000
92.565000
92.566000
92.567000
92.568000
92.569000
92.570000
92.571000
92.572000
92.573000
92.574000
92.575000
92.576000
92.577000
92.578000
92.579000
92.580000
92.581000
92.582000
92.583000
92.584000
92.585000
92.586000
92.587000
92.588000
92.589000
92.590000
92.591000
92.592000
92.593000
92.594000
92.595000
92.596000
92.597000
92.598000
92.599000
92.600000
92.601000
92.602000
92.603000
92.604000
92.605000
92.606000
92.607000
92.608000
92.609000
92.610000
92.611000
92.612000
92.613000
92.614000
92.615000
92.616000
92.617000
92.618000
92.619000
92.620000
92.621000
92.622000
92.623000
92.624000
92.625000
92.626000
92.627000
92.628000
92.629000
92.630000
92.631000
92.632000
92.633000
92.634000
92.635000
92.636000
92.637000
92.638000
92.639000
92.640000
92.641000
92.642000
92.643000
92.644000
92.645000
92.646000
92.647000
92.648000
92.649000
92.650000
92.651000
92.652000
92.653000
92.654000
92.655000
92.656000
92.657000
92.658000
92.659000
92.660000
92.661000
92.662000
92.663000
92.664000
92.665000
92.666000
92.667000
92.668000
92.669000
92.670000
92.671000
92.672000
92.673000
92.674000
92.675000
92.676000
92.677000
92.678000
92.679000
92.680000
92.681000
92.682000
92.683000
92.684000
92.685000
92.686000
92.687000
92.688000
92.689000
92.690000
92.691000
92.692000
92.693000
92.694000
92.695000
92.696000
92.697000
92.698000
92.699000
92.700000
92.701000
92.702000
92.703000
92.704000
92.705000
92.706000
92.707000
92.708000
92.709000
92.710000
92.711000
92.712000
92.713000
92.714000
92.715000
92.716000
92.717000
92.718000
92.719000
92.720000
92.721000
92.722000
92.723000
92.724000
92.725000
92.726000
92.727000
92.728000
92.729000
92.730000
92.731000
92.732000
92.733000
92.734000
92.735000
92.736000
92.737000
92.738000
92.739000
92.740000
92.741000
92.742000
92.743000
92.744000
92.745000
92.746000
92.747000
92.748000
92.749000
92.750000
92.751000
92.752000
92.753000
92.754000
92.755000
92.756000
92.757000
92.758000
92.759000
92.760000
92.761000
92.762000
92.763000
92.764000
92.765000
92.766000
92.767000
92.768000
92.769000
92.770000
92.771000
92.772000
92.773000
92.774000
92.775000
92.776000
92.777000
92.778000
92.779000
92.780000
92.781000
92.782000
92.783000
92.784000
92.785000
92.786000
92.787000
92.788000
92.789000
92.790000
92.791000
92.792000
92.793000
92.794000
92.795000
92.796000
92.797000
92.798000
92.799000
92.800000
92.801000
92.802000
92.803000
92.804000
92.805000
92.806000
92.807000
92.808000
92.809000
92.810000
92.811000
92.812000
92.813000
92.814000
92.815000
92.816000
92.817000
92.818000
92.819000
92.820000
92.821000
92.822000
92.823000
92.824000
92.825000
92.826000
92.827000
92.828000
92.829000
92.830000
92.831000
92.832000
92.833000
92.834000
92.835000
92.836000
92.837000
92.838000
92.839000
92.840000
92.841000
92.842000
92.843000
92.844000
92.845000
92.846000
92.847000
92.848000
92.849000
92.850000
92.851000
92.852000
92.853000
92.854000
92.855000
92.856000
92.857000
92.858000
92.859000
92.860000
92.861000
92.862000
92.863000
92.864000
92.865000
92.866000
92.867000
92.868000
92.869000
92.870000
92.871000
92.872000
92.873000
92.874000
92.875000
92.876000
92.877000
92.878000
92.879000
92.880000
92.881000
92.882000
92.883000
92.884000
92.885000
92.886000
92.887000
92.888000
92.889000
92.890000
92.891000
92.892000
92.893000
92.894000
92.895000
92.896000
92.897000
92.898000
92.899000
92.900000
92.901000
92.902000
92.903000
92.904000
92.905000
92.906000
92.907000
92.908000
92.909000
92.910000
92.911000
92.912000
92.913000
92.914000
92.915000
92.916000
92.917000
92.918000
92.919000
92.920000
92.921000
92.922000
92.923000
92.924000
92.925000
92.926000
92.927000
92.928000
92.929000
92.930000
92.931000
92.932000
92.933000
92.934000
92.935000
92.936000
92.937000
92.938000
92.939000
92.940000
92.941000
92.942000
92.943000
92.944000
92.945000
92.946000
92.947000
92.948000
92.949000
92.950000
92.951000
92.952000
92.953000
92.954000
92.955000
92.956000
92.957000
92.958000
92.959000
92.960000
92.961000
92.962000
92.963000
92.964000
92.965000
92.966000
92.967000
92.968000
92.969000
92.970000
92.971000
92.972000
92.973000
92.974000
92.975000
92.976000
92.977000
92.978000
92.979000
92.980000
92.981000
92.982000
92.983000
92.984000
92.985000
92.986000
92.987000
92.988000
92.989000
92.990000
92.991000
92.992000
92.993000
92.994000
92.995000
92.996000
92.997000
92.998000
92.999000
93.000000
93.001000
93.002000
93.003000
93.004000
93.005000
93.006000
93.007000
93.008000
93.009000
93.010000
93.011000
93.012000
93.013000
93.014000
93.015000
93.016000
93.017000
93.018000
93.019000
93.020000
93.021000
93.022000
93.023000
93.024000
93.025000
93.026000
93.027000
93.028000
93.029000
93.030000
93.031000
93.032000
93.033000
93.034000
93.035000
93.036000
93.037000
93.038000
93.039000
93.040000
93.041000
93.042000
93.043000
93.044000
93.045000
93.046000
93.047000
93.048000
93.049000
93.050000
93.051000
93.052000
93.053000
93.054000
93.055000
93.056000
93.057000
93.058000
93.059000
93.060000
93.061000
93.062000
93.063000
93.064000
93.065000
93.066000
93.067000
93.068000
93.069000
93.070000
93.071000
93.072000
93.073000
93.074000
93.075000
93.076000
93.077000
93.078000
93.079000
93.080000
93.081000
93.082000
93.083000
93.084000
93.085000
93.086000
93.087000
93.088000
93.089000
93.090000
93.091000
93.092000
93.093000
93.094000
93.095000
93.096000
93.097000
93.098000
93.099000
93.100000
93.101000
93.102000
93.103000
93.104000
93.105000
93.106000
93.107000
93.108000
93.109000
93.110000
93.111000
93.112000
93.113000
93.114000
93.115000
93.116000
93.117000
93.118000
93.119000
93.120000
93.121000
93.122000
93.123000
93.124000
93.125000
93.126000
93.127000
93.128000
93.129000
93.130000
93.131000
93.132000
93.133000
93.134000
93.135000
93.136000
93.137000
93.138000
93.139000
93.140000
93.141000
93.142000
93.143000
93.144000
93.145000
93.146000
93.147000
93.148000
93.149000
93.150000
93.151000
93.152000
93.153000
93.154000
93.155000
93.156000
93.157000
93.158000
93.159000
93.160000
93.161000
93.162000
93.163000
93.164000
93.165000
93.166000
93.167000
93.168000
93.169000
93.170000
93.171000
93.172000
93.173000
93.174000
93.175000
93.176000
93.177000
93.178000
93.179000
93.180000
93.181000
93.182000
93.183000
93.184000
93.185000
93.186000
93.187000
93.188000
93.189000
93.190000
93.191000
93.192000
93.193000
93.194000
93.195000
93.196000
93.197000
93.198000
93.199000
93.200000
93.201000
93.202000
93.203000
93.204000
93.205000
93.206000
93.207000
93.208000
93.209000
93.210000
93.211000
93.212000
93.213000
93.214000
93.215000
93.216000
93.217000
93.218000
93.219000
93.220000
93.221000
93.222000
93.223000
93.224000
93.225000
93.226000
93.227000
93.228000
93.229000
93.230000
93.231000
93.232000
93.233000
93.234000
93.235000
93.236000
93.237000
93.238000
93.239000
93.240000
93.241000
93.242000
93.243000
93.244000
93.245000
93.246000
93.247000
93.248000
93.249000
93.250000
93.251000
93.252000
93.253000
93.254000
93.255000
93.256000
93.257000
93.258000
93.259000
93.260000
93.261000
93.262000
93.263000
93.264000
93.265000
93.266000
93.267000
93.268000
93.269000
93.270000
93.271000
93.272000
93.273000
93.274000
93.275000
93.276000
93.277000
93.278000
93.279000
93.280000
93.281000
93.282000
93.283000
93.284000
93.285000
93.286000
93.287000
93.288000
93.289000
93.290000
93.291000
93.292000
93.293000
93.294000
93.295000
93.296000
93.297000
93.298000
93.299000
93.300000
93.301000
93.302000
93.303000
93.304000
93.305000
93.306000
93.307000
93.308000
93.309000
93.310000
93.311000
93.312000
93.313000
93.314000
93.315000
93.316000
93.317000
93.318000
93.319000
93.320000
93.321000
93.322000
93.323000
93.324000
93.325000
93.326000
93.327000
93.328000
93.329000
93.330000
93.331000
93.332000
93.333000
93.334000
93.335000
93.336000
93.337000
93.338000
93.339000
93.340000
93.341000
93.342000
93.343000
93.344000
93.345000
93.346000
93.347000
93.348000
93.349000
93.350000
93.351000
93.352000
93.353000
93.354000
93.355000
93.356000
93.357000
93.358000
93.359000
93.360000
93.361000
93.362000
93.363000
93.364000
93.365000
93.366000
93.367000
93.368000
93.369000
93.370000
93.371000
93.372000
93.373000
93.374000
93.375000
93.376000
93.377000
93.378000
93.379000
93.380000
93.381000
93.382000
93.383000
93.384000
93.385000
93.386000
93.387000
93.388000
93.389000
93.390000
93.391000
93.392000
93.393000
93.394000
93.395000
93.396000
93.397000
93.398000
93.399000
93.400000
93.401000
93.402000
93.403000
93.404000
93.405000
93.406000
93.407000
93.408000
93.409000
93.410000
93.411000
93.412000
93.413000
93.414000
93.415000
93.416000
93.417000
93.418000
93.419000
93.420000
93.421000
93.422000
93.423000
93.424000
93.425000
93.426000
93.427000
93.428000
93.429000
93.430000
93.431000
93.432000
93.433000
93.434000
93.435000
93.436000
93.437000
93.438000
93.439000
93.440000
93.441000
93.442000
93.443000
93.444000
93.445000
93.446000
93.447000
93.448000
93.449000
93.450000
93.451000
93.452000
93.453000
93.454000
93.455000
93.456000
93.457000
93.458000
93.459000
93.460000
93.461000
93.462000
93.463000
93.464000
93.465000
93.466000
93.467000
93.468000
93.469000
93.470000
93.471000
93.472000
93.473000
93.474000
93.475000
93.476000
93.477000
93.478000
93.479000
93.480000
93.481000
93.482000
93.483000
93.484000
93.485000
93.486000
93.487000
93.488000
93.489000
93.490000
93.491000
93.492000
93.493000
93.494000
93.495000
93.496000
93.497000
93.498000
93.499000
93.500000
93.501000
93.502000
93.503000
93.504000
93.505000
93.506000
93.507000
93.508000
93.509000
93.510000
93.511000
93.512000
93.513000
93.514000
93.515000
93.516000
93.517000
93.518000
93.519000
93.520000
93.521000
93.522000
93.523000
93.524000
93.525000
93.526000
93.527000
93.528000
93.529000
93.530000
93.531000
93.532000
93.533000
93.534000
93.535000
93.536000
93.537000
93.538000
93.539000
93.540000
93.541000
93.542000
93.543000
93.544000
93.545000
93.546000
93.547000
93.548000
93.549000
93.550000
93.551000
93.552000
93.553000
93.554000
93.555000
93.556000
93.557000
93.558000
93.559000
93.560000
93.561000
93.562000
93.563000
93.564000
93.565000
93.566000
93.567000
93.568000
93.569000
93.570000
93.571000
93.572000
93.573000
93.574000
93.575000
93.576000
93.577000
93.578000
93.579000
93.580000
93.581000
93.582000
93.583000
93.584000
93.585000
93.586000
93.587000
93.588000
93.589000
93.590000
93.591000
93.592000
93.593000
93.594000
93.595000
93.596000
93.597000
93.598000
93.599000
93.600000
93.601000
93.602000
93.603000
93.604000
93.605000
93.606000
93.607000
93.608000
93.609000
93.610000
93.611000
93.612000
93.613000
93.614000
93.615000
93.616000
93.617000
93.618000
93.619000
93.620000
93.621000
93.622000
93.623000
93.624000
93.625000
93.626000
93.627000
93.628000
93.629000
93.630000
93.631000
93.632000
93.633000
93.634000
93.635000
93.636000
93.637000
93.638000
93.639000
93.640000
93.641000
93.642000
93.643000
93.644000
93.645000
93.646000
93.647000
93.648000
93.649000
93.650000
93.651000
93.652000
93.653000
93.654000
93.655000
93.656000
93.657000
93.658000
93.659000
93.660000
93.661000
93.662000
93.663000
93.664000
93.665000
93.666000
93.667000
93.668000
93.669000
93.670000
93.671000
93.672000
93.673000
93.674000
93.675000
93.676000
93.677000
93.678000
93.679000
93.680000
93.681000
93.682000
93.683000
93.684000
93.685000
93.686000
93.687000
93.688000
93.689000
93.690000
93.691000
93.692000
93.693000
93.694000
93.695000
93.696000
93.697000
93.698000
93.699000
93.700000
93.701000
93.702000
93.703000
93.704000
93.705000
93.706000
93.707000
93.708000
93.709000
93.710000
93.711000
93.712000
93.713000
93.714000
93.715000
93.716000
93.717000
93.718000
93.719000
93.720000
93.721000
93.722000
93.723000
93.724000
93.725000
93.726000
93.727000
93.728000
93.729000
93.730000
93.731000
93.732000
93.733000
93.734000
93.735000
93.736000
93.737000
93.738000
93.739000
93.740000
93.741000
93.742000
93.743000
93.744000
93.745000
93.746000
93.747000
93.748000
93.749000
93.750000
93.751000
93.752000
93.753000
93.754000
93.755000
93.756000
93.757000
93.758000
93.759000
93.760000
93.761000
93.762000
93.763000
93.764000
93.765000
93.766000
93.767000
93.768000
93.769000
93.770000
93.771000
93.772000
93.773000
93.774000
93.775000
93.776000
93.777000
93.778000
93.779000
93.780000
93.781000
93.782000
93.783000
93.784000
93.785000
93.786000
93.787000
93.788000
93.789000
93.790000
93.791000
93.792000
93.793000
93.794000
93.795000
93.796000
93.797000
93.798000
93.799000
93.800000
93.801000
93.802000
93.803000
93.804000
93.805000
93.806000
93.807000
93.808000
93.809000
93.810000
93.811000
93.812000
93.813000
93.814000
93.815000
93.816000
93.817000
93.818000
93.819000
93.820000
93.821000
93.822000
93.823000
93.824000
93.825000
93.826000
93.827000
93.828000
93.829000
93.830000
93.831000
93.832000
93.833000
93.834000
93.835000
93.836000
93.837000
93.838000
93.839000
93.840000
93.841000
93.842000
93.843000
93.844000
93.845000
93.846000
93.847000
93.848000
93.849000
93.850000
93.851000
93.852000
93.853000
93.854000
93.855000
93.856000
93.857000
93.858000
93.859000
93.860000
93.861000
93.862000
93.863000
93.864000
93.865000
93.866000
93.867000
93.868000
93.869000
93.870000
93.871000
93.872000
93.873000
93.874000
93.875000
93.876000
93.877000
93.878000
93.879000
93.880000
93.881000
93.882000
93.883000
93.884000
93.885000
93.886000
93.887000
93.888000
93.889000
93.890000
93.891000
93.892000
93.893000
93.894000
93.895000
93.896000
93.897000
93.898000
93.899000
93.900000
93.901000
93.902000
93.903000
93.904000
93.905000
93.906000
93.907000
93.908000
93.909000
93.910000
93.911000
93.912000
93.913000
93.914000
93.915000
93.916000
93.917000
93.918000
93.919000
93.920000
93.921000
93.922000
93.923000
93.924000
93.925000
93.926000
93.927000
93.928000
93.929000
93.930000
93.931000
93.932000
93.933000
93.934000
93.935000
93.936000
93.937000
93.938000
93.939000
93.940000
93.941000
93.942000
93.943000
93.944000
93.945000
93.946000
93.947000
93.948000
93.949000
93.950000
93.951000
93.952000
93.953000
93.954000
93.955000
93.956000
93.957000
93.958000
93.959000
93.960000
93.961000
93.962000
93.963000
93.964000
93.965000
93.966000
93.967000
93.968000
93.969000
93.970000
93.971000
93.972000
93.973000
93.974000
93.975000
93.976000
93.977000
93.978000
93.979000
93.980000
93.981000
93.982000
93.983000
93.984000
93.985000
93.986000
93.987000
93.988000
93.989000
93.990000
93.991000
93.992000
93.993000
93.994000
93.995000
93.996000
93.997000
93.998000
93.999000
94.000000
94.001000
94.002000
94.003000
94.004000
94.005000
94.006000
94.007000
94.008000
94.009000
94.010000
94.011000
94.012000
94.013000
94.014000
94.015000
94.016000
94.017000
94.018000
94.019000
94.020000
94.021000
94.022000
94.023000
94.024000
94.025000
94.026000
94.027000
94.028000
94.029000
94.030000
94.031000
94.032000
94.033000
94.034000
94.035000
94.036000
94.037000
94.038000
94.039000
94.040000
94.041000
94.042000
94.043000
94.044000
94.045000
94.046000
94.047000
94.048000
94.049000
94.050000
94.051000
94.052000
94.053000
94.054000
94.055000
94.056000
94.057000
94.058000
94.059000
94.060000
94.061000
94.062000
94.063000
94.064000
94.065000
94.066000
94.067000
94.068000
94.069000
94.070000
94.071000
94.072000
94.073000
94.074000
94.075000
94.076000
94.077000
94.078000
94.079000
94.080000
94.081000
94.082000
94.083000
94.084000
94.085000
94.086000
94.087000
94.088000
94.089000
94.090000
94.091000
94.092000
94.093000
94.094000
94.095000
94.096000
94.097000
94.098000
94.099000
94.100000
94.101000
94.102000
94.103000
94.104000
94.105000
94.106000
94.107000
94.108000
94.109000
94.110000
94.111000
94.112000
94.113000
94.114000
94.115000
94.116000
94.117000
94.118000
94.119000
94.120000
94.121000
94.122000
94.123000
94.124000
94.125000
94.126000
94.127000
94.128000
94.129000
94.130000
94.131000
94.132000
94.133000
94.134000
94.135000
94.136000
94.137000
94.138000
94.139000
94.140000
94.141000
94.142000
94.143000
94.144000
94.145000
94.146000
94.147000
94.148000
94.149000
94.150000
94.151000
94.152000
94.153000
94.154000
94.155000
94.156000
94.157000
94.158000
94.159000
94.160000
94.161000
94.162000
94.163000
94.164000
94.165000
94.166000
94.167000
94.168000
94.169000
94.170000
94.171000
94.172000
94.173000
94.174000
94.175000
94.176000
94.177000
94.178000
94.179000
94.180000
94.181000
94.182000
94.183000
94.184000
94.185000
94.186000
94.187000
94.188000
94.189000
94.190000
94.191000
94.192000
94.193000
94.194000
94.195000
94.196000
94.197000
94.198000
94.199000
94.200000
94.201000
94.202000
94.203000
94.204000
94.205000
94.206000
94.207000
94.208000
94.209000
94.210000
94.211000
94.212000
94.213000
94.214000
94.215000
94.216000
94.217000
94.218000
94.219000
94.220000
94.221000
94.222000
94.223000
94.224000
94.225000
94.226000
94.227000
94.228000
94.229000
94.230000
94.231000
94.232000
94.233000
94.234000
94.235000
94.236000
94.237000
94.238000
94.239000
94.240000
94.241000
94.242000
94.243000
94.244000
94.245000
94.246000
94.247000
94.248000
94.249000
94.250000
94.251000
94.252000
94.253000
94.254000
94.255000
94.256000
94.257000
94.258000
94.259000
94.260000
94.261000
94.262000
94.263000
94.264000
94.265000
94.266000
94.267000
94.268000
94.269000
94.270000
94.271000
94.272000
94.273000
94.274000
94.275000
94.276000
94.277000
94.278000
94.279000
94.280000
94.281000
94.282000
94.283000
94.284000
94.285000
94.286000
94.287000
94.288000
94.289000
94.290000
94.291000
94.292000
94.293000
94.294000
94.295000
94.296000
94.297000
94.298000
94.299000
94.300000
94.301000
94.302000
94.303000
94.304000
94.305000
94.306000
94.307000
94.308000
94.309000
94.310000
94.311000
94.312000
94.313000
94.314000
94.315000
94.316000
94.317000
94.318000
94.319000
94.320000
94.321000
94.322000
94.323000
94.324000
94.325000
94.326000
94.327000
94.328000
94.329000
94.330000
94.331000
94.332000
94.333000
94.334000
94.335000
94.336000
94.337000
94.338000
94.339000
94.340000
94.341000
94.342000
94.343000
94.344000
94.345000
94.346000
94.347000
94.348000
94.349000
94.350000
94.351000
94.352000
94.353000
94.354000
94.355000
94.356000
94.357000
94.358000
94.359000
94.360000
94.361000
94.362000
94.363000
94.364000
94.365000
94.366000
94.367000
94.368000
94.369000
94.370000
94.371000
94.372000
94.373000
94.374000
94.375000
94.376000
94.377000
94.378000
94.379000
94.380000
94.381000
94.382000
94.383000
94.384000
94.385000
94.386000
94.387000
94.388000
94.389000
94.390000
94.391000
94.392000
94.393000
94.394000
94.395000
94.396000
94.397000
94.398000
94.399000
94.400000
94.401000
94.402000
94.403000
94.404000
94.405000
94.406000
94.407000
94.408000
94.409000
94.410000
94.411000
94.412000
94.413000
94.414000
94.415000
94.416000
94.417000
94.418000
94.419000
94.420000
94.421000
94.422000
94.423000
94.424000
94.425000
94.426000
94.427000
94.428000
94.429000
94.430000
94.431000
94.432000
94.433000
94.434000
94.435000
94.436000
94.437000
94.438000
94.439000
94.440000
94.441000
94.442000
94.443000
94.444000
94.445000
94.446000
94.447000
94.448000
94.449000
94.450000
94.451000
94.452000
94.453000
94.454000
94.455000
94.456000
94.457000
94.458000
94.459000
94.460000
94.461000
94.462000
94.463000
94.464000
94.465000
94.466000
94.467000
94.468000
94.469000
94.470000
94.471000
94.472000
94.473000
94.474000
94.475000
94.476000
94.477000
94.478000
94.479000
94.480000
94.481000
94.482000
94.483000
94.484000
94.485000
94.486000
94.487000
94.488000
94.489000
94.490000
94.491000
94.492000
94.493000
94.494000
94.495000
94.496000
94.497000
94.498000
94.499000
94.500000
94.501000
94.502000
94.503000
94.504000
94.505000
94.506000
94.507000
94.508000
94.509000
94.510000
94.511000
94.512000
94.513000
94.514000
94.515000
94.516000
94.517000
94.518000
94.519000
94.520000
94.521000
94.522000
94.523000
94.524000
94.525000
94.526000
94.527000
94.528000
94.529000
94.530000
94.531000
94.532000
94.533000
94.534000
94.535000
94.536000
94.537000
94.538000
94.539000
94.540000
94.541000
94.542000
94.543000
94.544000
94.545000
94.546000
94.547000
94.548000
94.549000
94.550000
94.551000
94.552000
94.553000
94.554000
94.555000
94.556000
94.557000
94.558000
94.559000
94.560000
94.561000
94.562000
94.563000
94.564000
94.565000
94.566000
94.567000
94.568000
94.569000
94.570000
94.571000
94.572000
94.573000
94.574000
94.575000
94.576000
94.577000
94.578000
94.579000
94.580000
94.581000
94.582000
94.583000
94.584000
94.585000
94.586000
94.587000
94.588000
94.589000
94.590000
94.591000
94.592000
94.593000
94.594000
94.595000
94.596000
94.597000
94.598000
94.599000
94.600000
94.601000
94.602000
94.603000
94.604000
94.605000
94.606000
94.607000
94.608000
94.609000
94.610000
94.611000
94.612000
94.613000
94.614000
94.615000
94.616000
94.617000
94.618000
94.619000
94.620000
94.621000
94.622000
94.623000
94.624000
94.625000
94.626000
94.627000
94.628000
94.629000
94.630000
94.631000
94.632000
94.633000
94.634000
94.635000
94.636000
94.637000
94.638000
94.639000
94.640000
94.641000
94.642000
94.643000
94.644000
94.645000
94.646000
94.647000
94.648000
94.649000
94.650000
94.651000
94.652000
94.653000
94.654000
94.655000
94.656000
94.657000
94.658000
94.659000
94.660000
94.661000
94.662000
94.663000
94.664000
94.665000
94.666000
94.667000
94.668000
94.669000
94.670000
94.671000
94.672000
94.673000
94.674000
94.675000
94.676000
94.677000
94.678000
94.679000
94.680000
94.681000
94.682000
94.683000
94.684000
94.685000
94.686000
94.687000
94.688000
94.689000
94.690000
94.691000
94.692000
94.693000
94.694000
94.695000
94.696000
94.697000
94.698000
94.699000
94.700000
94.701000
94.702000
94.703000
94.704000
94.705000
94.706000
94.707000
94.708000
94.709000
94.710000
94.711000
94.712000
94.713000
94.714000
94.715000
94.716000
94.717000
94.718000
94.719000
94.720000
94.721000
94.722000
94.723000
94.724000
94.725000
94.726000
94.727000
94.728000
94.729000
94.730000
94.731000
94.732000
94.733000
94.734000
94.735000
94.736000
94.737000
94.738000
94.739000
94.740000
94.741000
94.742000
94.743000
94.744000
94.745000
94.746000
94.747000
94.748000
94.749000
94.750000
94.751000
94.752000
94.753000
94.754000
94.755000
94.756000
94.757000
94.758000
94.759000
94.760000
94.761000
94.762000
94.763000
94.764000
94.765000
94.766000
94.767000
94.768000
94.769000
94.770000
94.771000
94.772000
94.773000
94.774000
94.775000
94.776000
94.777000
94.778000
94.779000
94.780000
94.781000
94.782000
94.783000
94.784000
94.785000
94.786000
94.787000
94.788000
94.789000
94.790000
94.791000
94.792000
94.793000
94.794000
94.795000
94.796000
94.797000
94.798000
94.799000
94.800000
94.801000
94.802000
94.803000
94.804000
94.805000
94.806000
94.807000
94.808000
94.809000
94.810000
94.811000
94.812000
94.813000
94.814000
94.815000
94.816000
94.817000
94.818000
94.819000
94.820000
94.821000
94.822000
94.823000
94.824000
94.825000
94.826000
94.827000
94.828000
94.829000
94.830000
94.831000
94.832000
94.833000
94.834000
94.835000
94.836000
94.837000
94.838000
94.839000
94.840000
94.841000
94.842000
94.843000
94.844000
94.845000
94.846000
94.847000
94.848000
94.849000
94.850000
94.851000
94.852000
94.853000
94.854000
94.855000
94.856000
94.857000
94.858000
94.859000
94.860000
94.861000
94.862000
94.863000
94.864000
94.865000
94.866000
94.867000
94.868000
94.869000
94.870000
94.871000
94.872000
94.873000
94.874000
94.875000
94.876000
94.877000
94.878000
94.879000
94.880000
94.881000
94.882000
94.883000
94.884000
94.885000
94.886000
94.887000
94.888000
94.889000
94.890000
94.891000
94.892000
94.893000
94.894000
94.895000
94.896000
94.897000
94.898000
94.899000
94.900000
94.901000
94.902000
94.903000
94.904000
94.905000
94.906000
94.907000
94.908000
94.909000
94.910000
94.911000
94.912000
94.913000
94.914000
94.915000
94.916000
94.917000
94.918000
94.919000
94.920000
94.921000
94.922000
94.923000
94.924000
94.925000
94.926000
94.927000
94.928000
94.929000
94.930000
94.931000
94.932000
94.933000
94.934000
94.935000
94.936000
94.937000
94.938000
94.939000
94.940000
94.941000
94.942000
94.943000
94.944000
94.945000
94.946000
94.947000
94.948000
94.949000
94.950000
94.951000
94.952000
94.953000
94.954000
94.955000
94.956000
94.957000
94.958000
94.959000
94.960000
94.961000
94.962000
94.963000
94.964000
94.965000
94.966000
94.967000
94.968000
94.969000
94.970000
94.971000
94.972000
94.973000
94.974000
94.975000
94.976000
94.977000
94.978000
94.979000
94.980000
94.981000
94.982000
94.983000
94.984000
94.985000
94.986000
94.987000
94.988000
94.989000
94.990000
94.991000
94.992000
94.993000
94.994000
94.995000
94.996000
94.997000
94.998000
94.999000
95.000000
95.001000
95.002000
95.003000
95.004000
95.005000
95.006000
95.007000
95.008000
95.009000
95.010000
95.011000
95.012000
95.013000
95.014000
95.015000
95.016000
95.017000
95.018000
95.019000
95.020000
95.021000
95.022000
95.023000
95.024000
95.025000
95.026000
95.027000
95.028000
95.029000
95.030000
95.031000
95.032000
95.033000
95.034000
95.035000
95.036000
95.037000
95.038000
95.039000
95.040000
95.041000
95.042000
95.043000
95.044000
95.045000
95.046000
95.047000
95.048000
95.049000
95.050000
95.051000
95.052000
95.053000
95.054000
95.055000
95.056000
95.057000
95.058000
95.059000
95.060000
95.061000
95.062000
95.063000
95.064000
95.065000
95.066000
95.067000
95.068000
95.069000
95.070000
95.071000
95.072000
95.073000
95.074000
95.075000
95.076000
95.077000
95.078000
95.079000
95.080000
95.081000
95.082000
95.083000
95.084000
95.085000
95.086000
95.087000
95.088000
95.089000
95.090000
95.091000
95.092000
95.093000
95.094000
95.095000
95.096000
95.097000
95.098000
95.099000
95.100000
95.101000
95.102000
95.103000
95.104000
95.105000
95.106000
95.107000
95.108000
95.109000
95.110000
95.111000
95.112000
95.113000
95.114000
95.115000
95.116000
95.117000
95.118000
95.119000
95.120000
95.121000
95.122000
95.123000
95.124000
95.125000
95.126000
95.127000
95.128000
95.129000
95.130000
95.131000
95.132000
95.133000
95.134000
95.135000
95.136000
95.137000
95.138000
95.139000
95.140000
95.141000
95.142000
95.143000
95.144000
95.145000
95.146000
95.147000
95.148000
95.149000
95.150000
95.151000
95.152000
95.153000
95.154000
95.155000
95.156000
95.157000
95.158000
95.159000
95.160000
95.161000
95.162000
95.163000
95.164000
95.165000
95.166000
95.167000
95.168000
95.169000
95.170000
95.171000
95.172000
95.173000
95.174000
95.175000
95.176000
95.177000
95.178000
95.179000
95.180000
95.181000
95.182000
95.183000
95.184000
95.185000
95.186000
95.187000
95.188000
95.189000
95.190000
95.191000
95.192000
95.193000
95.194000
95.195000
95.196000
95.197000
95.198000
95.199000
95.200000
95.201000
95.202000
95.203000
95.204000
95.205000
95.206000
95.207000
95.208000
95.209000
95.210000
95.211000
95.212000
95.213000
95.214000
95.215000
95.216000
95.217000
95.218000
95.219000
95.220000
95.221000
95.222000
95.223000
95.224000
95.225000
95.226000
95.227000
95.228000
95.229000
95.230000
95.231000
95.232000
95.233000
95.234000
95.235000
95.236000
95.237000
95.238000
95.239000
95.240000
95.241000
95.242000
95.243000
95.244000
95.245000
95.246000
95.247000
95.248000
95.249000
95.250000
95.251000
95.252000
95.253000
95.254000
95.255000
95.256000
95.257000
95.258000
95.259000
95.260000
95.261000
95.262000
95.263000
95.264000
95.265000
95.266000
95.267000
95.268000
95.269000
95.270000
95.271000
95.272000
95.273000
95.274000
95.275000
95.276000
95.277000
95.278000
95.279000
95.280000
95.281000
95.282000
95.283000
95.284000
95.285000
95.286000
95.287000
95.288000
95.289000
95.290000
95.291000
95.292000
95.293000
95.294000
95.295000
95.296000
95.297000
95.298000
95.299000
95.300000
95.301000
95.302000
95.303000
95.304000
95.305000
95.306000
95.307000
95.308000
95.309000
95.310000
95.311000
95.312000
95.313000
95.314000
95.315000
95.316000
95.317000
95.318000
95.319000
95.320000
95.321000
95.322000
95.323000
95.324000
95.325000
95.326000
95.327000
95.328000
95.329000
95.330000
95.331000
95.332000
95.333000
95.334000
95.335000
95.336000
95.337000
95.338000
95.339000
95.340000
95.341000
95.342000
95.343000
95.344000
95.345000
95.346000
95.347000
95.348000
95.349000
95.350000
95.351000
95.352000
95.353000
95.354000
95.355000
95.356000
95.357000
95.358000
95.359000
95.360000
95.361000
95.362000
95.363000
95.364000
95.365000
95.366000
95.367000
95.368000
95.369000
95.370000
95.371000
95.372000
95.373000
95.374000
95.375000
95.376000
95.377000
95.378000
95.379000
95.380000
95.381000
95.382000
95.383000
95.384000
95.385000
95.386000
95.387000
95.388000
95.389000
95.390000
95.391000
95.392000
95.393000
95.394000
95.395000
95.396000
95.397000
95.398000
95.399000
95.400000
95.401000
95.402000
95.403000
95.404000
95.405000
95.406000
95.407000
95.408000
95.409000
95.410000
95.411000
95.412000
95.413000
95.414000
95.415000
95.416000
95.417000
95.418000
95.419000
95.420000
95.421000
95.422000
95.423000
95.424000
95.425000
95.426000
95.427000
95.428000
95.429000
95.430000
95.431000
95.432000
95.433000
95.434000
95.435000
95.436000
95.437000
95.438000
95.439000
95.440000
95.441000
95.442000
95.443000
95.444000
95.445000
95.446000
95.447000
95.448000
95.449000
95.450000
95.451000
95.452000
95.453000
95.454000
95.455000
95.456000
95.457000
95.458000
95.459000
95.460000
95.461000
95.462000
95.463000
95.464000
95.465000
95.466000
95.467000
95.468000
95.469000
95.470000
95.471000
95.472000
95.473000
95.474000
95.475000
95.476000
95.477000
95.478000
95.479000
95.480000
95.481000
95.482000
95.483000
95.484000
95.485000
95.486000
95.487000
95.488000
95.489000
95.490000
95.491000
95.492000
95.493000
95.494000
95.495000
95.496000
95.497000
95.498000
95.499000
95.500000
95.501000
95.502000
95.503000
95.504000
95.505000
95.506000
95.507000
95.508000
95.509000
95.510000
95.511000
95.512000
95.513000
95.514000
95.515000
95.516000
95.517000
95.518000
95.519000
95.520000
95.521000
95.522000
95.523000
95.524000
95.525000
95.526000
95.527000
95.528000
95.529000
95.530000
95.531000
95.532000
95.533000
95.534000
95.535000
95.536000
95.537000
95.538000
95.539000
95.540000
95.541000
95.542000
95.543000
95.544000
95.545000
95.546000
95.547000
95.548000
95.549000
95.550000
95.551000
95.552000
95.553000
95.554000
95.555000
95.556000
95.557000
95.558000
95.559000
95.560000
95.561000
95.562000
95.563000
95.564000
95.565000
95.566000
95.567000
95.568000
95.569000
95.570000
95.571000
95.572000
95.573000
95.574000
95.575000
95.576000
95.577000
95.578000
95.579000
95.580000
95.581000
95.582000
95.583000
95.584000
95.585000
95.586000
95.587000
95.588000
95.589000
95.590000
95.591000
95.592000
95.593000
95.594000
95.595000
95.596000
95.597000
95.598000
95.599000
95.600000
95.601000
95.602000
95.603000
95.604000
95.605000
95.606000
95.607000
95.608000
95.609000
95.610000
95.611000
95.612000
95.613000
95.614000
95.615000
95.616000
95.617000
95.618000
95.619000
95.620000
95.621000
95.622000
95.623000
95.624000
95.625000
95.626000
95.627000
95.628000
95.629000
95.630000
95.631000
95.632000
95.633000
95.634000
95.635000
95.636000
95.637000
95.638000
95.639000
95.640000
95.641000
95.642000
95.643000
95.644000
95.645000
95.646000
95.647000
95.648000
95.649000
95.650000
95.651000
95.652000
95.653000
95.654000
95.655000
95.656000
95.657000
95.658000
95.659000
95.660000
95.661000
95.662000
95.663000
95.664000
95.665000
95.666000
95.667000
95.668000
95.669000
95.670000
95.671000
95.672000
95.673000
95.674000
95.675000
95.676000
95.677000
95.678000
95.679000
95.680000
95.681000
95.682000
95.683000
95.684000
95.685000
95.686000
95.687000
95.688000
95.689000
95.690000
95.691000
95.692000
95.693000
95.694000
95.695000
95.696000
95.697000
95.698000
95.699000
95.700000
95.701000
95.702000
95.703000
95.704000
95.705000
95.706000
95.707000
95.708000
95.709000
95.710000
95.711000
95.712000
95.713000
95.714000
95.715000
95.716000
95.717000
95.718000
95.719000
95.720000
95.721000
95.722000
95.723000
95.724000
95.725000
95.726000
95.727000
95.728000
95.729000
95.730000
95.731000
95.732000
95.733000
95.734000
95.735000
95.736000
95.737000
95.738000
95.739000
95.740000
95.741000
95.742000
95.743000
95.744000
95.745000
95.746000
95.747000
95.748000
95.749000
95.750000
95.751000
95.752000
95.753000
95.754000
95.755000
95.756000
95.757000
95.758000
95.759000
95.760000
95.761000
95.762000
95.763000
95.764000
95.765000
95.766000
95.767000
95.768000
95.769000
95.770000
95.771000
95.772000
95.773000
95.774000
95.775000
95.776000
95.777000
95.778000
95.779000
95.780000
95.781000
95.782000
95.783000
95.784000
95.785000
95.786000
95.787000
95.788000
95.789000
95.790000
95.791000
95.792000
95.793000
95.794000
95.795000
95.796000
95.797000
95.798000
95.799000
95.800000
95.801000
95.802000
95.803000
95.804000
95.805000
95.806000
95.807000
95.808000
95.809000
95.810000
95.811000
95.812000
95.813000
95.814000
95.815000
95.816000
95.817000
95.818000
95.819000
95.820000
95.821000
95.822000
95.823000
95.824000
95.825000
95.826000
95.827000
95.828000
95.829000
95.830000
95.831000
95.832000
95.833000
95.834000
95.835000
95.836000
95.837000
95.838000
95.839000
95.840000
95.841000
95.842000
95.843000
95.844000
95.845000
95.846000
95.847000
95.848000
95.849000
95.850000
95.851000
95.852000
95.853000
95.854000
95.855000
95.856000
95.857000
95.858000
95.859000
95.860000
95.861000
95.862000
95.863000
95.864000
95.865000
95.866000
95.867000
95.868000
95.869000
95.870000
95.871000
95.872000
95.873000
95.874000
95.875000
95.876000
95.877000
95.878000
95.879000
95.880000
95.881000
95.882000
95.883000
95.884000
95.885000
95.886000
95.887000
95.888000
95.889000
95.890000
95.891000
95.892000
95.893000
95.894000
95.895000
95.896000
95.897000
95.898000
95.899000
95.900000
95.901000
95.902000
95.903000
95.904000
95.905000
95.906000
95.907000
95.908000
95.909000
95.910000
95.911000
95.912000
95.913000
95.914000
95.915000
95.916000
95.917000
95.918000
95.919000
95.920000
95.921000
95.922000
95.923000
95.924000
95.925000
95.926000
95.927000
95.928000
95.929000
95.930000
95.931000
95.932000
95.933000
95.934000
95.935000
95.936000
95.937000
95.938000
95.939000
95.940000
95.941000
95.942000
95.943000
95.944000
95.945000
95.946000
95.947000
95.948000
95.949000
95.950000
95.951000
95.952000
95.953000
95.954000
95.955000
95.956000
95.957000
95.958000
95.959000
95.960000
95.961000
95.962000
95.963000
95.964000
95.965000
95.966000
95.967000
95.968000
95.969000
95.970000
95.971000
95.972000
95.973000
95.974000
95.975000
95.976000
95.977000
95.978000
95.979000
95.980000
95.981000
95.982000
95.983000
95.984000
95.985000
95.986000
95.987000
95.988000
95.989000
95.990000
95.991000
95.992000
95.993000
95.994000
95.995000
95.996000
95.997000
95.998000
95.999000
96.000000
96.001000
96.002000
96.003000
96.004000
96.005000
96.006000
96.007000
96.008000
96.009000
96.010000
96.011000
96.012000
96.013000
96.014000
96.015000
96.016000
96.017000
96.018000
96.019000
96.020000
96.021000
96.022000
96.023000
96.024000
96.025000
96.026000
96.027000
96.028000
96.029000
96.030000
96.031000
96.032000
96.033000
96.034000
96.035000
96.036000
96.037000
96.038000
96.039000
96.040000
96.041000
96.042000
96.043000
96.044000
96.045000
96.046000
96.047000
96.048000
96.049000
96.050000
96.051000
96.052000
96.053000
96.054000
96.055000
96.056000
96.057000
96.058000
96.059000
96.060000
96.061000
96.062000
96.063000
96.064000
96.065000
96.066000
96.067000
96.068000
96.069000
96.070000
96.071000
96.072000
96.073000
96.074000
96.075000
96.076000
96.077000
96.078000
96.079000
96.080000
96.081000
96.082000
96.083000
96.084000
96.085000
96.086000
96.087000
96.088000
96.089000
96.090000
96.091000
96.092000
96.093000
96.094000
96.095000
96.096000
96.097000
96.098000
96.099000
96.100000
96.101000
96.102000
96.103000
96.104000
96.105000
96.106000
96.107000
96.108000
96.109000
96.110000
96.111000
96.112000
96.113000
96.114000
96.115000
96.116000
96.117000
96.118000
96.119000
96.120000
96.121000
96.122000
96.123000
96.124000
96.125000
96.126000
96.127000
96.128000
96.129000
96.130000
96.131000
96.132000
96.133000
96.134000
96.135000
96.136000
96.137000
96.138000
96.139000
96.140000
96.141000
96.142000
96.143000
96.144000
96.145000
96.146000
96.147000
96.148000
96.149000
96.150000
96.151000
96.152000
96.153000
96.154000
96.155000
96.156000
96.157000
96.158000
96.159000
96.160000
96.161000
96.162000
96.163000
96.164000
96.165000
96.166000
96.167000
96.168000
96.169000
96.170000
96.171000
96.172000
96.173000
96.174000
96.175000
96.176000
96.177000
96.178000
96.179000
96.180000
96.181000
96.182000
96.183000
96.184000
96.185000
96.186000
96.187000
96.188000
96.189000
96.190000
96.191000
96.192000
96.193000
96.194000
96.195000
96.196000
96.197000
96.198000
96.199000
96.200000
96.201000
96.202000
96.203000
96.204000
96.205000
96.206000
96.207000
96.208000
96.209000
96.210000
96.211000
96.212000
96.213000
96.214000
96.215000
96.216000
96.217000
96.218000
96.219000
96.220000
96.221000
96.222000
96.223000
96.224000
96.225000
96.226000
96.227000
96.228000
96.229000
96.230000
96.231000
96.232000
96.233000
96.234000
96.235000
96.236000
96.237000
96.238000
96.239000
96.240000
96.241000
96.242000
96.243000
96.244000
96.245000
96.246000
96.247000
96.248000
96.249000
96.250000
96.251000
96.252000
96.253000
96.254000
96.255000
96.256000
96.257000
96.258000
96.259000
96.260000
96.261000
96.262000
96.263000
96.264000
96.265000
96.266000
96.267000
96.268000
96.269000
96.270000
96.271000
96.272000
96.273000
96.274000
96.275000
96.276000
96.277000
96.278000
96.279000
96.280000
96.281000
96.282000
96.283000
96.284000
96.285000
96.286000
96.287000
96.288000
96.289000
96.290000
96.291000
96.292000
96.293000
96.294000
96.295000
96.296000
96.297000
96.298000
96.299000
96.300000
96.301000
96.302000
96.303000
96.304000
96.305000
96.306000
96.307000
96.308000
96.309000
96.310000
96.311000
96.312000
96.313000
96.314000
96.315000
96.316000
96.317000
96.318000
96.319000
96.320000
96.321000
96.322000
96.323000
96.324000
96.325000
96.326000
96.327000
96.328000
96.329000
96.330000
96.331000
96.332000
96.333000
96.334000
96.335000
96.336000
96.337000
96.338000
96.339000
96.340000
96.341000
96.342000
96.343000
96.344000
96.345000
96.346000
96.347000
96.348000
96.349000
96.350000
96.351000
96.352000
96.353000
96.354000
96.355000
96.356000
96.357000
96.358000
96.359000
96.360000
96.361000
96.362000
96.363000
96.364000
96.365000
96.366000
96.367000
96.368000
96.369000
96.370000
96.371000
96.372000
96.373000
96.374000
96.375000
96.376000
96.377000
96.378000
96.379000
96.380000
96.381000
96.382000
96.383000
96.384000
96.385000
96.386000
96.387000
96.388000
96.389000
96.390000
96.391000
96.392000
96.393000
96.394000
96.395000
96.396000
96.397000
96.398000
96.399000
96.400000
96.401000
96.402000
96.403000
96.404000
96.405000
96.406000
96.407000
96.408000
96.409000
96.410000
96.411000
96.412000
96.413000
96.414000
96.415000
96.416000
96.417000
96.418000
96.419000
96.420000
96.421000
96.422000
96.423000
96.424000
96.425000
96.426000
96.427000
96.428000
96.429000
96.430000
96.431000
96.432000
96.433000
96.434000
96.435000
96.436000
96.437000
96.438000
96.439000
96.440000
96.441000
96.442000
96.443000
96.444000
96.445000
96.446000
96.447000
96.448000
96.449000
96.450000
96.451000
96.452000
96.453000
96.454000
96.455000
96.456000
96.457000
96.458000
96.459000
96.460000
96.461000
96.462000
96.463000
96.464000
96.465000
96.466000
96.467000
96.468000
96.469000
96.470000
96.471000
96.472000
96.473000
96.474000
96.475000
96.476000
96.477000
96.478000
96.479000
96.480000
96.481000
96.482000
96.483000
96.484000
96.485000
96.486000
96.487000
96.488000
96.489000
96.490000
96.491000
96.492000
96.493000
96.494000
96.495000
96.496000
96.497000
96.498000
96.499000
96.500000
96.501000
96.502000
96.503000
96.504000
96.505000
96.506000
96.507000
96.508000
96.509000
96.510000
96.511000
96.512000
96.513000
96.514000
96.515000
96.516000
96.517000
96.518000
96.519000
96.520000
96.521000
96.522000
96.523000
96.524000
96.525000
96.526000
96.527000
96.528000
96.529000
96.530000
96.531000
96.532000
96.533000
96.534000
96.535000
96.536000
96.537000
96.538000
96.539000
96.540000
96.541000
96.542000
96.543000
96.544000
96.545000
96.546000
96.547000
96.548000
96.549000
96.550000
96.551000
96.552000
96.553000
96.554000
96.555000
96.556000
96.557000
96.558000
96.559000
96.560000
96.561000
96.562000
96.563000
96.564000
96.565000
96.566000
96.567000
96.568000
96.569000
96.570000
96.571000
96.572000
96.573000
96.574000
96.575000
96.576000
96.577000
96.578000
96.579000
96.580000
96.581000
96.582000
96.583000
96.584000
96.585000
96.586000
96.587000
96.588000
96.589000
96.590000
96.591000
96.592000
96.593000
96.594000
96.595000
96.596000
96.597000
96.598000
96.599000
96.600000
96.601000
96.602000
96.603000
96.604000
96.605000
96.606000
96.607000
96.608000
96.609000
96.610000
96.611000
96.612000
96.613000
96.614000
96.615000
96.616000
96.617000
96.618000
96.619000
96.620000
96.621000
96.622000
96.623000
96.624000
96.625000
96.626000
96.627000
96.628000
96.629000
96.630000
96.631000
96.632000
96.633000
96.634000
96.635000
96.636000
96.637000
96.638000
96.639000
96.640000
96.641000
96.642000
96.643000
96.644000
96.645000
96.646000
96.647000
96.648000
96.649000
96.650000
96.651000
96.652000
96.653000
96.654000
96.655000
96.656000
96.657000
96.658000
96.659000
96.660000
96.661000
96.662000
96.663000
96.664000
96.665000
96.666000
96.667000
96.668000
96.669000
96.670000
96.671000
96.672000
96.673000
96.674000
96.675000
96.676000
96.677000
96.678000
96.679000
96.680000
96.681000
96.682000
96.683000
96.684000
96.685000
96.686000
96.687000
96.688000
96.689000
96.690000
96.691000
96.692000
96.693000
96.694000
96.695000
96.696000
96.697000
96.698000
96.699000
96.700000
96.701000
96.702000
96.703000
96.704000
96.705000
96.706000
96.707000
96.708000
96.709000
96.710000
96.711000
96.712000
96.713000
96.714000
96.715000
96.716000
96.717000
96.718000
96.719000
96.720000
96.721000
96.722000
96.723000
96.724000
96.725000
96.726000
96.727000
96.728000
96.729000
96.730000
96.731000
96.732000
96.733000
96.734000
96.735000
96.736000
96.737000
96.738000
96.739000
96.740000
96.741000
96.742000
96.743000
96.744000
96.745000
96.746000
96.747000
96.748000
96.749000
96.750000
96.751000
96.752000
96.753000
96.754000
96.755000
96.756000
96.757000
96.758000
96.759000
96.760000
96.761000
96.762000
96.763000
96.764000
96.765000
96.766000
96.767000
96.768000
96.769000
96.770000
96.771000
96.772000
96.773000
96.774000
96.775000
96.776000
96.777000
96.778000
96.779000
96.780000
96.781000
96.782000
96.783000
96.784000
96.785000
96.786000
96.787000
96.788000
96.789000
96.790000
96.791000
96.792000
96.793000
96.794000
96.795000
96.796000
96.797000
96.798000
96.799000
96.800000
96.801000
96.802000
96.803000
96.804000
96.805000
96.806000
96.807000
96.808000
96.809000
96.810000
96.811000
96.812000
96.813000
96.814000
96.815000
96.816000
96.817000
96.818000
96.819000
96.820000
96.821000
96.822000
96.823000
96.824000
96.825000
96.826000
96.827000
96.828000
96.829000
96.830000
96.831000
96.832000
96.833000
96.834000
96.835000
96.836000
96.837000
96.838000
96.839000
96.840000
96.841000
96.842000
96.843000
96.844000
96.845000
96.846000
96.847000
96.848000
96.849000
96.850000
96.851000
96.852000
96.853000
96.854000
96.855000
96.856000
96.857000
96.858000
96.859000
96.860000
96.861000
96.862000
96.863000
96.864000
96.865000
96.866000
96.867000
96.868000
96.869000
96.870000
96.871000
96.872000
96.873000
96.874000
96.875000
96.876000
96.877000
96.878000
96.879000
96.880000
96.881000
96.882000
96.883000
96.884000
96.885000
96.886000
96.887000
96.888000
96.889000
96.890000
96.891000
96.892000
96.893000
96.894000
96.895000
96.896000
96.897000
96.898000
96.899000
96.900000
96.901000
96.902000
96.903000
96.904000
96.905000
96.906000
96.907000
96.908000
96.909000
96.910000
96.911000
96.912000
96.913000
96.914000
96.915000
96.916000
96.917000
96.918000
96.919000
96.920000
96.921000
96.922000
96.923000
96.924000
96.925000
96.926000
96.927000
96.928000
96.929000
96.930000
96.931000
96.932000
96.933000
96.934000
96.935000
96.936000
96.937000
96.938000
96.939000
96.940000
96.941000
96.942000
96.943000
96.944000
96.945000
96.946000
96.947000
96.948000
96.949000
96.950000
96.951000
96.952000
96.953000
96.954000
96.955000
96.956000
96.957000
96.958000
96.959000
96.960000
96.961000
96.962000
96.963000
96.964000
96.965000
96.966000
96.967000
96.968000
96.969000
96.970000
96.971000
96.972000
96.973000
96.974000
96.975000
96.976000
96.977000
96.978000
96.979000
96.980000
96.981000
96.982000
96.983000
96.984000
96.985000
96.986000
96.987000
96.988000
96.989000
96.990000
96.991000
96.992000
96.993000
96.994000
96.995000
96.996000
96.997000
96.998000
96.999000
97.000000
97.001000
97.002000
97.003000
97.004000
97.005000
97.006000
97.007000
97.008000
97.009000
97.010000
97.011000
97.012000
97.013000
97.014000
97.015000
97.016000
97.017000
97.018000
97.019000
97.020000
97.021000
97.022000
97.023000
97.024000
97.025000
97.026000
97.027000
97.028000
97.029000
97.030000
97.031000
97.032000
97.033000
97.034000
97.035000
97.036000
97.037000
97.038000
97.039000
97.040000
97.041000
97.042000
97.043000
97.044000
97.045000
97.046000
97.047000
97.048000
97.049000
97.050000
97.051000
97.052000
97.053000
97.054000
97.055000
97.056000
97.057000
97.058000
97.059000
97.060000
97.061000
97.062000
97.063000
97.064000
97.065000
97.066000
97.067000
97.068000
97.069000
97.070000
97.071000
97.072000
97.073000
97.074000
97.075000
97.076000
97.077000
97.078000
97.079000
97.080000
97.081000
97.082000
97.083000
97.084000
97.085000
97.086000
97.087000
97.088000
97.089000
97.090000
97.091000
97.092000
97.093000
97.094000
97.095000
97.096000
97.097000
97.098000
97.099000
97.100000
97.101000
97.102000
97.103000
97.104000
97.105000
97.106000
97.107000
97.108000
97.109000
97.110000
97.111000
97.112000
97.113000
97.114000
97.115000
97.116000
97.117000
97.118000
97.119000
97.120000
97.121000
97.122000
97.123000
97.124000
97.125000
97.126000
97.127000
97.128000
97.129000
97.130000
97.131000
97.132000
97.133000
97.134000
97.135000
97.136000
97.137000
97.138000
97.139000
97.140000
97.141000
97.142000
97.143000
97.144000
97.145000
97.146000
97.147000
97.148000
97.149000
97.150000
97.151000
97.152000
97.153000
97.154000
97.155000
97.156000
97.157000
97.158000
97.159000
97.160000
97.161000
97.162000
97.163000
97.164000
97.165000
97.166000
97.167000
97.168000
97.169000
97.170000
97.171000
97.172000
97.173000
97.174000
97.175000
97.176000
97.177000
97.178000
97.179000
97.180000
97.181000
97.182000
97.183000
97.184000
97.185000
97.186000
97.187000
97.188000
97.189000
97.190000
97.191000
97.192000
97.193000
97.194000
97.195000
97.196000
97.197000
97.198000
97.199000
97.200000
97.201000
97.202000
97.203000
97.204000
97.205000
97.206000
97.207000
97.208000
97.209000
97.210000
97.211000
97.212000
97.213000
97.214000
97.215000
97.216000
97.217000
97.218000
97.219000
97.220000
97.221000
97.222000
97.223000
97.224000
97.225000
97.226000
97.227000
97.228000
97.229000
97.230000
97.231000
97.232000
97.233000
97.234000
97.235000
97.236000
97.237000
97.238000
97.239000
97.240000
97.241000
97.242000
97.243000
97.244000
97.245000
97.246000
97.247000
97.248000
97.249000
97.250000
97.251000
97.252000
97.253000
97.254000
97.255000
97.256000
97.257000
97.258000
97.259000
97.260000
97.261000
97.262000
97.263000
97.264000
97.265000
97.266000
97.267000
97.268000
97.269000
97.270000
97.271000
97.272000
97.273000
97.274000
97.275000
97.276000
97.277000
97.278000
97.279000
97.280000
97.281000
97.282000
97.283000
97.284000
97.285000
97.286000
97.287000
97.288000
97.289000
97.290000
97.291000
97.292000
97.293000
97.294000
97.295000
97.296000
97.297000
97.298000
97.299000
97.300000
97.301000
97.302000
97.303000
97.304000
97.305000
97.306000
97.307000
97.308000
97.309000
97.310000
97.311000
97.312000
97.313000
97.314000
97.315000
97.316000
97.317000
97.318000
97.319000
97.320000
97.321000
97.322000
97.323000
97.324000
97.325000
97.326000
97.327000
97.328000
97.329000
97.330000
97.331000
97.332000
97.333000
97.334000
97.335000
97.336000
97.337000
97.338000
97.339000
97.340000
97.341000
97.342000
97.343000
97.344000
97.345000
97.346000
97.347000
97.348000
97.349000
97.350000
97.351000
97.352000
97.353000
97.354000
97.355000
97.356000
97.357000
97.358000
97.359000
97.360000
97.361000
97.362000
97.363000
97.364000
97.365000
97.366000
97.367000
97.368000
97.369000
97.370000
97.371000
97.372000
97.373000
97.374000
97.375000
97.376000
97.377000
97.378000
97.379000
97.380000
97.381000
97.382000
97.383000
97.384000
97.385000
97.386000
97.387000
97.388000
97.389000
97.390000
97.391000
97.392000
97.393000
97.394000
97.395000
97.396000
97.397000
97.398000
97.399000
97.400000
97.401000
97.402000
97.403000
97.404000
97.405000
97.406000
97.407000
97.408000
97.409000
97.410000
97.411000
97.412000
97.413000
97.414000
97.415000
97.416000
97.417000
97.418000
97.419000
97.420000
97.421000
97.422000
97.423000
97.424000
97.425000
97.426000
97.427000
97.428000
97.429000
97.430000
97.431000
97.432000
97.433000
97.434000
97.435000
97.436000
97.437000
97.438000
97.439000
97.440000
97.441000
97.442000
97.443000
97.444000
97.445000
97.446000
97.447000
97.448000
97.449000
97.450000
97.451000
97.452000
97.453000
97.454000
97.455000
97.456000
97.457000
97.458000
97.459000
97.460000
97.461000
97.462000
97.463000
97.464000
97.465000
97.466000
97.467000
97.468000
97.469000
97.470000
97.471000
97.472000
97.473000
97.474000
97.475000
97.476000
97.477000
97.478000
97.479000
97.480000
97.481000
97.482000
97.483000
97.484000
97.485000
97.486000
97.487000
97.488000
97.489000
97.490000
97.491000
97.492000
97.493000
97.494000
97.495000
97.496000
97.497000
97.498000
97.499000
97.500000
97.501000
97.502000
97.503000
97.504000
97.505000
97.506000
97.507000
97.508000
97.509000
97.510000
97.511000
97.512000
97.513000
97.514000
97.515000
97.516000
97.517000
97.518000
97.519000
97.520000
97.521000
97.522000
97.523000
97.524000
97.525000
97.526000
97.527000
97.528000
97.529000
97.530000
97.531000
97.532000
97.533000
97.534000
97.535000
97.536000
97.537000
97.538000
97.539000
97.540000
97.541000
97.542000
97.543000
97.544000
97.545000
97.546000
97.547000
97.548000
97.549000
97.550000
97.551000
97.552000
97.553000
97.554000
97.555000
97.556000
97.557000
97.558000
97.559000
97.560000
97.561000
97.562000
97.563000
97.564000
97.565000
97.566000
97.567000
97.568000
97.569000
97.570000
97.571000
97.572000
97.573000
97.574000
97.575000
97.576000
97.577000
97.578000
97.579000
97.580000
97.581000
97.582000
97.583000
97.584000
97.585000
97.586000
97.587000
97.588000
97.589000
97.590000
97.591000
97.592000
97.593000
97.594000
97.595000
97.596000
97.597000
97.598000
97.599000
97.600000
97.601000
97.602000
97.603000
97.604000
97.605000
97.606000
97.607000
97.608000
97.609000
97.610000
97.611000
97.612000
97.613000
97.614000
97.615000
97.616000
97.617000
97.618000
97.619000
97.620000
97.621000
97.622000
97.623000
97.624000
97.625000
97.626000
97.627000
97.628000
97.629000
97.630000
97.631000
97.632000
97.633000
97.634000
97.635000
97.636000
97.637000
97.638000
97.639000
97.640000
97.641000
97.642000
97.643000
97.644000
97.645000
97.646000
97.647000
97.648000
97.649000
97.650000
97.651000
97.652000
97.653000
97.654000
97.655000
97.656000
97.657000
97.658000
97.659000
97.660000
97.661000
97.662000
97.663000
97.664000
97.665000
97.666000
97.667000
97.668000
97.669000
97.670000
97.671000
97.672000
97.673000
97.674000
97.675000
97.676000
97.677000
97.678000
97.679000
97.680000
97.681000
97.682000
97.683000
97.684000
97.685000
97.686000
97.687000
97.688000
97.689000
97.690000
97.691000
97.692000
97.693000
97.694000
97.695000
97.696000
97.697000
97.698000
97.699000
97.700000
97.701000
97.702000
97.703000
97.704000
97.705000
97.706000
97.707000
97.708000
97.709000
97.710000
97.711000
97.712000
97.713000
97.714000
97.715000
97.716000
97.717000
97.718000
97.719000
97.720000
97.721000
97.722000
97.723000
97.724000
97.725000
97.726000
97.727000
97.728000
97.729000
97.730000
97.731000
97.732000
97.733000
97.734000
97.735000
97.736000
97.737000
97.738000
97.739000
97.740000
97.741000
97.742000
97.743000
97.744000
97.745000
97.746000
97.747000
97.748000
97.749000
97.750000
97.751000
97.752000
97.753000
97.754000
97.755000
97.756000
97.757000
97.758000
97.759000
97.760000
97.761000
97.762000
97.763000
97.764000
97.765000
97.766000
97.767000
97.768000
97.769000
97.770000
97.771000
97.772000
97.773000
97.774000
97.775000
97.776000
97.777000
97.778000
97.779000
97.780000
97.781000
97.782000
97.783000
97.784000
97.785000
97.786000
97.787000
97.788000
97.789000
97.790000
97.791000
97.792000
97.793000
97.794000
97.795000
97.796000
97.797000
97.798000
97.799000
97.800000
97.801000
97.802000
97.803000
97.804000
97.805000
97.806000
97.807000
97.808000
97.809000
97.810000
97.811000
97.812000
97.813000
97.814000
97.815000
97.816000
97.817000
97.818000
97.819000
97.820000
97.821000
97.822000
97.823000
97.824000
97.825000
97.826000
97.827000
97.828000
97.829000
97.830000
97.831000
97.832000
97.833000
97.834000
97.835000
97.836000
97.837000
97.838000
97.839000
97.840000
97.841000
97.842000
97.843000
97.844000
97.845000
97.846000
97.847000
97.848000
97.849000
97.850000
97.851000
97.852000
97.853000
97.854000
97.855000
97.856000
97.857000
97.858000
97.859000
97.860000
97.861000
97.862000
97.863000
97.864000
97.865000
97.866000
97.867000
97.868000
97.869000
97.870000
97.871000
97.872000
97.873000
97.874000
97.875000
97.876000
97.877000
97.878000
97.879000
97.880000
97.881000
97.882000
97.883000
97.884000
97.885000
97.886000
97.887000
97.888000
97.889000
97.890000
97.891000
97.892000
97.893000
97.894000
97.895000
97.896000
97.897000
97.898000
97.899000
97.900000
97.901000
97.902000
97.903000
97.904000
97.905000
97.906000
97.907000
97.908000
97.909000
97.910000
97.911000
97.912000
97.913000
97.914000
97.915000
97.916000
97.917000
97.918000
97.919000
97.920000
97.921000
97.922000
97.923000
97.924000
97.925000
97.926000
97.927000
97.928000
97.929000
97.930000
97.931000
97.932000
97.933000
97.934000
97.935000
97.936000
97.937000
97.938000
97.939000
97.940000
97.941000
97.942000
97.943000
97.944000
97.945000
97.946000
97.947000
97.948000
97.949000
97.950000
97.951000
97.952000
97.953000
97.954000
97.955000
97.956000
97.957000
97.958000
97.959000
97.960000
97.961000
97.962000
97.963000
97.964000
97.965000
97.966000
97.967000
97.968000
97.969000
97.970000
97.971000
97.972000
97.973000
97.974000
97.975000
97.976000
97.977000
97.978000
97.979000
97.980000
97.981000
97.982000
97.983000
97.984000
97.985000
97.986000
97.987000
97.988000
97.989000
97.990000
97.991000
97.992000
97.993000
97.994000
97.995000
97.996000
97.997000
97.998000
97.999000
98.000000
98.001000
98.002000
98.003000
98.004000
98.005000
98.006000
98.007000
98.008000
98.009000
98.010000
98.011000
98.012000
98.013000
98.014000
98.015000
98.016000
98.017000
98.018000
98.019000
98.020000
98.021000
98.022000
98.023000
98.024000
98.025000
98.026000
98.027000
98.028000
98.029000
98.030000
98.031000
98.032000
98.033000
98.034000
98.035000
98.036000
98.037000
98.038000
98.039000
98.040000
98.041000
98.042000
98.043000
98.044000
98.045000
98.046000
98.047000
98.048000
98.049000
98.050000
98.051000
98.052000
98.053000
98.054000
98.055000
98.056000
98.057000
98.058000
98.059000
98.060000
98.061000
98.062000
98.063000
98.064000
98.065000
98.066000
98.067000
98.068000
98.069000
98.070000
98.071000
98.072000
98.073000
98.074000
98.075000
98.076000
98.077000
98.078000
98.079000
98.080000
98.081000
98.082000
98.083000
98.084000
98.085000
98.086000
98.087000
98.088000
98.089000
98.090000
98.091000
98.092000
98.093000
98.094000
98.095000
98.096000
98.097000
98.098000
98.099000
98.100000
98.101000
98.102000
98.103000
98.104000
98.105000
98.106000
98.107000
98.108000
98.109000
98.110000
98.111000
98.112000
98.113000
98.114000
98.115000
98.116000
98.117000
98.118000
98.119000
98.120000
98.121000
98.122000
98.123000
98.124000
98.125000
98.126000
98.127000
98.128000
98.129000
98.130000
98.131000
98.132000
98.133000
98.134000
98.135000
98.136000
98.137000
98.138000
98.139000
98.140000
98.141000
98.142000
98.143000
98.144000
98.145000
98.146000
98.147000
98.148000
98.149000
98.150000
98.151000
98.152000
98.153000
98.154000
98.155000
98.156000
98.157000
98.158000
98.159000
98.160000
98.161000
98.162000
98.163000
98.164000
98.165000
98.166000
98.167000
98.168000
98.169000
98.170000
98.171000
98.172000
98.173000
98.174000
98.175000
98.176000
98.177000
98.178000
98.179000
98.180000
98.181000
98.182000
98.183000
98.184000
98.185000
98.186000
98.187000
98.188000
98.189000
98.190000
98.191000
98.192000
98.193000
98.194000
98.195000
98.196000
98.197000
98.198000
98.199000
98.200000
98.201000
98.202000
98.203000
98.204000
98.205000
98.206000
98.207000
98.208000
98.209000
98.210000
98.211000
98.212000
98.213000
98.214000
98.215000
98.216000
98.217000
98.218000
98.219000
98.220000
98.221000
98.222000
98.223000
98.224000
98.225000
98.226000
98.227000
98.228000
98.229000
98.230000
98.231000
98.232000
98.233000
98.234000
98.235000
98.236000
98.237000
98.238000
98.239000
98.240000
98.241000
98.242000
98.243000
98.244000
98.245000
98.246000
98.247000
98.248000
98.249000
98.250000
98.251000
98.252000
98.253000
98.254000
98.255000
98.256000
98.257000
98.258000
98.259000
98.260000
98.261000
98.262000
98.263000
98.264000
98.265000
98.266000
98.267000
98.268000
98.269000
98.270000
98.271000
98.272000
98.273000
98.274000
98.275000
98.276000
98.277000
98.278000
98.279000
98.280000
98.281000
98.282000
98.283000
98.284000
98.285000
98.286000
98.287000
98.288000
98.289000
98.290000
98.291000
98.292000
98.293000
98.294000
98.295000
98.296000
98.297000
98.298000
98.299000
98.300000
98.301000
98.302000
98.303000
