8.192000
8.193000
8.194000
8.195000
8.196000
8.197000
8.198000
8.199000
8.200000
8.201000
8.202000
8.203000
8.204000
8.205000
8.206000
8.207000
8.208000
8.209000
8.210000
8.211000
8.212000
8.213000
8.214000
8.215000
8.216000
8.217000
8.218000
8.219000
8.220000
8.221000
8.222000
8.223000
8.224000
8.225000
8.226000
8.227000
8.228000
8.229000
8.230000
8.231000
8.232000
8.233000
8.234000
8.235000
8.236000
8.237000
8.238000
8.239000
8.240000
8.241000
8.242000
8.243000
8.244000
8.245000
8.246000
8.247000
8.248000
8.249000
8.250000
8.251000
8.252000
8.253000
8.254000
8.255000
8.256000
8.257000
8.258000
8.259000
8.260000
8.261000
8.262000
8.263000
8.264000
8.265000
8.266000
8.267000
8.268000
8.269000
8.270000
8.271000
8.272000
8.273000
8.274000
8.275000
8.276000
8.277000
8.278000
8.279000
8.280000
8.281000
8.282000
8.283000
8.284000
8.285000
8.286000
8.287000
8.288000
8.289000
8.290000
8.291000
8.292000
8.293000
8.294000
8.295000
8.296000
8.297000
8.298000
8.299000
8.300000
8.301000
8.302000
8.303000
8.304000
8.305000
8.306000
8.307000
8.308000
8.309000
8.310000
8.311000
8.312000
8.313000
8.314000
8.315000
8.316000
8.317000
8.318000
8.319000
8.320000
8.321000
8.322000
8.323000
8.324000
8.325000
8.326000
8.327000
8.328000
8.329000
8.330000
8.331000
8.332000
8.333000
8.334000
8.335000
8.336000
8.337000
8.338000
8.339000
8.340000
8.341000
8.342000
8.343000
8.344000
8.345000
8.346000
8.347000
8.348000
8.349000
8.350000
8.351000
8.352000
8.353000
8.354000
8.355000
8.356000
8.357000
8.358000
8.359000
8.360000
8.361000
8.362000
8.363000
8.364000
8.365000
8.366000
8.367000
8.368000
8.369000
8.370000
8.371000
8.372000
8.373000
8.374000
8.375000
8.376000
8.377000
8.378000
8.379000
8.380000
8.381000
8.382000
8.383000
8.384000
8.385000
8.386000
8.387000
8.388000
8.389000
8.390000
8.391000
8.392000
8.393000
8.394000
8.395000
8.396000
8.397000
8.398000
8.399000
8.400000
8.401000
8.402000
8.403000
8.404000
8.405000
8.406000
8.407000
8.408000
8.409000
8.410000
8.411000
8.412000
8.413000
8.414000
8.415000
8.416000
8.417000
8.418000
8.419000
8.420000
8.421000
8.422000
8.423000
8.424000
8.425000
8.426000
8.427000
8.428000
8.429000
8.430000
8.431000
8.432000
8.433000
8.434000
8.435000
8.436000
8.437000
8.438000
8.439000
8.440000
8.441000
8.442000
8.443000
8.444000
8.445000
8.446000
8.447000
8.448000
8.449000
8.450000
8.451000
8.452000
8.453000
8.454000
8.455000
8.456000
8.457000
8.458000
8.459000
8.460000
8.461000
8.462000
8.463000
8.464000
8.465000
8.466000
8.467000
8.468000
8.469000
8.470000
8.471000
8.472000
8.473000
8.474000
8.475000
8.476000
8.477000
8.478000
8.479000
8.480000
8.481000
8.482000
8.483000
8.484000
8.485000
8.486000
8.487000
8.488000
8.489000
8.490000
8.491000
8.492000
8.493000
8.494000
8.495000
8.496000
8.497000
8.498000
8.499000
8.500000
8.501000
8.502000
8.503000
8.504000
8.505000
8.506000
8.507000
8.508000
8.509000
8.510000
8.511000
8.512000
8.513000
8.514000
8.515000
8.516000
8.517000
8.518000
8.519000
8.520000
8.521000
8.522000
8.523000
8.524000
8.525000
8.526000
8.527000
8.528000
8.529000
8.530000
8.531000
8.532000
8.533000
8.534000
8.535000
8.536000
8.537000
8.538000
8.539000
8.540000
8.541000
8.542000
8.543000
8.544000
8.545000
8.546000
8.547000
8.548000
8.549000
8.550000
8.551000
8.552000
8.553000
8.554000
8.555000
8.556000
8.557000
8.558000
8.559000
8.560000
8.561000
8.562000
8.563000
8.564000
8.565000
8.566000
8.567000
8.568000
8.569000
8.570000
8.571000
8.572000
8.573000
8.574000
8.575000
8.576000
8.577000
8.578000
8.579000
8.580000
8.581000
8.582000
8.583000
8.584000
8.585000
8.586000
8.587000
8.588000
8.589000
8.590000
8.591000
8.592000
8.593000
8.594000
8.595000
8.596000
8.597000
8.598000
8.599000
8.600000
8.601000
8.602000
8.603000
8.604000
8.605000
8.606000
8.607000
8.608000
8.609000
8.610000
8.611000
8.612000
8.613000
8.614000
8.615000
8.616000
8.617000
8.618000
8.619000
8.620000
8.621000
8.622000
8.623000
8.624000
8.625000
8.626000
8.627000
8.628000
8.629000
8.630000
8.631000
8.632000
8.633000
8.634000
8.635000
8.636000
8.637000
8.638000
8.639000
8.640000
8.641000
8.642000
8.643000
8.644000
8.645000
8.646000
8.647000
8.648000
8.649000
8.650000
8.651000
8.652000
8.653000
8.654000
8.655000
8.656000
8.657000
8.658000
8.659000
8.660000
8.661000
8.662000
8.663000
8.664000
8.665000
8.666000
8.667000
8.668000
8.669000
8.670000
8.671000
8.672000
8.673000
8.674000
8.675000
8.676000
8.677000
8.678000
8.679000
8.680000
8.681000
8.682000
8.683000
8.684000
8.685000
8.686000
8.687000
8.688000
8.689000
8.690000
8.691000
8.692000
8.693000
8.694000
8.695000
8.696000
8.697000
8.698000
8.699000
8.700000
8.701000
8.702000
8.703000
8.704000
8.705000
8.706000
8.707000
8.708000
8.709000
8.710000
8.711000
8.712000
8.713000
8.714000
8.715000
8.716000
8.717000
8.718000
8.719000
8.720000
8.721000
8.722000
8.723000
8.724000
8.725000
8.726000
8.727000
8.728000
8.729000
8.730000
8.731000
8.732000
8.733000
8.734000
8.735000
8.736000
8.737000
8.738000
8.739000
8.740000
8.741000
8.742000
8.743000
8.744000
8.745000
8.746000
8.747000
8.748000
8.749000
8.750000
8.751000
8.752000
8.753000
8.754000
8.755000
8.756000
8.757000
8.758000
8.759000
8.760000
8.761000
8.762000
8.763000
8.764000
8.765000
8.766000
8.767000
8.768000
8.769000
8.770000
8.771000
8.772000
8.773000
8.774000
8.775000
8.776000
8.777000
8.778000
8.779000
8.780000
8.781000
8.782000
8.783000
8.784000
8.785000
8.786000
8.787000
8.788000
8.789000
8.790000
8.791000
8.792000
8.793000
8.794000
8.795000
8.796000
8.797000
8.798000
8.799000
8.800000
8.801000
8.802000
8.803000
8.804000
8.805000
8.806000
8.807000
8.808000
8.809000
8.810000
8.811000
8.812000
8.813000
8.814000
8.815000
8.816000
8.817000
8.818000
8.819000
8.820000
8.821000
8.822000
8.823000
8.824000
8.825000
8.826000
8.827000
8.828000
8.829000
8.830000
8.831000
8.832000
8.833000
8.834000
8.835000
8.836000
8.837000
8.838000
8.839000
8.840000
8.841000
8.842000
8.843000
8.844000
8.845000
8.846000
8.847000
8.848000
8.849000
8.850000
8.851000
8.852000
8.853000
8.854000
8.855000
8.856000
8.857000
8.858000
8.859000
8.860000
8.861000
8.862000
8.863000
8.864000
8.865000
8.866000
8.867000
8.868000
8.869000
8.870000
8.871000
8.872000
8.873000
8.874000
8.875000
8.876000
8.877000
8.878000
8.879000
8.880000
8.881000
8.882000
8.883000
8.884000
8.885000
8.886000
8.887000
8.888000
8.889000
8.890000
8.891000
8.892000
8.893000
8.894000
8.895000
8.896000
8.897000
8.898000
8.899000
8.900000
8.901000
8.902000
8.903000
8.904000
8.905000
8.906000
8.907000
8.908000
8.909000
8.910000
8.911000
8.912000
8.913000
8.914000
8.915000
8.916000
8.917000
8.918000
8.919000
8.920000
8.921000
8.922000
8.923000
8.924000
8.925000
8.926000
8.927000
8.928000
8.929000
8.930000
8.931000
8.932000
8.933000
8.934000
8.935000
8.936000
8.937000
8.938000
8.939000
8.940000
8.941000
8.942000
8.943000
8.944000
8.945000
8.946000
8.947000
8.948000
8.949000
8.950000
8.951000
8.952000
8.953000
8.954000
8.955000
8.956000
8.957000
8.958000
8.959000
8.960000
8.961000
8.962000
8.963000
8.964000
8.965000
8.966000
8.967000
8.968000
8.969000
8.970000
8.971000
8.972000
8.973000
8.974000
8.975000
8.976000
8.977000
8.978000
8.979000
8.980000
8.981000
8.982000
8.983000
8.984000
8.985000
8.986000
8.987000
8.988000
8.989000
8.990000
8.991000
8.992000
8.993000
8.994000
8.995000
8.996000
8.997000
8.998000
8.999000
9.000000
9.001000
9.002000
9.003000
9.004000
9.005000
9.006000
9.007000
9.008000
9.009000
9.010000
9.011000
9.012000
9.013000
9.014000
9.015000
9.016000
9.017000
9.018000
9.019000
9.020000
9.021000
9.022000
9.023000
9.024000
9.025000
9.026000
9.027000
9.028000
9.029000
9.030000
9.031000
9.032000
9.033000
9.034000
9.035000
9.036000
9.037000
9.038000
9.039000
9.040000
9.041000
9.042000
9.043000
9.044000
9.045000
9.046000
9.047000
9.048000
9.049000
9.050000
9.051000
9.052000
9.053000
9.054000
9.055000
9.056000
9.057000
9.058000
9.059000
9.060000
9.061000
9.062000
9.063000
9.064000
9.065000
9.066000
9.067000
9.068000
9.069000
9.070000
9.071000
9.072000
9.073000
9.074000
9.075000
9.076000
9.077000
9.078000
9.079000
9.080000
9.081000
9.082000
9.083000
9.084000
9.085000
9.086000
9.087000
9.088000
9.089000
9.090000
9.091000
9.092000
9.093000
9.094000
9.095000
9.096000
9.097000
9.098000
9.099000
9.100000
9.101000
9.102000
9.103000
9.104000
9.105000
9.106000
9.107000
9.108000
9.109000
9.110000
9.111000
9.112000
9.113000
9.114000
9.115000
9.116000
9.117000
9.118000
9.119000
9.120000
9.121000
9.122000
9.123000
9.124000
9.125000
9.126000
9.127000
9.128000
9.129000
9.130000
9.131000
9.132000
9.133000
9.134000
9.135000
9.136000
9.137000
9.138000
9.139000
9.140000
9.141000
9.142000
9.143000
9.144000
9.145000
9.146000
9.147000
9.148000
9.149000
9.150000
9.151000
9.152000
9.153000
9.154000
9.155000
9.156000
9.157000
9.158000
9.159000
9.160000
9.161000
9.162000
9.163000
9.164000
9.165000
9.166000
9.167000
9.168000
9.169000
9.170000
9.171000
9.172000
9.173000
9.174000
9.175000
9.176000
9.177000
9.178000
9.179000
9.180000
9.181000
9.182000
9.183000
9.184000
9.185000
9.186000
9.187000
9.188000
9.189000
9.190000
9.191000
9.192000
9.193000
9.194000
9.195000
9.196000
9.197000
9.198000
9.199000
9.200000
9.201000
9.202000
9.203000
9.204000
9.205000
9.206000
9.207000
9.208000
9.209000
9.210000
9.211000
9.212000
9.213000
9.214000
9.215000
9.216000
9.217000
9.218000
9.219000
9.220000
9.221000
9.222000
9.223000
9.224000
9.225000
9.226000
9.227000
9.228000
9.229000
9.230000
9.231000
9.232000
9.233000
9.234000
9.235000
9.236000
9.237000
9.238000
9.239000
9.240000
9.241000
9.242000
9.243000
9.244000
9.245000
9.246000
9.247000
9.248000
9.249000
9.250000
9.251000
9.252000
9.253000
9.254000
9.255000
9.256000
9.257000
9.258000
9.259000
9.260000
9.261000
9.262000
9.263000
9.264000
9.265000
9.266000
9.267000
9.268000
9.269000
9.270000
9.271000
9.272000
9.273000
9.274000
9.275000
9.276000
9.277000
9.278000
9.279000
9.280000
9.281000
9.282000
9.283000
9.284000
9.285000
9.286000
9.287000
9.288000
9.289000
9.290000
9.291000
9.292000
9.293000
9.294000
9.295000
9.296000
9.297000
9.298000
9.299000
9.300000
9.301000
9.302000
9.303000
9.304000
9.305000
9.306000
9.307000
9.308000
9.309000
9.310000
9.311000
9.312000
9.313000
9.314000
9.315000
9.316000
9.317000
9.318000
9.319000
9.320000
9.321000
9.322000
9.323000
9.324000
9.325000
9.326000
9.327000
9.328000
9.329000
9.330000
9.331000
9.332000
9.333000
9.334000
9.335000
9.336000
9.337000
9.338000
9.339000
9.340000
9.341000
9.342000
9.343000
9.344000
9.345000
9.346000
9.347000
9.348000
9.349000
9.350000
9.351000
9.352000
9.353000
9.354000
9.355000
9.356000
9.357000
9.358000
9.359000
9.360000
9.361000
9.362000
9.363000
9.364000
9.365000
9.366000
9.367000
9.368000
9.369000
9.370000
9.371000
9.372000
9.373000
9.374000
9.375000
9.376000
9.377000
9.378000
9.379000
9.380000
9.381000
9.382000
9.383000
9.384000
9.385000
9.386000
9.387000
9.388000
9.389000
9.390000
9.391000
9.392000
9.393000
9.394000
9.395000
9.396000
9.397000
9.398000
9.399000
9.400000
9.401000
9.402000
9.403000
9.404000
9.405000
9.406000
9.407000
9.408000
9.409000
9.410000
9.411000
9.412000
9.413000
9.414000
9.415000
9.416000
9.417000
9.418000
9.419000
9.420000
9.421000
9.422000
9.423000
9.424000
9.425000
9.426000
9.427000
9.428000
9.429000
9.430000
9.431000
9.432000
9.433000
9.434000
9.435000
9.436000
9.437000
9.438000
9.439000
9.440000
9.441000
9.442000
9.443000
9.444000
9.445000
9.446000
9.447000
9.448000
9.449000
9.450000
9.451000
9.452000
9.453000
9.454000
9.455000
9.456000
9.457000
9.458000
9.459000
9.460000
9.461000
9.462000
9.463000
9.464000
9.465000
9.466000
9.467000
9.468000
9.469000
9.470000
9.471000
9.472000
9.473000
9.474000
9.475000
9.476000
9.477000
9.478000
9.479000
9.480000
9.481000
9.482000
9.483000
9.484000
9.485000
9.486000
9.487000
9.488000
9.489000
9.490000
9.491000
9.492000
9.493000
9.494000
9.495000
9.496000
9.497000
9.498000
9.499000
9.500000
9.501000
9.502000
9.503000
9.504000
9.505000
9.506000
9.507000
9.508000
9.509000
9.510000
9.511000
9.512000
9.513000
9.514000
9.515000
9.516000
9.517000
9.518000
9.519000
9.520000
9.521000
9.522000
9.523000
9.524000
9.525000
9.526000
9.527000
9.528000
9.529000
9.530000
9.531000
9.532000
9.533000
9.534000
9.535000
9.536000
9.537000
9.538000
9.539000
9.540000
9.541000
9.542000
9.543000
9.544000
9.545000
9.546000
9.547000
9.548000
9.549000
9.550000
9.551000
9.552000
9.553000
9.554000
9.555000
9.556000
9.557000
9.558000
9.559000
9.560000
9.561000
9.562000
9.563000
9.564000
9.565000
9.566000
9.567000
9.568000
9.569000
9.570000
9.571000
9.572000
9.573000
9.574000
9.575000
9.576000
9.577000
9.578000
9.579000
9.580000
9.581000
9.582000
9.583000
9.584000
9.585000
9.586000
9.587000
9.588000
9.589000
9.590000
9.591000
9.592000
9.593000
9.594000
9.595000
9.596000
9.597000
9.598000
9.599000
9.600000
9.601000
9.602000
9.603000
9.604000
9.605000
9.606000
9.607000
9.608000
9.609000
9.610000
9.611000
9.612000
9.613000
9.614000
9.615000
9.616000
9.617000
9.618000
9.619000
9.620000
9.621000
9.622000
9.623000
9.624000
9.625000
9.626000
9.627000
9.628000
9.629000
9.630000
9.631000
9.632000
9.633000
9.634000
9.635000
9.636000
9.637000
9.638000
9.639000
9.640000
9.641000
9.642000
9.643000
9.644000
9.645000
9.646000
9.647000
9.648000
9.649000
9.650000
9.651000
9.652000
9.653000
9.654000
9.655000
9.656000
9.657000
9.658000
9.659000
9.660000
9.661000
9.662000
9.663000
9.664000
9.665000
9.666000
9.667000
9.668000
9.669000
9.670000
9.671000
9.672000
9.673000
9.674000
9.675000
9.676000
9.677000
9.678000
9.679000
9.680000
9.681000
9.682000
9.683000
9.684000
9.685000
9.686000
9.687000
9.688000
9.689000
9.690000
9.691000
9.692000
9.693000
9.694000
9.695000
9.696000
9.697000
9.698000
9.699000
9.700000
9.701000
9.702000
9.703000
9.704000
9.705000
9.706000
9.707000
9.708000
9.709000
9.710000
9.711000
9.712000
9.713000
9.714000
9.715000
9.716000
9.717000
9.718000
9.719000
9.720000
9.721000
9.722000
9.723000
9.724000
9.725000
9.726000
9.727000
9.728000
9.729000
9.730000
9.731000
9.732000
9.733000
9.734000
9.735000
9.736000
9.737000
9.738000
9.739000
9.740000
9.741000
9.742000
9.743000
9.744000
9.745000
9.746000
9.747000
9.748000
9.749000
9.750000
9.751000
9.752000
9.753000
9.754000
9.755000
9.756000
9.757000
9.758000
9.759000
9.760000
9.761000
9.762000
9.763000
9.764000
9.765000
9.766000
9.767000
9.768000
9.769000
9.770000
9.771000
9.772000
9.773000
9.774000
9.775000
9.776000
9.777000
9.778000
9.779000
9.780000
9.781000
9.782000
9.783000
9.784000
9.785000
9.786000
9.787000
9.788000
9.789000
9.790000
9.791000
9.792000
9.793000
9.794000
9.795000
9.796000
9.797000
9.798000
9.799000
9.800000
9.801000
9.802000
9.803000
9.804000
9.805000
9.806000
9.807000
9.808000
9.809000
9.810000
9.811000
9.812000
9.813000
9.814000
9.815000
9.816000
9.817000
9.818000
9.819000
9.820000
9.821000
9.822000
9.823000
9.824000
9.825000
9.826000
9.827000
9.828000
9.829000
9.830000
9.831000
9.832000
9.833000
9.834000
9.835000
9.836000
9.837000
9.838000
9.839000
9.840000
9.841000
9.842000
9.843000
9.844000
9.845000
9.846000
9.847000
9.848000
9.849000
9.850000
9.851000
9.852000
9.853000
9.854000
9.855000
9.856000
9.857000
9.858000
9.859000
9.860000
9.861000
9.862000
9.863000
9.864000
9.865000
9.866000
9.867000
9.868000
9.869000
9.870000
9.871000
9.872000
9.873000
9.874000
9.875000
9.876000
9.877000
9.878000
9.879000
9.880000
9.881000
9.882000
9.883000
9.884000
9.885000
9.886000
9.887000
9.888000
9.889000
9.890000
9.891000
9.892000
9.893000
9.894000
9.895000
9.896000
9.897000
9.898000
9.899000
9.900000
9.901000
9.902000
9.903000
9.904000
9.905000
9.906000
9.907000
9.908000
9.909000
9.910000
9.911000
9.912000
9.913000
9.914000
9.915000
9.916000
9.917000
9.918000
9.919000
9.920000
9.921000
9.922000
9.923000
9.924000
9.925000
9.926000
9.927000
9.928000
9.929000
9.930000
9.931000
9.932000
9.933000
9.934000
9.935000
9.936000
9.937000
9.938000
9.939000
9.940000
9.941000
9.942000
9.943000
9.944000
9.945000
9.946000
9.947000
9.948000
9.949000
9.950000
9.951000
9.952000
9.953000
9.954000
9.955000
9.956000
9.957000
9.958000
9.959000
9.960000
9.961000
9.962000
9.963000
9.964000
9.965000
9.966000
9.967000
9.968000
9.969000
9.970000
9.971000
9.972000
9.973000
9.974000
9.975000
9.976000
9.977000
9.978000
9.979000
9.980000
9.981000
9.982000
9.983000
9.984000
9.985000
9.986000
9.987000
9.988000
9.989000
9.990000
9.991000
9.992000
9.993000
9.994000
9.995000
9.996000
9.997000
9.998000
9.999000
10.000000
10.001000
10.002000
10.003000
10.004000
10.005000
10.006000
10.007000
10.008000
10.009000
10.010000
10.011000
10.012000
10.013000
10.014000
10.015000
10.016000
10.017000
10.018000
10.019000
10.020000
10.021000
10.022000
10.023000
10.024000
10.025000
10.026000
10.027000
10.028000
10.029000
10.030000
10.031000
10.032000
10.033000
10.034000
10.035000
10.036000
10.037000
10.038000
10.039000
10.040000
10.041000
10.042000
10.043000
10.044000
10.045000
10.046000
10.047000
10.048000
10.049000
10.050000
10.051000
10.052000
10.053000
10.054000
10.055000
10.056000
10.057000
10.058000
10.059000
10.060000
10.061000
10.062000
10.063000
10.064000
10.065000
10.066000
10.067000
10.068000
10.069000
10.070000
10.071000
10.072000
10.073000
10.074000
10.075000
10.076000
10.077000
10.078000
10.079000
10.080000
10.081000
10.082000
10.083000
10.084000
10.085000
10.086000
10.087000
10.088000
10.089000
10.090000
10.091000
10.092000
10.093000
10.094000
10.095000
10.096000
10.097000
10.098000
10.099000
10.100000
10.101000
10.102000
10.103000
10.104000
10.105000
10.106000
10.107000
10.108000
10.109000
10.110000
10.111000
10.112000
10.113000
10.114000
10.115000
10.116000
10.117000
10.118000
10.119000
10.120000
10.121000
10.122000
10.123000
10.124000
10.125000
10.126000
10.127000
10.128000
10.129000
10.130000
10.131000
10.132000
10.133000
10.134000
10.135000
10.136000
10.137000
10.138000
10.139000
10.140000
10.141000
10.142000
10.143000
10.144000
10.145000
10.146000
10.147000
10.148000
10.149000
10.150000
10.151000
10.152000
10.153000
10.154000
10.155000
10.156000
10.157000
10.158000
10.159000
10.160000
10.161000
10.162000
10.163000
10.164000
10.165000
10.166000
10.167000
10.168000
10.169000
10.170000
10.171000
10.172000
10.173000
10.174000
10.175000
10.176000
10.177000
10.178000
10.179000
10.180000
10.181000
10.182000
10.183000
10.184000
10.185000
10.186000
10.187000
10.188000
10.189000
10.190000
10.191000
10.192000
10.193000
10.194000
10.195000
10.196000
10.197000
10.198000
10.199000
10.200000
10.201000
10.202000
10.203000
10.204000
10.205000
10.206000
10.207000
10.208000
10.209000
10.210000
10.211000
10.212000
10.213000
10.214000
10.215000
10.216000
10.217000
10.218000
10.219000
10.220000
10.221000
10.222000
10.223000
10.224000
10.225000
10.226000
10.227000
10.228000
10.229000
10.230000
10.231000
10.232000
10.233000
10.234000
10.235000
10.236000
10.237000
10.238000
10.239000
10.240000
10.241000
10.242000
10.243000
10.244000
10.245000
10.246000
10.247000
10.248000
10.249000
10.250000
10.251000
10.252000
10.253000
10.254000
10.255000
10.256000
10.257000
10.258000
10.259000
10.260000
10.261000
10.262000
10.263000
10.264000
10.265000
10.266000
10.267000
10.268000
10.269000
10.270000
10.271000
10.272000
10.273000
10.274000
10.275000
10.276000
10.277000
10.278000
10.279000
10.280000
10.281000
10.282000
10.283000
10.284000
10.285000
10.286000
10.287000
10.288000
10.289000
10.290000
10.291000
10.292000
10.293000
10.294000
10.295000
10.296000
10.297000
10.298000
10.299000
10.300000
10.301000
10.302000
10.303000
10.304000
10.305000
10.306000
10.307000
10.308000
10.309000
10.310000
10.311000
10.312000
10.313000
10.314000
10.315000
10.316000
10.317000
10.318000
10.319000
10.320000
10.321000
10.322000
10.323000
10.324000
10.325000
10.326000
10.327000
10.328000
10.329000
10.330000
10.331000
10.332000
10.333000
10.334000
10.335000
10.336000
10.337000
10.338000
10.339000
10.340000
10.341000
10.342000
10.343000
10.344000
10.345000
10.346000
10.347000
10.348000
10.349000
10.350000
10.351000
10.352000
10.353000
10.354000
10.355000
10.356000
10.357000
10.358000
10.359000
10.360000
10.361000
10.362000
10.363000
10.364000
10.365000
10.366000
10.367000
10.368000
10.369000
10.370000
10.371000
10.372000
10.373000
10.374000
10.375000
10.376000
10.377000
10.378000
10.379000
10.380000
10.381000
10.382000
10.383000
10.384000
10.385000
10.386000
10.387000
10.388000
10.389000
10.390000
10.391000
10.392000
10.393000
10.394000
10.395000
10.396000
10.397000
10.398000
10.399000
10.400000
10.401000
10.402000
10.403000
10.404000
10.405000
10.406000
10.407000
10.408000
10.409000
10.410000
10.411000
10.412000
10.413000
10.414000
10.415000
10.416000
10.417000
10.418000
10.419000
10.420000
10.421000
10.422000
10.423000
10.424000
10.425000
10.426000
10.427000
10.428000
10.429000
10.430000
10.431000
10.432000
10.433000
10.434000
10.435000
10.436000
10.437000
10.438000
10.439000
10.440000
10.441000
10.442000
10.443000
10.444000
10.445000
10.446000
10.447000
10.448000
10.449000
10.450000
10.451000
10.452000
10.453000
10.454000
10.455000
10.456000
10.457000
10.458000
10.459000
10.460000
10.461000
10.462000
10.463000
10.464000
10.465000
10.466000
10.467000
10.468000
10.469000
10.470000
10.471000
10.472000
10.473000
10.474000
10.475000
10.476000
10.477000
10.478000
10.479000
10.480000
10.481000
10.482000
10.483000
10.484000
10.485000
10.486000
10.487000
10.488000
10.489000
10.490000
10.491000
10.492000
10.493000
10.494000
10.495000
10.496000
10.497000
10.498000
10.499000
10.500000
10.501000
10.502000
10.503000
10.504000
10.505000
10.506000
10.507000
10.508000
10.509000
10.510000
10.511000
10.512000
10.513000
10.514000
10.515000
10.516000
10.517000
10.518000
10.519000
10.520000
10.521000
10.522000
10.523000
10.524000
10.525000
10.526000
10.527000
10.528000
10.529000
10.530000
10.531000
10.532000
10.533000
10.534000
10.535000
10.536000
10.537000
10.538000
10.539000
10.540000
10.541000
10.542000
10.543000
10.544000
10.545000
10.546000
10.547000
10.548000
10.549000
10.550000
10.551000
10.552000
10.553000
10.554000
10.555000
10.556000
10.557000
10.558000
10.559000
10.560000
10.561000
10.562000
10.563000
10.564000
10.565000
10.566000
10.567000
10.568000
10.569000
10.570000
10.571000
10.572000
10.573000
10.574000
10.575000
10.576000
10.577000
10.578000
10.579000
10.580000
10.581000
10.582000
10.583000
10.584000
10.585000
10.586000
10.587000
10.588000
10.589000
10.590000
10.591000
10.592000
10.593000
10.594000
10.595000
10.596000
10.597000
10.598000
10.599000
10.600000
10.601000
10.602000
10.603000
10.604000
10.605000
10.606000
10.607000
10.608000
10.609000
10.610000
10.611000
10.612000
10.613000
10.614000
10.615000
10.616000
10.617000
10.618000
10.619000
10.620000
10.621000
10.622000
10.623000
10.624000
10.625000
10.626000
10.627000
10.628000
10.629000
10.630000
10.631000
10.632000
10.633000
10.634000
10.635000
10.636000
10.637000
10.638000
10.639000
10.640000
10.641000
10.642000
10.643000
10.644000
10.645000
10.646000
10.647000
10.648000
10.649000
10.650000
10.651000
10.652000
10.653000
10.654000
10.655000
10.656000
10.657000
10.658000
10.659000
10.660000
10.661000
10.662000
10.663000
10.664000
10.665000
10.666000
10.667000
10.668000
10.669000
10.670000
10.671000
10.672000
10.673000
10.674000
10.675000
10.676000
10.677000
10.678000
10.679000
10.680000
10.681000
10.682000
10.683000
10.684000
10.685000
10.686000
10.687000
10.688000
10.689000
10.690000
10.691000
10.692000
10.693000
10.694000
10.695000
10.696000
10.697000
10.698000
10.699000
10.700000
10.701000
10.702000
10.703000
10.704000
10.705000
10.706000
10.707000
10.708000
10.709000
10.710000
10.711000
10.712000
10.713000
10.714000
10.715000
10.716000
10.717000
10.718000
10.719000
10.720000
10.721000
10.722000
10.723000
10.724000
10.725000
10.726000
10.727000
10.728000
10.729000
10.730000
10.731000
10.732000
10.733000
10.734000
10.735000
10.736000
10.737000
10.738000
10.739000
10.740000
10.741000
10.742000
10.743000
10.744000
10.745000
10.746000
10.747000
10.748000
10.749000
10.750000
10.751000
10.752000
10.753000
10.754000
10.755000
10.756000
10.757000
10.758000
10.759000
10.760000
10.761000
10.762000
10.763000
10.764000
10.765000
10.766000
10.767000
10.768000
10.769000
10.770000
10.771000
10.772000
10.773000
10.774000
10.775000
10.776000
10.777000
10.778000
10.779000
10.780000
10.781000
10.782000
10.783000
10.784000
10.785000
10.786000
10.787000
10.788000
10.789000
10.790000
10.791000
10.792000
10.793000
10.794000
10.795000
10.796000
10.797000
10.798000
10.799000
10.800000
10.801000
10.802000
10.803000
10.804000
10.805000
10.806000
10.807000
10.808000
10.809000
10.810000
10.811000
10.812000
10.813000
10.814000
10.815000
10.816000
10.817000
10.818000
10.819000
10.820000
10.821000
10.822000
10.823000
10.824000
10.825000
10.826000
10.827000
10.828000
10.829000
10.830000
10.831000
10.832000
10.833000
10.834000
10.835000
10.836000
10.837000
10.838000
10.839000
10.840000
10.841000
10.842000
10.843000
10.844000
10.845000
10.846000
10.847000
10.848000
10.849000
10.850000
10.851000
10.852000
10.853000
10.854000
10.855000
10.856000
10.857000
10.858000
10.859000
10.860000
10.861000
10.862000
10.863000
10.864000
10.865000
10.866000
10.867000
10.868000
10.869000
10.870000
10.871000
10.872000
10.873000
10.874000
10.875000
10.876000
10.877000
10.878000
10.879000
10.880000
10.881000
10.882000
10.883000
10.884000
10.885000
10.886000
10.887000
10.888000
10.889000
10.890000
10.891000
10.892000
10.893000
10.894000
10.895000
10.896000
10.897000
10.898000
10.899000
10.900000
10.901000
10.902000
10.903000
10.904000
10.905000
10.906000
10.907000
10.908000
10.909000
10.910000
10.911000
10.912000
10.913000
10.914000
10.915000
10.916000
10.917000
10.918000
10.919000
10.920000
10.921000
10.922000
10.923000
10.924000
10.925000
10.926000
10.927000
10.928000
10.929000
10.930000
10.931000
10.932000
10.933000
10.934000
10.935000
10.936000
10.937000
10.938000
10.939000
10.940000
10.941000
10.942000
10.943000
10.944000
10.945000
10.946000
10.947000
10.948000
10.949000
10.950000
10.951000
10.952000
10.953000
10.954000
10.955000
10.956000
10.957000
10.958000
10.959000
10.960000
10.961000
10.962000
10.963000
10.964000
10.965000
10.966000
10.967000
10.968000
10.969000
10.970000
10.971000
10.972000
10.973000
10.974000
10.975000
10.976000
10.977000
10.978000
10.979000
10.980000
10.981000
10.982000
10.983000
10.984000
10.985000
10.986000
10.987000
10.988000
10.989000
10.990000
10.991000
10.992000
10.993000
10.994000
10.995000
10.996000
10.997000
10.998000
10.999000
11.000000
11.001000
11.002000
11.003000
11.004000
11.005000
11.006000
11.007000
11.008000
11.009000
11.010000
11.011000
11.012000
11.013000
11.014000
11.015000
11.016000
11.017000
11.018000
11.019000
11.020000
11.021000
11.022000
11.023000
11.024000
11.025000
11.026000
11.027000
11.028000
11.029000
11.030000
11.031000
11.032000
11.033000
11.034000
11.035000
11.036000
11.037000
11.038000
11.039000
11.040000
11.041000
11.042000
11.043000
11.044000
11.045000
11.046000
11.047000
11.048000
11.049000
11.050000
11.051000
11.052000
11.053000
11.054000
11.055000
11.056000
11.057000
11.058000
11.059000
11.060000
11.061000
11.062000
11.063000
11.064000
11.065000
11.066000
11.067000
11.068000
11.069000
11.070000
11.071000
11.072000
11.073000
11.074000
11.075000
11.076000
11.077000
11.078000
11.079000
11.080000
11.081000
11.082000
11.083000
11.084000
11.085000
11.086000
11.087000
11.088000
11.089000
11.090000
11.091000
11.092000
11.093000
11.094000
11.095000
11.096000
11.097000
11.098000
11.099000
11.100000
11.101000
11.102000
11.103000
11.104000
11.105000
11.106000
11.107000
11.108000
11.109000
11.110000
11.111000
11.112000
11.113000
11.114000
11.115000
11.116000
11.117000
11.118000
11.119000
11.120000
11.121000
11.122000
11.123000
11.124000
11.125000
11.126000
11.127000
11.128000
11.129000
11.130000
11.131000
11.132000
11.133000
11.134000
11.135000
11.136000
11.137000
11.138000
11.139000
11.140000
11.141000
11.142000
11.143000
11.144000
11.145000
11.146000
11.147000
11.148000
11.149000
11.150000
11.151000
11.152000
11.153000
11.154000
11.155000
11.156000
11.157000
11.158000
11.159000
11.160000
11.161000
11.162000
11.163000
11.164000
11.165000
11.166000
11.167000
11.168000
11.169000
11.170000
11.171000
11.172000
11.173000
11.174000
11.175000
11.176000
11.177000
11.178000
11.179000
11.180000
11.181000
11.182000
11.183000
11.184000
11.185000
11.186000
11.187000
11.188000
11.189000
11.190000
11.191000
11.192000
11.193000
11.194000
11.195000
11.196000
11.197000
11.198000
11.199000
11.200000
11.201000
11.202000
11.203000
11.204000
11.205000
11.206000
11.207000
11.208000
11.209000
11.210000
11.211000
11.212000
11.213000
11.214000
11.215000
11.216000
11.217000
11.218000
11.219000
11.220000
11.221000
11.222000
11.223000
11.224000
11.225000
11.226000
11.227000
11.228000
11.229000
11.230000
11.231000
11.232000
11.233000
11.234000
11.235000
11.236000
11.237000
11.238000
11.239000
11.240000
11.241000
11.242000
11.243000
11.244000
11.245000
11.246000
11.247000
11.248000
11.249000
11.250000
11.251000
11.252000
11.253000
11.254000
11.255000
11.256000
11.257000
11.258000
11.259000
11.260000
11.261000
11.262000
11.263000
11.264000
11.265000
11.266000
11.267000
11.268000
11.269000
11.270000
11.271000
11.272000
11.273000
11.274000
11.275000
11.276000
11.277000
11.278000
11.279000
11.280000
11.281000
11.282000
11.283000
11.284000
11.285000
11.286000
11.287000
11.288000
11.289000
11.290000
11.291000
11.292000
11.293000
11.294000
11.295000
11.296000
11.297000
11.298000
11.299000
11.300000
11.301000
11.302000
11.303000
11.304000
11.305000
11.306000
11.307000
11.308000
11.309000
11.310000
11.311000
11.312000
11.313000
11.314000
11.315000
11.316000
11.317000
11.318000
11.319000
11.320000
11.321000
11.322000
11.323000
11.324000
11.325000
11.326000
11.327000
11.328000
11.329000
11.330000
11.331000
11.332000
11.333000
11.334000
11.335000
11.336000
11.337000
11.338000
11.339000
11.340000
11.341000
11.342000
11.343000
11.344000
11.345000
11.346000
11.347000
11.348000
11.349000
11.350000
11.351000
11.352000
11.353000
11.354000
11.355000
11.356000
11.357000
11.358000
11.359000
11.360000
11.361000
11.362000
11.363000
11.364000
11.365000
11.366000
11.367000
11.368000
11.369000
11.370000
11.371000
11.372000
11.373000
11.374000
11.375000
11.376000
11.377000
11.378000
11.379000
11.380000
11.381000
11.382000
11.383000
11.384000
11.385000
11.386000
11.387000
11.388000
11.389000
11.390000
11.391000
11.392000
11.393000
11.394000
11.395000
11.396000
11.397000
11.398000
11.399000
11.400000
11.401000
11.402000
11.403000
11.404000
11.405000
11.406000
11.407000
11.408000
11.409000
11.410000
11.411000
11.412000
11.413000
11.414000
11.415000
11.416000
11.417000
11.418000
11.419000
11.420000
11.421000
11.422000
11.423000
11.424000
11.425000
11.426000
11.427000
11.428000
11.429000
11.430000
11.431000
11.432000
11.433000
11.434000
11.435000
11.436000
11.437000
11.438000
11.439000
11.440000
11.441000
11.442000
11.443000
11.444000
11.445000
11.446000
11.447000
11.448000
11.449000
11.450000
11.451000
11.452000
11.453000
11.454000
11.455000
11.456000
11.457000
11.458000
11.459000
11.460000
11.461000
11.462000
11.463000
11.464000
11.465000
11.466000
11.467000
11.468000
11.469000
11.470000
11.471000
11.472000
11.473000
11.474000
11.475000
11.476000
11.477000
11.478000
11.479000
11.480000
11.481000
11.482000
11.483000
11.484000
11.485000
11.486000
11.487000
11.488000
11.489000
11.490000
11.491000
11.492000
11.493000
11.494000
11.495000
11.496000
11.497000
11.498000
11.499000
11.500000
11.501000
11.502000
11.503000
11.504000
11.505000
11.506000
11.507000
11.508000
11.509000
11.510000
11.511000
11.512000
11.513000
11.514000
11.515000
11.516000
11.517000
11.518000
11.519000
11.520000
11.521000
11.522000
11.523000
11.524000
11.525000
11.526000
11.527000
11.528000
11.529000
11.530000
11.531000
11.532000
11.533000
11.534000
11.535000
11.536000
11.537000
11.538000
11.539000
11.540000
11.541000
11.542000
11.543000
11.544000
11.545000
11.546000
11.547000
11.548000
11.549000
11.550000
11.551000
11.552000
11.553000
11.554000
11.555000
11.556000
11.557000
11.558000
11.559000
11.560000
11.561000
11.562000
11.563000
11.564000
11.565000
11.566000
11.567000
11.568000
11.569000
11.570000
11.571000
11.572000
11.573000
11.574000
11.575000
11.576000
11.577000
11.578000
11.579000
11.580000
11.581000
11.582000
11.583000
11.584000
11.585000
11.586000
11.587000
11.588000
11.589000
11.590000
11.591000
11.592000
11.593000
11.594000
11.595000
11.596000
11.597000
11.598000
11.599000
11.600000
11.601000
11.602000
11.603000
11.604000
11.605000
11.606000
11.607000
11.608000
11.609000
11.610000
11.611000
11.612000
11.613000
11.614000
11.615000
11.616000
11.617000
11.618000
11.619000
11.620000
11.621000
11.622000
11.623000
11.624000
11.625000
11.626000
11.627000
11.628000
11.629000
11.630000
11.631000
11.632000
11.633000
11.634000
11.635000
11.636000
11.637000
11.638000
11.639000
11.640000
11.641000
11.642000
11.643000
11.644000
11.645000
11.646000
11.647000
11.648000
11.649000
11.650000
11.651000
11.652000
11.653000
11.654000
11.655000
11.656000
11.657000
11.658000
11.659000
11.660000
11.661000
11.662000
11.663000
11.664000
11.665000
11.666000
11.667000
11.668000
11.669000
11.670000
11.671000
11.672000
11.673000
11.674000
11.675000
11.676000
11.677000
11.678000
11.679000
11.680000
11.681000
11.682000
11.683000
11.684000
11.685000
11.686000
11.687000
11.688000
11.689000
11.690000
11.691000
11.692000
11.693000
11.694000
11.695000
11.696000
11.697000
11.698000
11.699000
11.700000
11.701000
11.702000
11.703000
11.704000
11.705000
11.706000
11.707000
11.708000
11.709000
11.710000
11.711000
11.712000
11.713000
11.714000
11.715000
11.716000
11.717000
11.718000
11.719000
11.720000
11.721000
11.722000
11.723000
11.724000
11.725000
11.726000
11.727000
11.728000
11.729000
11.730000
11.731000
11.732000
11.733000
11.734000
11.735000
11.736000
11.737000
11.738000
11.739000
11.740000
11.741000
11.742000
11.743000
11.744000
11.745000
11.746000
11.747000
11.748000
11.749000
11.750000
11.751000
11.752000
11.753000
11.754000
11.755000
11.756000
11.757000
11.758000
11.759000
11.760000
11.761000
11.762000
11.763000
11.764000
11.765000
11.766000
11.767000
11.768000
11.769000
11.770000
11.771000
11.772000
11.773000
11.774000
11.775000
11.776000
11.777000
11.778000
11.779000
11.780000
11.781000
11.782000
11.783000
11.784000
11.785000
11.786000
11.787000
11.788000
11.789000
11.790000
11.791000
11.792000
11.793000
11.794000
11.795000
11.796000
11.797000
11.798000
11.799000
11.800000
11.801000
11.802000
11.803000
11.804000
11.805000
11.806000
11.807000
11.808000
11.809000
11.810000
11.811000
11.812000
11.813000
11.814000
11.815000
11.816000
11.817000
11.818000
11.819000
11.820000
11.821000
11.822000
11.823000
11.824000
11.825000
11.826000
11.827000
11.828000
11.829000
11.830000
11.831000
11.832000
11.833000
11.834000
11.835000
11.836000
11.837000
11.838000
11.839000
11.840000
11.841000
11.842000
11.843000
11.844000
11.845000
11.846000
11.847000
11.848000
11.849000
11.850000
11.851000
11.852000
11.853000
11.854000
11.855000
11.856000
11.857000
11.858000
11.859000
11.860000
11.861000
11.862000
11.863000
11.864000
11.865000
11.866000
11.867000
11.868000
11.869000
11.870000
11.871000
11.872000
11.873000
11.874000
11.875000
11.876000
11.877000
11.878000
11.879000
11.880000
11.881000
11.882000
11.883000
11.884000
11.885000
11.886000
11.887000
11.888000
11.889000
11.890000
11.891000
11.892000
11.893000
11.894000
11.895000
11.896000
11.897000
11.898000
11.899000
11.900000
11.901000
11.902000
11.903000
11.904000
11.905000
11.906000
11.907000
11.908000
11.909000
11.910000
11.911000
11.912000
11.913000
11.914000
11.915000
11.916000
11.917000
11.918000
11.919000
11.920000
11.921000
11.922000
11.923000
11.924000
11.925000
11.926000
11.927000
11.928000
11.929000
11.930000
11.931000
11.932000
11.933000
11.934000
11.935000
11.936000
11.937000
11.938000
11.939000
11.940000
11.941000
11.942000
11.943000
11.944000
11.945000
11.946000
11.947000
11.948000
11.949000
11.950000
11.951000
11.952000
11.953000
11.954000
11.955000
11.956000
11.957000
11.958000
11.959000
11.960000
11.961000
11.962000
11.963000
11.964000
11.965000
11.966000
11.967000
11.968000
11.969000
11.970000
11.971000
11.972000
11.973000
11.974000
11.975000
11.976000
11.977000
11.978000
11.979000
11.980000
11.981000
11.982000
11.983000
11.984000
11.985000
11.986000
11.987000
11.988000
11.989000
11.990000
11.991000
11.992000
11.993000
11.994000
11.995000
11.996000
11.997000
11.998000
11.999000
12.000000
12.001000
12.002000
12.003000
12.004000
12.005000
12.006000
12.007000
12.008000
12.009000
12.010000
12.011000
12.012000
12.013000
12.014000
12.015000
12.016000
12.017000
12.018000
12.019000
12.020000
12.021000
12.022000
12.023000
12.024000
12.025000
12.026000
12.027000
12.028000
12.029000
12.030000
12.031000
12.032000
12.033000
12.034000
12.035000
12.036000
12.037000
12.038000
12.039000
12.040000
12.041000
12.042000
12.043000
12.044000
12.045000
12.046000
12.047000
12.048000
12.049000
12.050000
12.051000
12.052000
12.053000
12.054000
12.055000
12.056000
12.057000
12.058000
12.059000
12.060000
12.061000
12.062000
12.063000
12.064000
12.065000
12.066000
12.067000
12.068000
12.069000
12.070000
12.071000
12.072000
12.073000
12.074000
12.075000
12.076000
12.077000
12.078000
12.079000
12.080000
12.081000
12.082000
12.083000
12.084000
12.085000
12.086000
12.087000
12.088000
12.089000
12.090000
12.091000
12.092000
12.093000
12.094000
12.095000
12.096000
12.097000
12.098000
12.099000
12.100000
12.101000
12.102000
12.103000
12.104000
12.105000
12.106000
12.107000
12.108000
12.109000
12.110000
12.111000
12.112000
12.113000
12.114000
12.115000
12.116000
12.117000
12.118000
12.119000
12.120000
12.121000
12.122000
12.123000
12.124000
12.125000
12.126000
12.127000
12.128000
12.129000
12.130000
12.131000
12.132000
12.133000
12.134000
12.135000
12.136000
12.137000
12.138000
12.139000
12.140000
12.141000
12.142000
12.143000
12.144000
12.145000
12.146000
12.147000
12.148000
12.149000
12.150000
12.151000
12.152000
12.153000
12.154000
12.155000
12.156000
12.157000
12.158000
12.159000
12.160000
12.161000
12.162000
12.163000
12.164000
12.165000
12.166000
12.167000
12.168000
12.169000
12.170000
12.171000
12.172000
12.173000
12.174000
12.175000
12.176000
12.177000
12.178000
12.179000
12.180000
12.181000
12.182000
12.183000
12.184000
12.185000
12.186000
12.187000
12.188000
12.189000
12.190000
12.191000
12.192000
12.193000
12.194000
12.195000
12.196000
12.197000
12.198000
12.199000
12.200000
12.201000
12.202000
12.203000
12.204000
12.205000
12.206000
12.207000
12.208000
12.209000
12.210000
12.211000
12.212000
12.213000
12.214000
12.215000
12.216000
12.217000
12.218000
12.219000
12.220000
12.221000
12.222000
12.223000
12.224000
12.225000
12.226000
12.227000
12.228000
12.229000
12.230000
12.231000
12.232000
12.233000
12.234000
12.235000
12.236000
12.237000
12.238000
12.239000
12.240000
12.241000
12.242000
12.243000
12.244000
12.245000
12.246000
12.247000
12.248000
12.249000
12.250000
12.251000
12.252000
12.253000
12.254000
12.255000
12.256000
12.257000
12.258000
12.259000
12.260000
12.261000
12.262000
12.263000
12.264000
12.265000
12.266000
12.267000
12.268000
12.269000
12.270000
12.271000
12.272000
12.273000
12.274000
12.275000
12.276000
12.277000
12.278000
12.279000
12.280000
12.281000
12.282000
12.283000
12.284000
12.285000
12.286000
12.287000
12.288000
12.289000
12.290000
12.291000
12.292000
12.293000
12.294000
12.295000
12.296000
12.297000
12.298000
12.299000
12.300000
12.301000
12.302000
12.303000
12.304000
12.305000
12.306000
12.307000
12.308000
12.309000
12.310000
12.311000
12.312000
12.313000
12.314000
12.315000
12.316000
12.317000
12.318000
12.319000
12.320000
12.321000
12.322000
12.323000
12.324000
12.325000
12.326000
12.327000
12.328000
12.329000
12.330000
12.331000
12.332000
12.333000
12.334000
12.335000
12.336000
12.337000
12.338000
12.339000
12.340000
12.341000
12.342000
12.343000
12.344000
12.345000
12.346000
12.347000
12.348000
12.349000
12.350000
12.351000
12.352000
12.353000
12.354000
12.355000
12.356000
12.357000
12.358000
12.359000
12.360000
12.361000
12.362000
12.363000
12.364000
12.365000
12.366000
12.367000
12.368000
12.369000
12.370000
12.371000
12.372000
12.373000
12.374000
12.375000
12.376000
12.377000
12.378000
12.379000
12.380000
12.381000
12.382000
12.383000
12.384000
12.385000
12.386000
12.387000
12.388000
12.389000
12.390000
12.391000
12.392000
12.393000
12.394000
12.395000
12.396000
12.397000
12.398000
12.399000
12.400000
12.401000
12.402000
12.403000
12.404000
12.405000
12.406000
12.407000
12.408000
12.409000
12.410000
12.411000
12.412000
12.413000
12.414000
12.415000
12.416000
12.417000
12.418000
12.419000
12.420000
12.421000
12.422000
12.423000
12.424000
12.425000
12.426000
12.427000
12.428000
12.429000
12.430000
12.431000
12.432000
12.433000
12.434000
12.435000
12.436000
12.437000
12.438000
12.439000
12.440000
12.441000
12.442000
12.443000
12.444000
12.445000
12.446000
12.447000
12.448000
12.449000
12.450000
12.451000
12.452000
12.453000
12.454000
12.455000
12.456000
12.457000
12.458000
12.459000
12.460000
12.461000
12.462000
12.463000
12.464000
12.465000
12.466000
12.467000
12.468000
12.469000
12.470000
12.471000
12.472000
12.473000
12.474000
12.475000
12.476000
12.477000
12.478000
12.479000
12.480000
12.481000
12.482000
12.483000
12.484000
12.485000
12.486000
12.487000
12.488000
12.489000
12.490000
12.491000
12.492000
12.493000
12.494000
12.495000
12.496000
12.497000
12.498000
12.499000
12.500000
12.501000
12.502000
12.503000
12.504000
12.505000
12.506000
12.507000
12.508000
12.509000
12.510000
12.511000
12.512000
12.513000
12.514000
12.515000
12.516000
12.517000
12.518000
12.519000
12.520000
12.521000
12.522000
12.523000
12.524000
12.525000
12.526000
12.527000
12.528000
12.529000
12.530000
12.531000
12.532000
12.533000
12.534000
12.535000
12.536000
12.537000
12.538000
12.539000
12.540000
12.541000
12.542000
12.543000
12.544000
12.545000
12.546000
12.547000
12.548000
12.549000
12.550000
12.551000
12.552000
12.553000
12.554000
12.555000
12.556000
12.557000
12.558000
12.559000
12.560000
12.561000
12.562000
12.563000
12.564000
12.565000
12.566000
12.567000
12.568000
12.569000
12.570000
12.571000
12.572000
12.573000
12.574000
12.575000
12.576000
12.577000
12.578000
12.579000
12.580000
12.581000
12.582000
12.583000
12.584000
12.585000
12.586000
12.587000
12.588000
12.589000
12.590000
12.591000
12.592000
12.593000
12.594000
12.595000
12.596000
12.597000
12.598000
12.599000
12.600000
12.601000
12.602000
12.603000
12.604000
12.605000
12.606000
12.607000
12.608000
12.609000
12.610000
12.611000
12.612000
12.613000
12.614000
12.615000
12.616000
12.617000
12.618000
12.619000
12.620000
12.621000
12.622000
12.623000
12.624000
12.625000
12.626000
12.627000
12.628000
12.629000
12.630000
12.631000
12.632000
12.633000
12.634000
12.635000
12.636000
12.637000
12.638000
12.639000
12.640000
12.641000
12.642000
12.643000
12.644000
12.645000
12.646000
12.647000
12.648000
12.649000
12.650000
12.651000
12.652000
12.653000
12.654000
12.655000
12.656000
12.657000
12.658000
12.659000
12.660000
12.661000
12.662000
12.663000
12.664000
12.665000
12.666000
12.667000
12.668000
12.669000
12.670000
12.671000
12.672000
12.673000
12.674000
12.675000
12.676000
12.677000
12.678000
12.679000
12.680000
12.681000
12.682000
12.683000
12.684000
12.685000
12.686000
12.687000
12.688000
12.689000
12.690000
12.691000
12.692000
12.693000
12.694000
12.695000
12.696000
12.697000
12.698000
12.699000
12.700000
12.701000
12.702000
12.703000
12.704000
12.705000
12.706000
12.707000
12.708000
12.709000
12.710000
12.711000
12.712000
12.713000
12.714000
12.715000
12.716000
12.717000
12.718000
12.719000
12.720000
12.721000
12.722000
12.723000
12.724000
12.725000
12.726000
12.727000
12.728000
12.729000
12.730000
12.731000
12.732000
12.733000
12.734000
12.735000
12.736000
12.737000
12.738000
12.739000
12.740000
12.741000
12.742000
12.743000
12.744000
12.745000
12.746000
12.747000
12.748000
12.749000
12.750000
12.751000
12.752000
12.753000
12.754000
12.755000
12.756000
12.757000
12.758000
12.759000
12.760000
12.761000
12.762000
12.763000
12.764000
12.765000
12.766000
12.767000
12.768000
12.769000
12.770000
12.771000
12.772000
12.773000
12.774000
12.775000
12.776000
12.777000
12.778000
12.779000
12.780000
12.781000
12.782000
12.783000
12.784000
12.785000
12.786000
12.787000
12.788000
12.789000
12.790000
12.791000
12.792000
12.793000
12.794000
12.795000
12.796000
12.797000
12.798000
12.799000
12.800000
12.801000
12.802000
12.803000
12.804000
12.805000
12.806000
12.807000
12.808000
12.809000
12.810000
12.811000
12.812000
12.813000
12.814000
12.815000
12.816000
12.817000
12.818000
12.819000
12.820000
12.821000
12.822000
12.823000
12.824000
12.825000
12.826000
12.827000
12.828000
12.829000
12.830000
12.831000
12.832000
12.833000
12.834000
12.835000
12.836000
12.837000
12.838000
12.839000
12.840000
12.841000
12.842000
12.843000
12.844000
12.845000
12.846000
12.847000
12.848000
12.849000
12.850000
12.851000
12.852000
12.853000
12.854000
12.855000
12.856000
12.857000
12.858000
12.859000
12.860000
12.861000
12.862000
12.863000
12.864000
12.865000
12.866000
12.867000
12.868000
12.869000
12.870000
12.871000
12.872000
12.873000
12.874000
12.875000
12.876000
12.877000
12.878000
12.879000
12.880000
12.881000
12.882000
12.883000
12.884000
12.885000
12.886000
12.887000
12.888000
12.889000
12.890000
12.891000
12.892000
12.893000
12.894000
12.895000
12.896000
12.897000
12.898000
12.899000
12.900000
12.901000
12.902000
12.903000
12.904000
12.905000
12.906000
12.907000
12.908000
12.909000
12.910000
12.911000
12.912000
12.913000
12.914000
12.915000
12.916000
12.917000
12.918000
12.919000
12.920000
12.921000
12.922000
12.923000
12.924000
12.925000
12.926000
12.927000
12.928000
12.929000
12.930000
12.931000
12.932000
12.933000
12.934000
12.935000
12.936000
12.937000
12.938000
12.939000
12.940000
12.941000
12.942000
12.943000
12.944000
12.945000
12.946000
12.947000
12.948000
12.949000
12.950000
12.951000
12.952000
12.953000
12.954000
12.955000
12.956000
12.957000
12.958000
12.959000
12.960000
12.961000
12.962000
12.963000
12.964000
12.965000
12.966000
12.967000
12.968000
12.969000
12.970000
12.971000
12.972000
12.973000
12.974000
12.975000
12.976000
12.977000
12.978000
12.979000
12.980000
12.981000
12.982000
12.983000
12.984000
12.985000
12.986000
12.987000
12.988000
12.989000
12.990000
12.991000
12.992000
12.993000
12.994000
12.995000
12.996000
12.997000
12.998000
12.999000
13.000000
13.001000
13.002000
13.003000
13.004000
13.005000
13.006000
13.007000
13.008000
13.009000
13.010000
13.011000
13.012000
13.013000
13.014000
13.015000
13.016000
13.017000
13.018000
13.019000
13.020000
13.021000
13.022000
13.023000
13.024000
13.025000
13.026000
13.027000
13.028000
13.029000
13.030000
13.031000
13.032000
13.033000
13.034000
13.035000
13.036000
13.037000
13.038000
13.039000
13.040000
13.041000
13.042000
13.043000
13.044000
13.045000
13.046000
13.047000
13.048000
13.049000
13.050000
13.051000
13.052000
13.053000
13.054000
13.055000
13.056000
13.057000
13.058000
13.059000
13.060000
13.061000
13.062000
13.063000
13.064000
13.065000
13.066000
13.067000
13.068000
13.069000
13.070000
13.071000
13.072000
13.073000
13.074000
13.075000
13.076000
13.077000
13.078000
13.079000
13.080000
13.081000
13.082000
13.083000
13.084000
13.085000
13.086000
13.087000
13.088000
13.089000
13.090000
13.091000
13.092000
13.093000
13.094000
13.095000
13.096000
13.097000
13.098000
13.099000
13.100000
13.101000
13.102000
13.103000
13.104000
13.105000
13.106000
13.107000
13.108000
13.109000
13.110000
13.111000
13.112000
13.113000
13.114000
13.115000
13.116000
13.117000
13.118000
13.119000
13.120000
13.121000
13.122000
13.123000
13.124000
13.125000
13.126000
13.127000
13.128000
13.129000
13.130000
13.131000
13.132000
13.133000
13.134000
13.135000
13.136000
13.137000
13.138000
13.139000
13.140000
13.141000
13.142000
13.143000
13.144000
13.145000
13.146000
13.147000
13.148000
13.149000
13.150000
13.151000
13.152000
13.153000
13.154000
13.155000
13.156000
13.157000
13.158000
13.159000
13.160000
13.161000
13.162000
13.163000
13.164000
13.165000
13.166000
13.167000
13.168000
13.169000
13.170000
13.171000
13.172000
13.173000
13.174000
13.175000
13.176000
13.177000
13.178000
13.179000
13.180000
13.181000
13.182000
13.183000
13.184000
13.185000
13.186000
13.187000
13.188000
13.189000
13.190000
13.191000
13.192000
13.193000
13.194000
13.195000
13.196000
13.197000
13.198000
13.199000
13.200000
13.201000
13.202000
13.203000
13.204000
13.205000
13.206000
13.207000
13.208000
13.209000
13.210000
13.211000
13.212000
13.213000
13.214000
13.215000
13.216000
13.217000
13.218000
13.219000
13.220000
13.221000
13.222000
13.223000
13.224000
13.225000
13.226000
13.227000
13.228000
13.229000
13.230000
13.231000
13.232000
13.233000
13.234000
13.235000
13.236000
13.237000
13.238000
13.239000
13.240000
13.241000
13.242000
13.243000
13.244000
13.245000
13.246000
13.247000
13.248000
13.249000
13.250000
13.251000
13.252000
13.253000
13.254000
13.255000
13.256000
13.257000
13.258000
13.259000
13.260000
13.261000
13.262000
13.263000
13.264000
13.265000
13.266000
13.267000
13.268000
13.269000
13.270000
13.271000
13.272000
13.273000
13.274000
13.275000
13.276000
13.277000
13.278000
13.279000
13.280000
13.281000
13.282000
13.283000
13.284000
13.285000
13.286000
13.287000
13.288000
13.289000
13.290000
13.291000
13.292000
13.293000
13.294000
13.295000
13.296000
13.297000
13.298000
13.299000
13.300000
13.301000
13.302000
13.303000
13.304000
13.305000
13.306000
13.307000
13.308000
13.309000
13.310000
13.311000
13.312000
13.313000
13.314000
13.315000
13.316000
13.317000
13.318000
13.319000
13.320000
13.321000
13.322000
13.323000
13.324000
13.325000
13.326000
13.327000
13.328000
13.329000
13.330000
13.331000
13.332000
13.333000
13.334000
13.335000
13.336000
13.337000
13.338000
13.339000
13.340000
13.341000
13.342000
13.343000
13.344000
13.345000
13.346000
13.347000
13.348000
13.349000
13.350000
13.351000
13.352000
13.353000
13.354000
13.355000
13.356000
13.357000
13.358000
13.359000
13.360000
13.361000
13.362000
13.363000
13.364000
13.365000
13.366000
13.367000
13.368000
13.369000
13.370000
13.371000
13.372000
13.373000
13.374000
13.375000
13.376000
13.377000
13.378000
13.379000
13.380000
13.381000
13.382000
13.383000
13.384000
13.385000
13.386000
13.387000
13.388000
13.389000
13.390000
13.391000
13.392000
13.393000
13.394000
13.395000
13.396000
13.397000
13.398000
13.399000
13.400000
13.401000
13.402000
13.403000
13.404000
13.405000
13.406000
13.407000
13.408000
13.409000
13.410000
13.411000
13.412000
13.413000
13.414000
13.415000
13.416000
13.417000
13.418000
13.419000
13.420000
13.421000
13.422000
13.423000
13.424000
13.425000
13.426000
13.427000
13.428000
13.429000
13.430000
13.431000
13.432000
13.433000
13.434000
13.435000
13.436000
13.437000
13.438000
13.439000
13.440000
13.441000
13.442000
13.443000
13.444000
13.445000
13.446000
13.447000
13.448000
13.449000
13.450000
13.451000
13.452000
13.453000
13.454000
13.455000
13.456000
13.457000
13.458000
13.459000
13.460000
13.461000
13.462000
13.463000
13.464000
13.465000
13.466000
13.467000
13.468000
13.469000
13.470000
13.471000
13.472000
13.473000
13.474000
13.475000
13.476000
13.477000
13.478000
13.479000
13.480000
13.481000
13.482000
13.483000
13.484000
13.485000
13.486000
13.487000
13.488000
13.489000
13.490000
13.491000
13.492000
13.493000
13.494000
13.495000
13.496000
13.497000
13.498000
13.499000
13.500000
13.501000
13.502000
13.503000
13.504000
13.505000
13.506000
13.507000
13.508000
13.509000
13.510000
13.511000
13.512000
13.513000
13.514000
13.515000
13.516000
13.517000
13.518000
13.519000
13.520000
13.521000
13.522000
13.523000
13.524000
13.525000
13.526000
13.527000
13.528000
13.529000
13.530000
13.531000
13.532000
13.533000
13.534000
13.535000
13.536000
13.537000
13.538000
13.539000
13.540000
13.541000
13.542000
13.543000
13.544000
13.545000
13.546000
13.547000
13.548000
13.549000
13.550000
13.551000
13.552000
13.553000
13.554000
13.555000
13.556000
13.557000
13.558000
13.559000
13.560000
13.561000
13.562000
13.563000
13.564000
13.565000
13.566000
13.567000
13.568000
13.569000
13.570000
13.571000
13.572000
13.573000
13.574000
13.575000
13.576000
13.577000
13.578000
13.579000
13.580000
13.581000
13.582000
13.583000
13.584000
13.585000
13.586000
13.587000
13.588000
13.589000
13.590000
13.591000
13.592000
13.593000
13.594000
13.595000
13.596000
13.597000
13.598000
13.599000
13.600000
13.601000
13.602000
13.603000
13.604000
13.605000
13.606000
13.607000
13.608000
13.609000
13.610000
13.611000
13.612000
13.613000
13.614000
13.615000
13.616000
13.617000
13.618000
13.619000
13.620000
13.621000
13.622000
13.623000
13.624000
13.625000
13.626000
13.627000
13.628000
13.629000
13.630000
13.631000
13.632000
13.633000
13.634000
13.635000
13.636000
13.637000
13.638000
13.639000
13.640000
13.641000
13.642000
13.643000
13.644000
13.645000
13.646000
13.647000
13.648000
13.649000
13.650000
13.651000
13.652000
13.653000
13.654000
13.655000
13.656000
13.657000
13.658000
13.659000
13.660000
13.661000
13.662000
13.663000
13.664000
13.665000
13.666000
13.667000
13.668000
13.669000
13.670000
13.671000
13.672000
13.673000
13.674000
13.675000
13.676000
13.677000
13.678000
13.679000
13.680000
13.681000
13.682000
13.683000
13.684000
13.685000
13.686000
13.687000
13.688000
13.689000
13.690000
13.691000
13.692000
13.693000
13.694000
13.695000
13.696000
13.697000
13.698000
13.699000
13.700000
13.701000
13.702000
13.703000
13.704000
13.705000
13.706000
13.707000
13.708000
13.709000
13.710000
13.711000
13.712000
13.713000
13.714000
13.715000
13.716000
13.717000
13.718000
13.719000
13.720000
13.721000
13.722000
13.723000
13.724000
13.725000
13.726000
13.727000
13.728000
13.729000
13.730000
13.731000
13.732000
13.733000
13.734000
13.735000
13.736000
13.737000
13.738000
13.739000
13.740000
13.741000
13.742000
13.743000
13.744000
13.745000
13.746000
13.747000
13.748000
13.749000
13.750000
13.751000
13.752000
13.753000
13.754000
13.755000
13.756000
13.757000
13.758000
13.759000
13.760000
13.761000
13.762000
13.763000
13.764000
13.765000
13.766000
13.767000
13.768000
13.769000
13.770000
13.771000
13.772000
13.773000
13.774000
13.775000
13.776000
13.777000
13.778000
13.779000
13.780000
13.781000
13.782000
13.783000
13.784000
13.785000
13.786000
13.787000
13.788000
13.789000
13.790000
13.791000
13.792000
13.793000
13.794000
13.795000
13.796000
13.797000
13.798000
13.799000
13.800000
13.801000
13.802000
13.803000
13.804000
13.805000
13.806000
13.807000
13.808000
13.809000
13.810000
13.811000
13.812000
13.813000
13.814000
13.815000
13.816000
13.817000
13.818000
13.819000
13.820000
13.821000
13.822000
13.823000
13.824000
13.825000
13.826000
13.827000
13.828000
13.829000
13.830000
13.831000
13.832000
13.833000
13.834000
13.835000
13.836000
13.837000
13.838000
13.839000
13.840000
13.841000
13.842000
13.843000
13.844000
13.845000
13.846000
13.847000
13.848000
13.849000
13.850000
13.851000
13.852000
13.853000
13.854000
13.855000
13.856000
13.857000
13.858000
13.859000
13.860000
13.861000
13.862000
13.863000
13.864000
13.865000
13.866000
13.867000
13.868000
13.869000
13.870000
13.871000
13.872000
13.873000
13.874000
13.875000
13.876000
13.877000
13.878000
13.879000
13.880000
13.881000
13.882000
13.883000
13.884000
13.885000
13.886000
13.887000
13.888000
13.889000
13.890000
13.891000
13.892000
13.893000
13.894000
13.895000
13.896000
13.897000
13.898000
13.899000
13.900000
13.901000
13.902000
13.903000
13.904000
13.905000
13.906000
13.907000
13.908000
13.909000
13.910000
13.911000
13.912000
13.913000
13.914000
13.915000
13.916000
13.917000
13.918000
13.919000
13.920000
13.921000
13.922000
13.923000
13.924000
13.925000
13.926000
13.927000
13.928000
13.929000
13.930000
13.931000
13.932000
13.933000
13.934000
13.935000
13.936000
13.937000
13.938000
13.939000
13.940000
13.941000
13.942000
13.943000
13.944000
13.945000
13.946000
13.947000
13.948000
13.949000
13.950000
13.951000
13.952000
13.953000
13.954000
13.955000
13.956000
13.957000
13.958000
13.959000
13.960000
13.961000
13.962000
13.963000
13.964000
13.965000
13.966000
13.967000
13.968000
13.969000
13.970000
13.971000
13.972000
13.973000
13.974000
13.975000
13.976000
13.977000
13.978000
13.979000
13.980000
13.981000
13.982000
13.983000
13.984000
13.985000
13.986000
13.987000
13.988000
13.989000
13.990000
13.991000
13.992000
13.993000
13.994000
13.995000
13.996000
13.997000
13.998000
13.999000
14.000000
14.001000
14.002000
14.003000
14.004000
14.005000
14.006000
14.007000
14.008000
14.009000
14.010000
14.011000
14.012000
14.013000
14.014000
14.015000
14.016000
14.017000
14.018000
14.019000
14.020000
14.021000
14.022000
14.023000
14.024000
14.025000
14.026000
14.027000
14.028000
14.029000
14.030000
14.031000
14.032000
14.033000
14.034000
14.035000
14.036000
14.037000
14.038000
14.039000
14.040000
14.041000
14.042000
14.043000
14.044000
14.045000
14.046000
14.047000
14.048000
14.049000
14.050000
14.051000
14.052000
14.053000
14.054000
14.055000
14.056000
14.057000
14.058000
14.059000
14.060000
14.061000
14.062000
14.063000
14.064000
14.065000
14.066000
14.067000
14.068000
14.069000
14.070000
14.071000
14.072000
14.073000
14.074000
14.075000
14.076000
14.077000
14.078000
14.079000
14.080000
14.081000
14.082000
14.083000
14.084000
14.085000
14.086000
14.087000
14.088000
14.089000
14.090000
14.091000
14.092000
14.093000
14.094000
14.095000
14.096000
14.097000
14.098000
14.099000
14.100000
14.101000
14.102000
14.103000
14.104000
14.105000
14.106000
14.107000
14.108000
14.109000
14.110000
14.111000
14.112000
14.113000
14.114000
14.115000
14.116000
14.117000
14.118000
14.119000
14.120000
14.121000
14.122000
14.123000
14.124000
14.125000
14.126000
14.127000
14.128000
14.129000
14.130000
14.131000
14.132000
14.133000
14.134000
14.135000
14.136000
14.137000
14.138000
14.139000
14.140000
14.141000
14.142000
14.143000
14.144000
14.145000
14.146000
14.147000
14.148000
14.149000
14.150000
14.151000
14.152000
14.153000
14.154000
14.155000
14.156000
14.157000
14.158000
14.159000
14.160000
14.161000
14.162000
14.163000
14.164000
14.165000
14.166000
14.167000
14.168000
14.169000
14.170000
14.171000
14.172000
14.173000
14.174000
14.175000
14.176000
14.177000
14.178000
14.179000
14.180000
14.181000
14.182000
14.183000
14.184000
14.185000
14.186000
14.187000
14.188000
14.189000
14.190000
14.191000
14.192000
14.193000
14.194000
14.195000
14.196000
14.197000
14.198000
14.199000
14.200000
14.201000
14.202000
14.203000
14.204000
14.205000
14.206000
14.207000
14.208000
14.209000
14.210000
14.211000
14.212000
14.213000
14.214000
14.215000
14.216000
14.217000
14.218000
14.219000
14.220000
14.221000
14.222000
14.223000
14.224000
14.225000
14.226000
14.227000
14.228000
14.229000
14.230000
14.231000
14.232000
14.233000
14.234000
14.235000
14.236000
14.237000
14.238000
14.239000
14.240000
14.241000
14.242000
14.243000
14.244000
14.245000
14.246000
14.247000
14.248000
14.249000
14.250000
14.251000
14.252000
14.253000
14.254000
14.255000
14.256000
14.257000
14.258000
14.259000
14.260000
14.261000
14.262000
14.263000
14.264000
14.265000
14.266000
14.267000
14.268000
14.269000
14.270000
14.271000
14.272000
14.273000
14.274000
14.275000
14.276000
14.277000
14.278000
14.279000
14.280000
14.281000
14.282000
14.283000
14.284000
14.285000
14.286000
14.287000
14.288000
14.289000
14.290000
14.291000
14.292000
14.293000
14.294000
14.295000
14.296000
14.297000
14.298000
14.299000
14.300000
14.301000
14.302000
14.303000
14.304000
14.305000
14.306000
14.307000
14.308000
14.309000
14.310000
14.311000
14.312000
14.313000
14.314000
14.315000
14.316000
14.317000
14.318000
14.319000
14.320000
14.321000
14.322000
14.323000
14.324000
14.325000
14.326000
14.327000
14.328000
14.329000
14.330000
14.331000
14.332000
14.333000
14.334000
14.335000
14.336000
14.337000
14.338000
14.339000
14.340000
14.341000
14.342000
14.343000
14.344000
14.345000
14.346000
14.347000
14.348000
14.349000
14.350000
14.351000
14.352000
14.353000
14.354000
14.355000
14.356000
14.357000
14.358000
14.359000
14.360000
14.361000
14.362000
14.363000
14.364000
14.365000
14.366000
14.367000
14.368000
14.369000
14.370000
14.371000
14.372000
14.373000
14.374000
14.375000
14.376000
14.377000
14.378000
14.379000
14.380000
14.381000
14.382000
14.383000
14.384000
14.385000
14.386000
14.387000
14.388000
14.389000
14.390000
14.391000
14.392000
14.393000
14.394000
14.395000
14.396000
14.397000
14.398000
14.399000
14.400000
14.401000
14.402000
14.403000
14.404000
14.405000
14.406000
14.407000
14.408000
14.409000
14.410000
14.411000
14.412000
14.413000
14.414000
14.415000
14.416000
14.417000
14.418000
14.419000
14.420000
14.421000
14.422000
14.423000
14.424000
14.425000
14.426000
14.427000
14.428000
14.429000
14.430000
14.431000
14.432000
14.433000
14.434000
14.435000
14.436000
14.437000
14.438000
14.439000
14.440000
14.441000
14.442000
14.443000
14.444000
14.445000
14.446000
14.447000
14.448000
14.449000
14.450000
14.451000
14.452000
14.453000
14.454000
14.455000
14.456000
14.457000
14.458000
14.459000
14.460000
14.461000
14.462000
14.463000
14.464000
14.465000
14.466000
14.467000
14.468000
14.469000
14.470000
14.471000
14.472000
14.473000
14.474000
14.475000
14.476000
14.477000
14.478000
14.479000
14.480000
14.481000
14.482000
14.483000
14.484000
14.485000
14.486000
14.487000
14.488000
14.489000
14.490000
14.491000
14.492000
14.493000
14.494000
14.495000
14.496000
14.497000
14.498000
14.499000
14.500000
14.501000
14.502000
14.503000
14.504000
14.505000
14.506000
14.507000
14.508000
14.509000
14.510000
14.511000
14.512000
14.513000
14.514000
14.515000
14.516000
14.517000
14.518000
14.519000
14.520000
14.521000
14.522000
14.523000
14.524000
14.525000
14.526000
14.527000
14.528000
14.529000
14.530000
14.531000
14.532000
14.533000
14.534000
14.535000
14.536000
14.537000
14.538000
14.539000
14.540000
14.541000
14.542000
14.543000
14.544000
14.545000
14.546000
14.547000
14.548000
14.549000
14.550000
14.551000
14.552000
14.553000
14.554000
14.555000
14.556000
14.557000
14.558000
14.559000
14.560000
14.561000
14.562000
14.563000
14.564000
14.565000
14.566000
14.567000
14.568000
14.569000
14.570000
14.571000
14.572000
14.573000
14.574000
14.575000
14.576000
14.577000
14.578000
14.579000
14.580000
14.581000
14.582000
14.583000
14.584000
14.585000
14.586000
14.587000
14.588000
14.589000
14.590000
14.591000
14.592000
14.593000
14.594000
14.595000
14.596000
14.597000
14.598000
14.599000
14.600000
14.601000
14.602000
14.603000
14.604000
14.605000
14.606000
14.607000
14.608000
14.609000
14.610000
14.611000
14.612000
14.613000
14.614000
14.615000
14.616000
14.617000
14.618000
14.619000
14.620000
14.621000
14.622000
14.623000
14.624000
14.625000
14.626000
14.627000
14.628000
14.629000
14.630000
14.631000
14.632000
14.633000
14.634000
14.635000
14.636000
14.637000
14.638000
14.639000
14.640000
14.641000
14.642000
14.643000
14.644000
14.645000
14.646000
14.647000
14.648000
14.649000
14.650000
14.651000
14.652000
14.653000
14.654000
14.655000
14.656000
14.657000
14.658000
14.659000
14.660000
14.661000
14.662000
14.663000
14.664000
14.665000
14.666000
14.667000
14.668000
14.669000
14.670000
14.671000
14.672000
14.673000
14.674000
14.675000
14.676000
14.677000
14.678000
14.679000
14.680000
14.681000
14.682000
14.683000
14.684000
14.685000
14.686000
14.687000
14.688000
14.689000
14.690000
14.691000
14.692000
14.693000
14.694000
14.695000
14.696000
14.697000
14.698000
14.699000
14.700000
14.701000
14.702000
14.703000
14.704000
14.705000
14.706000
14.707000
14.708000
14.709000
14.710000
14.711000
14.712000
14.713000
14.714000
14.715000
14.716000
14.717000
14.718000
14.719000
14.720000
14.721000
14.722000
14.723000
14.724000
14.725000
14.726000
14.727000
14.728000
14.729000
14.730000
14.731000
14.732000
14.733000
14.734000
14.735000
14.736000
14.737000
14.738000
14.739000
14.740000
14.741000
14.742000
14.743000
14.744000
14.745000
14.746000
14.747000
14.748000
14.749000
14.750000
14.751000
14.752000
14.753000
14.754000
14.755000
14.756000
14.757000
14.758000
14.759000
14.760000
14.761000
14.762000
14.763000
14.764000
14.765000
14.766000
14.767000
14.768000
14.769000
14.770000
14.771000
14.772000
14.773000
14.774000
14.775000
14.776000
14.777000
14.778000
14.779000
14.780000
14.781000
14.782000
14.783000
14.784000
14.785000
14.786000
14.787000
14.788000
14.789000
14.790000
14.791000
14.792000
14.793000
14.794000
14.795000
14.796000
14.797000
14.798000
14.799000
14.800000
14.801000
14.802000
14.803000
14.804000
14.805000
14.806000
14.807000
14.808000
14.809000
14.810000
14.811000
14.812000
14.813000
14.814000
14.815000
14.816000
14.817000
14.818000
14.819000
14.820000
14.821000
14.822000
14.823000
14.824000
14.825000
14.826000
14.827000
14.828000
14.829000
14.830000
14.831000
14.832000
14.833000
14.834000
14.835000
14.836000
14.837000
14.838000
14.839000
14.840000
14.841000
14.842000
14.843000
14.844000
14.845000
14.846000
14.847000
14.848000
14.849000
14.850000
14.851000
14.852000
14.853000
14.854000
14.855000
14.856000
14.857000
14.858000
14.859000
14.860000
14.861000
14.862000
14.863000
14.864000
14.865000
14.866000
14.867000
14.868000
14.869000
14.870000
14.871000
14.872000
14.873000
14.874000
14.875000
14.876000
14.877000
14.878000
14.879000
14.880000
14.881000
14.882000
14.883000
14.884000
14.885000
14.886000
14.887000
14.888000
14.889000
14.890000
14.891000
14.892000
14.893000
14.894000
14.895000
14.896000
14.897000
14.898000
14.899000
14.900000
14.901000
14.902000
14.903000
14.904000
14.905000
14.906000
14.907000
14.908000
14.909000
14.910000
14.911000
14.912000
14.913000
14.914000
14.915000
14.916000
14.917000
14.918000
14.919000
14.920000
14.921000
14.922000
14.923000
14.924000
14.925000
14.926000
14.927000
14.928000
14.929000
14.930000
14.931000
14.932000
14.933000
14.934000
14.935000
14.936000
14.937000
14.938000
14.939000
14.940000
14.941000
14.942000
14.943000
14.944000
14.945000
14.946000
14.947000
14.948000
14.949000
14.950000
14.951000
14.952000
14.953000
14.954000
14.955000
14.956000
14.957000
14.958000
14.959000
14.960000
14.961000
14.962000
14.963000
14.964000
14.965000
14.966000
14.967000
14.968000
14.969000
14.970000
14.971000
14.972000
14.973000
14.974000
14.975000
14.976000
14.977000
14.978000
14.979000
14.980000
14.981000
14.982000
14.983000
14.984000
14.985000
14.986000
14.987000
14.988000
14.989000
14.990000
14.991000
14.992000
14.993000
14.994000
14.995000
14.996000
14.997000
14.998000
14.999000
15.000000
15.001000
15.002000
15.003000
15.004000
15.005000
15.006000
15.007000
15.008000
15.009000
15.010000
15.011000
15.012000
15.013000
15.014000
15.015000
15.016000
15.017000
15.018000
15.019000
15.020000
15.021000
15.022000
15.023000
15.024000
15.025000
15.026000
15.027000
15.028000
15.029000
15.030000
15.031000
15.032000
15.033000
15.034000
15.035000
15.036000
15.037000
15.038000
15.039000
15.040000
15.041000
15.042000
15.043000
15.044000
15.045000
15.046000
15.047000
15.048000
15.049000
15.050000
15.051000
15.052000
15.053000
15.054000
15.055000
15.056000
15.057000
15.058000
15.059000
15.060000
15.061000
15.062000
15.063000
15.064000
15.065000
15.066000
15.067000
15.068000
15.069000
15.070000
15.071000
15.072000
15.073000
15.074000
15.075000
15.076000
15.077000
15.078000
15.079000
15.080000
15.081000
15.082000
15.083000
15.084000
15.085000
15.086000
15.087000
15.088000
15.089000
15.090000
15.091000
15.092000
15.093000
15.094000
15.095000
15.096000
15.097000
15.098000
15.099000
15.100000
15.101000
15.102000
15.103000
15.104000
15.105000
15.106000
15.107000
15.108000
15.109000
15.110000
15.111000
15.112000
15.113000
15.114000
15.115000
15.116000
15.117000
15.118000
15.119000
15.120000
15.121000
15.122000
15.123000
15.124000
15.125000
15.126000
15.127000
15.128000
15.129000
15.130000
15.131000
15.132000
15.133000
15.134000
15.135000
15.136000
15.137000
15.138000
15.139000
15.140000
15.141000
15.142000
15.143000
15.144000
15.145000
15.146000
15.147000
15.148000
15.149000
15.150000
15.151000
15.152000
15.153000
15.154000
15.155000
15.156000
15.157000
15.158000
15.159000
15.160000
15.161000
15.162000
15.163000
15.164000
15.165000
15.166000
15.167000
15.168000
15.169000
15.170000
15.171000
15.172000
15.173000
15.174000
15.175000
15.176000
15.177000
15.178000
15.179000
15.180000
15.181000
15.182000
15.183000
15.184000
15.185000
15.186000
15.187000
15.188000
15.189000
15.190000
15.191000
15.192000
15.193000
15.194000
15.195000
15.196000
15.197000
15.198000
15.199000
15.200000
15.201000
15.202000
15.203000
15.204000
15.205000
15.206000
15.207000
15.208000
15.209000
15.210000
15.211000
15.212000
15.213000
15.214000
15.215000
15.216000
15.217000
15.218000
15.219000
15.220000
15.221000
15.222000
15.223000
15.224000
15.225000
15.226000
15.227000
15.228000
15.229000
15.230000
15.231000
15.232000
15.233000
15.234000
15.235000
15.236000
15.237000
15.238000
15.239000
15.240000
15.241000
15.242000
15.243000
15.244000
15.245000
15.246000
15.247000
15.248000
15.249000
15.250000
15.251000
15.252000
15.253000
15.254000
15.255000
15.256000
15.257000
15.258000
15.259000
15.260000
15.261000
15.262000
15.263000
15.264000
15.265000
15.266000
15.267000
15.268000
15.269000
15.270000
15.271000
15.272000
15.273000
15.274000
15.275000
15.276000
15.277000
15.278000
15.279000
15.280000
15.281000
15.282000
15.283000
15.284000
15.285000
15.286000
15.287000
15.288000
15.289000
15.290000
15.291000
15.292000
15.293000
15.294000
15.295000
15.296000
15.297000
15.298000
15.299000
15.300000
15.301000
15.302000
15.303000
15.304000
15.305000
15.306000
15.307000
15.308000
15.309000
15.310000
15.311000
15.312000
15.313000
15.314000
15.315000
15.316000
15.317000
15.318000
15.319000
15.320000
15.321000
15.322000
15.323000
15.324000
15.325000
15.326000
15.327000
15.328000
15.329000
15.330000
15.331000
15.332000
15.333000
15.334000
15.335000
15.336000
15.337000
15.338000
15.339000
15.340000
15.341000
15.342000
15.343000
15.344000
15.345000
15.346000
15.347000
15.348000
15.349000
15.350000
15.351000
15.352000
15.353000
15.354000
15.355000
15.356000
15.357000
15.358000
15.359000
15.360000
15.361000
15.362000
15.363000
15.364000
15.365000
15.366000
15.367000
15.368000
15.369000
15.370000
15.371000
15.372000
15.373000
15.374000
15.375000
15.376000
15.377000
15.378000
15.379000
15.380000
15.381000
15.382000
15.383000
15.384000
15.385000
15.386000
15.387000
15.388000
15.389000
15.390000
15.391000
15.392000
15.393000
15.394000
15.395000
15.396000
15.397000
15.398000
15.399000
15.400000
15.401000
15.402000
15.403000
15.404000
15.405000
15.406000
15.407000
15.408000
15.409000
15.410000
15.411000
15.412000
15.413000
15.414000
15.415000
15.416000
15.417000
15.418000
15.419000
15.420000
15.421000
15.422000
15.423000
15.424000
15.425000
15.426000
15.427000
15.428000
15.429000
15.430000
15.431000
15.432000
15.433000
15.434000
15.435000
15.436000
15.437000
15.438000
15.439000
15.440000
15.441000
15.442000
15.443000
15.444000
15.445000
15.446000
15.447000
15.448000
15.449000
15.450000
15.451000
15.452000
15.453000
15.454000
15.455000
15.456000
15.457000
15.458000
15.459000
15.460000
15.461000
15.462000
15.463000
15.464000
15.465000
15.466000
15.467000
15.468000
15.469000
15.470000
15.471000
15.472000
15.473000
15.474000
15.475000
15.476000
15.477000
15.478000
15.479000
15.480000
15.481000
15.482000
15.483000
15.484000
15.485000
15.486000
15.487000
15.488000
15.489000
15.490000
15.491000
15.492000
15.493000
15.494000
15.495000
15.496000
15.497000
15.498000
15.499000
15.500000
15.501000
15.502000
15.503000
15.504000
15.505000
15.506000
15.507000
15.508000
15.509000
15.510000
15.511000
15.512000
15.513000
15.514000
15.515000
15.516000
15.517000
15.518000
15.519000
15.520000
15.521000
15.522000
15.523000
15.524000
15.525000
15.526000
15.527000
15.528000
15.529000
15.530000
15.531000
15.532000
15.533000
15.534000
15.535000
15.536000
15.537000
15.538000
15.539000
15.540000
15.541000
15.542000
15.543000
15.544000
15.545000
15.546000
15.547000
15.548000
15.549000
15.550000
15.551000
15.552000
15.553000
15.554000
15.555000
15.556000
15.557000
15.558000
15.559000
15.560000
15.561000
15.562000
15.563000
15.564000
15.565000
15.566000
15.567000
15.568000
15.569000
15.570000
15.571000
15.572000
15.573000
15.574000
15.575000
15.576000
15.577000
15.578000
15.579000
15.580000
15.581000
15.582000
15.583000
15.584000
15.585000
15.586000
15.587000
15.588000
15.589000
15.590000
15.591000
15.592000
15.593000
15.594000
15.595000
15.596000
15.597000
15.598000
15.599000
15.600000
15.601000
15.602000
15.603000
15.604000
15.605000
15.606000
15.607000
15.608000
15.609000
15.610000
15.611000
15.612000
15.613000
15.614000
15.615000
15.616000
15.617000
15.618000
15.619000
15.620000
15.621000
15.622000
15.623000
15.624000
15.625000
15.626000
15.627000
15.628000
15.629000
15.630000
15.631000
15.632000
15.633000
15.634000
15.635000
15.636000
15.637000
15.638000
15.639000
15.640000
15.641000
15.642000
15.643000
15.644000
15.645000
15.646000
15.647000
15.648000
15.649000
15.650000
15.651000
15.652000
15.653000
15.654000
15.655000
15.656000
15.657000
15.658000
15.659000
15.660000
15.661000
15.662000
15.663000
15.664000
15.665000
15.666000
15.667000
15.668000
15.669000
15.670000
15.671000
15.672000
15.673000
15.674000
15.675000
15.676000
15.677000
15.678000
15.679000
15.680000
15.681000
15.682000
15.683000
15.684000
15.685000
15.686000
15.687000
15.688000
15.689000
15.690000
15.691000
15.692000
15.693000
15.694000
15.695000
15.696000
15.697000
15.698000
15.699000
15.700000
15.701000
15.702000
15.703000
15.704000
15.705000
15.706000
15.707000
15.708000
15.709000
15.710000
15.711000
15.712000
15.713000
15.714000
15.715000
15.716000
15.717000
15.718000
15.719000
15.720000
15.721000
15.722000
15.723000
15.724000
15.725000
15.726000
15.727000
15.728000
15.729000
15.730000
15.731000
15.732000
15.733000
15.734000
15.735000
15.736000
15.737000
15.738000
15.739000
15.740000
15.741000
15.742000
15.743000
15.744000
15.745000
15.746000
15.747000
15.748000
15.749000
15.750000
15.751000
15.752000
15.753000
15.754000
15.755000
15.756000
15.757000
15.758000
15.759000
15.760000
15.761000
15.762000
15.763000
15.764000
15.765000
15.766000
15.767000
15.768000
15.769000
15.770000
15.771000
15.772000
15.773000
15.774000
15.775000
15.776000
15.777000
15.778000
15.779000
15.780000
15.781000
15.782000
15.783000
15.784000
15.785000
15.786000
15.787000
15.788000
15.789000
15.790000
15.791000
15.792000
15.793000
15.794000
15.795000
15.796000
15.797000
15.798000
15.799000
15.800000
15.801000
15.802000
15.803000
15.804000
15.805000
15.806000
15.807000
15.808000
15.809000
15.810000
15.811000
15.812000
15.813000
15.814000
15.815000
15.816000
15.817000
15.818000
15.819000
15.820000
15.821000
15.822000
15.823000
15.824000
15.825000
15.826000
15.827000
15.828000
15.829000
15.830000
15.831000
15.832000
15.833000
15.834000
15.835000
15.836000
15.837000
15.838000
15.839000
15.840000
15.841000
15.842000
15.843000
15.844000
15.845000
15.846000
15.847000
15.848000
15.849000
15.850000
15.851000
15.852000
15.853000
15.854000
15.855000
15.856000
15.857000
15.858000
15.859000
15.860000
15.861000
15.862000
15.863000
15.864000
15.865000
15.866000
15.867000
15.868000
15.869000
15.870000
15.871000
15.872000
15.873000
15.874000
15.875000
15.876000
15.877000
15.878000
15.879000
15.880000
15.881000
15.882000
15.883000
15.884000
15.885000
15.886000
15.887000
15.888000
15.889000
15.890000
15.891000
15.892000
15.893000
15.894000
15.895000
15.896000
15.897000
15.898000
15.899000
15.900000
15.901000
15.902000
15.903000
15.904000
15.905000
15.906000
15.907000
15.908000
15.909000
15.910000
15.911000
15.912000
15.913000
15.914000
15.915000
15.916000
15.917000
15.918000
15.919000
15.920000
15.921000
15.922000
15.923000
15.924000
15.925000
15.926000
15.927000
15.928000
15.929000
15.930000
15.931000
15.932000
15.933000
15.934000
15.935000
15.936000
15.937000
15.938000
15.939000
15.940000
15.941000
15.942000
15.943000
15.944000
15.945000
15.946000
15.947000
15.948000
15.949000
15.950000
15.951000
15.952000
15.953000
15.954000
15.955000
15.956000
15.957000
15.958000
15.959000
15.960000
15.961000
15.962000
15.963000
15.964000
15.965000
15.966000
15.967000
15.968000
15.969000
15.970000
15.971000
15.972000
15.973000
15.974000
15.975000
15.976000
15.977000
15.978000
15.979000
15.980000
15.981000
15.982000
15.983000
15.984000
15.985000
15.986000
15.987000
15.988000
15.989000
15.990000
15.991000
15.992000
15.993000
15.994000
15.995000
15.996000
15.997000
15.998000
15.999000
16.000000
16.001000
16.002000
16.003000
16.004000
16.005000
16.006000
16.007000
16.008000
16.009000
16.010000
16.011000
16.012000
16.013000
16.014000
16.015000
16.016000
16.017000
16.018000
16.019000
16.020000
16.021000
16.022000
16.023000
16.024000
16.025000
16.026000
16.027000
16.028000
16.029000
16.030000
16.031000
16.032000
16.033000
16.034000
16.035000
16.036000
16.037000
16.038000
16.039000
16.040000
16.041000
16.042000
16.043000
16.044000
16.045000
16.046000
16.047000
16.048000
16.049000
16.050000
16.051000
16.052000
16.053000
16.054000
16.055000
16.056000
16.057000
16.058000
16.059000
16.060000
16.061000
16.062000
16.063000
16.064000
16.065000
16.066000
16.067000
16.068000
16.069000
16.070000
16.071000
16.072000
16.073000
16.074000
16.075000
16.076000
16.077000
16.078000
16.079000
16.080000
16.081000
16.082000
16.083000
16.084000
16.085000
16.086000
16.087000
16.088000
16.089000
16.090000
16.091000
16.092000
16.093000
16.094000
16.095000
16.096000
16.097000
16.098000
16.099000
16.100000
16.101000
16.102000
16.103000
16.104000
16.105000
16.106000
16.107000
16.108000
16.109000
16.110000
16.111000
16.112000
16.113000
16.114000
16.115000
16.116000
16.117000
16.118000
16.119000
16.120000
16.121000
16.122000
16.123000
16.124000
16.125000
16.126000
16.127000
16.128000
16.129000
16.130000
16.131000
16.132000
16.133000
16.134000
16.135000
16.136000
16.137000
16.138000
16.139000
16.140000
16.141000
16.142000
16.143000
16.144000
16.145000
16.146000
16.147000
16.148000
16.149000
16.150000
16.151000
16.152000
16.153000
16.154000
16.155000
16.156000
16.157000
16.158000
16.159000
16.160000
16.161000
16.162000
16.163000
16.164000
16.165000
16.166000
16.167000
16.168000
16.169000
16.170000
16.171000
16.172000
16.173000
16.174000
16.175000
16.176000
16.177000
16.178000
16.179000
16.180000
16.181000
16.182000
16.183000
16.184000
16.185000
16.186000
16.187000
16.188000
16.189000
16.190000
16.191000
16.192000
16.193000
16.194000
16.195000
16.196000
16.197000
16.198000
16.199000
16.200000
16.201000
16.202000
16.203000
16.204000
16.205000
16.206000
16.207000
16.208000
16.209000
16.210000
16.211000
16.212000
16.213000
16.214000
16.215000
16.216000
16.217000
16.218000
16.219000
16.220000
16.221000
16.222000
16.223000
16.224000
16.225000
16.226000
16.227000
16.228000
16.229000
16.230000
16.231000
16.232000
16.233000
16.234000
16.235000
16.236000
16.237000
16.238000
16.239000
16.240000
16.241000
16.242000
16.243000
16.244000
16.245000
16.246000
16.247000
16.248000
16.249000
16.250000
16.251000
16.252000
16.253000
16.254000
16.255000
16.256000
16.257000
16.258000
16.259000
16.260000
16.261000
16.262000
16.263000
16.264000
16.265000
16.266000
16.267000
16.268000
16.269000
16.270000
16.271000
16.272000
16.273000
16.274000
16.275000
16.276000
16.277000
16.278000
16.279000
16.280000
16.281000
16.282000
16.283000
16.284000
16.285000
16.286000
16.287000
16.288000
16.289000
16.290000
16.291000
16.292000
16.293000
16.294000
16.295000
16.296000
16.297000
16.298000
16.299000
16.300000
16.301000
16.302000
16.303000
16.304000
16.305000
16.306000
16.307000
16.308000
16.309000
16.310000
16.311000
16.312000
16.313000
16.314000
16.315000
16.316000
16.317000
16.318000
16.319000
16.320000
16.321000
16.322000
16.323000
16.324000
16.325000
16.326000
16.327000
16.328000
16.329000
16.330000
16.331000
16.332000
16.333000
16.334000
16.335000
16.336000
16.337000
16.338000
16.339000
16.340000
16.341000
16.342000
16.343000
16.344000
16.345000
16.346000
16.347000
16.348000
16.349000
16.350000
16.351000
16.352000
16.353000
16.354000
16.355000
16.356000
16.357000
16.358000
16.359000
16.360000
16.361000
16.362000
16.363000
16.364000
16.365000
16.366000
16.367000
16.368000
16.369000
16.370000
16.371000
16.372000
16.373000
16.374000
16.375000
16.376000
16.377000
16.378000
16.379000
16.380000
16.381000
16.382000
16.383000
