65.536000
65.537000
65.538000
65.539000
65.540000
65.541000
65.542000
65.543000
65.544000
65.545000
65.546000
65.547000
65.548000
65.549000
65.550000
65.551000
65.552000
65.553000
65.554000
65.555000
65.556000
65.557000
65.558000
65.559000
65.560000
65.561000
65.562000
65.563000
65.564000
65.565000
65.566000
65.567000
65.568000
65.569000
65.570000
65.571000
65.572000
65.573000
65.574000
65.575000
65.576000
65.577000
65.578000
65.579000
65.580000
65.581000
65.582000
65.583000
65.584000
65.585000
65.586000
65.587000
65.588000
65.589000
65.590000
65.591000
65.592000
65.593000
65.594000
65.595000
65.596000
65.597000
65.598000
65.599000
65.600000
65.601000
65.602000
65.603000
65.604000
65.605000
65.606000
65.607000
65.608000
65.609000
65.610000
65.611000
65.612000
65.613000
65.614000
65.615000
65.616000
65.617000
65.618000
65.619000
65.620000
65.621000
65.622000
65.623000
65.624000
65.625000
65.626000
65.627000
65.628000
65.629000
65.630000
65.631000
65.632000
65.633000
65.634000
65.635000
65.636000
65.637000
65.638000
65.639000
65.640000
65.641000
65.642000
65.643000
65.644000
65.645000
65.646000
65.647000
65.648000
65.649000
65.650000
65.651000
65.652000
65.653000
65.654000
65.655000
65.656000
65.657000
65.658000
65.659000
65.660000
65.661000
65.662000
65.663000
65.664000
65.665000
65.666000
65.667000
65.668000
65.669000
65.670000
65.671000
65.672000
65.673000
65.674000
65.675000
65.676000
65.677000
65.678000
65.679000
65.680000
65.681000
65.682000
65.683000
65.684000
65.685000
65.686000
65.687000
65.688000
65.689000
65.690000
65.691000
65.692000
65.693000
65.694000
65.695000
65.696000
65.697000
65.698000
65.699000
65.700000
65.701000
65.702000
65.703000
65.704000
65.705000
65.706000
65.707000
65.708000
65.709000
65.710000
65.711000
65.712000
65.713000
65.714000
65.715000
65.716000
65.717000
65.718000
65.719000
65.720000
65.721000
65.722000
65.723000
65.724000
65.725000
65.726000
65.727000
65.728000
65.729000
65.730000
65.731000
65.732000
65.733000
65.734000
65.735000
65.736000
65.737000
65.738000
65.739000
65.740000
65.741000
65.742000
65.743000
65.744000
65.745000
65.746000
65.747000
65.748000
65.749000
65.750000
65.751000
65.752000
65.753000
65.754000
65.755000
65.756000
65.757000
65.758000
65.759000
65.760000
65.761000
65.762000
65.763000
65.764000
65.765000
65.766000
65.767000
65.768000
65.769000
65.770000
65.771000
65.772000
65.773000
65.774000
65.775000
65.776000
65.777000
65.778000
65.779000
65.780000
65.781000
65.782000
65.783000
65.784000
65.785000
65.786000
65.787000
65.788000
65.789000
65.790000
65.791000
65.792000
65.793000
65.794000
65.795000
65.796000
65.797000
65.798000
65.799000
65.800000
65.801000
65.802000
65.803000
65.804000
65.805000
65.806000
65.807000
65.808000
65.809000
65.810000
65.811000
65.812000
65.813000
65.814000
65.815000
65.816000
65.817000
65.818000
65.819000
65.820000
65.821000
65.822000
65.823000
65.824000
65.825000
65.826000
65.827000
65.828000
65.829000
65.830000
65.831000
65.832000
65.833000
65.834000
65.835000
65.836000
65.837000
65.838000
65.839000
65.840000
65.841000
65.842000
65.843000
65.844000
65.845000
65.846000
65.847000
65.848000
65.849000
65.850000
65.851000
65.852000
65.853000
65.854000
65.855000
65.856000
65.857000
65.858000
65.859000
65.860000
65.861000
65.862000
65.863000
65.864000
65.865000
65.866000
65.867000
65.868000
65.869000
65.870000
65.871000
65.872000
65.873000
65.874000
65.875000
65.876000
65.877000
65.878000
65.879000
65.880000
65.881000
65.882000
65.883000
65.884000
65.885000
65.886000
65.887000
65.888000
65.889000
65.890000
65.891000
65.892000
65.893000
65.894000
65.895000
65.896000
65.897000
65.898000
65.899000
65.900000
65.901000
65.902000
65.903000
65.904000
65.905000
65.906000
65.907000
65.908000
65.909000
65.910000
65.911000
65.912000
65.913000
65.914000
65.915000
65.916000
65.917000
65.918000
65.919000
65.920000
65.921000
65.922000
65.923000
65.924000
65.925000
65.926000
65.927000
65.928000
65.929000
65.930000
65.931000
65.932000
65.933000
65.934000
65.935000
65.936000
65.937000
65.938000
65.939000
65.940000
65.941000
65.942000
65.943000
65.944000
65.945000
65.946000
65.947000
65.948000
65.949000
65.950000
65.951000
65.952000
65.953000
65.954000
65.955000
65.956000
65.957000
65.958000
65.959000
65.960000
65.961000
65.962000
65.963000
65.964000
65.965000
65.966000
65.967000
65.968000
65.969000
65.970000
65.971000
65.972000
65.973000
65.974000
65.975000
65.976000
65.977000
65.978000
65.979000
65.980000
65.981000
65.982000
65.983000
65.984000
65.985000
65.986000
65.987000
65.988000
65.989000
65.990000
65.991000
65.992000
65.993000
65.994000
65.995000
65.996000
65.997000
65.998000
65.999000
66.000000
66.001000
66.002000
66.003000
66.004000
66.005000
66.006000
66.007000
66.008000
66.009000
66.010000
66.011000
66.012000
66.013000
66.014000
66.015000
66.016000
66.017000
66.018000
66.019000
66.020000
66.021000
66.022000
66.023000
66.024000
66.025000
66.026000
66.027000
66.028000
66.029000
66.030000
66.031000
66.032000
66.033000
66.034000
66.035000
66.036000
66.037000
66.038000
66.039000
66.040000
66.041000
66.042000
66.043000
66.044000
66.045000
66.046000
66.047000
66.048000
66.049000
66.050000
66.051000
66.052000
66.053000
66.054000
66.055000
66.056000
66.057000
66.058000
66.059000
66.060000
66.061000
66.062000
66.063000
66.064000
66.065000
66.066000
66.067000
66.068000
66.069000
66.070000
66.071000
66.072000
66.073000
66.074000
66.075000
66.076000
66.077000
66.078000
66.079000
66.080000
66.081000
66.082000
66.083000
66.084000
66.085000
66.086000
66.087000
66.088000
66.089000
66.090000
66.091000
66.092000
66.093000
66.094000
66.095000
66.096000
66.097000
66.098000
66.099000
66.100000
66.101000
66.102000
66.103000
66.104000
66.105000
66.106000
66.107000
66.108000
66.109000
66.110000
66.111000
66.112000
66.113000
66.114000
66.115000
66.116000
66.117000
66.118000
66.119000
66.120000
66.121000
66.122000
66.123000
66.124000
66.125000
66.126000
66.127000
66.128000
66.129000
66.130000
66.131000
66.132000
66.133000
66.134000
66.135000
66.136000
66.137000
66.138000
66.139000
66.140000
66.141000
66.142000
66.143000
66.144000
66.145000
66.146000
66.147000
66.148000
66.149000
66.150000
66.151000
66.152000
66.153000
66.154000
66.155000
66.156000
66.157000
66.158000
66.159000
66.160000
66.161000
66.162000
66.163000
66.164000
66.165000
66.166000
66.167000
66.168000
66.169000
66.170000
66.171000
66.172000
66.173000
66.174000
66.175000
66.176000
66.177000
66.178000
66.179000
66.180000
66.181000
66.182000
66.183000
66.184000
66.185000
66.186000
66.187000
66.188000
66.189000
66.190000
66.191000
66.192000
66.193000
66.194000
66.195000
66.196000
66.197000
66.198000
66.199000
66.200000
66.201000
66.202000
66.203000
66.204000
66.205000
66.206000
66.207000
66.208000
66.209000
66.210000
66.211000
66.212000
66.213000
66.214000
66.215000
66.216000
66.217000
66.218000
66.219000
66.220000
66.221000
66.222000
66.223000
66.224000
66.225000
66.226000
66.227000
66.228000
66.229000
66.230000
66.231000
66.232000
66.233000
66.234000
66.235000
66.236000
66.237000
66.238000
66.239000
66.240000
66.241000
66.242000
66.243000
66.244000
66.245000
66.246000
66.247000
66.248000
66.249000
66.250000
66.251000
66.252000
66.253000
66.254000
66.255000
66.256000
66.257000
66.258000
66.259000
66.260000
66.261000
66.262000
66.263000
66.264000
66.265000
66.266000
66.267000
66.268000
66.269000
66.270000
66.271000
66.272000
66.273000
66.274000
66.275000
66.276000
66.277000
66.278000
66.279000
66.280000
66.281000
66.282000
66.283000
66.284000
66.285000
66.286000
66.287000
66.288000
66.289000
66.290000
66.291000
66.292000
66.293000
66.294000
66.295000
66.296000
66.297000
66.298000
66.299000
66.300000
66.301000
66.302000
66.303000
66.304000
66.305000
66.306000
66.307000
66.308000
66.309000
66.310000
66.311000
66.312000
66.313000
66.314000
66.315000
66.316000
66.317000
66.318000
66.319000
66.320000
66.321000
66.322000
66.323000
66.324000
66.325000
66.326000
66.327000
66.328000
66.329000
66.330000
66.331000
66.332000
66.333000
66.334000
66.335000
66.336000
66.337000
66.338000
66.339000
66.340000
66.341000
66.342000
66.343000
66.344000
66.345000
66.346000
66.347000
66.348000
66.349000
66.350000
66.351000
66.352000
66.353000
66.354000
66.355000
66.356000
66.357000
66.358000
66.359000
66.360000
66.361000
66.362000
66.363000
66.364000
66.365000
66.366000
66.367000
66.368000
66.369000
66.370000
66.371000
66.372000
66.373000
66.374000
66.375000
66.376000
66.377000
66.378000
66.379000
66.380000
66.381000
66.382000
66.383000
66.384000
66.385000
66.386000
66.387000
66.388000
66.389000
66.390000
66.391000
66.392000
66.393000
66.394000
66.395000
66.396000
66.397000
66.398000
66.399000
66.400000
66.401000
66.402000
66.403000
66.404000
66.405000
66.406000
66.407000
66.408000
66.409000
66.410000
66.411000
66.412000
66.413000
66.414000
66.415000
66.416000
66.417000
66.418000
66.419000
66.420000
66.421000
66.422000
66.423000
66.424000
66.425000
66.426000
66.427000
66.428000
66.429000
66.430000
66.431000
66.432000
66.433000
66.434000
66.435000
66.436000
66.437000
66.438000
66.439000
66.440000
66.441000
66.442000
66.443000
66.444000
66.445000
66.446000
66.447000
66.448000
66.449000
66.450000
66.451000
66.452000
66.453000
66.454000
66.455000
66.456000
66.457000
66.458000
66.459000
66.460000
66.461000
66.462000
66.463000
66.464000
66.465000
66.466000
66.467000
66.468000
66.469000
66.470000
66.471000
66.472000
66.473000
66.474000
66.475000
66.476000
66.477000
66.478000
66.479000
66.480000
66.481000
66.482000
66.483000
66.484000
66.485000
66.486000
66.487000
66.488000
66.489000
66.490000
66.491000
66.492000
66.493000
66.494000
66.495000
66.496000
66.497000
66.498000
66.499000
66.500000
66.501000
66.502000
66.503000
66.504000
66.505000
66.506000
66.507000
66.508000
66.509000
66.510000
66.511000
66.512000
66.513000
66.514000
66.515000
66.516000
66.517000
66.518000
66.519000
66.520000
66.521000
66.522000
66.523000
66.524000
66.525000
66.526000
66.527000
66.528000
66.529000
66.530000
66.531000
66.532000
66.533000
66.534000
66.535000
66.536000
66.537000
66.538000
66.539000
66.540000
66.541000
66.542000
66.543000
66.544000
66.545000
66.546000
66.547000
66.548000
66.549000
66.550000
66.551000
66.552000
66.553000
66.554000
66.555000
66.556000
66.557000
66.558000
66.559000
66.560000
66.561000
66.562000
66.563000
66.564000
66.565000
66.566000
66.567000
66.568000
66.569000
66.570000
66.571000
66.572000
66.573000
66.574000
66.575000
66.576000
66.577000
66.578000
66.579000
66.580000
66.581000
66.582000
66.583000
66.584000
66.585000
66.586000
66.587000
66.588000
66.589000
66.590000
66.591000
66.592000
66.593000
66.594000
66.595000
66.596000
66.597000
66.598000
66.599000
66.600000
66.601000
66.602000
66.603000
66.604000
66.605000
66.606000
66.607000
66.608000
66.609000
66.610000
66.611000
66.612000
66.613000
66.614000
66.615000
66.616000
66.617000
66.618000
66.619000
66.620000
66.621000
66.622000
66.623000
66.624000
66.625000
66.626000
66.627000
66.628000
66.629000
66.630000
66.631000
66.632000
66.633000
66.634000
66.635000
66.636000
66.637000
66.638000
66.639000
66.640000
66.641000
66.642000
66.643000
66.644000
66.645000
66.646000
66.647000
66.648000
66.649000
66.650000
66.651000
66.652000
66.653000
66.654000
66.655000
66.656000
66.657000
66.658000
66.659000
66.660000
66.661000
66.662000
66.663000
66.664000
66.665000
66.666000
66.667000
66.668000
66.669000
66.670000
66.671000
66.672000
66.673000
66.674000
66.675000
66.676000
66.677000
66.678000
66.679000
66.680000
66.681000
66.682000
66.683000
66.684000
66.685000
66.686000
66.687000
66.688000
66.689000
66.690000
66.691000
66.692000
66.693000
66.694000
66.695000
66.696000
66.697000
66.698000
66.699000
66.700000
66.701000
66.702000
66.703000
66.704000
66.705000
66.706000
66.707000
66.708000
66.709000
66.710000
66.711000
66.712000
66.713000
66.714000
66.715000
66.716000
66.717000
66.718000
66.719000
66.720000
66.721000
66.722000
66.723000
66.724000
66.725000
66.726000
66.727000
66.728000
66.729000
66.730000
66.731000
66.732000
66.733000
66.734000
66.735000
66.736000
66.737000
66.738000
66.739000
66.740000
66.741000
66.742000
66.743000
66.744000
66.745000
66.746000
66.747000
66.748000
66.749000
66.750000
66.751000
66.752000
66.753000
66.754000
66.755000
66.756000
66.757000
66.758000
66.759000
66.760000
66.761000
66.762000
66.763000
66.764000
66.765000
66.766000
66.767000
66.768000
66.769000
66.770000
66.771000
66.772000
66.773000
66.774000
66.775000
66.776000
66.777000
66.778000
66.779000
66.780000
66.781000
66.782000
66.783000
66.784000
66.785000
66.786000
66.787000
66.788000
66.789000
66.790000
66.791000
66.792000
66.793000
66.794000
66.795000
66.796000
66.797000
66.798000
66.799000
66.800000
66.801000
66.802000
66.803000
66.804000
66.805000
66.806000
66.807000
66.808000
66.809000
66.810000
66.811000
66.812000
66.813000
66.814000
66.815000
66.816000
66.817000
66.818000
66.819000
66.820000
66.821000
66.822000
66.823000
66.824000
66.825000
66.826000
66.827000
66.828000
66.829000
66.830000
66.831000
66.832000
66.833000
66.834000
66.835000
66.836000
66.837000
66.838000
66.839000
66.840000
66.841000
66.842000
66.843000
66.844000
66.845000
66.846000
66.847000
66.848000
66.849000
66.850000
66.851000
66.852000
66.853000
66.854000
66.855000
66.856000
66.857000
66.858000
66.859000
66.860000
66.861000
66.862000
66.863000
66.864000
66.865000
66.866000
66.867000
66.868000
66.869000
66.870000
66.871000
66.872000
66.873000
66.874000
66.875000
66.876000
66.877000
66.878000
66.879000
66.880000
66.881000
66.882000
66.883000
66.884000
66.885000
66.886000
66.887000
66.888000
66.889000
66.890000
66.891000
66.892000
66.893000
66.894000
66.895000
66.896000
66.897000
66.898000
66.899000
66.900000
66.901000
66.902000
66.903000
66.904000
66.905000
66.906000
66.907000
66.908000
66.909000
66.910000
66.911000
66.912000
66.913000
66.914000
66.915000
66.916000
66.917000
66.918000
66.919000
66.920000
66.921000
66.922000
66.923000
66.924000
66.925000
66.926000
66.927000
66.928000
66.929000
66.930000
66.931000
66.932000
66.933000
66.934000
66.935000
66.936000
66.937000
66.938000
66.939000
66.940000
66.941000
66.942000
66.943000
66.944000
66.945000
66.946000
66.947000
66.948000
66.949000
66.950000
66.951000
66.952000
66.953000
66.954000
66.955000
66.956000
66.957000
66.958000
66.959000
66.960000
66.961000
66.962000
66.963000
66.964000
66.965000
66.966000
66.967000
66.968000
66.969000
66.970000
66.971000
66.972000
66.973000
66.974000
66.975000
66.976000
66.977000
66.978000
66.979000
66.980000
66.981000
66.982000
66.983000
66.984000
66.985000
66.986000
66.987000
66.988000
66.989000
66.990000
66.991000
66.992000
66.993000
66.994000
66.995000
66.996000
66.997000
66.998000
66.999000
67.000000
67.001000
67.002000
67.003000
67.004000
67.005000
67.006000
67.007000
67.008000
67.009000
67.010000
67.011000
67.012000
67.013000
67.014000
67.015000
67.016000
67.017000
67.018000
67.019000
67.020000
67.021000
67.022000
67.023000
67.024000
67.025000
67.026000
67.027000
67.028000
67.029000
67.030000
67.031000
67.032000
67.033000
67.034000
67.035000
67.036000
67.037000
67.038000
67.039000
67.040000
67.041000
67.042000
67.043000
67.044000
67.045000
67.046000
67.047000
67.048000
67.049000
67.050000
67.051000
67.052000
67.053000
67.054000
67.055000
67.056000
67.057000
67.058000
67.059000
67.060000
67.061000
67.062000
67.063000
67.064000
67.065000
67.066000
67.067000
67.068000
67.069000
67.070000
67.071000
67.072000
67.073000
67.074000
67.075000
67.076000
67.077000
67.078000
67.079000
67.080000
67.081000
67.082000
67.083000
67.084000
67.085000
67.086000
67.087000
67.088000
67.089000
67.090000
67.091000
67.092000
67.093000
67.094000
67.095000
67.096000
67.097000
67.098000
67.099000
67.100000
67.101000
67.102000
67.103000
67.104000
67.105000
67.106000
67.107000
67.108000
67.109000
67.110000
67.111000
67.112000
67.113000
67.114000
67.115000
67.116000
67.117000
67.118000
67.119000
67.120000
67.121000
67.122000
67.123000
67.124000
67.125000
67.126000
67.127000
67.128000
67.129000
67.130000
67.131000
67.132000
67.133000
67.134000
67.135000
67.136000
67.137000
67.138000
67.139000
67.140000
67.141000
67.142000
67.143000
67.144000
67.145000
67.146000
67.147000
67.148000
67.149000
67.150000
67.151000
67.152000
67.153000
67.154000
67.155000
67.156000
67.157000
67.158000
67.159000
67.160000
67.161000
67.162000
67.163000
67.164000
67.165000
67.166000
67.167000
67.168000
67.169000
67.170000
67.171000
67.172000
67.173000
67.174000
67.175000
67.176000
67.177000
67.178000
67.179000
67.180000
67.181000
67.182000
67.183000
67.184000
67.185000
67.186000
67.187000
67.188000
67.189000
67.190000
67.191000
67.192000
67.193000
67.194000
67.195000
67.196000
67.197000
67.198000
67.199000
67.200000
67.201000
67.202000
67.203000
67.204000
67.205000
67.206000
67.207000
67.208000
67.209000
67.210000
67.211000
67.212000
67.213000
67.214000
67.215000
67.216000
67.217000
67.218000
67.219000
67.220000
67.221000
67.222000
67.223000
67.224000
67.225000
67.226000
67.227000
67.228000
67.229000
67.230000
67.231000
67.232000
67.233000
67.234000
67.235000
67.236000
67.237000
67.238000
67.239000
67.240000
67.241000
67.242000
67.243000
67.244000
67.245000
67.246000
67.247000
67.248000
67.249000
67.250000
67.251000
67.252000
67.253000
67.254000
67.255000
67.256000
67.257000
67.258000
67.259000
67.260000
67.261000
67.262000
67.263000
67.264000
67.265000
67.266000
67.267000
67.268000
67.269000
67.270000
67.271000
67.272000
67.273000
67.274000
67.275000
67.276000
67.277000
67.278000
67.279000
67.280000
67.281000
67.282000
67.283000
67.284000
67.285000
67.286000
67.287000
67.288000
67.289000
67.290000
67.291000
67.292000
67.293000
67.294000
67.295000
67.296000
67.297000
67.298000
67.299000
67.300000
67.301000
67.302000
67.303000
67.304000
67.305000
67.306000
67.307000
67.308000
67.309000
67.310000
67.311000
67.312000
67.313000
67.314000
67.315000
67.316000
67.317000
67.318000
67.319000
67.320000
67.321000
67.322000
67.323000
67.324000
67.325000
67.326000
67.327000
67.328000
67.329000
67.330000
67.331000
67.332000
67.333000
67.334000
67.335000
67.336000
67.337000
67.338000
67.339000
67.340000
67.341000
67.342000
67.343000
67.344000
67.345000
67.346000
67.347000
67.348000
67.349000
67.350000
67.351000
67.352000
67.353000
67.354000
67.355000
67.356000
67.357000
67.358000
67.359000
67.360000
67.361000
67.362000
67.363000
67.364000
67.365000
67.366000
67.367000
67.368000
67.369000
67.370000
67.371000
67.372000
67.373000
67.374000
67.375000
67.376000
67.377000
67.378000
67.379000
67.380000
67.381000
67.382000
67.383000
67.384000
67.385000
67.386000
67.387000
67.388000
67.389000
67.390000
67.391000
67.392000
67.393000
67.394000
67.395000
67.396000
67.397000
67.398000
67.399000
67.400000
67.401000
67.402000
67.403000
67.404000
67.405000
67.406000
67.407000
67.408000
67.409000
67.410000
67.411000
67.412000
67.413000
67.414000
67.415000
67.416000
67.417000
67.418000
67.419000
67.420000
67.421000
67.422000
67.423000
67.424000
67.425000
67.426000
67.427000
67.428000
67.429000
67.430000
67.431000
67.432000
67.433000
67.434000
67.435000
67.436000
67.437000
67.438000
67.439000
67.440000
67.441000
67.442000
67.443000
67.444000
67.445000
67.446000
67.447000
67.448000
67.449000
67.450000
67.451000
67.452000
67.453000
67.454000
67.455000
67.456000
67.457000
67.458000
67.459000
67.460000
67.461000
67.462000
67.463000
67.464000
67.465000
67.466000
67.467000
67.468000
67.469000
67.470000
67.471000
67.472000
67.473000
67.474000
67.475000
67.476000
67.477000
67.478000
67.479000
67.480000
67.481000
67.482000
67.483000
67.484000
67.485000
67.486000
67.487000
67.488000
67.489000
67.490000
67.491000
67.492000
67.493000
67.494000
67.495000
67.496000
67.497000
67.498000
67.499000
67.500000
67.501000
67.502000
67.503000
67.504000
67.505000
67.506000
67.507000
67.508000
67.509000
67.510000
67.511000
67.512000
67.513000
67.514000
67.515000
67.516000
67.517000
67.518000
67.519000
67.520000
67.521000
67.522000
67.523000
67.524000
67.525000
67.526000
67.527000
67.528000
67.529000
67.530000
67.531000
67.532000
67.533000
67.534000
67.535000
67.536000
67.537000
67.538000
67.539000
67.540000
67.541000
67.542000
67.543000
67.544000
67.545000
67.546000
67.547000
67.548000
67.549000
67.550000
67.551000
67.552000
67.553000
67.554000
67.555000
67.556000
67.557000
67.558000
67.559000
67.560000
67.561000
67.562000
67.563000
67.564000
67.565000
67.566000
67.567000
67.568000
67.569000
67.570000
67.571000
67.572000
67.573000
67.574000
67.575000
67.576000
67.577000
67.578000
67.579000
67.580000
67.581000
67.582000
67.583000
67.584000
67.585000
67.586000
67.587000
67.588000
67.589000
67.590000
67.591000
67.592000
67.593000
67.594000
67.595000
67.596000
67.597000
67.598000
67.599000
67.600000
67.601000
67.602000
67.603000
67.604000
67.605000
67.606000
67.607000
67.608000
67.609000
67.610000
67.611000
67.612000
67.613000
67.614000
67.615000
67.616000
67.617000
67.618000
67.619000
67.620000
67.621000
67.622000
67.623000
67.624000
67.625000
67.626000
67.627000
67.628000
67.629000
67.630000
67.631000
67.632000
67.633000
67.634000
67.635000
67.636000
67.637000
67.638000
67.639000
67.640000
67.641000
67.642000
67.643000
67.644000
67.645000
67.646000
67.647000
67.648000
67.649000
67.650000
67.651000
67.652000
67.653000
67.654000
67.655000
67.656000
67.657000
67.658000
67.659000
67.660000
67.661000
67.662000
67.663000
67.664000
67.665000
67.666000
67.667000
67.668000
67.669000
67.670000
67.671000
67.672000
67.673000
67.674000
67.675000
67.676000
67.677000
67.678000
67.679000
67.680000
67.681000
67.682000
67.683000
67.684000
67.685000
67.686000
67.687000
67.688000
67.689000
67.690000
67.691000
67.692000
67.693000
67.694000
67.695000
67.696000
67.697000
67.698000
67.699000
67.700000
67.701000
67.702000
67.703000
67.704000
67.705000
67.706000
67.707000
67.708000
67.709000
67.710000
67.711000
67.712000
67.713000
67.714000
67.715000
67.716000
67.717000
67.718000
67.719000
67.720000
67.721000
67.722000
67.723000
67.724000
67.725000
67.726000
67.727000
67.728000
67.729000
67.730000
67.731000
67.732000
67.733000
67.734000
67.735000
67.736000
67.737000
67.738000
67.739000
67.740000
67.741000
67.742000
67.743000
67.744000
67.745000
67.746000
67.747000
67.748000
67.749000
67.750000
67.751000
67.752000
67.753000
67.754000
67.755000
67.756000
67.757000
67.758000
67.759000
67.760000
67.761000
67.762000
67.763000
67.764000
67.765000
67.766000
67.767000
67.768000
67.769000
67.770000
67.771000
67.772000
67.773000
67.774000
67.775000
67.776000
67.777000
67.778000
67.779000
67.780000
67.781000
67.782000
67.783000
67.784000
67.785000
67.786000
67.787000
67.788000
67.789000
67.790000
67.791000
67.792000
67.793000
67.794000
67.795000
67.796000
67.797000
67.798000
67.799000
67.800000
67.801000
67.802000
67.803000
67.804000
67.805000
67.806000
67.807000
67.808000
67.809000
67.810000
67.811000
67.812000
67.813000
67.814000
67.815000
67.816000
67.817000
67.818000
67.819000
67.820000
67.821000
67.822000
67.823000
67.824000
67.825000
67.826000
67.827000
67.828000
67.829000
67.830000
67.831000
67.832000
67.833000
67.834000
67.835000
67.836000
67.837000
67.838000
67.839000
67.840000
67.841000
67.842000
67.843000
67.844000
67.845000
67.846000
67.847000
67.848000
67.849000
67.850000
67.851000
67.852000
67.853000
67.854000
67.855000
67.856000
67.857000
67.858000
67.859000
67.860000
67.861000
67.862000
67.863000
67.864000
67.865000
67.866000
67.867000
67.868000
67.869000
67.870000
67.871000
67.872000
67.873000
67.874000
67.875000
67.876000
67.877000
67.878000
67.879000
67.880000
67.881000
67.882000
67.883000
67.884000
67.885000
67.886000
67.887000
67.888000
67.889000
67.890000
67.891000
67.892000
67.893000
67.894000
67.895000
67.896000
67.897000
67.898000
67.899000
67.900000
67.901000
67.902000
67.903000
67.904000
67.905000
67.906000
67.907000
67.908000
67.909000
67.910000
67.911000
67.912000
67.913000
67.914000
67.915000
67.916000
67.917000
67.918000
67.919000
67.920000
67.921000
67.922000
67.923000
67.924000
67.925000
67.926000
67.927000
67.928000
67.929000
67.930000
67.931000
67.932000
67.933000
67.934000
67.935000
67.936000
67.937000
67.938000
67.939000
67.940000
67.941000
67.942000
67.943000
67.944000
67.945000
67.946000
67.947000
67.948000
67.949000
67.950000
67.951000
67.952000
67.953000
67.954000
67.955000
67.956000
67.957000
67.958000
67.959000
67.960000
67.961000
67.962000
67.963000
67.964000
67.965000
67.966000
67.967000
67.968000
67.969000
67.970000
67.971000
67.972000
67.973000
67.974000
67.975000
67.976000
67.977000
67.978000
67.979000
67.980000
67.981000
67.982000
67.983000
67.984000
67.985000
67.986000
67.987000
67.988000
67.989000
67.990000
67.991000
67.992000
67.993000
67.994000
67.995000
67.996000
67.997000
67.998000
67.999000
68.000000
68.001000
68.002000
68.003000
68.004000
68.005000
68.006000
68.007000
68.008000
68.009000
68.010000
68.011000
68.012000
68.013000
68.014000
68.015000
68.016000
68.017000
68.018000
68.019000
68.020000
68.021000
68.022000
68.023000
68.024000
68.025000
68.026000
68.027000
68.028000
68.029000
68.030000
68.031000
68.032000
68.033000
68.034000
68.035000
68.036000
68.037000
68.038000
68.039000
68.040000
68.041000
68.042000
68.043000
68.044000
68.045000
68.046000
68.047000
68.048000
68.049000
68.050000
68.051000
68.052000
68.053000
68.054000
68.055000
68.056000
68.057000
68.058000
68.059000
68.060000
68.061000
68.062000
68.063000
68.064000
68.065000
68.066000
68.067000
68.068000
68.069000
68.070000
68.071000
68.072000
68.073000
68.074000
68.075000
68.076000
68.077000
68.078000
68.079000
68.080000
68.081000
68.082000
68.083000
68.084000
68.085000
68.086000
68.087000
68.088000
68.089000
68.090000
68.091000
68.092000
68.093000
68.094000
68.095000
68.096000
68.097000
68.098000
68.099000
68.100000
68.101000
68.102000
68.103000
68.104000
68.105000
68.106000
68.107000
68.108000
68.109000
68.110000
68.111000
68.112000
68.113000
68.114000
68.115000
68.116000
68.117000
68.118000
68.119000
68.120000
68.121000
68.122000
68.123000
68.124000
68.125000
68.126000
68.127000
68.128000
68.129000
68.130000
68.131000
68.132000
68.133000
68.134000
68.135000
68.136000
68.137000
68.138000
68.139000
68.140000
68.141000
68.142000
68.143000
68.144000
68.145000
68.146000
68.147000
68.148000
68.149000
68.150000
68.151000
68.152000
68.153000
68.154000
68.155000
68.156000
68.157000
68.158000
68.159000
68.160000
68.161000
68.162000
68.163000
68.164000
68.165000
68.166000
68.167000
68.168000
68.169000
68.170000
68.171000
68.172000
68.173000
68.174000
68.175000
68.176000
68.177000
68.178000
68.179000
68.180000
68.181000
68.182000
68.183000
68.184000
68.185000
68.186000
68.187000
68.188000
68.189000
68.190000
68.191000
68.192000
68.193000
68.194000
68.195000
68.196000
68.197000
68.198000
68.199000
68.200000
68.201000
68.202000
68.203000
68.204000
68.205000
68.206000
68.207000
68.208000
68.209000
68.210000
68.211000
68.212000
68.213000
68.214000
68.215000
68.216000
68.217000
68.218000
68.219000
68.220000
68.221000
68.222000
68.223000
68.224000
68.225000
68.226000
68.227000
68.228000
68.229000
68.230000
68.231000
68.232000
68.233000
68.234000
68.235000
68.236000
68.237000
68.238000
68.239000
68.240000
68.241000
68.242000
68.243000
68.244000
68.245000
68.246000
68.247000
68.248000
68.249000
68.250000
68.251000
68.252000
68.253000
68.254000
68.255000
68.256000
68.257000
68.258000
68.259000
68.260000
68.261000
68.262000
68.263000
68.264000
68.265000
68.266000
68.267000
68.268000
68.269000
68.270000
68.271000
68.272000
68.273000
68.274000
68.275000
68.276000
68.277000
68.278000
68.279000
68.280000
68.281000
68.282000
68.283000
68.284000
68.285000
68.286000
68.287000
68.288000
68.289000
68.290000
68.291000
68.292000
68.293000
68.294000
68.295000
68.296000
68.297000
68.298000
68.299000
68.300000
68.301000
68.302000
68.303000
68.304000
68.305000
68.306000
68.307000
68.308000
68.309000
68.310000
68.311000
68.312000
68.313000
68.314000
68.315000
68.316000
68.317000
68.318000
68.319000
68.320000
68.321000
68.322000
68.323000
68.324000
68.325000
68.326000
68.327000
68.328000
68.329000
68.330000
68.331000
68.332000
68.333000
68.334000
68.335000
68.336000
68.337000
68.338000
68.339000
68.340000
68.341000
68.342000
68.343000
68.344000
68.345000
68.346000
68.347000
68.348000
68.349000
68.350000
68.351000
68.352000
68.353000
68.354000
68.355000
68.356000
68.357000
68.358000
68.359000
68.360000
68.361000
68.362000
68.363000
68.364000
68.365000
68.366000
68.367000
68.368000
68.369000
68.370000
68.371000
68.372000
68.373000
68.374000
68.375000
68.376000
68.377000
68.378000
68.379000
68.380000
68.381000
68.382000
68.383000
68.384000
68.385000
68.386000
68.387000
68.388000
68.389000
68.390000
68.391000
68.392000
68.393000
68.394000
68.395000
68.396000
68.397000
68.398000
68.399000
68.400000
68.401000
68.402000
68.403000
68.404000
68.405000
68.406000
68.407000
68.408000
68.409000
68.410000
68.411000
68.412000
68.413000
68.414000
68.415000
68.416000
68.417000
68.418000
68.419000
68.420000
68.421000
68.422000
68.423000
68.424000
68.425000
68.426000
68.427000
68.428000
68.429000
68.430000
68.431000
68.432000
68.433000
68.434000
68.435000
68.436000
68.437000
68.438000
68.439000
68.440000
68.441000
68.442000
68.443000
68.444000
68.445000
68.446000
68.447000
68.448000
68.449000
68.450000
68.451000
68.452000
68.453000
68.454000
68.455000
68.456000
68.457000
68.458000
68.459000
68.460000
68.461000
68.462000
68.463000
68.464000
68.465000
68.466000
68.467000
68.468000
68.469000
68.470000
68.471000
68.472000
68.473000
68.474000
68.475000
68.476000
68.477000
68.478000
68.479000
68.480000
68.481000
68.482000
68.483000
68.484000
68.485000
68.486000
68.487000
68.488000
68.489000
68.490000
68.491000
68.492000
68.493000
68.494000
68.495000
68.496000
68.497000
68.498000
68.499000
68.500000
68.501000
68.502000
68.503000
68.504000
68.505000
68.506000
68.507000
68.508000
68.509000
68.510000
68.511000
68.512000
68.513000
68.514000
68.515000
68.516000
68.517000
68.518000
68.519000
68.520000
68.521000
68.522000
68.523000
68.524000
68.525000
68.526000
68.527000
68.528000
68.529000
68.530000
68.531000
68.532000
68.533000
68.534000
68.535000
68.536000
68.537000
68.538000
68.539000
68.540000
68.541000
68.542000
68.543000
68.544000
68.545000
68.546000
68.547000
68.548000
68.549000
68.550000
68.551000
68.552000
68.553000
68.554000
68.555000
68.556000
68.557000
68.558000
68.559000
68.560000
68.561000
68.562000
68.563000
68.564000
68.565000
68.566000
68.567000
68.568000
68.569000
68.570000
68.571000
68.572000
68.573000
68.574000
68.575000
68.576000
68.577000
68.578000
68.579000
68.580000
68.581000
68.582000
68.583000
68.584000
68.585000
68.586000
68.587000
68.588000
68.589000
68.590000
68.591000
68.592000
68.593000
68.594000
68.595000
68.596000
68.597000
68.598000
68.599000
68.600000
68.601000
68.602000
68.603000
68.604000
68.605000
68.606000
68.607000
68.608000
68.609000
68.610000
68.611000
68.612000
68.613000
68.614000
68.615000
68.616000
68.617000
68.618000
68.619000
68.620000
68.621000
68.622000
68.623000
68.624000
68.625000
68.626000
68.627000
68.628000
68.629000
68.630000
68.631000
68.632000
68.633000
68.634000
68.635000
68.636000
68.637000
68.638000
68.639000
68.640000
68.641000
68.642000
68.643000
68.644000
68.645000
68.646000
68.647000
68.648000
68.649000
68.650000
68.651000
68.652000
68.653000
68.654000
68.655000
68.656000
68.657000
68.658000
68.659000
68.660000
68.661000
68.662000
68.663000
68.664000
68.665000
68.666000
68.667000
68.668000
68.669000
68.670000
68.671000
68.672000
68.673000
68.674000
68.675000
68.676000
68.677000
68.678000
68.679000
68.680000
68.681000
68.682000
68.683000
68.684000
68.685000
68.686000
68.687000
68.688000
68.689000
68.690000
68.691000
68.692000
68.693000
68.694000
68.695000
68.696000
68.697000
68.698000
68.699000
68.700000
68.701000
68.702000
68.703000
68.704000
68.705000
68.706000
68.707000
68.708000
68.709000
68.710000
68.711000
68.712000
68.713000
68.714000
68.715000
68.716000
68.717000
68.718000
68.719000
68.720000
68.721000
68.722000
68.723000
68.724000
68.725000
68.726000
68.727000
68.728000
68.729000
68.730000
68.731000
68.732000
68.733000
68.734000
68.735000
68.736000
68.737000
68.738000
68.739000
68.740000
68.741000
68.742000
68.743000
68.744000
68.745000
68.746000
68.747000
68.748000
68.749000
68.750000
68.751000
68.752000
68.753000
68.754000
68.755000
68.756000
68.757000
68.758000
68.759000
68.760000
68.761000
68.762000
68.763000
68.764000
68.765000
68.766000
68.767000
68.768000
68.769000
68.770000
68.771000
68.772000
68.773000
68.774000
68.775000
68.776000
68.777000
68.778000
68.779000
68.780000
68.781000
68.782000
68.783000
68.784000
68.785000
68.786000
68.787000
68.788000
68.789000
68.790000
68.791000
68.792000
68.793000
68.794000
68.795000
68.796000
68.797000
68.798000
68.799000
68.800000
68.801000
68.802000
68.803000
68.804000
68.805000
68.806000
68.807000
68.808000
68.809000
68.810000
68.811000
68.812000
68.813000
68.814000
68.815000
68.816000
68.817000
68.818000
68.819000
68.820000
68.821000
68.822000
68.823000
68.824000
68.825000
68.826000
68.827000
68.828000
68.829000
68.830000
68.831000
68.832000
68.833000
68.834000
68.835000
68.836000
68.837000
68.838000
68.839000
68.840000
68.841000
68.842000
68.843000
68.844000
68.845000
68.846000
68.847000
68.848000
68.849000
68.850000
68.851000
68.852000
68.853000
68.854000
68.855000
68.856000
68.857000
68.858000
68.859000
68.860000
68.861000
68.862000
68.863000
68.864000
68.865000
68.866000
68.867000
68.868000
68.869000
68.870000
68.871000
68.872000
68.873000
68.874000
68.875000
68.876000
68.877000
68.878000
68.879000
68.880000
68.881000
68.882000
68.883000
68.884000
68.885000
68.886000
68.887000
68.888000
68.889000
68.890000
68.891000
68.892000
68.893000
68.894000
68.895000
68.896000
68.897000
68.898000
68.899000
68.900000
68.901000
68.902000
68.903000
68.904000
68.905000
68.906000
68.907000
68.908000
68.909000
68.910000
68.911000
68.912000
68.913000
68.914000
68.915000
68.916000
68.917000
68.918000
68.919000
68.920000
68.921000
68.922000
68.923000
68.924000
68.925000
68.926000
68.927000
68.928000
68.929000
68.930000
68.931000
68.932000
68.933000
68.934000
68.935000
68.936000
68.937000
68.938000
68.939000
68.940000
68.941000
68.942000
68.943000
68.944000
68.945000
68.946000
68.947000
68.948000
68.949000
68.950000
68.951000
68.952000
68.953000
68.954000
68.955000
68.956000
68.957000
68.958000
68.959000
68.960000
68.961000
68.962000
68.963000
68.964000
68.965000
68.966000
68.967000
68.968000
68.969000
68.970000
68.971000
68.972000
68.973000
68.974000
68.975000
68.976000
68.977000
68.978000
68.979000
68.980000
68.981000
68.982000
68.983000
68.984000
68.985000
68.986000
68.987000
68.988000
68.989000
68.990000
68.991000
68.992000
68.993000
68.994000
68.995000
68.996000
68.997000
68.998000
68.999000
69.000000
69.001000
69.002000
69.003000
69.004000
69.005000
69.006000
69.007000
69.008000
69.009000
69.010000
69.011000
69.012000
69.013000
69.014000
69.015000
69.016000
69.017000
69.018000
69.019000
69.020000
69.021000
69.022000
69.023000
69.024000
69.025000
69.026000
69.027000
69.028000
69.029000
69.030000
69.031000
69.032000
69.033000
69.034000
69.035000
69.036000
69.037000
69.038000
69.039000
69.040000
69.041000
69.042000
69.043000
69.044000
69.045000
69.046000
69.047000
69.048000
69.049000
69.050000
69.051000
69.052000
69.053000
69.054000
69.055000
69.056000
69.057000
69.058000
69.059000
69.060000
69.061000
69.062000
69.063000
69.064000
69.065000
69.066000
69.067000
69.068000
69.069000
69.070000
69.071000
69.072000
69.073000
69.074000
69.075000
69.076000
69.077000
69.078000
69.079000
69.080000
69.081000
69.082000
69.083000
69.084000
69.085000
69.086000
69.087000
69.088000
69.089000
69.090000
69.091000
69.092000
69.093000
69.094000
69.095000
69.096000
69.097000
69.098000
69.099000
69.100000
69.101000
69.102000
69.103000
69.104000
69.105000
69.106000
69.107000
69.108000
69.109000
69.110000
69.111000
69.112000
69.113000
69.114000
69.115000
69.116000
69.117000
69.118000
69.119000
69.120000
69.121000
69.122000
69.123000
69.124000
69.125000
69.126000
69.127000
69.128000
69.129000
69.130000
69.131000
69.132000
69.133000
69.134000
69.135000
69.136000
69.137000
69.138000
69.139000
69.140000
69.141000
69.142000
69.143000
69.144000
69.145000
69.146000
69.147000
69.148000
69.149000
69.150000
69.151000
69.152000
69.153000
69.154000
69.155000
69.156000
69.157000
69.158000
69.159000
69.160000
69.161000
69.162000
69.163000
69.164000
69.165000
69.166000
69.167000
69.168000
69.169000
69.170000
69.171000
69.172000
69.173000
69.174000
69.175000
69.176000
69.177000
69.178000
69.179000
69.180000
69.181000
69.182000
69.183000
69.184000
69.185000
69.186000
69.187000
69.188000
69.189000
69.190000
69.191000
69.192000
69.193000
69.194000
69.195000
69.196000
69.197000
69.198000
69.199000
69.200000
69.201000
69.202000
69.203000
69.204000
69.205000
69.206000
69.207000
69.208000
69.209000
69.210000
69.211000
69.212000
69.213000
69.214000
69.215000
69.216000
69.217000
69.218000
69.219000
69.220000
69.221000
69.222000
69.223000
69.224000
69.225000
69.226000
69.227000
69.228000
69.229000
69.230000
69.231000
69.232000
69.233000
69.234000
69.235000
69.236000
69.237000
69.238000
69.239000
69.240000
69.241000
69.242000
69.243000
69.244000
69.245000
69.246000
69.247000
69.248000
69.249000
69.250000
69.251000
69.252000
69.253000
69.254000
69.255000
69.256000
69.257000
69.258000
69.259000
69.260000
69.261000
69.262000
69.263000
69.264000
69.265000
69.266000
69.267000
69.268000
69.269000
69.270000
69.271000
69.272000
69.273000
69.274000
69.275000
69.276000
69.277000
69.278000
69.279000
69.280000
69.281000
69.282000
69.283000
69.284000
69.285000
69.286000
69.287000
69.288000
69.289000
69.290000
69.291000
69.292000
69.293000
69.294000
69.295000
69.296000
69.297000
69.298000
69.299000
69.300000
69.301000
69.302000
69.303000
69.304000
69.305000
69.306000
69.307000
69.308000
69.309000
69.310000
69.311000
69.312000
69.313000
69.314000
69.315000
69.316000
69.317000
69.318000
69.319000
69.320000
69.321000
69.322000
69.323000
69.324000
69.325000
69.326000
69.327000
69.328000
69.329000
69.330000
69.331000
69.332000
69.333000
69.334000
69.335000
69.336000
69.337000
69.338000
69.339000
69.340000
69.341000
69.342000
69.343000
69.344000
69.345000
69.346000
69.347000
69.348000
69.349000
69.350000
69.351000
69.352000
69.353000
69.354000
69.355000
69.356000
69.357000
69.358000
69.359000
69.360000
69.361000
69.362000
69.363000
69.364000
69.365000
69.366000
69.367000
69.368000
69.369000
69.370000
69.371000
69.372000
69.373000
69.374000
69.375000
69.376000
69.377000
69.378000
69.379000
69.380000
69.381000
69.382000
69.383000
69.384000
69.385000
69.386000
69.387000
69.388000
69.389000
69.390000
69.391000
69.392000
69.393000
69.394000
69.395000
69.396000
69.397000
69.398000
69.399000
69.400000
69.401000
69.402000
69.403000
69.404000
69.405000
69.406000
69.407000
69.408000
69.409000
69.410000
69.411000
69.412000
69.413000
69.414000
69.415000
69.416000
69.417000
69.418000
69.419000
69.420000
69.421000
69.422000
69.423000
69.424000
69.425000
69.426000
69.427000
69.428000
69.429000
69.430000
69.431000
69.432000
69.433000
69.434000
69.435000
69.436000
69.437000
69.438000
69.439000
69.440000
69.441000
69.442000
69.443000
69.444000
69.445000
69.446000
69.447000
69.448000
69.449000
69.450000
69.451000
69.452000
69.453000
69.454000
69.455000
69.456000
69.457000
69.458000
69.459000
69.460000
69.461000
69.462000
69.463000
69.464000
69.465000
69.466000
69.467000
69.468000
69.469000
69.470000
69.471000
69.472000
69.473000
69.474000
69.475000
69.476000
69.477000
69.478000
69.479000
69.480000
69.481000
69.482000
69.483000
69.484000
69.485000
69.486000
69.487000
69.488000
69.489000
69.490000
69.491000
69.492000
69.493000
69.494000
69.495000
69.496000
69.497000
69.498000
69.499000
69.500000
69.501000
69.502000
69.503000
69.504000
69.505000
69.506000
69.507000
69.508000
69.509000
69.510000
69.511000
69.512000
69.513000
69.514000
69.515000
69.516000
69.517000
69.518000
69.519000
69.520000
69.521000
69.522000
69.523000
69.524000
69.525000
69.526000
69.527000
69.528000
69.529000
69.530000
69.531000
69.532000
69.533000
69.534000
69.535000
69.536000
69.537000
69.538000
69.539000
69.540000
69.541000
69.542000
69.543000
69.544000
69.545000
69.546000
69.547000
69.548000
69.549000
69.550000
69.551000
69.552000
69.553000
69.554000
69.555000
69.556000
69.557000
69.558000
69.559000
69.560000
69.561000
69.562000
69.563000
69.564000
69.565000
69.566000
69.567000
69.568000
69.569000
69.570000
69.571000
69.572000
69.573000
69.574000
69.575000
69.576000
69.577000
69.578000
69.579000
69.580000
69.581000
69.582000
69.583000
69.584000
69.585000
69.586000
69.587000
69.588000
69.589000
69.590000
69.591000
69.592000
69.593000
69.594000
69.595000
69.596000
69.597000
69.598000
69.599000
69.600000
69.601000
69.602000
69.603000
69.604000
69.605000
69.606000
69.607000
69.608000
69.609000
69.610000
69.611000
69.612000
69.613000
69.614000
69.615000
69.616000
69.617000
69.618000
69.619000
69.620000
69.621000
69.622000
69.623000
69.624000
69.625000
69.626000
69.627000
69.628000
69.629000
69.630000
69.631000
69.632000
69.633000
69.634000
69.635000
69.636000
69.637000
69.638000
69.639000
69.640000
69.641000
69.642000
69.643000
69.644000
69.645000
69.646000
69.647000
69.648000
69.649000
69.650000
69.651000
69.652000
69.653000
69.654000
69.655000
69.656000
69.657000
69.658000
69.659000
69.660000
69.661000
69.662000
69.663000
69.664000
69.665000
69.666000
69.667000
69.668000
69.669000
69.670000
69.671000
69.672000
69.673000
69.674000
69.675000
69.676000
69.677000
69.678000
69.679000
69.680000
69.681000
69.682000
69.683000
69.684000
69.685000
69.686000
69.687000
69.688000
69.689000
69.690000
69.691000
69.692000
69.693000
69.694000
69.695000
69.696000
69.697000
69.698000
69.699000
69.700000
69.701000
69.702000
69.703000
69.704000
69.705000
69.706000
69.707000
69.708000
69.709000
69.710000
69.711000
69.712000
69.713000
69.714000
69.715000
69.716000
69.717000
69.718000
69.719000
69.720000
69.721000
69.722000
69.723000
69.724000
69.725000
69.726000
69.727000
69.728000
69.729000
69.730000
69.731000
69.732000
69.733000
69.734000
69.735000
69.736000
69.737000
69.738000
69.739000
69.740000
69.741000
69.742000
69.743000
69.744000
69.745000
69.746000
69.747000
69.748000
69.749000
69.750000
69.751000
69.752000
69.753000
69.754000
69.755000
69.756000
69.757000
69.758000
69.759000
69.760000
69.761000
69.762000
69.763000
69.764000
69.765000
69.766000
69.767000
69.768000
69.769000
69.770000
69.771000
69.772000
69.773000
69.774000
69.775000
69.776000
69.777000
69.778000
69.779000
69.780000
69.781000
69.782000
69.783000
69.784000
69.785000
69.786000
69.787000
69.788000
69.789000
69.790000
69.791000
69.792000
69.793000
69.794000
69.795000
69.796000
69.797000
69.798000
69.799000
69.800000
69.801000
69.802000
69.803000
69.804000
69.805000
69.806000
69.807000
69.808000
69.809000
69.810000
69.811000
69.812000
69.813000
69.814000
69.815000
69.816000
69.817000
69.818000
69.819000
69.820000
69.821000
69.822000
69.823000
69.824000
69.825000
69.826000
69.827000
69.828000
69.829000
69.830000
69.831000
69.832000
69.833000
69.834000
69.835000
69.836000
69.837000
69.838000
69.839000
69.840000
69.841000
69.842000
69.843000
69.844000
69.845000
69.846000
69.847000
69.848000
69.849000
69.850000
69.851000
69.852000
69.853000
69.854000
69.855000
69.856000
69.857000
69.858000
69.859000
69.860000
69.861000
69.862000
69.863000
69.864000
69.865000
69.866000
69.867000
69.868000
69.869000
69.870000
69.871000
69.872000
69.873000
69.874000
69.875000
69.876000
69.877000
69.878000
69.879000
69.880000
69.881000
69.882000
69.883000
69.884000
69.885000
69.886000
69.887000
69.888000
69.889000
69.890000
69.891000
69.892000
69.893000
69.894000
69.895000
69.896000
69.897000
69.898000
69.899000
69.900000
69.901000
69.902000
69.903000
69.904000
69.905000
69.906000
69.907000
69.908000
69.909000
69.910000
69.911000
69.912000
69.913000
69.914000
69.915000
69.916000
69.917000
69.918000
69.919000
69.920000
69.921000
69.922000
69.923000
69.924000
69.925000
69.926000
69.927000
69.928000
69.929000
69.930000
69.931000
69.932000
69.933000
69.934000
69.935000
69.936000
69.937000
69.938000
69.939000
69.940000
69.941000
69.942000
69.943000
69.944000
69.945000
69.946000
69.947000
69.948000
69.949000
69.950000
69.951000
69.952000
69.953000
69.954000
69.955000
69.956000
69.957000
69.958000
69.959000
69.960000
69.961000
69.962000
69.963000
69.964000
69.965000
69.966000
69.967000
69.968000
69.969000
69.970000
69.971000
69.972000
69.973000
69.974000
69.975000
69.976000
69.977000
69.978000
69.979000
69.980000
69.981000
69.982000
69.983000
69.984000
69.985000
69.986000
69.987000
69.988000
69.989000
69.990000
69.991000
69.992000
69.993000
69.994000
69.995000
69.996000
69.997000
69.998000
69.999000
70.000000
70.001000
70.002000
70.003000
70.004000
70.005000
70.006000
70.007000
70.008000
70.009000
70.010000
70.011000
70.012000
70.013000
70.014000
70.015000
70.016000
70.017000
70.018000
70.019000
70.020000
70.021000
70.022000
70.023000
70.024000
70.025000
70.026000
70.027000
70.028000
70.029000
70.030000
70.031000
70.032000
70.033000
70.034000
70.035000
70.036000
70.037000
70.038000
70.039000
70.040000
70.041000
70.042000
70.043000
70.044000
70.045000
70.046000
70.047000
70.048000
70.049000
70.050000
70.051000
70.052000
70.053000
70.054000
70.055000
70.056000
70.057000
70.058000
70.059000
70.060000
70.061000
70.062000
70.063000
70.064000
70.065000
70.066000
70.067000
70.068000
70.069000
70.070000
70.071000
70.072000
70.073000
70.074000
70.075000
70.076000
70.077000
70.078000
70.079000
70.080000
70.081000
70.082000
70.083000
70.084000
70.085000
70.086000
70.087000
70.088000
70.089000
70.090000
70.091000
70.092000
70.093000
70.094000
70.095000
70.096000
70.097000
70.098000
70.099000
70.100000
70.101000
70.102000
70.103000
70.104000
70.105000
70.106000
70.107000
70.108000
70.109000
70.110000
70.111000
70.112000
70.113000
70.114000
70.115000
70.116000
70.117000
70.118000
70.119000
70.120000
70.121000
70.122000
70.123000
70.124000
70.125000
70.126000
70.127000
70.128000
70.129000
70.130000
70.131000
70.132000
70.133000
70.134000
70.135000
70.136000
70.137000
70.138000
70.139000
70.140000
70.141000
70.142000
70.143000
70.144000
70.145000
70.146000
70.147000
70.148000
70.149000
70.150000
70.151000
70.152000
70.153000
70.154000
70.155000
70.156000
70.157000
70.158000
70.159000
70.160000
70.161000
70.162000
70.163000
70.164000
70.165000
70.166000
70.167000
70.168000
70.169000
70.170000
70.171000
70.172000
70.173000
70.174000
70.175000
70.176000
70.177000
70.178000
70.179000
70.180000
70.181000
70.182000
70.183000
70.184000
70.185000
70.186000
70.187000
70.188000
70.189000
70.190000
70.191000
70.192000
70.193000
70.194000
70.195000
70.196000
70.197000
70.198000
70.199000
70.200000
70.201000
70.202000
70.203000
70.204000
70.205000
70.206000
70.207000
70.208000
70.209000
70.210000
70.211000
70.212000
70.213000
70.214000
70.215000
70.216000
70.217000
70.218000
70.219000
70.220000
70.221000
70.222000
70.223000
70.224000
70.225000
70.226000
70.227000
70.228000
70.229000
70.230000
70.231000
70.232000
70.233000
70.234000
70.235000
70.236000
70.237000
70.238000
70.239000
70.240000
70.241000
70.242000
70.243000
70.244000
70.245000
70.246000
70.247000
70.248000
70.249000
70.250000
70.251000
70.252000
70.253000
70.254000
70.255000
70.256000
70.257000
70.258000
70.259000
70.260000
70.261000
70.262000
70.263000
70.264000
70.265000
70.266000
70.267000
70.268000
70.269000
70.270000
70.271000
70.272000
70.273000
70.274000
70.275000
70.276000
70.277000
70.278000
70.279000
70.280000
70.281000
70.282000
70.283000
70.284000
70.285000
70.286000
70.287000
70.288000
70.289000
70.290000
70.291000
70.292000
70.293000
70.294000
70.295000
70.296000
70.297000
70.298000
70.299000
70.300000
70.301000
70.302000
70.303000
70.304000
70.305000
70.306000
70.307000
70.308000
70.309000
70.310000
70.311000
70.312000
70.313000
70.314000
70.315000
70.316000
70.317000
70.318000
70.319000
70.320000
70.321000
70.322000
70.323000
70.324000
70.325000
70.326000
70.327000
70.328000
70.329000
70.330000
70.331000
70.332000
70.333000
70.334000
70.335000
70.336000
70.337000
70.338000
70.339000
70.340000
70.341000
70.342000
70.343000
70.344000
70.345000
70.346000
70.347000
70.348000
70.349000
70.350000
70.351000
70.352000
70.353000
70.354000
70.355000
70.356000
70.357000
70.358000
70.359000
70.360000
70.361000
70.362000
70.363000
70.364000
70.365000
70.366000
70.367000
70.368000
70.369000
70.370000
70.371000
70.372000
70.373000
70.374000
70.375000
70.376000
70.377000
70.378000
70.379000
70.380000
70.381000
70.382000
70.383000
70.384000
70.385000
70.386000
70.387000
70.388000
70.389000
70.390000
70.391000
70.392000
70.393000
70.394000
70.395000
70.396000
70.397000
70.398000
70.399000
70.400000
70.401000
70.402000
70.403000
70.404000
70.405000
70.406000
70.407000
70.408000
70.409000
70.410000
70.411000
70.412000
70.413000
70.414000
70.415000
70.416000
70.417000
70.418000
70.419000
70.420000
70.421000
70.422000
70.423000
70.424000
70.425000
70.426000
70.427000
70.428000
70.429000
70.430000
70.431000
70.432000
70.433000
70.434000
70.435000
70.436000
70.437000
70.438000
70.439000
70.440000
70.441000
70.442000
70.443000
70.444000
70.445000
70.446000
70.447000
70.448000
70.449000
70.450000
70.451000
70.452000
70.453000
70.454000
70.455000
70.456000
70.457000
70.458000
70.459000
70.460000
70.461000
70.462000
70.463000
70.464000
70.465000
70.466000
70.467000
70.468000
70.469000
70.470000
70.471000
70.472000
70.473000
70.474000
70.475000
70.476000
70.477000
70.478000
70.479000
70.480000
70.481000
70.482000
70.483000
70.484000
70.485000
70.486000
70.487000
70.488000
70.489000
70.490000
70.491000
70.492000
70.493000
70.494000
70.495000
70.496000
70.497000
70.498000
70.499000
70.500000
70.501000
70.502000
70.503000
70.504000
70.505000
70.506000
70.507000
70.508000
70.509000
70.510000
70.511000
70.512000
70.513000
70.514000
70.515000
70.516000
70.517000
70.518000
70.519000
70.520000
70.521000
70.522000
70.523000
70.524000
70.525000
70.526000
70.527000
70.528000
70.529000
70.530000
70.531000
70.532000
70.533000
70.534000
70.535000
70.536000
70.537000
70.538000
70.539000
70.540000
70.541000
70.542000
70.543000
70.544000
70.545000
70.546000
70.547000
70.548000
70.549000
70.550000
70.551000
70.552000
70.553000
70.554000
70.555000
70.556000
70.557000
70.558000
70.559000
70.560000
70.561000
70.562000
70.563000
70.564000
70.565000
70.566000
70.567000
70.568000
70.569000
70.570000
70.571000
70.572000
70.573000
70.574000
70.575000
70.576000
70.577000
70.578000
70.579000
70.580000
70.581000
70.582000
70.583000
70.584000
70.585000
70.586000
70.587000
70.588000
70.589000
70.590000
70.591000
70.592000
70.593000
70.594000
70.595000
70.596000
70.597000
70.598000
70.599000
70.600000
70.601000
70.602000
70.603000
70.604000
70.605000
70.606000
70.607000
70.608000
70.609000
70.610000
70.611000
70.612000
70.613000
70.614000
70.615000
70.616000
70.617000
70.618000
70.619000
70.620000
70.621000
70.622000
70.623000
70.624000
70.625000
70.626000
70.627000
70.628000
70.629000
70.630000
70.631000
70.632000
70.633000
70.634000
70.635000
70.636000
70.637000
70.638000
70.639000
70.640000
70.641000
70.642000
70.643000
70.644000
70.645000
70.646000
70.647000
70.648000
70.649000
70.650000
70.651000
70.652000
70.653000
70.654000
70.655000
70.656000
70.657000
70.658000
70.659000
70.660000
70.661000
70.662000
70.663000
70.664000
70.665000
70.666000
70.667000
70.668000
70.669000
70.670000
70.671000
70.672000
70.673000
70.674000
70.675000
70.676000
70.677000
70.678000
70.679000
70.680000
70.681000
70.682000
70.683000
70.684000
70.685000
70.686000
70.687000
70.688000
70.689000
70.690000
70.691000
70.692000
70.693000
70.694000
70.695000
70.696000
70.697000
70.698000
70.699000
70.700000
70.701000
70.702000
70.703000
70.704000
70.705000
70.706000
70.707000
70.708000
70.709000
70.710000
70.711000
70.712000
70.713000
70.714000
70.715000
70.716000
70.717000
70.718000
70.719000
70.720000
70.721000
70.722000
70.723000
70.724000
70.725000
70.726000
70.727000
70.728000
70.729000
70.730000
70.731000
70.732000
70.733000
70.734000
70.735000
70.736000
70.737000
70.738000
70.739000
70.740000
70.741000
70.742000
70.743000
70.744000
70.745000
70.746000
70.747000
70.748000
70.749000
70.750000
70.751000
70.752000
70.753000
70.754000
70.755000
70.756000
70.757000
70.758000
70.759000
70.760000
70.761000
70.762000
70.763000
70.764000
70.765000
70.766000
70.767000
70.768000
70.769000
70.770000
70.771000
70.772000
70.773000
70.774000
70.775000
70.776000
70.777000
70.778000
70.779000
70.780000
70.781000
70.782000
70.783000
70.784000
70.785000
70.786000
70.787000
70.788000
70.789000
70.790000
70.791000
70.792000
70.793000
70.794000
70.795000
70.796000
70.797000
70.798000
70.799000
70.800000
70.801000
70.802000
70.803000
70.804000
70.805000
70.806000
70.807000
70.808000
70.809000
70.810000
70.811000
70.812000
70.813000
70.814000
70.815000
70.816000
70.817000
70.818000
70.819000
70.820000
70.821000
70.822000
70.823000
70.824000
70.825000
70.826000
70.827000
70.828000
70.829000
70.830000
70.831000
70.832000
70.833000
70.834000
70.835000
70.836000
70.837000
70.838000
70.839000
70.840000
70.841000
70.842000
70.843000
70.844000
70.845000
70.846000
70.847000
70.848000
70.849000
70.850000
70.851000
70.852000
70.853000
70.854000
70.855000
70.856000
70.857000
70.858000
70.859000
70.860000
70.861000
70.862000
70.863000
70.864000
70.865000
70.866000
70.867000
70.868000
70.869000
70.870000
70.871000
70.872000
70.873000
70.874000
70.875000
70.876000
70.877000
70.878000
70.879000
70.880000
70.881000
70.882000
70.883000
70.884000
70.885000
70.886000
70.887000
70.888000
70.889000
70.890000
70.891000
70.892000
70.893000
70.894000
70.895000
70.896000
70.897000
70.898000
70.899000
70.900000
70.901000
70.902000
70.903000
70.904000
70.905000
70.906000
70.907000
70.908000
70.909000
70.910000
70.911000
70.912000
70.913000
70.914000
70.915000
70.916000
70.917000
70.918000
70.919000
70.920000
70.921000
70.922000
70.923000
70.924000
70.925000
70.926000
70.927000
70.928000
70.929000
70.930000
70.931000
70.932000
70.933000
70.934000
70.935000
70.936000
70.937000
70.938000
70.939000
70.940000
70.941000
70.942000
70.943000
70.944000
70.945000
70.946000
70.947000
70.948000
70.949000
70.950000
70.951000
70.952000
70.953000
70.954000
70.955000
70.956000
70.957000
70.958000
70.959000
70.960000
70.961000
70.962000
70.963000
70.964000
70.965000
70.966000
70.967000
70.968000
70.969000
70.970000
70.971000
70.972000
70.973000
70.974000
70.975000
70.976000
70.977000
70.978000
70.979000
70.980000
70.981000
70.982000
70.983000
70.984000
70.985000
70.986000
70.987000
70.988000
70.989000
70.990000
70.991000
70.992000
70.993000
70.994000
70.995000
70.996000
70.997000
70.998000
70.999000
71.000000
71.001000
71.002000
71.003000
71.004000
71.005000
71.006000
71.007000
71.008000
71.009000
71.010000
71.011000
71.012000
71.013000
71.014000
71.015000
71.016000
71.017000
71.018000
71.019000
71.020000
71.021000
71.022000
71.023000
71.024000
71.025000
71.026000
71.027000
71.028000
71.029000
71.030000
71.031000
71.032000
71.033000
71.034000
71.035000
71.036000
71.037000
71.038000
71.039000
71.040000
71.041000
71.042000
71.043000
71.044000
71.045000
71.046000
71.047000
71.048000
71.049000
71.050000
71.051000
71.052000
71.053000
71.054000
71.055000
71.056000
71.057000
71.058000
71.059000
71.060000
71.061000
71.062000
71.063000
71.064000
71.065000
71.066000
71.067000
71.068000
71.069000
71.070000
71.071000
71.072000
71.073000
71.074000
71.075000
71.076000
71.077000
71.078000
71.079000
71.080000
71.081000
71.082000
71.083000
71.084000
71.085000
71.086000
71.087000
71.088000
71.089000
71.090000
71.091000
71.092000
71.093000
71.094000
71.095000
71.096000
71.097000
71.098000
71.099000
71.100000
71.101000
71.102000
71.103000
71.104000
71.105000
71.106000
71.107000
71.108000
71.109000
71.110000
71.111000
71.112000
71.113000
71.114000
71.115000
71.116000
71.117000
71.118000
71.119000
71.120000
71.121000
71.122000
71.123000
71.124000
71.125000
71.126000
71.127000
71.128000
71.129000
71.130000
71.131000
71.132000
71.133000
71.134000
71.135000
71.136000
71.137000
71.138000
71.139000
71.140000
71.141000
71.142000
71.143000
71.144000
71.145000
71.146000
71.147000
71.148000
71.149000
71.150000
71.151000
71.152000
71.153000
71.154000
71.155000
71.156000
71.157000
71.158000
71.159000
71.160000
71.161000
71.162000
71.163000
71.164000
71.165000
71.166000
71.167000
71.168000
71.169000
71.170000
71.171000
71.172000
71.173000
71.174000
71.175000
71.176000
71.177000
71.178000
71.179000
71.180000
71.181000
71.182000
71.183000
71.184000
71.185000
71.186000
71.187000
71.188000
71.189000
71.190000
71.191000
71.192000
71.193000
71.194000
71.195000
71.196000
71.197000
71.198000
71.199000
71.200000
71.201000
71.202000
71.203000
71.204000
71.205000
71.206000
71.207000
71.208000
71.209000
71.210000
71.211000
71.212000
71.213000
71.214000
71.215000
71.216000
71.217000
71.218000
71.219000
71.220000
71.221000
71.222000
71.223000
71.224000
71.225000
71.226000
71.227000
71.228000
71.229000
71.230000
71.231000
71.232000
71.233000
71.234000
71.235000
71.236000
71.237000
71.238000
71.239000
71.240000
71.241000
71.242000
71.243000
71.244000
71.245000
71.246000
71.247000
71.248000
71.249000
71.250000
71.251000
71.252000
71.253000
71.254000
71.255000
71.256000
71.257000
71.258000
71.259000
71.260000
71.261000
71.262000
71.263000
71.264000
71.265000
71.266000
71.267000
71.268000
71.269000
71.270000
71.271000
71.272000
71.273000
71.274000
71.275000
71.276000
71.277000
71.278000
71.279000
71.280000
71.281000
71.282000
71.283000
71.284000
71.285000
71.286000
71.287000
71.288000
71.289000
71.290000
71.291000
71.292000
71.293000
71.294000
71.295000
71.296000
71.297000
71.298000
71.299000
71.300000
71.301000
71.302000
71.303000
71.304000
71.305000
71.306000
71.307000
71.308000
71.309000
71.310000
71.311000
71.312000
71.313000
71.314000
71.315000
71.316000
71.317000
71.318000
71.319000
71.320000
71.321000
71.322000
71.323000
71.324000
71.325000
71.326000
71.327000
71.328000
71.329000
71.330000
71.331000
71.332000
71.333000
71.334000
71.335000
71.336000
71.337000
71.338000
71.339000
71.340000
71.341000
71.342000
71.343000
71.344000
71.345000
71.346000
71.347000
71.348000
71.349000
71.350000
71.351000
71.352000
71.353000
71.354000
71.355000
71.356000
71.357000
71.358000
71.359000
71.360000
71.361000
71.362000
71.363000
71.364000
71.365000
71.366000
71.367000
71.368000
71.369000
71.370000
71.371000
71.372000
71.373000
71.374000
71.375000
71.376000
71.377000
71.378000
71.379000
71.380000
71.381000
71.382000
71.383000
71.384000
71.385000
71.386000
71.387000
71.388000
71.389000
71.390000
71.391000
71.392000
71.393000
71.394000
71.395000
71.396000
71.397000
71.398000
71.399000
71.400000
71.401000
71.402000
71.403000
71.404000
71.405000
71.406000
71.407000
71.408000
71.409000
71.410000
71.411000
71.412000
71.413000
71.414000
71.415000
71.416000
71.417000
71.418000
71.419000
71.420000
71.421000
71.422000
71.423000
71.424000
71.425000
71.426000
71.427000
71.428000
71.429000
71.430000
71.431000
71.432000
71.433000
71.434000
71.435000
71.436000
71.437000
71.438000
71.439000
71.440000
71.441000
71.442000
71.443000
71.444000
71.445000
71.446000
71.447000
71.448000
71.449000
71.450000
71.451000
71.452000
71.453000
71.454000
71.455000
71.456000
71.457000
71.458000
71.459000
71.460000
71.461000
71.462000
71.463000
71.464000
71.465000
71.466000
71.467000
71.468000
71.469000
71.470000
71.471000
71.472000
71.473000
71.474000
71.475000
71.476000
71.477000
71.478000
71.479000
71.480000
71.481000
71.482000
71.483000
71.484000
71.485000
71.486000
71.487000
71.488000
71.489000
71.490000
71.491000
71.492000
71.493000
71.494000
71.495000
71.496000
71.497000
71.498000
71.499000
71.500000
71.501000
71.502000
71.503000
71.504000
71.505000
71.506000
71.507000
71.508000
71.509000
71.510000
71.511000
71.512000
71.513000
71.514000
71.515000
71.516000
71.517000
71.518000
71.519000
71.520000
71.521000
71.522000
71.523000
71.524000
71.525000
71.526000
71.527000
71.528000
71.529000
71.530000
71.531000
71.532000
71.533000
71.534000
71.535000
71.536000
71.537000
71.538000
71.539000
71.540000
71.541000
71.542000
71.543000
71.544000
71.545000
71.546000
71.547000
71.548000
71.549000
71.550000
71.551000
71.552000
71.553000
71.554000
71.555000
71.556000
71.557000
71.558000
71.559000
71.560000
71.561000
71.562000
71.563000
71.564000
71.565000
71.566000
71.567000
71.568000
71.569000
71.570000
71.571000
71.572000
71.573000
71.574000
71.575000
71.576000
71.577000
71.578000
71.579000
71.580000
71.581000
71.582000
71.583000
71.584000
71.585000
71.586000
71.587000
71.588000
71.589000
71.590000
71.591000
71.592000
71.593000
71.594000
71.595000
71.596000
71.597000
71.598000
71.599000
71.600000
71.601000
71.602000
71.603000
71.604000
71.605000
71.606000
71.607000
71.608000
71.609000
71.610000
71.611000
71.612000
71.613000
71.614000
71.615000
71.616000
71.617000
71.618000
71.619000
71.620000
71.621000
71.622000
71.623000
71.624000
71.625000
71.626000
71.627000
71.628000
71.629000
71.630000
71.631000
71.632000
71.633000
71.634000
71.635000
71.636000
71.637000
71.638000
71.639000
71.640000
71.641000
71.642000
71.643000
71.644000
71.645000
71.646000
71.647000
71.648000
71.649000
71.650000
71.651000
71.652000
71.653000
71.654000
71.655000
71.656000
71.657000
71.658000
71.659000
71.660000
71.661000
71.662000
71.663000
71.664000
71.665000
71.666000
71.667000
71.668000
71.669000
71.670000
71.671000
71.672000
71.673000
71.674000
71.675000
71.676000
71.677000
71.678000
71.679000
71.680000
71.681000
71.682000
71.683000
71.684000
71.685000
71.686000
71.687000
71.688000
71.689000
71.690000
71.691000
71.692000
71.693000
71.694000
71.695000
71.696000
71.697000
71.698000
71.699000
71.700000
71.701000
71.702000
71.703000
71.704000
71.705000
71.706000
71.707000
71.708000
71.709000
71.710000
71.711000
71.712000
71.713000
71.714000
71.715000
71.716000
71.717000
71.718000
71.719000
71.720000
71.721000
71.722000
71.723000
71.724000
71.725000
71.726000
71.727000
71.728000
71.729000
71.730000
71.731000
71.732000
71.733000
71.734000
71.735000
71.736000
71.737000
71.738000
71.739000
71.740000
71.741000
71.742000
71.743000
71.744000
71.745000
71.746000
71.747000
71.748000
71.749000
71.750000
71.751000
71.752000
71.753000
71.754000
71.755000
71.756000
71.757000
71.758000
71.759000
71.760000
71.761000
71.762000
71.763000
71.764000
71.765000
71.766000
71.767000
71.768000
71.769000
71.770000
71.771000
71.772000
71.773000
71.774000
71.775000
71.776000
71.777000
71.778000
71.779000
71.780000
71.781000
71.782000
71.783000
71.784000
71.785000
71.786000
71.787000
71.788000
71.789000
71.790000
71.791000
71.792000
71.793000
71.794000
71.795000
71.796000
71.797000
71.798000
71.799000
71.800000
71.801000
71.802000
71.803000
71.804000
71.805000
71.806000
71.807000
71.808000
71.809000
71.810000
71.811000
71.812000
71.813000
71.814000
71.815000
71.816000
71.817000
71.818000
71.819000
71.820000
71.821000
71.822000
71.823000
71.824000
71.825000
71.826000
71.827000
71.828000
71.829000
71.830000
71.831000
71.832000
71.833000
71.834000
71.835000
71.836000
71.837000
71.838000
71.839000
71.840000
71.841000
71.842000
71.843000
71.844000
71.845000
71.846000
71.847000
71.848000
71.849000
71.850000
71.851000
71.852000
71.853000
71.854000
71.855000
71.856000
71.857000
71.858000
71.859000
71.860000
71.861000
71.862000
71.863000
71.864000
71.865000
71.866000
71.867000
71.868000
71.869000
71.870000
71.871000
71.872000
71.873000
71.874000
71.875000
71.876000
71.877000
71.878000
71.879000
71.880000
71.881000
71.882000
71.883000
71.884000
71.885000
71.886000
71.887000
71.888000
71.889000
71.890000
71.891000
71.892000
71.893000
71.894000
71.895000
71.896000
71.897000
71.898000
71.899000
71.900000
71.901000
71.902000
71.903000
71.904000
71.905000
71.906000
71.907000
71.908000
71.909000
71.910000
71.911000
71.912000
71.913000
71.914000
71.915000
71.916000
71.917000
71.918000
71.919000
71.920000
71.921000
71.922000
71.923000
71.924000
71.925000
71.926000
71.927000
71.928000
71.929000
71.930000
71.931000
71.932000
71.933000
71.934000
71.935000
71.936000
71.937000
71.938000
71.939000
71.940000
71.941000
71.942000
71.943000
71.944000
71.945000
71.946000
71.947000
71.948000
71.949000
71.950000
71.951000
71.952000
71.953000
71.954000
71.955000
71.956000
71.957000
71.958000
71.959000
71.960000
71.961000
71.962000
71.963000
71.964000
71.965000
71.966000
71.967000
71.968000
71.969000
71.970000
71.971000
71.972000
71.973000
71.974000
71.975000
71.976000
71.977000
71.978000
71.979000
71.980000
71.981000
71.982000
71.983000
71.984000
71.985000
71.986000
71.987000
71.988000
71.989000
71.990000
71.991000
71.992000
71.993000
71.994000
71.995000
71.996000
71.997000
71.998000
71.999000
72.000000
72.001000
72.002000
72.003000
72.004000
72.005000
72.006000
72.007000
72.008000
72.009000
72.010000
72.011000
72.012000
72.013000
72.014000
72.015000
72.016000
72.017000
72.018000
72.019000
72.020000
72.021000
72.022000
72.023000
72.024000
72.025000
72.026000
72.027000
72.028000
72.029000
72.030000
72.031000
72.032000
72.033000
72.034000
72.035000
72.036000
72.037000
72.038000
72.039000
72.040000
72.041000
72.042000
72.043000
72.044000
72.045000
72.046000
72.047000
72.048000
72.049000
72.050000
72.051000
72.052000
72.053000
72.054000
72.055000
72.056000
72.057000
72.058000
72.059000
72.060000
72.061000
72.062000
72.063000
72.064000
72.065000
72.066000
72.067000
72.068000
72.069000
72.070000
72.071000
72.072000
72.073000
72.074000
72.075000
72.076000
72.077000
72.078000
72.079000
72.080000
72.081000
72.082000
72.083000
72.084000
72.085000
72.086000
72.087000
72.088000
72.089000
72.090000
72.091000
72.092000
72.093000
72.094000
72.095000
72.096000
72.097000
72.098000
72.099000
72.100000
72.101000
72.102000
72.103000
72.104000
72.105000
72.106000
72.107000
72.108000
72.109000
72.110000
72.111000
72.112000
72.113000
72.114000
72.115000
72.116000
72.117000
72.118000
72.119000
72.120000
72.121000
72.122000
72.123000
72.124000
72.125000
72.126000
72.127000
72.128000
72.129000
72.130000
72.131000
72.132000
72.133000
72.134000
72.135000
72.136000
72.137000
72.138000
72.139000
72.140000
72.141000
72.142000
72.143000
72.144000
72.145000
72.146000
72.147000
72.148000
72.149000
72.150000
72.151000
72.152000
72.153000
72.154000
72.155000
72.156000
72.157000
72.158000
72.159000
72.160000
72.161000
72.162000
72.163000
72.164000
72.165000
72.166000
72.167000
72.168000
72.169000
72.170000
72.171000
72.172000
72.173000
72.174000
72.175000
72.176000
72.177000
72.178000
72.179000
72.180000
72.181000
72.182000
72.183000
72.184000
72.185000
72.186000
72.187000
72.188000
72.189000
72.190000
72.191000
72.192000
72.193000
72.194000
72.195000
72.196000
72.197000
72.198000
72.199000
72.200000
72.201000
72.202000
72.203000
72.204000
72.205000
72.206000
72.207000
72.208000
72.209000
72.210000
72.211000
72.212000
72.213000
72.214000
72.215000
72.216000
72.217000
72.218000
72.219000
72.220000
72.221000
72.222000
72.223000
72.224000
72.225000
72.226000
72.227000
72.228000
72.229000
72.230000
72.231000
72.232000
72.233000
72.234000
72.235000
72.236000
72.237000
72.238000
72.239000
72.240000
72.241000
72.242000
72.243000
72.244000
72.245000
72.246000
72.247000
72.248000
72.249000
72.250000
72.251000
72.252000
72.253000
72.254000
72.255000
72.256000
72.257000
72.258000
72.259000
72.260000
72.261000
72.262000
72.263000
72.264000
72.265000
72.266000
72.267000
72.268000
72.269000
72.270000
72.271000
72.272000
72.273000
72.274000
72.275000
72.276000
72.277000
72.278000
72.279000
72.280000
72.281000
72.282000
72.283000
72.284000
72.285000
72.286000
72.287000
72.288000
72.289000
72.290000
72.291000
72.292000
72.293000
72.294000
72.295000
72.296000
72.297000
72.298000
72.299000
72.300000
72.301000
72.302000
72.303000
72.304000
72.305000
72.306000
72.307000
72.308000
72.309000
72.310000
72.311000
72.312000
72.313000
72.314000
72.315000
72.316000
72.317000
72.318000
72.319000
72.320000
72.321000
72.322000
72.323000
72.324000
72.325000
72.326000
72.327000
72.328000
72.329000
72.330000
72.331000
72.332000
72.333000
72.334000
72.335000
72.336000
72.337000
72.338000
72.339000
72.340000
72.341000
72.342000
72.343000
72.344000
72.345000
72.346000
72.347000
72.348000
72.349000
72.350000
72.351000
72.352000
72.353000
72.354000
72.355000
72.356000
72.357000
72.358000
72.359000
72.360000
72.361000
72.362000
72.363000
72.364000
72.365000
72.366000
72.367000
72.368000
72.369000
72.370000
72.371000
72.372000
72.373000
72.374000
72.375000
72.376000
72.377000
72.378000
72.379000
72.380000
72.381000
72.382000
72.383000
72.384000
72.385000
72.386000
72.387000
72.388000
72.389000
72.390000
72.391000
72.392000
72.393000
72.394000
72.395000
72.396000
72.397000
72.398000
72.399000
72.400000
72.401000
72.402000
72.403000
72.404000
72.405000
72.406000
72.407000
72.408000
72.409000
72.410000
72.411000
72.412000
72.413000
72.414000
72.415000
72.416000
72.417000
72.418000
72.419000
72.420000
72.421000
72.422000
72.423000
72.424000
72.425000
72.426000
72.427000
72.428000
72.429000
72.430000
72.431000
72.432000
72.433000
72.434000
72.435000
72.436000
72.437000
72.438000
72.439000
72.440000
72.441000
72.442000
72.443000
72.444000
72.445000
72.446000
72.447000
72.448000
72.449000
72.450000
72.451000
72.452000
72.453000
72.454000
72.455000
72.456000
72.457000
72.458000
72.459000
72.460000
72.461000
72.462000
72.463000
72.464000
72.465000
72.466000
72.467000
72.468000
72.469000
72.470000
72.471000
72.472000
72.473000
72.474000
72.475000
72.476000
72.477000
72.478000
72.479000
72.480000
72.481000
72.482000
72.483000
72.484000
72.485000
72.486000
72.487000
72.488000
72.489000
72.490000
72.491000
72.492000
72.493000
72.494000
72.495000
72.496000
72.497000
72.498000
72.499000
72.500000
72.501000
72.502000
72.503000
72.504000
72.505000
72.506000
72.507000
72.508000
72.509000
72.510000
72.511000
72.512000
72.513000
72.514000
72.515000
72.516000
72.517000
72.518000
72.519000
72.520000
72.521000
72.522000
72.523000
72.524000
72.525000
72.526000
72.527000
72.528000
72.529000
72.530000
72.531000
72.532000
72.533000
72.534000
72.535000
72.536000
72.537000
72.538000
72.539000
72.540000
72.541000
72.542000
72.543000
72.544000
72.545000
72.546000
72.547000
72.548000
72.549000
72.550000
72.551000
72.552000
72.553000
72.554000
72.555000
72.556000
72.557000
72.558000
72.559000
72.560000
72.561000
72.562000
72.563000
72.564000
72.565000
72.566000
72.567000
72.568000
72.569000
72.570000
72.571000
72.572000
72.573000
72.574000
72.575000
72.576000
72.577000
72.578000
72.579000
72.580000
72.581000
72.582000
72.583000
72.584000
72.585000
72.586000
72.587000
72.588000
72.589000
72.590000
72.591000
72.592000
72.593000
72.594000
72.595000
72.596000
72.597000
72.598000
72.599000
72.600000
72.601000
72.602000
72.603000
72.604000
72.605000
72.606000
72.607000
72.608000
72.609000
72.610000
72.611000
72.612000
72.613000
72.614000
72.615000
72.616000
72.617000
72.618000
72.619000
72.620000
72.621000
72.622000
72.623000
72.624000
72.625000
72.626000
72.627000
72.628000
72.629000
72.630000
72.631000
72.632000
72.633000
72.634000
72.635000
72.636000
72.637000
72.638000
72.639000
72.640000
72.641000
72.642000
72.643000
72.644000
72.645000
72.646000
72.647000
72.648000
72.649000
72.650000
72.651000
72.652000
72.653000
72.654000
72.655000
72.656000
72.657000
72.658000
72.659000
72.660000
72.661000
72.662000
72.663000
72.664000
72.665000
72.666000
72.667000
72.668000
72.669000
72.670000
72.671000
72.672000
72.673000
72.674000
72.675000
72.676000
72.677000
72.678000
72.679000
72.680000
72.681000
72.682000
72.683000
72.684000
72.685000
72.686000
72.687000
72.688000
72.689000
72.690000
72.691000
72.692000
72.693000
72.694000
72.695000
72.696000
72.697000
72.698000
72.699000
72.700000
72.701000
72.702000
72.703000
72.704000
72.705000
72.706000
72.707000
72.708000
72.709000
72.710000
72.711000
72.712000
72.713000
72.714000
72.715000
72.716000
72.717000
72.718000
72.719000
72.720000
72.721000
72.722000
72.723000
72.724000
72.725000
72.726000
72.727000
72.728000
72.729000
72.730000
72.731000
72.732000
72.733000
72.734000
72.735000
72.736000
72.737000
72.738000
72.739000
72.740000
72.741000
72.742000
72.743000
72.744000
72.745000
72.746000
72.747000
72.748000
72.749000
72.750000
72.751000
72.752000
72.753000
72.754000
72.755000
72.756000
72.757000
72.758000
72.759000
72.760000
72.761000
72.762000
72.763000
72.764000
72.765000
72.766000
72.767000
72.768000
72.769000
72.770000
72.771000
72.772000
72.773000
72.774000
72.775000
72.776000
72.777000
72.778000
72.779000
72.780000
72.781000
72.782000
72.783000
72.784000
72.785000
72.786000
72.787000
72.788000
72.789000
72.790000
72.791000
72.792000
72.793000
72.794000
72.795000
72.796000
72.797000
72.798000
72.799000
72.800000
72.801000
72.802000
72.803000
72.804000
72.805000
72.806000
72.807000
72.808000
72.809000
72.810000
72.811000
72.812000
72.813000
72.814000
72.815000
72.816000
72.817000
72.818000
72.819000
72.820000
72.821000
72.822000
72.823000
72.824000
72.825000
72.826000
72.827000
72.828000
72.829000
72.830000
72.831000
72.832000
72.833000
72.834000
72.835000
72.836000
72.837000
72.838000
72.839000
72.840000
72.841000
72.842000
72.843000
72.844000
72.845000
72.846000
72.847000
72.848000
72.849000
72.850000
72.851000
72.852000
72.853000
72.854000
72.855000
72.856000
72.857000
72.858000
72.859000
72.860000
72.861000
72.862000
72.863000
72.864000
72.865000
72.866000
72.867000
72.868000
72.869000
72.870000
72.871000
72.872000
72.873000
72.874000
72.875000
72.876000
72.877000
72.878000
72.879000
72.880000
72.881000
72.882000
72.883000
72.884000
72.885000
72.886000
72.887000
72.888000
72.889000
72.890000
72.891000
72.892000
72.893000
72.894000
72.895000
72.896000
72.897000
72.898000
72.899000
72.900000
72.901000
72.902000
72.903000
72.904000
72.905000
72.906000
72.907000
72.908000
72.909000
72.910000
72.911000
72.912000
72.913000
72.914000
72.915000
72.916000
72.917000
72.918000
72.919000
72.920000
72.921000
72.922000
72.923000
72.924000
72.925000
72.926000
72.927000
72.928000
72.929000
72.930000
72.931000
72.932000
72.933000
72.934000
72.935000
72.936000
72.937000
72.938000
72.939000
72.940000
72.941000
72.942000
72.943000
72.944000
72.945000
72.946000
72.947000
72.948000
72.949000
72.950000
72.951000
72.952000
72.953000
72.954000
72.955000
72.956000
72.957000
72.958000
72.959000
72.960000
72.961000
72.962000
72.963000
72.964000
72.965000
72.966000
72.967000
72.968000
72.969000
72.970000
72.971000
72.972000
72.973000
72.974000
72.975000
72.976000
72.977000
72.978000
72.979000
72.980000
72.981000
72.982000
72.983000
72.984000
72.985000
72.986000
72.987000
72.988000
72.989000
72.990000
72.991000
72.992000
72.993000
72.994000
72.995000
72.996000
72.997000
72.998000
72.999000
73.000000
73.001000
73.002000
73.003000
73.004000
73.005000
73.006000
73.007000
73.008000
73.009000
73.010000
73.011000
73.012000
73.013000
73.014000
73.015000
73.016000
73.017000
73.018000
73.019000
73.020000
73.021000
73.022000
73.023000
73.024000
73.025000
73.026000
73.027000
73.028000
73.029000
73.030000
73.031000
73.032000
73.033000
73.034000
73.035000
73.036000
73.037000
73.038000
73.039000
73.040000
73.041000
73.042000
73.043000
73.044000
73.045000
73.046000
73.047000
73.048000
73.049000
73.050000
73.051000
73.052000
73.053000
73.054000
73.055000
73.056000
73.057000
73.058000
73.059000
73.060000
73.061000
73.062000
73.063000
73.064000
73.065000
73.066000
73.067000
73.068000
73.069000
73.070000
73.071000
73.072000
73.073000
73.074000
73.075000
73.076000
73.077000
73.078000
73.079000
73.080000
73.081000
73.082000
73.083000
73.084000
73.085000
73.086000
73.087000
73.088000
73.089000
73.090000
73.091000
73.092000
73.093000
73.094000
73.095000
73.096000
73.097000
73.098000
73.099000
73.100000
73.101000
73.102000
73.103000
73.104000
73.105000
73.106000
73.107000
73.108000
73.109000
73.110000
73.111000
73.112000
73.113000
73.114000
73.115000
73.116000
73.117000
73.118000
73.119000
73.120000
73.121000
73.122000
73.123000
73.124000
73.125000
73.126000
73.127000
73.128000
73.129000
73.130000
73.131000
73.132000
73.133000
73.134000
73.135000
73.136000
73.137000
73.138000
73.139000
73.140000
73.141000
73.142000
73.143000
73.144000
73.145000
73.146000
73.147000
73.148000
73.149000
73.150000
73.151000
73.152000
73.153000
73.154000
73.155000
73.156000
73.157000
73.158000
73.159000
73.160000
73.161000
73.162000
73.163000
73.164000
73.165000
73.166000
73.167000
73.168000
73.169000
73.170000
73.171000
73.172000
73.173000
73.174000
73.175000
73.176000
73.177000
73.178000
73.179000
73.180000
73.181000
73.182000
73.183000
73.184000
73.185000
73.186000
73.187000
73.188000
73.189000
73.190000
73.191000
73.192000
73.193000
73.194000
73.195000
73.196000
73.197000
73.198000
73.199000
73.200000
73.201000
73.202000
73.203000
73.204000
73.205000
73.206000
73.207000
73.208000
73.209000
73.210000
73.211000
73.212000
73.213000
73.214000
73.215000
73.216000
73.217000
73.218000
73.219000
73.220000
73.221000
73.222000
73.223000
73.224000
73.225000
73.226000
73.227000
73.228000
73.229000
73.230000
73.231000
73.232000
73.233000
73.234000
73.235000
73.236000
73.237000
73.238000
73.239000
73.240000
73.241000
73.242000
73.243000
73.244000
73.245000
73.246000
73.247000
73.248000
73.249000
73.250000
73.251000
73.252000
73.253000
73.254000
73.255000
73.256000
73.257000
73.258000
73.259000
73.260000
73.261000
73.262000
73.263000
73.264000
73.265000
73.266000
73.267000
73.268000
73.269000
73.270000
73.271000
73.272000
73.273000
73.274000
73.275000
73.276000
73.277000
73.278000
73.279000
73.280000
73.281000
73.282000
73.283000
73.284000
73.285000
73.286000
73.287000
73.288000
73.289000
73.290000
73.291000
73.292000
73.293000
73.294000
73.295000
73.296000
73.297000
73.298000
73.299000
73.300000
73.301000
73.302000
73.303000
73.304000
73.305000
73.306000
73.307000
73.308000
73.309000
73.310000
73.311000
73.312000
73.313000
73.314000
73.315000
73.316000
73.317000
73.318000
73.319000
73.320000
73.321000
73.322000
73.323000
73.324000
73.325000
73.326000
73.327000
73.328000
73.329000
73.330000
73.331000
73.332000
73.333000
73.334000
73.335000
73.336000
73.337000
73.338000
73.339000
73.340000
73.341000
73.342000
73.343000
73.344000
73.345000
73.346000
73.347000
73.348000
73.349000
73.350000
73.351000
73.352000
73.353000
73.354000
73.355000
73.356000
73.357000
73.358000
73.359000
73.360000
73.361000
73.362000
73.363000
73.364000
73.365000
73.366000
73.367000
73.368000
73.369000
73.370000
73.371000
73.372000
73.373000
73.374000
73.375000
73.376000
73.377000
73.378000
73.379000
73.380000
73.381000
73.382000
73.383000
73.384000
73.385000
73.386000
73.387000
73.388000
73.389000
73.390000
73.391000
73.392000
73.393000
73.394000
73.395000
73.396000
73.397000
73.398000
73.399000
73.400000
73.401000
73.402000
73.403000
73.404000
73.405000
73.406000
73.407000
73.408000
73.409000
73.410000
73.411000
73.412000
73.413000
73.414000
73.415000
73.416000
73.417000
73.418000
73.419000
73.420000
73.421000
73.422000
73.423000
73.424000
73.425000
73.426000
73.427000
73.428000
73.429000
73.430000
73.431000
73.432000
73.433000
73.434000
73.435000
73.436000
73.437000
73.438000
73.439000
73.440000
73.441000
73.442000
73.443000
73.444000
73.445000
73.446000
73.447000
73.448000
73.449000
73.450000
73.451000
73.452000
73.453000
73.454000
73.455000
73.456000
73.457000
73.458000
73.459000
73.460000
73.461000
73.462000
73.463000
73.464000
73.465000
73.466000
73.467000
73.468000
73.469000
73.470000
73.471000
73.472000
73.473000
73.474000
73.475000
73.476000
73.477000
73.478000
73.479000
73.480000
73.481000
73.482000
73.483000
73.484000
73.485000
73.486000
73.487000
73.488000
73.489000
73.490000
73.491000
73.492000
73.493000
73.494000
73.495000
73.496000
73.497000
73.498000
73.499000
73.500000
73.501000
73.502000
73.503000
73.504000
73.505000
73.506000
73.507000
73.508000
73.509000
73.510000
73.511000
73.512000
73.513000
73.514000
73.515000
73.516000
73.517000
73.518000
73.519000
73.520000
73.521000
73.522000
73.523000
73.524000
73.525000
73.526000
73.527000
73.528000
73.529000
73.530000
73.531000
73.532000
73.533000
73.534000
73.535000
73.536000
73.537000
73.538000
73.539000
73.540000
73.541000
73.542000
73.543000
73.544000
73.545000
73.546000
73.547000
73.548000
73.549000
73.550000
73.551000
73.552000
73.553000
73.554000
73.555000
73.556000
73.557000
73.558000
73.559000
73.560000
73.561000
73.562000
73.563000
73.564000
73.565000
73.566000
73.567000
73.568000
73.569000
73.570000
73.571000
73.572000
73.573000
73.574000
73.575000
73.576000
73.577000
73.578000
73.579000
73.580000
73.581000
73.582000
73.583000
73.584000
73.585000
73.586000
73.587000
73.588000
73.589000
73.590000
73.591000
73.592000
73.593000
73.594000
73.595000
73.596000
73.597000
73.598000
73.599000
73.600000
73.601000
73.602000
73.603000
73.604000
73.605000
73.606000
73.607000
73.608000
73.609000
73.610000
73.611000
73.612000
73.613000
73.614000
73.615000
73.616000
73.617000
73.618000
73.619000
73.620000
73.621000
73.622000
73.623000
73.624000
73.625000
73.626000
73.627000
73.628000
73.629000
73.630000
73.631000
73.632000
73.633000
73.634000
73.635000
73.636000
73.637000
73.638000
73.639000
73.640000
73.641000
73.642000
73.643000
73.644000
73.645000
73.646000
73.647000
73.648000
73.649000
73.650000
73.651000
73.652000
73.653000
73.654000
73.655000
73.656000
73.657000
73.658000
73.659000
73.660000
73.661000
73.662000
73.663000
73.664000
73.665000
73.666000
73.667000
73.668000
73.669000
73.670000
73.671000
73.672000
73.673000
73.674000
73.675000
73.676000
73.677000
73.678000
73.679000
73.680000
73.681000
73.682000
73.683000
73.684000
73.685000
73.686000
73.687000
73.688000
73.689000
73.690000
73.691000
73.692000
73.693000
73.694000
73.695000
73.696000
73.697000
73.698000
73.699000
73.700000
73.701000
73.702000
73.703000
73.704000
73.705000
73.706000
73.707000
73.708000
73.709000
73.710000
73.711000
73.712000
73.713000
73.714000
73.715000
73.716000
73.717000
73.718000
73.719000
73.720000
73.721000
73.722000
73.723000
73.724000
73.725000
73.726000
73.727000
