-0.559028
-0.160545
-0.122769
0.635668
-0.532576
-0.100431
0.969339
0.220450
0.607207
0.197957
-0.387373
-0.599051
-0.991273
-0.705394
0.621757
0.465398
-0.462293
0.446887
-0.865488
0.935523
-0.319177
0.601961
-0.987242
0.732203
-0.370163
-0.713061
-0.369273
-0.692433
-0.458881
-0.506078
0.819097
0.474265
0.530633
-0.434899
0.089602
0.300374
0.830580
0.632114
-0.199287
0.418592
-0.693174
-0.164583
0.295040
0.066960
0.923087
0.255917
0.685069
-0.183919
0.638856
-0.621845
-0.854850
0.026869
-0.743624
-0.891905
0.387020
-0.207505
0.633756
0.918471
-0.095353
0.437207
0.947384
0.213439
-0.272201
0.817962
-0.191780
0.196365
-0.331727
-0.224096
0.569766
0.670459
-0.104752
0.280098
0.906872
0.387483
0.857044
0.935720
0.394923
-0.553175
0.992290
-0.950381
-0.374687
0.344169
-0.327681
-0.757837
-0.371517
-0.104916
-0.396442
-0.777371
0.549656
-0.547461
-0.836592
0.789421
-0.257652
0.948635
0.406682
-0.810339
-0.108069
0.495149
0.025473
0.517528
0.193478
0.171028
-0.181007
0.786413
0.612224
0.223063
-0.725794
0.259135
0.477324
-0.289810
-0.346488
0.307677
0.191005
0.054450
-0.536030
0.425918
-0.481217
0.929371
0.557029
0.413689
0.349593
-0.251326
-0.013471
0.812535
0.487776
0.494172
0.943301
0.311669
-0.627123
0.277052
0.450515
-0.759582
0.080024
-0.610755
0.874776
-0.729292
0.010414
-0.770134
0.577970
-0.781472
-0.666094
-0.984317
0.671652
-0.190945
-0.263102
0.071313
-0.810164
-0.120519
0.021162
-0.791091
0.956710
-0.421121
-0.806710
-0.697109
-0.213706
0.772343
-0.502416
0.719291
0.137911
-0.926574
0.858807
-0.441983
-0.748713
0.964965
-0.468629
-0.135865
0.894306
-0.957700
-0.266898
-0.853830
0.937889
0.192787
0.614523
-0.449620
-0.393584
-0.617445
0.811164
0.801815
0.700635
0.301213
-0.149287
-0.085539
-0.920578
0.927635
-0.972102
0.431325
-0.151222
-0.572527
-0.538723
0.253568
0.666549
0.275861
-0.556998
-0.471191
-0.785278
-0.680174
-0.599982
0.786918
0.550382
-0.010411
-0.892911
0.519124
0.180598
-0.044219
0.012462
-0.838306
-0.340916
-0.232452
-0.643534
-0.935760
-0.411357
0.729318
0.947053
0.834043
0.695130
-0.575749
-0.325341
0.585805
-0.729243
-0.502928
-0.849290
-0.965654
-0.595043
-0.306286
-0.382785
0.461085
-0.048698
-0.618565
-0.754520
-0.303809
-0.660960
0.273089
-0.124401
-0.521070
0.076952
0.347676
0.814579
-0.008677
-0.420915
-0.847821
0.449419
-0.561169
0.807450
0.870685
0.092496
0.751113
0.540223
0.874934
0.506899
0.697337
0.832302
0.700905
-0.053124
-0.537343
-0.727098
-0.689813
0.559169
-0.204811
-0.026662
0.088978
0.760158
-0.264481
-0.913653
0.502750
0.934253
-0.812285
-0.107161
0.707924
0.426092
0.261844
-0.335618
-0.863294
0.790692
0.672235
0.997785
-0.443263
0.230258
0.153715
0.931494
-0.064638
-0.646206
-0.134457
-0.526152
-0.082963
0.884116
-0.662380
0.524349
-0.050462
-0.590395
-0.190063
-0.420544
0.823637
0.791631
0.592781
-0.187075
-0.162134
-0.253294
-0.452667
0.427916
-0.267943
-0.080734
0.819173
-0.141104
0.034236
-0.760480
0.348374
-0.574300
0.779375
-0.505588
0.099245
0.678816
0.077962
0.314238
0.576320
-0.686474
-0.606093
0.545748
0.276006
-0.091459
0.538340
0.024047
0.055249
-0.708742
-0.203701
-0.738315
0.646453
0.053538
0.698264
0.418544
0.705968
0.260014
0.454795
-0.948735
0.749867
-0.236758
-0.716902
0.718364
-0.733202
0.745593
-0.013111
-0.424125
-0.064260
0.517864
-0.053811
0.266214
0.608793
-0.688648
-0.817382
0.916697
0.895303
0.336519
-0.926860
0.214713
-0.907293
0.290195
0.136417
0.926229
0.314786
0.513205
0.378680
0.109161
0.734808
-0.708221
-0.578624
0.842059
0.740658
0.047397
0.207204
-0.109361
0.596093
-0.645528
-0.870253
-0.524954
0.751868
-0.547435
-0.626129
-0.508392
-0.674168
0.911311
0.649263
-0.410417
-0.331999
0.136610
-0.464007
-0.299749
-0.451570
0.746846
-0.988483
0.301755
-0.171741
-0.670370
0.313910
-0.164478
0.819254
0.596761
-0.121700
0.332771
-0.104653
0.387236
0.567520
0.332926
0.642777
-0.346722
0.596586
0.821211
-0.072037
-0.209689
0.238780
0.974672
0.191360
-0.806069
0.129181
-0.403455
0.707886
0.623613
-0.327353
0.595996
0.997586
-0.522496
-0.121739
-0.793050
0.190830
0.543672
0.551730
-0.697179
0.960011
0.849317
0.614214
-0.552795
0.267779
-0.058588
0.816167
0.063866
0.266538
0.337507
-0.119131
0.496751
0.775635
-0.103658
-0.424241
-0.269812
0.408209
-0.147188
-0.174483
-0.322060
0.257443
0.439117
-0.262875
0.097684
0.034922
-0.933124
0.159936
0.351623
-0.793917
-0.366566
0.749404
0.064222
0.945713
0.690838
-0.258579
0.849495
0.717503
0.236075
0.420775
-0.192954
0.372744
0.593975
0.144294
0.778609
-0.449919
-0.405839
0.937228
-0.899574
-0.585830
0.260843
0.500030
-0.129976
-0.262645
-0.635047
-0.627172
-0.629670
0.099339
0.114949
0.628422
-0.754249
-0.968705
0.664979
0.335214
0.599659
-0.345801
0.106076
0.673878
0.070214
0.551723
-0.841711
0.862450
-0.879268
-0.572574
0.364459
-0.615417
0.358255
-0.647866
0.950797
0.273887
0.347731
-0.458228
0.854138
0.489930
0.603893
-0.928381
0.596250
-0.213646
-0.884315
0.967955
0.801404
-0.350828
0.065916
0.655076
-0.736542
0.913229
0.968221
0.338401
0.644845
0.693938
0.932095
-0.731450
0.542246
-0.428483
0.574774
0.686652
0.496368
-0.347492
0.019708
-0.762582
0.456742
-0.177619
-0.111793
-0.838769
-0.641937
0.326054
0.551011
-0.973542
-0.316302
0.841072
0.477092
-0.890067
-0.572914
-0.920104
0.313125
0.773191
-0.032245
-0.322534
0.596907
0.192517
0.034264
0.046572
0.866910
-0.856187
-0.685257
0.608749
-0.430976
-0.801008
0.085756
0.802355
-0.475930
-0.790679
0.273386
-0.759458
0.222990
0.179458
0.074834
-0.544443
-0.713837
0.107456
-0.785094
0.920024
0.076653
0.848709
-0.059502
0.896107
0.119766
-0.545103
-0.483684
-0.658879
-0.044246
-0.466688
-0.406400
-0.631263
0.703674
-0.192859
0.436883
0.322261
-0.202913
-0.575259
0.029960
0.138865
0.761497
-0.716342
-0.146894
0.543620
0.217378
-0.328172
0.470828
-0.648769
0.246515
-0.979819
0.226915
0.493541
0.253833
-0.066017
0.287885
0.536496
-0.490236
-0.871250
0.761165
-0.101082
0.221012
-0.341874
0.297444
-0.420126
0.023017
-0.832021
-0.764647
0.700726
0.595199
-0.465585
0.060926
-0.862948
-0.017017
-0.470186
0.990364
0.492920
-0.913560
-0.913309
-0.475104
0.266864
0.393427
0.662906
0.051081
-0.440141
0.938205
-0.181332
-0.156558
-0.267077
-0.351332
0.467229
0.451960
-0.862084
0.335840
0.658574
0.715125
0.786180
0.522076
0.915868
0.309301
-0.134466
-0.091309
-0.029811
0.613330
-0.401233
0.002551
0.961136
-0.308388
-0.145027
0.063744
0.879137
0.595028
0.358133
-0.213756
0.023561
-0.132611
-0.975994
-0.872411
0.157084
-0.177711
-0.275413
0.813971
-0.178115
0.795065
0.127474
0.414457
0.419474
-0.765871
-0.766504
-0.310807
0.818011
-0.937864
-0.868340
-0.905878
0.208348
0.665787
0.501338
0.763435
0.645296
-0.557524
0.407057
0.392063
-0.100174
-0.954991
0.167717
0.715778
0.972828
0.692238
0.640923
0.130148
0.098166
0.908895
-0.862498
0.579347
-0.993757
-0.924505
-0.727533
-0.553011
0.432187
-0.291469
-0.113848
0.048516
0.404792
-0.215941
-0.912057
-0.660227
0.715175
-0.738531
-0.179014
0.515315
-0.992510
-0.628093
0.796458
-0.694694
-0.731523
0.719288
-0.256208
0.332611
0.378314
-0.176081
-0.349062
-0.652402
0.855685
0.225710
0.605984
0.627256
-0.800678
0.213663
0.378678
-0.550480
0.196388
-0.219608
-0.626632
-0.468643
0.780618
-0.648284
-0.864653
-0.930002
-0.533491
-0.833613
0.735988
0.543978
-0.847213
-0.848808
0.855228
0.675651
-0.271146
-0.535062
0.357254
0.874679
0.699222
-0.817867
-0.544379
0.767572
0.788198
-0.446344
-0.207655
-0.333996
0.538610
0.635571
-0.885891
0.269343
0.757958
0.833270
-0.875085
0.901545
0.059319
-0.696810
0.370888
0.260494
-0.332743
0.716047
-0.534988
-0.899514
-0.570608
0.342186
-0.339431
0.747237
0.510267
0.355092
0.863481
-0.721492
0.538885
0.696944
0.105630
-0.225554
-0.834856
0.408063
0.652781
-0.662501
0.208609
0.815522
-0.590042
-0.619236
-0.985284
0.056355
-0.741870
-0.678031
0.915533
0.893806
0.385146
0.337093
-0.758079
-0.749822
-0.022790
0.783640
-0.579905
0.354147
0.289712
-0.315050
0.716747
-0.111774
-0.257073
-0.382278
0.464581
0.471436
0.707897
0.897410
0.165997
-0.768650
0.014788
0.477610
-0.392980
0.166390
0.260802
0.411192
-0.211484
0.811904
-0.668502
-0.542115
0.114132
0.809859
0.673188
-0.233869
-0.882818
-0.569857
-0.614940
0.126941
0.064315
-0.777895
-0.332570
0.661167
-0.851655
0.881273
-0.943430
0.093027
0.961081
0.307599
0.336474
-0.872348
-0.485316
0.438393
0.758647
0.237194
-0.162013
0.721457
-0.860584
0.226104
-0.632874
-0.002910
-0.187200
0.871600
-0.056466
0.549447
0.986780
0.401316
0.029965
-0.429473
0.585174
0.896489
0.556937
0.872893
0.293720
-0.660752
-0.240181
-0.404671
0.612791
-0.669117
0.265421
0.165772
0.610715
0.855505
-0.540091
0.184701
0.390934
0.338974
-0.977937
-0.572977
-0.435626
-0.668090
0.143545
-0.138030
0.766930
0.405081
-0.516213
0.751766
-0.335088
-0.503233
0.583116
0.995257
-0.740642
-0.930177
-0.865532
0.610860
0.128464
0.991138
0.173248
0.093858
0.993899
-0.978569
0.869591
-0.273489
0.481327
-0.434469
-0.690958
-0.565094
0.402998
0.936654
0.260037
-0.825166
0.483991
-0.266556
0.036411
-0.746254
0.073718
0.126329
-0.844575
-0.518575
0.143795
0.725542
-0.842605
-0.740434
0.206444
-0.607117
-0.211833
0.544481
-0.252123
-0.784075
0.913671
0.562712
-0.102177
0.317711
0.553893
-0.576566
-0.655611
0.804491
-0.196694
0.892529
-0.342160
0.250423
-0.782785
-0.540077
-0.397548
-0.618381
0.354164
0.801927
0.964089
-0.756754
0.705912
0.120008
-0.502513
0.743234
-0.569036
0.312456
0.490265
-0.759995
-0.785687
0.445524
0.984077
-0.289101
0.984343
-0.596591
-0.725864
-0.589485
0.931251
0.990106
0.433768
-0.339285
-0.460333
0.285607
0.875364
0.676298
0.629592
-0.969170
0.719703
0.256559
-0.430223
0.751307
0.461120
-0.084162
0.487724
0.027715
0.397454
-0.954157
-0.356345
0.040744
0.149284
-0.768390
-0.860367
-0.421102
0.940587
0.394716
0.610541
-0.117378
0.324997
0.298379
-0.294944
0.223476
0.276464
0.989816
-0.573791
0.824727
-0.222884
0.988279
-0.167692
0.011705
-0.476589
0.763856
0.034893
-0.362266
-0.103362
-0.403896
0.001207
0.078189
-0.886829
0.410922
-0.097412
-0.517007
-0.487074
0.102320
0.189695
0.893512
0.701149
0.165429
0.656877
-0.049820
0.440315
0.088515
0.818404
0.587870
-0.029964
-0.391019
-0.120874
-0.266642
-0.081313
-0.094233
-0.165234
0.872987
-0.895442
-0.788390
-0.924943
0.184987
0.873140
0.887548
0.064720
-0.520102
0.814926
-0.674195
0.054622
0.113637
-0.348838
0.227692
-0.366795
-0.053574
0.901883
-0.860708
-0.001928
0.360092
0.074339
0.132887
0.744926
-0.709428
-0.458074
0.751434
0.898159
0.466723
0.016623
0.972764
-0.054413
-0.703732
-0.962859
0.105684
-0.048037
0.952966
-0.807507
-0.273215
-0.369888
-0.099220
-0.135546
-0.273743
0.997120
-0.229918
-0.745887
0.063943
-0.216544
-0.464976
-0.794334
-0.436892
0.311188
-0.380455
-0.653593
0.510286
-0.678126
0.875634
0.162371
-0.537719
-0.177308
0.039485
-0.188958
0.031472
0.776356
-0.785528
0.555624
0.468214
-0.166736
-0.782874
0.930916
-0.744817
-0.719922
-0.978866
-0.675438
0.724610
-0.691688
0.704700
-0.832673
-0.330670
0.113391
0.378568
-0.310654
-0.551039
0.306261
-0.371665
-0.344546
-0.511521
-0.846378
0.457419
0.130944
-0.652210
-0.937732
-0.578676
-0.102613
0.323678
-0.037312
0.681406
-0.506042
-0.145021
-0.139145
0.164397
0.020865
-0.789270
0.359241
-0.435055
-0.252158
-0.144797
-0.633116
-0.919298
-0.289360
-0.123643
0.477733
-0.199575
-0.596943
0.624948
-0.839626
0.844869
-0.425558
0.951558
0.639250
0.881985
-0.829194
0.965894
0.020920
-0.218165
-0.889797
0.891430
-0.711376
0.651070
0.705085
0.256413
0.138460
-0.035014
-0.383296
-0.992339
-0.393271
-0.833242
-0.755037
0.624827
-0.194429
0.892757
0.967195
-0.824565
-0.199689
0.235454
-0.955594
0.177872
0.863070
0.270314
-0.592929
-0.056487
-0.568720
-0.367415
-0.428747
0.602834
0.554372
0.274998
-0.952049
0.067179
0.354255
0.307660
0.777285
-0.493509
0.987546
0.803677
0.178423
-0.489143
0.047345
0.293346
0.335867
0.903207
-0.133848
0.672946
-0.792252
-0.286408
0.178544
0.640119
-0.894054
0.681778
0.084193
-0.519354
-0.891180
0.607504
-0.637504
-0.991436
0.917395
0.777983
-0.513261
0.363594
0.137538
-0.246014
-0.510379
-0.814848
-0.509540
0.241748
-0.292724
0.583466
0.618563
-0.134590
0.341439
0.347033
-0.975168
-0.684728
-0.093653
0.415077
-0.453375
-0.360902
-0.504249
-0.323778
-0.300143
-0.863094
-0.126555
-0.251574
-0.248078
0.807166
0.506115
0.522423
-0.548095
-0.207516
0.303334
0.245933
-0.524912
0.115567
-0.961615
0.465603
0.812509
-0.675533
-0.366107
-0.257655
0.253185
0.563648
-0.847522
-0.149544
0.888897
-0.114909
0.709948
-0.177617
0.347988
0.678361
-0.935113
0.566596
0.868866
-0.346118
-0.046322
-0.854530
0.759505
-0.261728
0.776383
0.246421
0.944923
0.285555
-0.482415
0.952913
-0.146211
0.353640
-0.812881
0.582621
-0.603607
-0.757256
0.841542
0.245151
0.739082
-0.523750
-0.214322
0.857015
0.068072
0.706791
0.177621
-0.170004
0.334702
-0.216926
-0.699009
-0.087348
-0.392552
0.041311
0.166666
0.819111
-0.688497
-0.008361
-0.832392
0.952141
-0.458182
0.886856
-0.429189
0.290556
-0.373949
-0.773789
0.749011
0.362419
-0.546198
0.911243
0.457804
-0.745256
0.252928
0.013382
-0.029255
0.905608
-0.141162
0.892618
0.405931
0.899910
0.420290
0.584434
-0.448628
0.991217
0.711205
-0.899712
0.530997
-0.282477
0.313314
0.105951
0.131078
0.770878
-0.957120
-0.890093
-0.741632
-0.101036
0.581319
0.843691
0.148739
0.425209
0.536065
0.938484
0.049754
-0.658491
0.880697
-0.745893
-0.527348
-0.152620
-0.657435
0.028543
0.747814
0.243766
-0.404560
-0.697634
-0.513109
0.935509
0.086025
-0.037013
0.304228
0.241274
0.794115
-0.801001
0.453052
0.541545
0.836153
0.516477
-0.262947
0.263120
-0.253496
0.461301
-0.480374
0.084474
-0.500908
-0.974785
-0.130808
0.202148
0.852765
0.288298
-0.450592
-0.924858
0.283469
0.298645
0.765120
-0.739839
-0.874870
-0.678641
0.317435
-0.468143
0.378175
-0.388512
0.260186
-0.438798
-0.901558
-0.285615
-0.601561
0.483255
0.036021
0.435352
-0.367086
0.909333
-0.061950
-0.396826
-0.966657
-0.598177
0.748796
0.971868
0.936838
-0.979906
0.528191
0.876895
-0.640698
0.159474
0.758925
0.828681
-0.821556
-0.346116
-0.912306
0.426643
0.007140
0.788183
0.842139
0.484402
0.076768
-0.963936
0.760844
0.464476
-0.034211
-0.486337
0.710816
-0.803011
0.688419
0.653455
0.639736
0.656547
0.498434
0.504310
0.858561
-0.942738
0.904983
0.647449
0.076159
0.932819
-0.292188
0.589105
-0.117424
-0.710203
-0.634674
0.611274
-0.582326
0.516258
-0.649551
-0.846760
0.854530
-0.206782
0.680154
0.829330
0.674016
-0.022878
0.274610
-0.867018
0.477305
-0.646773
0.714830
-0.516658
0.394280
-0.927495
0.536730
-0.860836
-0.974715
-0.605423
0.199280
-0.926584
-0.718788
0.005063
-0.123238
0.021705
0.676352
0.194301
0.141106
-0.007934
0.121486
0.620606
0.981450
-0.796992
-0.232996
-0.661428
-0.894433
0.525051
-0.965756
0.312324
0.825205
0.326889
-0.617634
0.392041
0.728716
0.466226
-0.545461
-0.069589
0.520580
0.180695
-0.456101
0.119511
0.547759
0.411172
-0.961768
-0.903628
0.613931
-0.744266
0.342958
0.872561
-0.067380
-0.955148
-0.578986
-0.950057
0.064584
0.980665
0.646546
-0.194593
0.657306
-0.300124
-0.537838
-0.311817
-0.431631
0.610195
0.228372
0.953235
-0.826066
0.600275
0.857111
-0.623395
0.747069
0.610238
-0.294942
0.561364
0.081105
-0.610319
-0.504375
-0.657828
0.156144
0.334074
-0.179952
-0.469430
-0.138034
0.213379
-0.346756
0.318846
0.603285
-0.004262
-0.358129
0.019471
-0.091035
0.114095
-0.132553
-0.824454
0.028161
-0.087746
-0.936230
-0.469753
-0.135207
-0.786160
0.107883
-0.496293
0.877171
0.007154
0.434869
-0.600543
0.669939
-0.180323
0.324372
0.149907
0.782910
-0.919974
-0.868744
-0.645378
0.219737
-0.244909
-0.386454
0.821225
0.549443
-0.053930
-0.818829
-0.259993
0.613430
0.150225
-0.253369
-0.772124
0.478836
0.906093
0.917573
0.097439
0.116553
-0.997164
0.991040
0.712260
-0.422341
-0.007271
-0.565507
0.902181
0.133335
-0.628851
-0.857646
0.122551
-0.966274
-0.571768
-0.956721
-0.084909
0.756671
-0.402632
-0.483912
0.519757
0.513560
-0.004506
-0.997149
0.458888
-0.639457
0.471116
0.397641
0.582171
0.461064
-0.568378
0.589902
-0.692208
-0.053580
-0.736865
-0.853608
-0.879715
-0.725781
0.016721
0.518797
0.054799
0.203847
0.376810
-0.046313
-0.279899
-0.080670
0.531093
0.264564
-0.871987
-0.848601
-0.279146
0.618047
-0.101922
-0.793470
-0.948461
0.112381
0.345015
0.566939
0.564852
0.794771
0.041088
-0.422063
0.690079
-0.526780
-0.245596
-0.393560
-0.516682
0.282172
-0.392530
-0.527050
0.700265
0.445367
-0.219523
-0.083590
-0.017339
-0.927319
-0.773513
0.915959
0.823154
-0.036010
0.807906
-0.650427
0.860897
0.246629
0.249401
-0.116932
0.683617
-0.495494
-0.155108
-0.581424
0.574698
-0.175813
0.336361
0.658364
-0.939960
-0.847800
-0.009888
0.657334
0.009509
-0.098835
0.554604
-0.892203
0.788109
0.525307
-0.515379
0.805802
0.981603
-0.767638
0.779862
-0.668244
-0.335380
-0.197113
0.725348
0.452212
0.577373
-0.049545
-0.970340
0.893582
0.604125
-0.773145
-0.430399
-0.966921
0.476384
0.749153
-0.832097
-0.637899
-0.436349
0.724543
-0.037866
0.722725
0.119928
-0.972645
-0.538364
-0.181985
-0.054586
-0.869726
0.076679
0.308337
0.530086
0.115410
-0.324488
-0.696779
0.103564
-0.533705
-0.318473
-0.608256
-0.761510
-0.854080
-0.031149
0.673879
-0.143904
0.463544
-0.524868
0.253896
0.628847
0.909555
-0.290164
0.657390
-0.191528
0.933345
0.631666
0.936387
0.431650
0.206897
0.124594
0.070620
-0.404903
-0.100520
0.438707
0.785047
-0.250894
0.375444
0.913600
0.093154
-0.999977
-0.602016
0.649486
-0.224348
0.567477
-0.706156
-0.525043
-0.654952
0.207058
0.559033
0.364383
-0.445861
0.985029
-0.487617
-0.118670
-0.245892
-0.209893
-0.033004
0.603680
0.933117
-0.863925
-0.376694
-0.813965
-0.576986
-0.421699
-0.361549
0.157128
0.890034
0.901007
-0.796305
0.140374
0.006145
-0.308760
-0.859079
-0.358674
0.974200
0.673856
-0.887333
-0.434918
-0.018773
0.602704
0.068441
-0.203826
-0.992561
0.082671
-0.928776
0.791624
-0.112433
-0.205545
-0.452170
0.693069
0.645776
0.394182
-0.428950
0.914214
-0.975640
0.872685
-0.597077
-0.171864
0.628838
-0.055438
0.110037
0.301758
-0.700983
-0.058911
0.529696
-0.214478
-0.371047
-0.297117
-0.101297
0.618206
-0.799119
0.577902
-0.933652
0.823509
-0.626384
-0.019762
-0.573307
-0.320870
0.918014
-0.235930
-0.664215
-0.908296
0.662270
0.181310
-0.289734
0.697473
0.047948
-0.378593
0.560454
0.343912
-0.384501
-0.189748
-0.419405
-0.856699
-0.815839
0.958306
0.514611
-0.064371
-0.666052
-0.181848
0.461525
0.075542
0.143965
-0.347953
0.503434
-0.315055
0.282734
-0.935631
0.412456
0.908276
0.491909
0.552260
0.454185
-0.551119
-0.628949
0.818065
0.336426
0.915251
-0.569596
0.130044
0.553421
0.780516
-0.113240
-0.666280
0.445414
0.000802
-0.134368
-0.166868
-0.163332
-0.415234
0.607075
0.132361
-0.314710
-0.900771
0.135949
0.319012
-0.967599
-0.369521
0.881760
-0.518659
-0.558698
0.759829
-0.213359
-0.897473
-0.141701
-0.130938
0.889415
-0.366192
0.050637
-0.712264
0.472071
0.904520
0.811823
0.822684
0.347220
-0.232782
0.456988
0.723688
-0.834171
0.243015
-0.443713
0.104676
0.122300
0.990967
-0.952232
-0.243950
0.697535
-0.178990
0.647604
-0.947106
-0.516988
-0.352209
-0.004047
-0.884424
0.141706
0.142640
-0.600254
0.010331
-0.622260
0.173641
-0.403915
0.393591
0.322676
0.614742
-0.531611
-0.534540
-0.081682
0.107672
-0.425575
-0.049507
0.153819
-0.370965
0.830353
-0.991252
0.657794
-0.665800
0.417158
0.876924
-0.688819
0.519994
-0.790985
0.501857
0.309811
-0.942284
-0.349219
-0.378308
0.277479
-0.816724
-0.346359
-0.985495
-0.435915
0.944098
-0.437944
-0.721607
-0.730250
0.740810
0.511748
-0.801077
-0.747148
0.745041
0.656110
0.887007
-0.520512
-0.853111
0.172221
-0.377169
0.151154
-0.942963
-0.401840
-0.880912
0.742029
0.291068
0.493949
0.134879
0.548269
-0.904532
0.987824
0.701461
0.261374
0.906854
0.985718
-0.552365
0.737246
-0.640634
0.238981
-0.649394
-0.975758
0.377771
-0.869268
-0.841187
0.214179
-0.138941
0.385065
-0.134542
-0.912200
0.045020
0.501880
-0.112161
0.803548
-0.374444
0.729318
0.449197
-0.407285
0.376091
0.636761
-0.733580
-0.751308
0.748615
-0.723749
0.011042
0.089111
-0.196247
-0.850208
0.739067
-0.330243
-0.466411
-0.867889
-0.790679
-0.359968
-0.900280
-0.746726
0.108199
-0.870201
-0.151256
-0.600661
-0.045780
0.240003
-0.922401
-0.350987
-0.898985
0.374874
-0.954863
-0.099952
-0.794108
0.412116
-0.539831
-0.793706
-0.328886
0.019446
-0.727499
0.108339
-0.718693
0.054142
0.906249
-0.536281
0.496069
0.402282
0.665558
-0.233797
0.192060
-0.421295
0.271187
0.042536
-0.017302
-0.496423
0.059550
0.880352
0.709215
0.314988
0.400375
-0.173006
-0.452256
0.206835
-0.933214
0.246864
0.578601
0.920025
-0.302010
-0.581160
-0.872154
-0.248481
-0.871609
-0.698526
0.907313
0.694094
-0.775454
-0.655096
0.976136
0.095475
-0.277043
-0.475368
0.160438
-0.948035
-0.659134
0.627272
-0.238848
0.521615
0.049415
0.343976
0.546706
-0.799964
-0.432165
0.565471
-0.123755
-0.073342
-0.577888
-0.095252
0.111015
0.290981
-0.737889
-0.309959
-0.430063
-0.194000
0.578766
0.375090
-0.410763
-0.146067
-0.842106
0.302102
0.073949
0.553194
-0.524913
-0.073012
0.380010
-0.517597
0.746646
-0.024858
0.462993
0.262615
-0.714812
-0.731130
-0.084601
-0.668500
-0.890731
-0.797254
-0.956173
-0.593055
0.308684
-0.690149
-0.776814
0.876631
-0.759225
-0.919722
0.264793
0.750267
0.661246
0.718224
0.015516
-0.680240
0.347512
-0.787679
-0.638685
0.141708
0.011852
0.945136
-0.154113
0.012089
-0.700181
-0.642960
-0.651003
-0.068549
0.429392
-0.257458
0.989129
-0.319554
-0.626455
0.890245
-0.912238
-0.349163
-0.774284
-0.334620
0.438046
-0.019091
-0.187836
0.886041
0.952040
-0.240080
0.775126
0.117682
0.433264
-0.923594
0.033472
0.595886
-0.722080
-0.418714
-0.855457
0.671141
-0.079228
-0.492998
-0.392558
-0.655800
0.744931
-0.259360
-0.356526
0.524143
-0.057264
-0.610761
0.652538
-0.152828
0.195258
-0.221754
-0.228567
0.288792
-0.739611
-0.924432
-0.092293
0.940153
0.429375
0.964965
0.075846
0.241118
0.567245
0.080131
0.453481
0.202617
0.317669
-0.833565
-0.211734
-0.554940
0.776216
-0.694388
-0.295074
-0.991037
0.538758
0.701561
-0.955499
0.941456
0.677762
0.383820
-0.514005
0.492301
-0.282174
0.320345
-0.135033
-0.744667
0.582683
0.892347
0.433325
0.044579
-0.244024
0.445108
0.066158
-0.931274
-0.984918
0.804235
0.071073
-0.565079
0.185880
0.541844
0.942790
-0.240428
-0.598133
0.951748
0.272583
-0.932773
-0.625176
0.183394
0.780194
-0.401209
-0.582235
-0.108917
0.946156
-0.444294
-0.397908
-0.866053
-0.535964
-0.834526
0.216639
0.637480
0.877060
0.779827
-0.743348
0.941881
-0.550685
0.000117
-0.723257
0.382493
-0.099299
0.674945
0.895372
0.819191
0.555456
-0.279880
0.591157
-0.674978
0.075162
-0.013940
-0.242593
-0.519510
0.207586
0.003398
0.358343
0.711850
0.662492
-0.434665
0.440746
-0.810522
0.218936
-0.123403
0.007778
-0.484609
0.652435
0.590146
0.747111
-0.103030
-0.058475
0.414062
-0.125437
0.230430
0.638215
0.126253
-0.495172
-0.405015
0.381402
0.934426
-0.271180
-0.338226
0.965890
-0.389137
0.424127
-0.959528
-0.849956
0.945029
0.737256
-0.218565
0.462690
0.405254
0.598532
0.115285
0.807119
0.428109
-0.837442
0.955265
0.189937
0.335720
0.054598
0.330810
0.437578
-0.160261
0.319849
-0.171446
0.888664
0.424376
-0.269188
0.830504
-0.596401
0.418248
-0.052921
0.253707
0.548343
0.002465
0.413822
-0.485988
0.433427
-0.490415
-0.266263
-0.941920
-0.502901
-0.898797
0.132410
0.589254
-0.162790
0.605097
0.147655
-0.437323
0.961184
-0.280053
0.631244
0.367961
0.156281
0.654020
-0.406686
0.301937
-0.374955
-0.592361
0.160172
0.689566
-0.638046
0.726667
0.071655
0.603074
0.522243
-0.874694
0.716354
0.405268
-0.308245
-0.282569
-0.262586
-0.581629
-0.547749
-0.447362
0.005262
0.754701
-0.971237
-0.030924
-0.437901
0.967134
-0.637633
0.983926
0.156985
-0.645693
-0.201335
0.349786
0.965479
-0.664867
0.497926
-0.520360
-0.562457
-0.987632
0.716646
-0.044265
-0.717233
0.919491
0.151585
-0.836123
0.686290
-0.060391
-0.402148
0.450936
-0.851850
-0.130644
0.533537
-0.078263
-0.111040
0.951742
0.641153
-0.474613
0.417531
0.769853
-0.544735
-0.637500
-0.341244
0.961296
0.756230
-0.645036
-0.192903
0.656087
0.094255
-0.988459
0.463552
-0.407304
0.068055
-0.122689
-0.293990
-0.460408
-0.451728
-0.357075
0.159924
0.047986
0.791302
-0.924888
-0.416846
0.893128
0.978667
0.885544
-0.733223
0.153522
-0.522027
-0.414775
-0.958310
-0.990711
0.947881
0.557106
0.801736
0.913098
-0.569339
0.226567
0.035296
0.954366
0.221497
-0.365852
-0.059136
-0.191475
-0.858931
-0.830481
0.493133
-0.852763
-0.939155
0.409672
-0.919721
-0.185816
-0.779534
-0.028432
0.521662
0.235481
-0.242587
0.785023
-0.524152
0.502615
-0.911409
0.131064
-0.469387
0.190639
0.609117
-0.967927
-0.641580
0.926787
-0.894826
-0.430740
-0.437379
-0.203289
-0.549212
-0.350871
-0.817026
0.522048
0.708770
0.038164
-0.806647
0.919153
-0.679857
0.812875
0.638127
-0.525133
-0.691081
0.608874
-0.260373
-0.900042
-0.391603
-0.135962
-0.887648
-0.221190
0.528707
-0.395161
-0.653008
-0.480658
0.245507
-0.411865
0.386844
0.444132
-0.180654
-0.521867
-0.500054
-0.379383
-0.286035
-0.610083
-0.347559
0.621367
0.689728
-0.289432
-0.739359
0.703163
0.290300
-0.608040
0.288426
-0.089069
-0.178367
-0.773538
0.985664
-0.614321
-0.298715
0.342609
-0.487415
-0.427482
-0.429511
-0.670565
-0.502113
0.154041
0.048873
0.424016
0.175591
-0.299455
0.171704
-0.495554
-0.726067
-0.684999
-0.918430
-0.141354
-0.670532
0.451136
-0.241678
-0.213294
0.272745
0.022873
-0.594686
-0.680740
-0.821994
0.010116
0.605352
-0.429734
-0.742374
-0.506765
-0.454905
-0.465878
-0.778917
-0.668929
-0.586974
-0.355333
0.257490
0.747337
-0.344905
0.552279
-0.374109
-0.597107
0.443819
0.523350
-0.665265
0.164243
0.431700
0.079013
-0.466900
-0.212648
0.545609
0.483218
0.609343
-0.620607
0.345901
-0.689198
0.093189
-0.002862
0.578759
0.002481
-0.029254
-0.718584
0.636220
-0.545936
0.977313
0.884522
0.178120
0.803171
0.335097
0.380263
0.720034
0.124898
-0.835597
-0.569740
-0.489372
-0.107886
0.779929
-0.833061
0.011621
-0.985740
0.754922
0.252441
-0.015444
-0.041636
-0.099258
-0.024292
-0.076885
-0.721509
0.081588
0.024728
-0.949104
-0.442480
-0.895290
0.687299
-0.392115
0.960737
-0.017809
0.083522
0.247486
0.126817
-0.240497
0.939447
-0.554648
-0.579363
0.401223
-0.919429
0.956441
0.516081
-0.853272
0.006690
0.269488
0.009823
0.512384
0.896739
-0.280649
0.365023
0.286858
0.727579
-0.966062
0.887533
0.301449
0.164290
-0.564600
-0.187267
-0.184212
-0.617789
-0.246379
-0.675633
-0.619173
-0.152384
-0.521578
0.378287
-0.351124
-0.557705
0.612194
-0.230083
0.694593
-0.095634
0.348384
0.621461
0.013540
0.188663
-0.369983
-0.184230
-0.297288
-0.540348
-0.319450
0.693102
0.502546
-0.119703
-0.115692
-0.589634
0.387984
0.050501
-0.720946
-0.609155
0.710629
0.336721
0.749979
-0.119712
0.844185
-0.194535
0.939642
-0.124005
0.259345
-0.385350
0.846288
0.070147
0.148324
0.727914
0.621332
0.091406
0.956913
0.733747
0.523939
0.381841
-0.310252
-0.394489
-0.500638
0.386852
0.472988
-0.324292
0.632795
0.299581
-0.823444
0.066654
-0.663795
-0.521646
-0.597833
0.890323
0.825717
0.106785
0.001740
-0.203487
0.099369
-0.009057
-0.277023
-0.214125
-0.280727
-0.752479
-0.343284
0.103359
0.276709
-0.375816
0.934242
-0.418590
0.212179
0.363397
-0.468800
-0.737510
-0.505538
-0.948716
0.512327
-0.780528
-0.981337
0.064841
0.420486
-0.791550
0.291645
-0.578590
0.535135
0.962385
-0.539167
-0.864995
0.854221
0.936132
0.524605
0.607610
0.602892
-0.137532
-0.385567
0.530727
0.506944
-0.189154
-0.638216
0.520011
0.326292
0.592881
-0.627160
0.537494
-0.212490
-0.817349
0.374469
0.324464
-0.605634
-0.186453
0.920734
0.952979
0.733643
-0.286459
0.932043
-0.029854
-0.425195
0.537528
0.067109
-0.027115
0.339907
0.299728
0.573952
0.029142
-0.331569
-0.461760
-0.293045
-0.195411
-0.117451
-0.732969
0.608522
0.894341
-0.746909
0.187221
0.151099
-0.772109
-0.470267
-0.998188
0.241665
-0.146189
0.357034
0.024857
-0.886319
0.577104
-0.667171
0.948062
0.553537
-0.977691
0.174830
0.480299
0.533245
0.591946
0.502297
-0.313139
-0.949992
-0.385076
0.973827
0.877178
-0.461286
0.594978
0.001511
-0.357295
-0.176205
0.255261
-0.249919
0.906585
-0.474371
-0.157320
0.298089
-0.078673
0.217810
-0.498392
0.850659
-0.844260
0.864536
-0.831780
0.991713
0.318980
-0.309107
0.180187
-0.751153
0.866188
-0.595570
0.288576
-0.611676
-0.587227
-0.843791
0.882851
0.089747
0.759416
-0.350227
-0.839917
-0.151246
0.203529
0.718364
-0.462892
-0.859120
0.087453
-0.980456
-0.462664
-0.740970
-0.934948
0.741500
-0.317504
-0.304857
0.095919
-0.506642
-0.177809
-0.371300
-0.230977
0.273805
0.914896
-0.166991
0.586286
-0.997052
0.037402
-0.789214
-0.866871
-0.922124
-0.725703
-0.215813
-0.304962
0.092917
-0.493947
0.745719
0.032567
0.598316
-0.374804
0.190733
0.478938
0.498739
-0.876107
0.216423
-0.677105
-0.374332
0.430645
-0.804780
0.524722
-0.910824
-0.247481
0.787946
-0.671459
-0.738731
0.081654
0.115758
-0.468825
-0.999518
0.477078
-0.999197
-0.950605
-0.887236
-0.599692
-0.948515
0.606266
0.284419
0.566580
-0.964084
-0.904085
0.318311
-0.728135
-0.046759
-0.671630
0.901188
0.352284
-0.300277
0.430474
0.781991
0.104036
-0.603180
0.345427
0.956989
-0.665608
0.572735
0.822908
0.251693
-0.515349
0.778185
-0.103743
-0.275642
0.219387
0.179559
-0.198195
0.571564
0.969876
-0.203914
-0.366109
0.978149
0.191615
-0.020878
0.979130
0.492838
0.870501
-0.786149
0.350709
-0.909541
0.708031
0.765624
-0.496481
0.375546
-0.494332
-0.106332
-0.616601
0.752593
-0.637348
0.794593
-0.916794
0.522543
-0.113428
-0.309898
-0.548994
0.085900
-0.662744
-0.045867
0.101825
0.886326
0.783736
-0.024869
0.959606
0.034097
0.510998
0.085319
0.997296
0.833967
-0.137189
-0.057410
-0.448729
0.560413
0.630366
0.777496
0.841696
-0.109389
-0.239609
0.329823
-0.091245
0.452923
-0.305313
-0.057664
-0.024666
-0.318792
-0.982273
0.644360
0.707570
0.458690
-0.641271
0.528881
0.296636
0.674239
0.161398
0.501539
-0.899301
-0.165613
0.731125
-0.000082
0.161290
-0.331615
-0.178635
-0.169709
0.291069
0.091392
0.153616
-0.110853
0.921493
-0.878189
-0.463714
-0.666303
-0.712248
-0.713876
0.846572
0.839585
0.007439
-0.256326
0.636721
-0.391385
0.534467
-0.517511
0.733710
0.611782
0.620518
-0.261235
-0.360821
-0.317904
-0.911709
-0.508737
0.925570
-0.850979
0.550819
-0.203890
-0.004701
0.527231
-0.753073
0.718261
0.404194
0.416648
-0.657631
-0.007648
-0.538117
-0.012026
-0.225739
0.176867
-0.943085
-0.499886
-0.676574
-0.181712
0.357552
0.875654
0.875052
0.468249
-0.778827
0.538374
0.522221
-0.357260
0.628104
-0.336187
0.308613
0.340527
-0.370908
-0.087789
-0.684623
-0.191940
-0.401871
-0.012402
0.097877
-0.996255
0.543100
-0.631740
-0.250295
-0.057527
0.257721
-0.653749
0.822540
-0.361232
-0.048406
-0.957839
0.442954
0.908463
-0.106557
-0.724896
0.228843
0.273798
0.952462
0.732830
-0.778514
-0.801234
0.152920
-0.237650
-0.012461
-0.908547
-0.980988
-0.255153
-0.597632
0.000839
-0.242497
0.096664
-0.557529
0.639764
-0.281655
0.911303
0.233301
0.029635
-0.202354
0.590900
0.688714
0.983620
0.799667
0.643274
0.304449
-0.856576
0.995642
0.700696
-0.516046
0.933691
0.941353
-0.180658
-0.851789
0.239052
0.011018
-0.749027
-0.894469
-0.679549
-0.794315
0.460498
0.871875
0.461741
-0.580619
-0.155616
-0.688453
-0.591871
-0.761579
0.484740
0.075080
0.403131
-0.368663
0.847463
-0.982762
-0.971971
0.089649
-0.810302
0.660406
-0.948322
-0.656644
-0.827085
-0.588225
-0.583536
0.252519
-0.841501
0.073156
0.011618
0.183616
0.606609
0.984184
-0.781441
-0.746688
0.020785
0.141366
0.027267
-0.571647
-0.483471
0.960104
-0.543289
0.441786
-0.264306
-0.791035
0.649446
0.487005
0.583280
-0.497385
0.113904
0.258710
-0.165903
-0.262235
-0.491958
-0.537822
-0.892743
0.473313
-0.791848
0.255465
-0.142291
-0.034923
-0.925024
-0.670691
0.248850
-0.839935
-0.072977
0.122220
-0.588741
0.032680
0.356701
-0.281672
0.747996
-0.992978
-0.298701
-0.870669
0.680723
0.599894
0.752704
0.524342
-0.904378
-0.961402
0.172728
0.307130
0.717299
-0.876058
-0.257132
-0.274527
0.996538
-0.943989
0.043655
-0.023688
-0.956386
-0.422298
0.709668
0.867787
0.437756
-0.218719
0.890716
0.918017
0.579823
0.046436
0.090948
0.266677
-0.814177
0.054787
0.931022
-0.040087
0.724255
0.593075
-0.281533
0.160345
0.854356
-0.803835
-0.801644
-0.956353
-0.081470
0.901062
-0.180742
0.353643
-0.576012
0.921254
-0.551413
-0.773393
0.310347
-0.249062
0.126791
-0.711842
0.545543
0.384023
-0.658127
-0.748090
0.238345
0.344501
-0.159978
0.953122
0.570128
0.094091
-0.416178
-0.927078
-0.543338
-0.971607
-0.980345
-0.749498
0.642942
-0.960054
0.133717
-0.460515
0.088252
0.328024
-0.556441
0.615663
-0.997143
-0.356627
-0.499034
0.338107
-0.617021
-0.443566
0.120697
-0.855541
0.794597
-0.739297
0.588768
-0.158740
0.938879
0.521410
0.606091
-0.879854
-0.038428
-0.212562
-0.559780
0.456942
0.110527
-0.524968
-0.195687
0.063977
-0.048592
-0.667599
0.311593
0.951966
-0.299060
-0.152088
0.719458
0.018007
0.001939
-0.084151
0.578667
-0.626507
0.516912
0.880632
0.835605
-0.988812
0.651217
-0.515340
0.226781
0.067017
0.511420
0.585689
0.527994
0.435407
0.774582
-0.919961
-0.517072
0.242251
-0.756887
0.668511
-0.112410
0.752971
-0.507080
0.306864
-0.845413
-0.708262
0.838859
-0.063423
0.658800
-0.966141
-0.901622
0.863577
-0.131847
-0.884715
0.359108
-0.584224
-0.999381
-0.353822
0.767752
-0.056124
-0.712430
0.030511
-0.921361
-0.307629
0.666099
0.626302
-0.245005
-0.660359
-0.638713
0.931378
0.619032
-0.036955
0.185902
0.067205
-0.530716
-0.023518
-0.197011
0.327579
-0.284403
0.201302
-0.377565
0.656939
0.314707
-0.606149
0.326094
-0.192798
-0.479527
0.607629
0.249228
0.247997
-0.526133
-0.084142
-0.163710
0.958303
-0.626720
-0.037444
0.156720
0.291205
-0.608575
-0.825107
0.497217
-0.894512
-0.883084
-0.484736
-0.181635
0.311020
-0.291871
0.173203
0.864534
0.404797
0.481019
-0.323264
0.560942
0.385757
-0.100833
-0.069026
0.611812
-0.747433
-0.227527
-0.876784
0.457230
-0.705094
0.036437
0.592137
-0.802063
-0.038117
0.386419
-0.700274
-0.252699
-0.348993
0.984032
-0.545157
-0.597654
-0.999894
-0.800136
-0.240199
-0.795211
0.618069
0.073247
-0.301052
-0.005953
-0.337572
0.717628
-0.278934
0.400377
0.775636
-0.250071
0.138670
0.064661
0.020432
-0.256394
-0.412647
-0.720715
-0.914433
0.873548
0.547359
-0.454938
0.646906
-0.097328
-0.134715
0.983853
0.222611
-0.978068
-0.598298
-0.875365
-0.529349
-0.570016
-0.391635
-0.430183
0.704279
-0.713605
-0.231182
-0.484260
-0.629553
-0.292904
0.655342
-0.618415
0.044190
-0.117713
0.045975
-0.616049
0.874524
0.095936
-0.206873
0.764562
-0.268716
-0.989575
0.705473
0.806026
0.966033
-0.136465
0.051786
0.075249
-0.405823
-0.365835
0.600820
0.189105
-0.515656
0.310484
-0.765384
-0.672952
0.215810
-0.201368
-0.699903
0.600142
0.926789
-0.011575
0.487188
0.354241
-0.410761
-0.055436
0.902860
0.483793
0.475770
-0.681015
-0.133056
0.728867
-0.452719
0.354786
-0.546957
0.514566
0.347678
-0.948621
0.619350
0.665224
0.869088
0.640507
-0.245274
-0.034798
0.668328
-0.400141
-0.100113
-0.341241
-0.920406
0.311642
-0.089210
0.331894
0.317804
0.513854
0.871046
-0.597650
0.111742
0.673727
0.886392
-0.440652
0.891553
-0.030283
-0.675003
-0.290309
-0.853509
-0.088997
-0.210449
-0.457237
-0.247376
-0.858168
0.143658
-0.223757
-0.712625
0.373301
-0.657351
0.844998
0.907842
0.610035
-0.048187
-0.876989
0.561465
0.542272
0.483613
-0.935873
-0.762689
-0.746911
0.596992
0.095480
0.387516
0.251717
0.385227
-0.415420
0.058207
-0.511811
-0.168593
0.103559
-0.511873
0.606248
0.057372
-0.451652
0.963454
0.917033
-0.063832
-0.309207
-0.642934
0.772591
-0.627983
-0.640943
0.115037
-0.925649
-0.061971
0.792031
0.929766
0.115897
0.345297
-0.811555
-0.591107
0.439003
-0.097569
0.614360
-0.329504
-0.095813
-0.913554
-0.023561
0.172536
-0.660884
-0.777567
-0.960561
-0.909044
0.867233
0.290937
-0.832836
-0.884005
-0.235488
-0.535743
0.033717
-0.572558
0.072113
-0.031264
-0.146749
0.442508
0.101715
-0.749628
-0.217837
0.529766
-0.695168
-0.350648
-0.591929
0.120336
0.656498
0.012532
0.211559
-0.971369
0.760313
0.989639
0.696851
0.409109
-0.679075
0.994365
0.173873
-0.024331
0.131563
0.227941
0.795929
0.693774
-0.430917
0.901066
0.608331
-0.393229
0.297494
-0.172967
-0.567937
-0.764055
-0.051383
0.385818
0.386755
0.195365
0.074551
0.036031
0.645315
0.978251
0.213432
0.824415
-0.839873
0.399056
0.144630
0.863463
-0.616957
-0.734852
-0.290010
0.790068
0.225369
0.624635
-0.938351
-0.015568
0.710219
-0.273622
-0.621278
-0.492715
-0.808620
0.419866
0.682714
0.335203
0.705332
0.628418
-0.260223
-0.910860
-0.897331
-0.569990
0.322531
0.513410
0.224623
0.140775
0.131290
0.048075
0.219137
-0.210742
0.587182
0.184380
0.311555
0.752407
0.458027
0.573914
-0.451892
-0.771417
-0.146652
0.855938
-0.772891
-0.177915
-0.478383
0.972712
-0.177918
-0.247705
-0.457032
-0.490482
-0.751002
0.913777
-0.718376
0.747640
0.723129
0.162770
-0.630109
0.177383
-0.369625
-0.522598
-0.115793
-0.701820
0.314988
-0.997360
-0.398736
-0.315000
-0.197570
0.398386
0.634953
-0.936316
0.515624
0.178402
0.023030
-0.910455
0.645250
0.167059
0.295157
-0.904775
0.810168
0.333791
0.322382
0.147726
-0.330344
0.510236
-0.826026
0.371131
0.938825
0.625971
0.984967
0.474714
0.110170
0.873645
-0.329584
0.268208
-0.270813
0.475739
-0.568519
0.423446
-0.154742
-0.154543
-0.859016
0.118119
0.161901
-0.835455
0.858289
-0.494284
-0.831745
-0.351341
-0.113933
-0.955868
0.732846
0.563782
-0.162060
-0.920377
0.934542
-0.909697
-0.663960
0.466321
0.532491
0.739392
0.354249
-0.985074
-0.973438
-0.469905
-0.666425
-0.581303
-0.051094
-0.175965
0.998415
-0.586256
0.008527
0.549346
-0.358576
0.372048
0.170751
0.504818
0.758409
0.761301
-0.307061
-0.895463
0.542646
-0.543876
0.829169
0.067451
-0.170305
0.218891
0.549767
0.807963
0.297068
0.941147
-0.239700
0.431271
-0.181310
0.333811
0.432348
0.812708
-0.715877
0.144200
-0.817868
-0.255062
-0.438820
0.757395
0.283240
-0.075011
-0.160655
0.092049
-0.869614
0.066676
0.269828
-0.142497
-0.771899
0.526781
0.365488
-0.149384
-0.668760
-0.064324
-0.922055
-0.390131
0.829757
0.758124
0.834606
-0.894653
-0.671920
0.817311
-0.922133
-0.553002
0.750374
-0.546892
0.310465
0.970068
-0.614513
-0.384113
0.142703
-0.846301
0.591127
0.050352
-0.262231
0.313588
-0.276618
0.443848
0.401464
0.084340
-0.696075
-0.301346
0.932553
0.145131
0.579865
0.340640
0.406970
-0.705233
0.131267
-0.558004
-0.183094
-0.139388
-0.483733
0.436246
0.854002
-0.047964
0.466143
-0.895484
-0.652477
-0.858136
-0.564215
0.668289
0.355626
0.962287
-0.394138
-0.306952
-0.628707
-0.357676
0.981358
-0.080832
-0.225355
0.155264
-0.213792
0.352968
0.234212
0.965043
-0.880765
0.531717
-0.083943
-0.452024
0.430250
-0.124200
-0.290405
0.990843
-0.391811
0.781664
0.365342
-0.154627
0.084031
0.344119
0.594841
-0.921165
-0.980062
-0.723205
-0.426307
-0.283562
0.731290
-0.470367
0.927832
-0.500197
0.095232
0.506626
-0.973980
-0.174178
0.946091
0.371077
0.682880
-0.976948
-0.817927
-0.712331
0.535722
0.287104
-0.214530
-0.968713
0.450779
0.432126
-0.325525
0.600109
0.790825
-0.531944
-0.166502
0.568124
0.409592
0.706027
-0.052160
-0.088528
0.113597
-0.286223
-0.581028
-0.441115
0.962754
0.094056
-0.900155
0.715990
0.712599
0.739625
-0.304657
-0.800474
0.881434
0.208144
-0.591854
-0.161220
0.695581
-0.279869
-0.719466
-0.190967
-0.081123
0.778290
-0.948078
0.617027
-0.928020
0.694419
-0.305666
-0.209702
-0.319365
0.778571
-0.394992
-0.442743
-0.700046
-0.214111
0.527209
0.669476
-0.412396
0.220498
0.476434
0.547038
0.711249
-0.965400
-0.923737
0.686965
0.020751
-0.328291
0.818145
0.802262
-0.726490
-0.350847
0.564766
0.001994
-0.254623
-0.598951
0.313473
0.911047
0.079914
-0.248223
0.231971
-0.162413
0.424028
-0.491217
0.976072
0.480952
0.215504
0.139080
-0.349410
-0.204775
0.328439
-0.559777
0.513460
-0.387073
-0.867670
-0.281583
-0.799509
0.188484
0.699919
-0.827736
0.384101
0.383311
-0.486706
0.911299
0.914270
0.687987
-0.200034
-0.424978
0.623254
-0.101924
0.257468
0.436136
-0.080874
-0.895952
0.440223
0.482617
-0.830468
0.331530
-0.439090
-0.701201
-0.517301
0.867186
0.283159
-0.868798
0.280967
0.432651
0.889500
0.074988
0.959469
-0.127571
0.235389
-0.739319
0.296418
-0.981517
-0.918982
-0.823988
0.008761
0.867718
-0.580678
-0.353612
0.435874
-0.307786
-0.674866
0.176172
0.514591
0.245032
0.810156
0.611856
-0.612599
-0.645917
0.417457
-0.400229
-0.939205
-0.538067
-0.301030
-0.893320
-0.768887
0.473500
-0.018781
-0.102089
0.525711
0.553663
0.326917
-0.890921
0.386790
-0.643450
0.727733
-0.158925
0.075297
-0.416972
-0.844668
-0.561631
-0.820029
0.789335
0.663139
-0.016119
0.123796
0.307579
-0.354882
0.542627
-0.736458
-0.213104
0.567825
0.339853
-0.732003
-0.933733
0.656250
0.416718
-0.196510
-0.700367
-0.065793
0.557071
0.438979
-0.277555
0.973754
-0.636117
-0.563506
-0.968109
0.625895
-0.179821
-0.953894
-0.299596
-0.480492
-0.016811
-0.349620
-0.963535
0.684067
-0.211047
-0.623951
-0.479684
0.651956
-0.276294
-0.091997
-0.714299
-0.409397
-0.480916
0.425243
-0.471447
0.763381
-0.298959
-0.115412
0.644762
-0.961689
0.647104
-0.966815
0.206300
-0.607509
0.628774
-0.720025
0.931278
0.504229
0.907265
-0.145790
-0.475183
-0.885216
0.076440
-0.412166
-0.081393
-0.467797
-0.114613
-0.002064
-0.772708
-0.827728
0.655221
0.615252
0.049345
-0.680501
0.019970
-0.842928
0.439919
-0.953134
0.381231
-0.481102
0.338771
-0.021568
-0.901401
-0.463448
-0.610412
0.288846
-0.381464
-0.173611
0.616314
-0.754178
0.787069
-0.071337
0.619577
0.769350
-0.362605
0.485643
-0.654782
0.991033
0.141379
-0.545997
-0.369887
-0.130785
-0.735577
-0.583233
0.268002
-0.731138
-0.572322
-0.132755
0.748504
0.843455
-0.202801
-0.857266
-0.568782
-0.566627
0.958497
0.215942
-0.257166
0.742546
0.684420
0.834091
0.848860
0.192462
-0.802267
0.186212
-0.531188
0.919454
0.357078
-0.426905
-0.976747
0.182900
0.645072
-0.133238
-0.123936
-0.151132
-0.176977
-0.234066
-0.736296
-0.335105
-0.060220
-0.822962
-0.463243
0.277050
0.320773
-0.858184
-0.111682
0.669948
-0.343375
-0.439469
-0.479025
-0.395501
-0.352129
0.048751
0.706081
0.357084
0.616426
0.938800
0.543813
0.446840
-0.871582
0.546946
-0.608444
0.041916
-0.081106
-0.289231
0.461642
-0.798725
-0.055013
0.376548
0.506856
-0.726798
-0.126008
0.633559
-0.589334
0.628251
-0.254933
0.414794
-0.886043
0.653717
0.641392
0.323437
0.365065
-0.748900
-0.439330
-0.168363
-0.212889
0.025749
-0.295346
-0.049799
-0.156575
0.166615
0.066647
-0.107347
-0.846062
-0.921987
0.464438
-0.855574
-0.992163
-0.072380
0.935729
0.542947
0.278750
-0.671873
-0.078835
-0.287191
0.507627
-0.139648
0.144815
-0.830702
-0.046016
-0.316131
-0.995305
-0.918044
0.632067
-0.943325
-0.766243
-0.188761
-0.647611
-0.593859
-0.221467
-0.493204
0.674438
0.232449
-0.102915
-0.898292
-0.994736
-0.762295
-0.031468
-0.557447
0.083760
-0.023815
0.427829
0.322608
-0.271694
0.628134
-0.924434
0.139024
-0.657978
0.865925
-0.458533
0.521116
-0.201401
-0.660553
0.919669
-0.794831
-0.921220
0.654962
0.296336
-0.210790
0.524638
0.148868
-0.915276
0.086979
0.065030
0.757985
0.165103
0.944520
0.931806
-0.283829
-0.187975
-0.082167
0.551948
-0.708865
-0.632309
-0.592703
0.015368
0.182685
-0.232556
0.816308
-0.060703
0.796518
-0.771411
0.535013
-0.646274
-0.644760
-0.055985
0.428992
0.715106
-0.938264
-0.901440
0.684944
0.042004
0.778150
0.540319
0.619763
0.244967
-0.008249
0.163943
-0.738253
-0.984874
0.247171
0.570033
0.567584
0.962594
-0.520252
-0.908702
-0.718894
0.537846
0.303280
0.187122
-0.636772
-0.033921
0.370269
-0.862573
-0.221539
-0.162785
0.049471
-0.045299
0.204899
0.150718
0.926960
-0.735641
0.097177
-0.738565
-0.358291
-0.913800
0.795910
-0.920155
0.768687
-0.188709
0.454037
0.341530
-0.088866
-0.533962
0.368871
0.998921
-0.652045
0.779673
0.830278
-0.324002
-0.429627
0.801520
0.495304
-0.561882
0.750017
-0.190961
-0.761457
0.284556
0.848437
-0.510400
0.410127
0.605121
0.657061
0.971717
0.359104
0.212433
-0.196096
-0.373261
0.010056
-0.813425
-0.142550
0.252490
-0.557754
-0.098193
-0.970100
0.099958
-0.677166
-0.817510
0.854846
-0.129128
0.822512
0.704731
0.212219
-0.913972
0.753211
-0.148263
-0.516294
0.998670
-0.028868
0.015788
-0.999685
-0.341727
0.704473
-0.273508
-0.279765
-0.191960
-0.640311
-0.037288
0.626241
0.347889
-0.801887
-0.771503
0.509365
0.105881
0.117032
-0.052940
0.788456
0.969371
0.939144
0.438537
0.662278
0.882822
0.287996
0.384881
0.431278
-0.761686
0.071017
-0.846793
0.259767
-0.417842
-0.857495
0.324255
-0.681665
0.597356
0.110170
-0.250694
-0.668674
0.900884
-0.777704
0.242604
-0.101328
-0.554045
0.502307
-0.048034
-0.837908
-0.462013
0.939642
0.294949
-0.821751
0.784169
0.108453
-0.486940
-0.716056
-0.719952
-0.028821
0.317081
0.477195
-0.853837
-0.258118
-0.462932
-0.779136
-0.260852
-0.542249
-0.083137
0.550488
-0.298362
-0.673962
-0.141875
-0.783911
-0.120289
-0.194521
0.343418
0.192100
-0.641810
0.050099
-0.101843
-0.696514
-0.661676
0.385840
0.642519
0.781948
0.626284
0.006441
0.604547
-0.325046
0.201070
0.709031
0.813733
0.585680
0.860011
0.101381
-0.113920
-0.397088
-0.272777
-0.550835
-0.923277
-0.951218
0.361166
-0.098027
-0.027217
0.576550
-0.382735
-0.865813
-0.326156
0.691490
-0.075277
-0.939007
0.477556
-0.635330
-0.707254
-0.451476
-0.295135
0.780038
-0.016419
-0.256010
0.357891
0.041983
-0.410702
-0.192487
0.513105
0.899075
0.740110
0.856434
-0.625654
0.596442
-0.383290
-0.314216
0.620412
0.436476
0.771847
0.202735
0.221286
0.200248
-0.967661
-0.429801
0.360122
0.572619
0.074670
-0.362403
0.098550
0.866946
0.718720
-0.253477
0.596366
-0.859607
0.540979
-0.407691
-0.746946
-0.302604
0.064702
0.989010
0.260371
0.778084
-0.510122
0.715602
0.411813
0.481635
-0.740947
0.844241
-0.684107
0.314943
-0.907102
-0.782385
-0.966333
-0.209750
0.162296
0.589324
-0.817257
0.787780
0.232358
0.520775
0.558727
-0.559634
0.595118
-0.092421
0.796061
0.510541
0.910669
-0.989541
0.308349
-0.304117
-0.446371
-0.944927
0.532232
-0.368745
0.244687
0.803880
-0.425077
-0.421625
-0.071523
0.193704
0.450012
-0.531149
-0.274880
-0.532374
-0.448155
-0.043018
0.287913
0.039223
0.458620
0.991469
-0.215564
0.414558
0.155226
0.195616
0.954913
0.974737
-0.510690
0.138995
0.176862
0.530298
0.573446
-0.963838
0.060105
0.366351
0.174740
0.811514
-0.232865
0.633587
0.235626
-0.810887
-0.566371
0.000396
0.242929
0.162850
-0.757470
-0.798494
-0.403099
-0.481930
-0.739352
0.187412
0.170972
-0.307468
-0.219868
-0.736379
0.919833
0.884602
-0.622140
0.095224
0.109820
-0.510093
0.130913
0.694024
0.450192
-0.024803
-0.899962
-0.584501
0.221026
-0.320942
0.356786
0.057610
0.546608
-0.133851
0.768993
-0.163262
0.678243
-0.777806
0.695223
0.921711
-0.761500
-0.687477
0.183338
-0.089897
0.794565
0.780211
-0.111712
-0.897459
-0.997333
-0.559741
-0.796856
0.777432
-0.745592
0.960644
0.931900
0.254649
-0.902317
-0.199701
0.704711
-0.975982
0.607510
0.671575
-0.799713
-0.883698
-0.212673
0.672892
0.685945
-0.898052
0.808327
0.740286
-0.682917
0.864260
-0.219422
-0.367332
0.629537
-0.634053
-0.134770
0.731548
-0.513087
-0.221879
-0.529689
0.366518
-0.379276
-0.527899
-0.513035
-0.744573
0.573807
0.521982
-0.603805
-0.099298
0.943065
0.010910
0.691843
0.289665
0.962356
0.613387
0.313512
-0.380386
0.445476
0.856364
0.148575
-0.309833
0.611429
-0.952585
0.537163
0.171127
-0.238096
0.993053
0.150121
-0.129475
0.895559
-0.495654
0.141814
0.329478
0.706634
-0.549678
-0.157398
0.664782
-0.578474
-0.029419
0.019452
-0.199340
-0.944318
-0.895334
-0.829195
0.950174
-0.016524
0.919184
0.539947
0.516770
0.339223
0.680885
0.555755
0.097865
-0.772476
0.415046
0.276185
0.417353
-0.601835
0.544064
-0.368693
0.309242
0.727154
0.773179
0.357095
0.510136
0.718869
-0.710970
-0.623918
0.459399
0.431012
0.655824
0.930063
0.156658
-0.025501
0.297494
-0.271596
-0.783708
0.321065
0.507607
-0.051255
0.835049
0.352467
0.857893
0.819437
-0.512322
-0.578639
0.340371
0.848069
0.071052
-0.974684
-0.418699
-0.727652
0.105495
0.268880
-0.208660
-0.352301
0.672739
-0.305944
-0.093727
-0.208118
0.232584
0.028653
-0.159875
0.755883
0.788109
-0.315810
0.081840
-0.095983
0.216618
0.614997
0.053031
-0.454664
-0.890521
0.493807
-0.041349
-0.538731
0.784852
-0.204079
-0.095372
0.309045
-0.805892
-0.153764
0.616238
-0.545395
-0.123181
0.976494
0.503241
0.507244
-0.847738
-0.089560
-0.853006
0.854069
0.652135
-0.369186
-0.929377
0.130661
0.497653
-0.337306
0.928035
0.227208
-0.209738
-0.619785
0.969717
0.937075
-0.500086
0.313459
0.858279
0.334425
-0.939792
-0.343641
0.669894
-0.547455
0.082749
-0.890869
-0.729565
-0.586364
0.841383
-0.717602
-0.106547
-0.335147
-0.161331
-0.003334
0.324636
0.677679
0.983249
-0.526559
-0.701237
-0.399866
0.099754
-0.506687
0.565697
-0.100392
-0.535421
0.792472
0.585325
-0.792081
0.212028
0.941336
0.402587
0.000717
-0.561359
-0.178079
-0.937650
-0.423696
-0.570291
0.175406
0.656426
-0.826121
0.418629
0.858522
0.503360
0.141123
-0.583951
-0.487490
-0.732118
0.719331
0.622031
-0.780744
-0.234352
-0.479205
0.378459
-0.289127
0.742374
-0.580136
0.013002
0.229286
-0.121393
-0.297713
-0.099751
-0.318167
0.821504
0.018491
-0.404247
0.248581
-0.649650
-0.844655
-0.539156
-0.997593
-0.532842
-0.499254
0.935294
0.655359
-0.622802
-0.560131
0.379982
0.076505
-0.369523
-0.457079
-0.633071
-0.052618
-0.877708
-0.840338
-0.006752
-0.329423
0.147333
0.038183
-0.223214
-0.729520
0.078853
-0.993242
0.552098
-0.596946
0.446069
-0.417195
0.287481
-0.540150
0.468895
-0.491281
-0.134680
0.806629
0.224002
-0.491550
-0.237713
0.904248
-0.226460
0.730749
0.702414
-0.976759
-0.660484
-0.879465
0.564056
0.376269
0.491468
-0.072135
0.302295
-0.035918
-0.231587
-0.822791
0.426414
0.585190
0.508497
0.207274
0.030011
0.417531
-0.316189
0.554099
0.922985
-0.581881
0.949381
0.384709
-0.827936
0.198922
0.350912
0.008912
-0.309966
0.527032
-0.753100
-0.368934
0.402195
0.206491
0.219364
0.754241
-0.672768
0.256061
0.296514
-0.697471
0.239165
-0.080771
0.691022
0.512712
0.762595
0.613416
0.207606
0.924731
0.140625
-0.648570
0.578081
-0.284973
-0.142225
0.295674
0.740393
-0.527984
-0.919340
-0.871913
-0.658939
-0.554100
0.172365
-0.393094
-0.154263
0.891259
-0.324578
-0.239610
0.887578
-0.484490
0.717973
0.499252
0.178237
-0.963087
-0.786233
-0.496974
0.496638
0.552304
-0.828378
0.698438
0.492164
-0.277801
0.488607
0.087069
0.431353
0.388550
0.120760
-0.854635
-0.052433
0.860013
0.487474
0.232197
0.471969
0.085402
0.992294
-0.144614
0.123265
0.942438
0.739519
0.622578
0.882439
-0.416682
0.358138
0.510908
-0.021338
-0.703322
0.088508
0.971081
0.828418
0.620804
0.006409
0.190747
0.721404
0.439661
0.227413
-0.317382
-0.213507
0.701813
0.050978
-0.324197
0.002041
-0.136025
-0.323768
-0.033364
-0.613528
0.008190
0.865624
0.126529
0.797414
0.757243
-0.009707
-0.855106
0.039548
0.868872
0.417489
-0.124794
-0.595039
0.944011
0.241857
-0.607805
-0.922008
-0.024744
-0.601569
0.815798
-0.213610
-0.846041
0.071108
-0.983273
0.055355
0.724406
0.335736
-0.830623
-0.729081
-0.533334
-0.885946
0.804807
-0.207998
-0.375621
-0.890535
-0.782635
-0.588040
-0.786753
-0.178537
-0.545478
0.830197
-0.513640
0.383555
0.659879
-0.655227
-0.430651
0.326981
0.257008
0.598164
0.588269
-0.343490
-0.992687
-0.013317
0.780441
-0.892847
0.194233
-0.298049
-0.445147
0.304528
0.424144
-0.722695
0.461029
-0.597727
0.724868
0.794838
-0.623883
-0.285516
0.727872
0.034301
-0.114126
0.619349
0.742544
0.608406
-0.547141
0.983188
-0.728228
0.441633
0.091217
0.642221
0.389343
0.737514
-0.027182
0.939053
-0.039466
-0.590397
0.704428
-0.066065
0.681072
0.769365
-0.776399
-0.204085
0.673421
0.296995
0.414275
0.056117
-0.621966
-0.984310
0.598021
-0.766911
0.282239
0.385617
0.454485
0.593823
-0.567114
0.699035
-0.753489
0.526763
0.760583
0.626687
-0.955733
0.912996
0.043666
0.012011
-0.144598
0.537470
-0.314519
-0.804780
0.667619
-0.860984
0.933230
-0.565533
-0.083065
-0.337214
0.996349
0.208723
-0.886570
-0.754762
0.147891
-0.053292
0.624912
0.430329
0.397805
-0.645555
0.567347
-0.038827
-0.215013
-0.325994
-0.296755
-0.927679
-0.490659
0.916147
0.217055
-0.295250
0.221560
-0.938088
-0.844701
0.780430
0.887403
0.181276
-0.848833
-0.286228
-0.564665
-0.576728
-0.372249
0.866410
-0.066614
-0.537050
0.250660
-0.789033
-0.233569
-0.733980
-0.145067
-0.591516
0.962515
-0.998113
-0.266403
0.009275
0.087574
-0.687276
0.101141
0.348587
-0.168744
0.744789
-0.248058
0.672583
0.114504
0.016958
-0.010806
-0.774319
-0.359881
-0.919862
-0.459303
-0.719002
-0.151630
-0.190693
0.285604
0.454262
-0.643099
-0.745376
-0.919349
-0.642742
0.922999
0.312292
-0.143961
0.154107
0.563046
-0.260002
0.198587
0.391355
0.326296
-0.638690
-0.038572
-0.411921
-0.866744
-0.517586
0.413581
-0.128990
0.538971
0.073109
-0.550500
-0.922630
0.740822
-0.257871
0.107548
-0.544398
0.766737
-0.360704
0.130578
0.349348
-0.650908
-0.943471
-0.340576
-0.177545
-0.616225
0.078461
-0.927490
0.699088
0.907144
0.064240
-0.300693
-0.307010
0.605860
0.687337
0.611528
-0.141314
0.928292
-0.802494
0.256673
0.773453
-0.718609
0.087403
0.403199
0.755091
-0.548043
-0.519109
-0.209919
0.017156
0.188319
0.518182
-0.952008
0.960001
0.650829
-0.394453
0.176186
-0.407766
-0.016412
0.363810
0.487562
0.856491
0.602861
-0.415305
-0.183972
0.184816
-0.040122
0.657767
-0.797158
-0.393743
0.681743
-0.264118
-0.300987
0.682895
-0.438634
-0.224026
-0.184914
-0.425181
0.920271
0.322029
0.902846
-0.292422
0.323369
0.991262
0.076045
-0.469007
-0.035736
0.736819
0.494157
0.171175
-0.567334
-0.682526
0.290437
-0.162610
-0.236767
-0.921470
-0.801011
-0.985294
0.389940
0.503596
-0.615014
0.959911
-0.483399
0.226232
0.512620
-0.569074
0.485272
-0.534196
0.789495
0.740050
-0.156452
0.968644
0.645521
0.245099
-0.106623
-0.212636
0.385602
-0.998566
-0.840824
-0.648655
-0.810463
-0.324504
-0.506505
0.763710
0.316568
-0.315469
0.861615
0.481560
-0.047323
0.531569
-0.316576
-0.186864
-0.002298
0.420487
0.952159
-0.663718
0.580815
-0.855303
-0.510421
0.503752
-0.609651
0.507008
-0.281110
0.268456
0.435736
-0.601300
-0.679212
-0.237781
-0.502616
-0.888723
-0.858371
-0.970179
-0.218499
-0.462406
0.306543
0.587534
0.968036
-0.000355
0.679249
-0.131527
-0.814310
0.548797
-0.200723
0.024569
-0.981515
0.723265
-0.350896
-0.860816
0.164741
-0.661067
-0.560651
-0.056694
-0.130795
-0.792436
0.278937
-0.186923
0.128436
-0.835084
0.602311
0.568589
-0.010827
-0.360609
0.767804
-0.599279
0.512590
0.772872
0.466557
0.267706
0.182000
0.593950
0.441997
0.102675
0.963616
0.649362
0.200041
-0.138225
-0.028256
-0.473775
-0.923147
-0.346137
-0.771808
-0.057426
-0.586015
-0.679950
-0.185787
-0.264428
0.042919
-0.843088
-0.405418
0.657111
-0.032021
0.962236
0.680216
0.222927
0.681817
0.852928
-0.562572
0.088690
-0.114845
0.898546
0.490429
-0.560730
0.550469
0.954568
0.533192
0.383440
0.030334
0.136537
-0.796242
0.971201
0.734023
-0.685592
0.079324
-0.759036
-0.440466
0.690660
-0.464663
0.272211
-0.540567
-0.233038
0.036648
-0.584352
-0.491705
-0.616254
0.741935
0.873707
0.880794
0.920533
-0.986424
-0.163101
-0.099809
-0.029439
-0.472388
-0.832253
-0.508499
0.568374
0.865692
-0.117598
0.367399
-0.288756
-0.569830
-0.769200
0.913984
0.944192
-0.612522
0.572365
-0.901105
-0.719871
-0.669198
0.050205
0.853415
-0.963684
0.794077
-0.149138
-0.320854
0.227424
-0.136566
-0.752122
-0.199562
-0.741194
0.481619
0.997397
-0.892606
-0.467543
-0.090187
-0.224867
-0.147998
-0.225333
0.033601
-0.475087
-0.622172
0.578877
-0.374989
-0.698535
0.597409
-0.692737
0.973807
-0.053570
-0.036111
-0.462191
-0.164528
-0.230287
-0.085995
0.731683
-0.544627
0.471894
-0.470818
0.845390
-0.830913
0.488372
0.874109
0.085140
-0.173375
-0.395902
0.133312
-0.145506
0.078836
0.218595
0.399657
-0.361578
-0.240813
-0.304382
-0.416675
-0.502571
-0.486447
-0.279727
0.803524
-0.702224
-0.697506
0.958210
0.033145
-0.953296
-0.867980
-0.883816
0.954616
0.088994
-0.815866
0.578586
-0.989373
0.299018
0.978902
0.357000
-0.557523
-0.160745
-0.880113
-0.532518
-0.903275
0.759203
-0.535551
-0.999546
-0.314818
-0.515293
0.932549
0.322685
0.980570
-0.450668
0.822241
0.373357
0.338537
0.924676
-0.845033
0.703074
0.129905
0.454326
-0.178803
-0.670538
-0.600857
-0.695544
-0.076387
0.008140
0.650270
-0.877567
-0.315332
-0.670949
-0.478667
0.386339
-0.694114
0.017078
-0.955731
0.084067
-0.975860
0.985608
0.153918
0.526570
-0.847831
0.432953
-0.960634
0.582008
-0.456279
-0.186381
-0.879127
0.235115
-0.476494
-0.246100
0.697505
-0.303451
0.554322
-0.262759
0.397314
0.444923
0.803483
0.510989
-0.329554
0.247252
0.268101
-0.001577
0.153844
-0.496671
0.202942
-0.856579
-0.373189
0.206583
-0.281538
0.226145
0.289434
0.683384
-0.573104
-0.342816
0.517973
-0.641293
-0.651179
-0.442325
-0.578709
0.528800
0.773865
0.942592
-0.915058
-0.887942
0.520411
0.552233
-0.199709
0.877767
0.244395
0.093003
-0.579894
-0.247670
0.970689
0.063964
-0.318128
-0.119562
-0.159535
0.427911
-0.456802
0.798733
-0.145388
-0.768294
0.917108
-0.151526
0.277251
0.356032
0.389964
0.234290
-0.430254
-0.824714
-0.077045
-0.388792
-0.549366
0.268284
-0.988988
0.512427
-0.302359
-0.776976
0.514620
0.418642
0.198089
-0.384408
0.608989
0.608828
0.779039
-0.364901
-0.238017
-0.898755
-0.738052
0.275548
0.640975
0.814084
-0.189349
0.830003
0.255338
0.326621
0.940149
-0.923198
0.222683
-0.051130
0.641015
-0.512770
-0.103829
0.036731
-0.963942
-0.686774
-0.823716
0.961522
0.797194
-0.140337
-0.924431
0.333418
-0.371132
0.089763
-0.029489
0.181832
0.539545
-0.532839
0.706693
0.602743
-0.862020
-0.046492
0.281420
0.838077
0.037875
-0.745635
-0.450911
0.445223
0.002239
-0.227013
0.471285
0.020426
-0.660590
0.695943
-0.113493
0.962831
0.025182
-0.799265
-0.980081
-0.220902
-0.542026
-0.868316
-0.485646
0.671071
-0.342982
0.210143
-0.915910
-0.036600
-0.486028
-0.326070
0.709834
-0.140902
0.343286
-0.912879
-0.701136
0.337800
-0.414551
-0.888069
-0.645858
-0.561264
0.072859
-0.784189
-0.818202
0.146446
0.178078
-0.813015
0.091149
0.447991
-0.178314
-0.255267
-0.074932
-0.182685
-0.650326
-0.136696
0.185704
0.985449
-0.975725
0.907147
0.567834
0.012503
0.176223
0.217025
-0.405846
-0.219774
-0.823435
0.224094
-0.708921
0.038527
0.945420
-0.417039
0.192912
-0.015155
-0.677852
0.131464
0.720245
0.413554
-0.385420
0.873916
0.274403
0.753302
-0.498067
-0.747470
-0.984672
-0.082954
-0.778004
0.031724
-0.676657
-0.665357
0.247298
0.827577
0.545619
0.430200
-0.257065
0.696218
0.616811
-0.921216
0.211994
0.640135
0.652682
0.983066
-0.461677
0.687759
-0.615968
0.678199
0.730142
-0.263500
-0.258053
-0.332447
0.520070
0.597112
-0.024200
-0.854203
-0.795336
0.949520
-0.172669
-0.688615
0.792513
-0.425485
0.286739
-0.431423
0.161937
-0.432986
0.086812
0.978433
0.122712
-0.473053
0.726983
-0.204730
0.991605
-0.458651
-0.172148
0.799819
0.211519
-0.855303
0.648189
-0.590991
0.373905
-0.577474
-0.025968
-0.744301
0.436920
-0.264684
-0.627510
-0.324488
-0.338798
0.267558
0.874225
0.022591
0.053285
0.244334
0.128170
-0.201717
0.904903
0.377259
0.196476
-0.198684
-0.895630
-0.408373
0.948485
-0.025119
-0.221671
-0.565485
0.160353
0.310049
-0.651287
0.012922
0.121044
0.468437
0.670725
0.870153
0.029535
0.967692
-0.491495
-0.578244
-0.640304
0.130036
-0.256828
-0.256854
-0.162118
-0.894817
-0.322828
-0.335544
-0.017465
0.918387
-0.022712
-0.633729
0.371745
-0.273743
-0.486935
-0.213039
-0.531875
0.345134
-0.596118
-0.145638
0.212249
0.011735
0.120385
0.937685
0.272605
0.712707
0.960898
-0.465943
0.559702
-0.665916
0.606052
0.107604
0.318708
0.992669
0.701232
0.352355
-0.561862
-0.421510
0.616470
-0.464815
-0.046200
0.561263
0.297010
0.905630
0.096838
0.186316
-0.609667
0.894323
0.647247
0.147900
0.698893
-0.916842
0.176001
-0.583369
-0.602737
0.484584
-0.707958
0.101321
0.201584
0.958064
0.544304
0.158627
-0.902467
-0.785942
-0.591487
0.253666
-0.179003
0.685076
0.500322
-0.548671
0.371426
0.473589
-0.474979
0.171557
0.459778
0.896850
-0.390478
-0.666341
0.765673
-0.924360
0.545045
-0.327375
-0.422380
-0.941659
-0.459883
-0.103678
0.925741
0.757061
-0.989352
-0.324060
0.583813
0.265354
0.626364
0.477984
0.540178
0.182191
-0.029310
0.406063
0.721023
0.760263
0.255240
0.858153
-0.096907
0.170441
0.066061
-0.104115
-0.950248
-0.435347
0.709640
0.972361
-0.979532
-0.865944
-0.121015
-0.723945
-0.024373
0.942145
0.323530
-0.108301
0.583148
0.741781
0.962657
0.514965
0.231585
-0.417993
-0.872248
-0.418083
-0.482003
-0.522542
-0.305205
-0.063547
-0.406296
-0.609940
0.558673
0.100985
-0.551655
-0.177355
-0.393032
-0.988117
0.288411
0.212067
0.361956
-0.485836
0.127435
0.929646
0.660234
0.381013
-0.690649
-0.521949
-0.021640
-0.875499
-0.492067
-0.361156
0.698538
0.046385
0.407972
0.757260
-0.920762
-0.664762
0.078323
-0.388951
0.790235
-0.263381
0.122446
-0.349792
-0.926557
0.800166
0.895376
0.670960
0.436662
0.167546
-0.465196
-0.346515
-0.867073
-0.893304
-0.021215
0.769710
-0.230778
-0.214210
-0.910006
-0.003740
-0.293794
-0.289121
0.566774
-0.664371
0.876128
-0.693711
0.401731
-0.158527
-0.659075
0.778001
0.687458
0.561399
0.253605
-0.493602
0.866386
0.001753
0.386802
-0.576404
0.717961
-0.093168
-0.895306
0.173536
-0.178134
0.684928
-0.636383
-0.906630
0.055624
-0.753896
-0.662333
-0.531032
-0.701464
0.210203
-0.586326
-0.451175
0.178942
-0.396331
0.129638
-0.060309
0.166037
0.952028
0.909275
-0.206224
-0.075343
0.007547
0.660354
-0.554793
-0.052480
0.775507
-0.356307
0.748593
0.159222
-0.438233
-0.724202
0.702564
-0.246329
-0.037129
-0.236851
0.642247
-0.955681
0.791438
-0.879106
0.346783
0.979735
0.958476
0.442272
-0.306844
0.910828
-0.573077
0.036630
-0.161600
0.267577
0.041245
-0.287164
0.588705
-0.023324
0.835266
0.862717
0.776652
-0.695186
-0.771354
-0.290116
-0.385413
-0.281780
0.205689
0.118123
-0.904583
0.836384
-0.576836
0.105269
0.502066
-0.846266
0.143365
0.359104
-0.908160
-0.036624
-0.261971
-0.808049
0.844241
-0.539818
-0.813490
0.339782
-0.275080
0.506755
0.594852
-0.038986
-0.926657
-0.377385
-0.206037
0.273339
-0.102779
0.046782
0.372654
-0.783948
-0.767722
-0.855367
-0.970613
-0.505319
0.904444
-0.969779
-0.291150
0.533030
-0.090471
0.483283
0.478134
-0.081752
-0.942695
0.468303
0.378621
0.599567
0.338438
0.818505
-0.759273
0.835295
0.456233
-0.429588
0.003891
-0.230968
0.138610
-0.123912
0.820392
-0.282515
0.607387
0.274805
0.962843
0.981285
0.585080
-0.822453
0.978560
-0.538041
-0.108540
0.258438
0.444747
-0.828179
0.559063
0.035260
0.972700
0.643603
-0.038704
-0.518007
-0.208510
0.308046
-0.213659
-0.057655
0.300594
-0.321593
-0.338414
0.817836
-0.378798
0.851577
-0.474151
0.428174
0.291903
0.901224
-0.477600
0.599157
0.915327
-0.507044
-0.730949
0.754310
0.820443
0.182486
0.551309
0.791598
-0.911209
0.480072
-0.130040
-0.983301
0.383637
0.498231
0.192276
-0.572154
0.309855
-0.489538
0.671848
-0.172710
-0.147220
0.855277
-0.405399
0.082061
-0.217334
0.202154
-0.019043
0.305378
-0.843781
-0.707819
0.533396
-0.723833
0.480610
0.965098
0.067205
-0.539250
0.999610
0.338997
-0.704786
-0.237328
0.228130
0.127157
-0.320696
0.599783
0.875575
-0.527656
-0.322511
0.058511
0.184214
-0.208765
-0.645767
0.222706
0.415107
0.465865
-0.504528
-0.868447
0.316904
-0.790140
0.472804
0.220668
-0.105595
0.227867
0.444142
-0.770462
-0.860718
-0.322279
0.911838
0.910230
-0.241812
0.281230
-0.915155
0.930031
0.011268
0.167427
0.349573
-0.014862
-0.445071
-0.393428
0.166505
-0.317363
-0.495376
0.109374
-0.032395
-0.259536
-0.864790
0.774938
0.200503
0.261541
0.819860
-0.306082
0.263445
-0.315210
-0.234333
0.991290
0.635644
0.603652
-0.805247
-0.444218
-0.626185
0.729990
-0.890510
0.603828
0.672237
0.398626
-0.844012
0.428238
-0.494828
0.155754
-0.369567
0.538501
0.103657
0.872251
-0.402656
-0.167566
-0.224471
0.146803
-0.341989
-0.354633
0.509880
0.883983
-0.078061
0.818530
-0.249003
0.471871
0.945789
0.268505
0.023804
0.161240
0.735411
-0.981989
-0.654421
0.735495
-0.391780
-0.370429
-0.423701
-0.450726
0.635065
0.255401
0.454585
-0.779290
-0.756764
0.130347
-0.411072
-0.164288
0.760213
-0.821500
0.516892
0.904841
0.878962
-0.185330
-0.058917
0.854531
0.919856
0.112231
-0.920389
-0.757391
-0.145170
0.264802
0.623884
-0.735433
0.540061
-0.638460
-0.731406
0.158811
-0.014015
-0.946614
-0.302276
0.530380
0.445299
0.471395
-0.143701
0.850656
-0.984817
-0.246012
-0.176471
0.897880
-0.298494
0.029553
0.056689
0.045655
0.468009
-0.531663
-0.182648
0.526836
0.701163
-0.515910
0.327609
0.432301
0.201189
-0.866696
0.772392
0.720279
-0.650237
0.605171
-0.372067
0.045153
-0.325309
0.333201
-0.469348
-0.498214
0.882242
0.563920
0.355063
-0.033638
-0.436768
0.865110
-0.977395
-0.042943
-0.384458
0.651865
-0.163221
0.502558
0.448058
0.250867
0.462501
-0.088701
0.434524
-0.136386
0.037496
0.092953
0.261271
-0.039633
0.957895
-0.067251
-0.393868
-0.003621
-0.866680
-0.358760
-0.289969
0.702978
-0.470066
0.422244
-0.787740
-0.607531
0.659288
0.498631
-0.769398
0.193446
0.263550
0.040320
0.733882
-0.640681
-0.426266
0.855801
-0.217091
0.289813
-0.341293
-0.871362
0.348003
0.024340
-0.004487
-0.723449
-0.888529
-0.292189
-0.360764
0.546180
-0.995718
-0.529057
-0.284719
-0.097848
-0.100549
-0.895302
-0.352048
-0.453837
0.979784
-0.248703
-0.460877
-0.521023
-0.869908
-0.104217
-0.972680
-0.416354
-0.572077
-0.842633
-0.357490
0.647595
-0.142872
0.997690
-0.813572
0.863805
-0.329902
-0.190689
0.526039
-0.648977
0.064797
0.185909
0.626525
-0.771770
0.938026
0.181973
0.865260
0.596342
-0.583011
-0.068257
0.659836
0.195374
0.444609
-0.459995
-0.192653
0.748889
0.145341
0.013424
-0.806216
-0.853537
-0.570207
0.653786
0.607135
-0.984604
-0.429085
-0.257466
0.031472
0.549447
0.734588
0.973325
-0.050738
-0.454752
0.031359
0.036816
0.186089
0.445629
0.711475
0.144097
0.776807
-0.400869
-0.961345
-0.674601
0.203108
0.352053
0.752639
0.503494
-0.253755
0.676461
0.926721
-0.762712
0.574744
0.857719
0.227276
0.262918
-0.284378
0.793991
0.857616
0.616536
0.539493
-0.035965
0.164140
0.563560
-0.897669
-0.817294
-0.139715
-0.028229
0.003739
-0.276668
0.276449
-0.340939
0.997122
-0.643337
-0.036200
-0.033868
-0.102735
-0.896068
-0.014437
0.380151
0.407873
0.929381
-0.786017
-0.325596
-0.485763
-0.270364
0.493487
0.378218
-0.462841
0.656756
-0.475774
0.702969
-0.723536
-0.195259
0.083013
-0.279716
-0.313769
0.932356
0.147923
0.206651
-0.664757
-0.334654
-0.239518
-0.724543
-0.418512
-0.969267
0.087525
0.897312
0.357756
-0.394755
-0.186242
-0.717880
-0.799661
-0.557557
0.949745
-0.381462
-0.844704
0.530223
0.944084
-0.147697
-0.793962
-0.037898
-0.283265
0.158440
-0.908140
0.025446
0.557092
-0.141904
-0.662862
-0.505651
0.797386
-0.758523
0.285434
-0.518976
0.546836
-0.820601
0.789042
0.573226
-0.674307
-0.884633
0.785312
0.854024
0.630148
-0.294463
0.425322
-0.316485
0.434374
0.056280
-0.528198
0.199736
-0.767075
-0.847798
-0.569093
0.660131
-0.404656
-0.705397
0.492230
0.343545
0.416726
-0.715009
0.688341
-0.172902
0.838784
-0.699662
-0.216949
-0.864663
-0.545641
0.025335
0.205886
-0.846276
-0.751263
0.130171
-0.406880
0.413260
-0.794864
0.606004
0.883384
-0.277192
-0.979431
0.867499
-0.387134
-0.336057
0.795871
0.568811
0.187561
0.692248
-0.138928
-0.861926
0.950821
0.515553
0.595609
-0.031654
-0.534283
0.513293
-0.124470
0.131704
-0.090086
-0.783199
-0.299986
-0.118794
-0.950366
-0.521260
0.006267
-0.167859
0.075384
0.719496
-0.678573
-0.219247
0.891347
-0.852873
0.438920
-0.474983
0.897308
0.746783
0.715531
0.130145
0.722126
-0.354043
-0.313912
0.218391
-0.201919
-0.953082
0.686856
-0.069929
-0.516188
0.642064
0.726058
-0.375997
-0.474239
0.662833
0.637085
0.224332
0.229542
-0.147112
-0.799536
0.282981
0.126396
0.224627
-0.978073
0.418648
-0.295138
0.973593
0.362345
0.004797
-0.216610
0.528025
-0.714430
0.891689
-0.856385
0.348052
-0.118927
-0.915462
-0.776794
-0.388481
0.710832
-0.546461
0.262947
0.947496
0.995392
-0.348042
-0.083971
-0.386663
-0.513295
0.467728
-0.620007
-0.270998
-0.915300
-0.627189
-0.626331
-0.203245
0.707100
0.743274
0.835591
-0.348464
0.490160
0.777455
-0.896716
0.052997
0.759534
-0.303009
0.054747
0.408245
-0.062214
0.011531
-0.757902
-0.416181
0.674027
-0.002224
0.611340
-0.756228
-0.006073
0.474868
-0.174756
0.415670
0.674082
-0.413022
0.653415
0.001249
-0.172715
0.543254
0.428848
0.220015
-0.214539
0.036016
-0.665286
0.719589
0.432100
0.367733
-0.919484
-0.069326
0.619849
0.197126
0.151187
-0.634373
-0.761719
-0.330422
0.147127
-0.436163
0.728733
0.588029
-0.015997
0.164870
-0.379258
0.833512
0.506951
0.751866
0.856745
0.713900
0.670488
-0.164063
-0.368128
0.955707
0.327249
-0.083493
0.956531
-0.168450
-0.182146
-0.893131
0.709137
-0.756222
-0.660483
-0.210019
-0.010034
0.717344
-0.860276
-0.525491
-0.178599
0.706346
0.959829
-0.341167
0.523485
0.379792
-0.202996
-0.591033
-0.037235
0.819647
-0.928503
-0.450855
-0.267494
-0.666909
0.805552
0.212387
0.864323
0.753838
-0.675541
-0.123334
-0.660415
0.709130
-0.194054
-0.387988
-0.165088
-0.322641
-0.692051
-0.415109
-0.797750
-0.564542
-0.811448
-0.130032
0.038906
0.173510
-0.625710
-0.080826
-0.128787
-0.088235
-0.828672
-0.205695
0.506776
0.125963
0.729356
0.923158
-0.919767
0.989507
-0.313111
0.977521
0.117634
0.121017
0.239328
-0.361809
-0.845457
-0.382270
0.333512
-0.929825
0.809954
-0.238868
0.992484
0.032466
-0.119374
0.645312
-0.518630
0.323659
-0.956422
-0.088545
-0.556782
-0.020620
0.394943
0.236311
0.170709
-0.637701
0.984316
0.024444
0.391236
0.087076
-0.441448
0.863507
0.968026
0.589031
-0.014271
-0.002209
0.518011
-0.374185
0.106742
-0.719351
0.000719
-0.186390
0.412492
0.063144
0.176704
-0.972635
0.166260
-0.171718
-0.677084
0.912584
0.024786
-0.372594
-0.316718
-0.363921
-0.086224
0.152978
-0.379529
-0.626820
0.524259
0.601636
-0.735059
0.566320
-0.868748
0.368418
-0.269266
-0.497616
0.458481
-0.598871
0.567944
-0.475168
-0.682960
-0.061645
0.323940
0.875101
-0.486095
0.019514
0.931306
-0.329983
-0.738137
-0.765048
0.355222
-0.474733
0.440832
-0.470806
-0.548237
0.073736
-0.883406
0.767996
-0.961654
-0.627670
-0.842946
0.740801
0.408847
0.092198
0.203097
0.057260
0.924583
0.115530
-0.250928
0.352112
-0.380140
0.453470
0.305054
0.371709
-0.966926
-0.745158
0.403462
0.514024
-0.246361
-0.837219
-0.775577
-0.486517
0.165739
0.117447
0.263983
-0.450855
0.008354
-0.626884
-0.243656
0.906510
0.893735
0.197980
0.941582
-0.625643
0.852015
0.156946
0.970875
0.638277
0.226986
0.187709
0.089144
0.732378
0.834724
0.774284
-0.313466
0.092619
-0.056835
0.302801
-0.991197
0.817048
0.473114
0.746319
0.250417
0.296848
0.519390
-0.862439
0.578646
0.994326
-0.240692
-0.779131
0.360282
0.404930
0.736543
0.362236
0.702850
0.360456
-0.993563
-0.836549
0.285764
-0.205970
-0.423189
0.414173
-0.191421
-0.975794
-0.794968
-0.457807
0.006265
0.342315
0.381768
-0.343534
0.245379
-0.934682
-0.204631
-0.836803
0.460443
0.915892
-0.056520
-0.246647
-0.302336
0.271291
0.296929
0.849284
-0.049783
-0.315861
-0.636473
-0.623536
0.872353
-0.097740
0.093831
-0.663764
0.098824
0.764882
0.683231
-0.358865
0.749494
-0.569281
-0.210385
-0.516471
-0.025064
-0.264583
-0.070290
0.059751
-0.958181
0.170522
-0.970288
-0.585435
0.392443
0.571333
-0.654360
0.008842
0.023072
0.039004
0.224317
0.821590
0.996842
-0.586027
0.544996
-0.748678
0.121079
0.116463
-0.015767
-0.571986
0.212634
0.180233
0.307206
0.302672
-0.838442
-0.286033
0.799967
0.789821
0.224159
-0.964243
0.629584
0.091125
0.512664
0.087787
0.256365
-0.977135
0.146256
-0.798222
-0.896676
-0.883907
0.601386
-0.935037
0.698273
0.272689
0.495492
0.700906
-0.416552
-0.516914
0.574202
0.601247
-0.952388
0.975192
-0.319099
0.111407
-0.808628
-0.201199
-0.589532
0.765611
-0.072537
-0.901511
0.374245
0.405279
0.558410
0.069810
-0.999340
-0.117265
-0.825100
-0.588923
-0.019179
-0.420083
0.128682
-0.275888
-0.365822
0.222417
-0.279203
-0.056826
0.237223
0.119297
-0.588318
-0.637123
-0.582979
-0.916654
0.239179
-0.083399
0.388301
-0.825814
0.922271
-0.899548
0.061875
-0.981923
0.027709
0.195337
-0.612274
0.240948
0.394272
-0.092020
0.980218
-0.048808
0.947601
-0.482817
-0.270355
0.082228
0.106944
-0.321519
-0.250350
-0.288084
-0.863119
-0.887551
-0.227898
0.619958
0.008266
-0.631503
0.881502
0.437399
0.092495
0.024521
0.181733
-0.592978
0.109241
-0.730043
0.877439
-0.416266
0.292094
-0.033972
-0.271758
-0.798760
0.261177
0.229806
-0.553820
-0.281322
-0.037749
-0.244406
-0.587852
0.347034
-0.310988
0.488099
0.887130
-0.098927
-0.134054
0.693109
0.504805
0.836386
-0.658110
-0.723243
-0.335852
-0.350402
-0.811514
-0.048947
-0.269949
-0.403917
0.676318
-0.691849
-0.225418
0.025376
0.376349
0.348399
0.575729
-0.567534
-0.281613
0.715915
0.559924
0.753696
0.094475
-0.145099
0.561949
0.211141
-0.326146
0.392527
-0.095796
0.641707
-0.528715
0.000185
0.825792
-0.709534
-0.547071
-0.019081
0.926405
0.944313
-0.896890
-0.255066
-0.376057
-0.030517
-0.290864
0.671079
0.390659
-0.860112
-0.792913
-0.727229
-0.002827
0.999850
0.281943
-0.081307
-0.055473
0.492745
-0.959501
-0.918453
0.745133
0.690670
0.711952
0.870764
0.707526
0.572890
-0.216504
-0.512352
0.505433
-0.980458
-0.776161
0.050327
0.861190
-0.830416
-0.289014
-0.030607
0.025310
0.234133
-0.221036
-0.854196
0.190263
-0.285941
0.017781
0.732191
0.717634
0.484506
0.297278
0.524894
-0.376241
-0.184504
0.088397
-0.944296
0.281931
0.210179
0.140574
-0.875137
0.242661
-0.702986
0.794795
-0.028731
0.933412
-0.523421
-0.354380
-0.885995
-0.650437
0.172471
-0.821054
-0.025250
0.305456
0.746722
0.803262
-0.407646
0.610187
-0.654485
-0.698778
0.773663
0.278773
-0.380736
-0.100802
-0.035153
-0.886969
-0.049282
-0.333264
-0.366631
-0.117541
-0.769978
-0.876914
0.006438
-0.916239
-0.976710
-0.857951
-0.745001
0.727807
0.630360
-0.912191
0.496324
-0.690116
-0.413221
-0.656612
-0.363650
0.808948
-0.929870
0.050404
0.293070
0.200405
0.351494
0.971949
-0.591067
-0.492232
-0.861040
0.160836
0.356121
-0.044245
0.087088
-0.537648
-0.179325
-0.266666
0.359746
0.506399
-0.894351
0.634962
-0.448541
0.870324
-0.793399
0.509863
-0.940438
-0.741727
-0.851762
0.414541
-0.570481
0.917487
-0.084747
0.811910
0.670060
-0.497775
0.459748
0.482214
-0.161790
-0.084373
-0.835191
-0.618648
-0.129417
-0.878779
0.815262
-0.941413
0.860509
0.438576
0.344543
0.093870
-0.013413
0.789116
0.725178
0.605261
-0.331971
0.587043
-0.301806
-0.682790
-0.347077
-0.460501
0.418093
-0.767267
0.432647
0.588395
-0.668451
-0.389379
-0.772323
-0.228976
-0.194253
-0.980152
0.852388
-0.261438
0.893467
0.353882
-0.660238
-0.449424
-0.747996
-0.320056
-0.677562
-0.449522
0.262751
-0.067637
-0.559025
-0.579786
-0.027653
0.437436
0.192934
-0.761238
0.825602
0.394332
-0.551234
-0.483785
0.175597
0.749487
-0.015266
-0.164032
0.250183
-0.488668
-0.880475
0.852386
0.144568
0.701160
-0.241269
0.865296
-0.243305
-0.741927
0.327469
-0.622736
-0.812685
-0.793210
-0.272971
-0.101753
0.354608
-0.869998
0.389641
-0.460053
-0.864407
0.006137
0.113624
-0.024247
-0.813939
0.302395
0.957712
0.307397
-0.060691
0.698069
-0.933164
-0.794931
-0.466593
0.006457
-0.925492
-0.583346
-0.634697
0.027305
0.920505
0.534025
0.865364
0.527264
0.140772
-0.852074
-0.407836
-0.140234
-0.523475
-0.312355
0.976780
0.955792
0.285862
-0.411304
0.634170
0.067441
0.593097
0.909816
-0.604704
-0.545747
0.867049
0.892004
-0.930516
-0.840473
-0.626176
-0.445679
-0.350843
0.170200
0.871948
0.831033
0.498551
-0.481804
0.166013
-0.248410
0.686220
0.105419
-0.143814
-0.808673
-0.664242
0.949065
0.815151
-0.121616
-0.309685
-0.038437
-0.003296
0.297467
-0.428914
0.322804
0.663091
-0.351691
-0.674799
0.761742
0.035423
-0.885826
-0.786246
0.634899
-0.855831
-0.814019
0.891396
-0.574711
-0.309554
-0.319226
-0.409419
-0.071810
-0.542646
0.865850
-0.788188
0.675817
-0.610050
-0.687587
-0.607162
-0.842121
0.312819
0.418878
-0.147203
-0.620128
0.251302
0.484543
-0.781973
-0.778793
0.628768
-0.344314
0.220726
-0.833554
0.009006
-0.072029
0.680696
0.474863
-0.615368
0.706570
0.892374
-0.270867
0.777199
-0.981804
-0.116293
0.101091
0.821668
-0.233882
0.499451
-0.139367
0.331569
0.015795
0.536179
-0.136984
0.282012
0.141329
-0.420835
0.650617
-0.116905
0.536842
0.447161
0.168450
0.323049
0.404329
0.178535
0.712570
0.760504
0.547872
0.565868
0.043199
0.631642
0.225186
0.933970
-0.070432
-0.947305
0.049377
0.501048
0.389084
-0.492661
0.883949
-0.471014
0.375968
0.512955
-0.650006
0.123232
-0.977944
0.702184
0.228062
-0.060396
-0.131160
0.722260
0.526616
0.649894
-0.323039
-0.423565
0.917809
-0.040736
0.776616
0.053500
0.423807
-0.062533
-0.196160
-0.090130
0.746739
-0.634225
-0.570258
0.978413
0.705021
-0.607721
-0.311800
-0.705860
0.155316
-0.978785
-0.185129
0.685177
-0.924166
-0.980667
-0.555870
-0.886094
0.573593
-0.964820
0.849202
0.953175
0.450782
-0.685882
-0.350250
0.230170
0.003796
-0.539891
0.743687
-0.824267
0.062339
0.134624
-0.238753
-0.857487
0.176405
0.699951
-0.933621
0.014824
0.082815
-0.535231
0.926998
0.268727
0.655013
-0.690343
0.717529
0.780819
0.271881
0.902890
-0.114404
0.942302
-0.457016
0.096290
0.403477
0.143215
-0.949602
-0.502920
-0.928820
-0.235753
0.631491
0.092814
0.725919
-0.478301
-0.733431
-0.965004
-0.494325
-0.072127
0.712307
0.159543
0.687361
-0.341852
-0.849176
-0.306562
0.651776
0.230696
0.459043
-0.806363
-0.450590
-0.427551
0.057168
0.494449
-0.540163
0.802518
-0.128822
0.154399
-0.748119
0.889970
0.770031
0.611940
0.840394
0.183829
0.026440
0.064236
-0.775234
-0.440125
0.627658
0.492510
0.866553
-0.099234
-0.811579
-0.679852
0.995027
0.478249
0.110165
-0.321825
-0.889032
0.749954
-0.567623
-0.700211
-0.354371
-0.778842
0.779387
0.429712
0.853114
0.114438
0.721710
-0.487163
-0.699103
-0.027148
0.490934
-0.525845
0.315902
-0.611347
0.675125
0.775178
-0.224837
0.075676
0.483322
-0.202681
0.293195
0.495531
-0.222410
-0.713671
0.778192
-0.206922
0.159665
-0.063351
0.980943
0.530864
-0.122683
0.723314
-0.219923
0.611006
-0.086367
-0.853367
-0.054671
-0.588591
0.846952
-0.497252
0.439379
0.894233
0.098440
-0.101824
0.032633
0.393985
0.247814
-0.846863
-0.941505
-0.298746
0.873211
-0.486874
0.755949
-0.975783
-0.038054
0.338045
-0.392107
0.748445
-0.691710
-0.437991
0.038065
-0.555848
0.394419
0.889473
0.496712
0.499956
0.198604
-0.649017
-0.477903
0.124378
0.808487
-0.650706
0.112929
-0.630323
-0.290336
-0.366115
0.988661
-0.735463
0.194625
-0.500512
-0.038880
-0.981826
0.855491
-0.901991
-0.865431
-0.508363
-0.801525
0.080435
-0.610114
-0.370825
-0.499283
0.492904
-0.392992
-0.176107
-0.959318
-0.047887
0.775503
-0.079795
0.621208
-0.376593
0.031892
-0.672159
-0.170306
-0.868216
0.806195
-0.716777
-0.556946
-0.421004
-0.901683
0.472560
0.744212
-0.467245
-0.304524
-0.788088
-0.012982
0.209225
0.612033
-0.349734
0.508565
0.574652
-0.012999
-0.363981
0.484915
0.419791
-0.430919
0.848156
0.542970
-0.820065
0.090976
0.676676
0.217375
0.456209
0.206616
-0.586318
0.506427
0.782459
-0.068067
-0.731086
-0.508346
-0.352674
0.435445
0.947871
-0.272350
0.132781
0.152459
0.561436
-0.001191
-0.726239
-0.298563
-0.436799
-0.761800
0.890158
0.986722
0.981835
0.040693
0.723656
-0.251471
0.488471
-0.965308
-0.097464
0.619507
0.462152
0.651707
-0.553257
-0.877725
-0.046189
0.198601
-0.381346
-0.776900
-0.282935
-0.231143
-0.288339
-0.110341
-0.411138
-0.535643
0.839803
