57.344000
57.345000
57.346000
57.347000
57.348000
57.349000
57.350000
57.351000
57.352000
57.353000
57.354000
57.355000
57.356000
57.357000
57.358000
57.359000
57.360000
57.361000
57.362000
57.363000
57.364000
57.365000
57.366000
57.367000
57.368000
57.369000
57.370000
57.371000
57.372000
57.373000
57.374000
57.375000
57.376000
57.377000
57.378000
57.379000
57.380000
57.381000
57.382000
57.383000
57.384000
57.385000
57.386000
57.387000
57.388000
57.389000
57.390000
57.391000
57.392000
57.393000
57.394000
57.395000
57.396000
57.397000
57.398000
57.399000
57.400000
57.401000
57.402000
57.403000
57.404000
57.405000
57.406000
57.407000
57.408000
57.409000
57.410000
57.411000
57.412000
57.413000
57.414000
57.415000
57.416000
57.417000
57.418000
57.419000
57.420000
57.421000
57.422000
57.423000
57.424000
57.425000
57.426000
57.427000
57.428000
57.429000
57.430000
57.431000
57.432000
57.433000
57.434000
57.435000
57.436000
57.437000
57.438000
57.439000
57.440000
57.441000
57.442000
57.443000
57.444000
57.445000
57.446000
57.447000
57.448000
57.449000
57.450000
57.451000
57.452000
57.453000
57.454000
57.455000
57.456000
57.457000
57.458000
57.459000
57.460000
57.461000
57.462000
57.463000
57.464000
57.465000
57.466000
57.467000
57.468000
57.469000
57.470000
57.471000
57.472000
57.473000
57.474000
57.475000
57.476000
57.477000
57.478000
57.479000
57.480000
57.481000
57.482000
57.483000
57.484000
57.485000
57.486000
57.487000
57.488000
57.489000
57.490000
57.491000
57.492000
57.493000
57.494000
57.495000
57.496000
57.497000
57.498000
57.499000
57.500000
57.501000
57.502000
57.503000
57.504000
57.505000
57.506000
57.507000
57.508000
57.509000
57.510000
57.511000
57.512000
57.513000
57.514000
57.515000
57.516000
57.517000
57.518000
57.519000
57.520000
57.521000
57.522000
57.523000
57.524000
57.525000
57.526000
57.527000
57.528000
57.529000
57.530000
57.531000
57.532000
57.533000
57.534000
57.535000
57.536000
57.537000
57.538000
57.539000
57.540000
57.541000
57.542000
57.543000
57.544000
57.545000
57.546000
57.547000
57.548000
57.549000
57.550000
57.551000
57.552000
57.553000
57.554000
57.555000
57.556000
57.557000
57.558000
57.559000
57.560000
57.561000
57.562000
57.563000
57.564000
57.565000
57.566000
57.567000
57.568000
57.569000
57.570000
57.571000
57.572000
57.573000
57.574000
57.575000
57.576000
57.577000
57.578000
57.579000
57.580000
57.581000
57.582000
57.583000
57.584000
57.585000
57.586000
57.587000
57.588000
57.589000
57.590000
57.591000
57.592000
57.593000
57.594000
57.595000
57.596000
57.597000
57.598000
57.599000
57.600000
57.601000
57.602000
57.603000
57.604000
57.605000
57.606000
57.607000
57.608000
57.609000
57.610000
57.611000
57.612000
57.613000
57.614000
57.615000
57.616000
57.617000
57.618000
57.619000
57.620000
57.621000
57.622000
57.623000
57.624000
57.625000
57.626000
57.627000
57.628000
57.629000
57.630000
57.631000
57.632000
57.633000
57.634000
57.635000
57.636000
57.637000
57.638000
57.639000
57.640000
57.641000
57.642000
57.643000
57.644000
57.645000
57.646000
57.647000
57.648000
57.649000
57.650000
57.651000
57.652000
57.653000
57.654000
57.655000
57.656000
57.657000
57.658000
57.659000
57.660000
57.661000
57.662000
57.663000
57.664000
57.665000
57.666000
57.667000
57.668000
57.669000
57.670000
57.671000
57.672000
57.673000
57.674000
57.675000
57.676000
57.677000
57.678000
57.679000
57.680000
57.681000
57.682000
57.683000
57.684000
57.685000
57.686000
57.687000
57.688000
57.689000
57.690000
57.691000
57.692000
57.693000
57.694000
57.695000
57.696000
57.697000
57.698000
57.699000
57.700000
57.701000
57.702000
57.703000
57.704000
57.705000
57.706000
57.707000
57.708000
57.709000
57.710000
57.711000
57.712000
57.713000
57.714000
57.715000
57.716000
57.717000
57.718000
57.719000
57.720000
57.721000
57.722000
57.723000
57.724000
57.725000
57.726000
57.727000
57.728000
57.729000
57.730000
57.731000
57.732000
57.733000
57.734000
57.735000
57.736000
57.737000
57.738000
57.739000
57.740000
57.741000
57.742000
57.743000
57.744000
57.745000
57.746000
57.747000
57.748000
57.749000
57.750000
57.751000
57.752000
57.753000
57.754000
57.755000
57.756000
57.757000
57.758000
57.759000
57.760000
57.761000
57.762000
57.763000
57.764000
57.765000
57.766000
57.767000
57.768000
57.769000
57.770000
57.771000
57.772000
57.773000
57.774000
57.775000
57.776000
57.777000
57.778000
57.779000
57.780000
57.781000
57.782000
57.783000
57.784000
57.785000
57.786000
57.787000
57.788000
57.789000
57.790000
57.791000
57.792000
57.793000
57.794000
57.795000
57.796000
57.797000
57.798000
57.799000
57.800000
57.801000
57.802000
57.803000
57.804000
57.805000
57.806000
57.807000
57.808000
57.809000
57.810000
57.811000
57.812000
57.813000
57.814000
57.815000
57.816000
57.817000
57.818000
57.819000
57.820000
57.821000
57.822000
57.823000
57.824000
57.825000
57.826000
57.827000
57.828000
57.829000
57.830000
57.831000
57.832000
57.833000
57.834000
57.835000
57.836000
57.837000
57.838000
57.839000
57.840000
57.841000
57.842000
57.843000
57.844000
57.845000
57.846000
57.847000
57.848000
57.849000
57.850000
57.851000
57.852000
57.853000
57.854000
57.855000
57.856000
57.857000
57.858000
57.859000
57.860000
57.861000
57.862000
57.863000
57.864000
57.865000
57.866000
57.867000
57.868000
57.869000
57.870000
57.871000
57.872000
57.873000
57.874000
57.875000
57.876000
57.877000
57.878000
57.879000
57.880000
57.881000
57.882000
57.883000
57.884000
57.885000
57.886000
57.887000
57.888000
57.889000
57.890000
57.891000
57.892000
57.893000
57.894000
57.895000
57.896000
57.897000
57.898000
57.899000
57.900000
57.901000
57.902000
57.903000
57.904000
57.905000
57.906000
57.907000
57.908000
57.909000
57.910000
57.911000
57.912000
57.913000
57.914000
57.915000
57.916000
57.917000
57.918000
57.919000
57.920000
57.921000
57.922000
57.923000
57.924000
57.925000
57.926000
57.927000
57.928000
57.929000
57.930000
57.931000
57.932000
57.933000
57.934000
57.935000
57.936000
57.937000
57.938000
57.939000
57.940000
57.941000
57.942000
57.943000
57.944000
57.945000
57.946000
57.947000
57.948000
57.949000
57.950000
57.951000
57.952000
57.953000
57.954000
57.955000
57.956000
57.957000
57.958000
57.959000
57.960000
57.961000
57.962000
57.963000
57.964000
57.965000
57.966000
57.967000
57.968000
57.969000
57.970000
57.971000
57.972000
57.973000
57.974000
57.975000
57.976000
57.977000
57.978000
57.979000
57.980000
57.981000
57.982000
57.983000
57.984000
57.985000
57.986000
57.987000
57.988000
57.989000
57.990000
57.991000
57.992000
57.993000
57.994000
57.995000
57.996000
57.997000
57.998000
57.999000
58.000000
58.001000
58.002000
58.003000
58.004000
58.005000
58.006000
58.007000
58.008000
58.009000
58.010000
58.011000
58.012000
58.013000
58.014000
58.015000
58.016000
58.017000
58.018000
58.019000
58.020000
58.021000
58.022000
58.023000
58.024000
58.025000
58.026000
58.027000
58.028000
58.029000
58.030000
58.031000
58.032000
58.033000
58.034000
58.035000
58.036000
58.037000
58.038000
58.039000
58.040000
58.041000
58.042000
58.043000
58.044000
58.045000
58.046000
58.047000
58.048000
58.049000
58.050000
58.051000
58.052000
58.053000
58.054000
58.055000
58.056000
58.057000
58.058000
58.059000
58.060000
58.061000
58.062000
58.063000
58.064000
58.065000
58.066000
58.067000
58.068000
58.069000
58.070000
58.071000
58.072000
58.073000
58.074000
58.075000
58.076000
58.077000
58.078000
58.079000
58.080000
58.081000
58.082000
58.083000
58.084000
58.085000
58.086000
58.087000
58.088000
58.089000
58.090000
58.091000
58.092000
58.093000
58.094000
58.095000
58.096000
58.097000
58.098000
58.099000
58.100000
58.101000
58.102000
58.103000
58.104000
58.105000
58.106000
58.107000
58.108000
58.109000
58.110000
58.111000
58.112000
58.113000
58.114000
58.115000
58.116000
58.117000
58.118000
58.119000
58.120000
58.121000
58.122000
58.123000
58.124000
58.125000
58.126000
58.127000
58.128000
58.129000
58.130000
58.131000
58.132000
58.133000
58.134000
58.135000
58.136000
58.137000
58.138000
58.139000
58.140000
58.141000
58.142000
58.143000
58.144000
58.145000
58.146000
58.147000
58.148000
58.149000
58.150000
58.151000
58.152000
58.153000
58.154000
58.155000
58.156000
58.157000
58.158000
58.159000
58.160000
58.161000
58.162000
58.163000
58.164000
58.165000
58.166000
58.167000
58.168000
58.169000
58.170000
58.171000
58.172000
58.173000
58.174000
58.175000
58.176000
58.177000
58.178000
58.179000
58.180000
58.181000
58.182000
58.183000
58.184000
58.185000
58.186000
58.187000
58.188000
58.189000
58.190000
58.191000
58.192000
58.193000
58.194000
58.195000
58.196000
58.197000
58.198000
58.199000
58.200000
58.201000
58.202000
58.203000
58.204000
58.205000
58.206000
58.207000
58.208000
58.209000
58.210000
58.211000
58.212000
58.213000
58.214000
58.215000
58.216000
58.217000
58.218000
58.219000
58.220000
58.221000
58.222000
58.223000
58.224000
58.225000
58.226000
58.227000
58.228000
58.229000
58.230000
58.231000
58.232000
58.233000
58.234000
58.235000
58.236000
58.237000
58.238000
58.239000
58.240000
58.241000
58.242000
58.243000
58.244000
58.245000
58.246000
58.247000
58.248000
58.249000
58.250000
58.251000
58.252000
58.253000
58.254000
58.255000
58.256000
58.257000
58.258000
58.259000
58.260000
58.261000
58.262000
58.263000
58.264000
58.265000
58.266000
58.267000
58.268000
58.269000
58.270000
58.271000
58.272000
58.273000
58.274000
58.275000
58.276000
58.277000
58.278000
58.279000
58.280000
58.281000
58.282000
58.283000
58.284000
58.285000
58.286000
58.287000
58.288000
58.289000
58.290000
58.291000
58.292000
58.293000
58.294000
58.295000
58.296000
58.297000
58.298000
58.299000
58.300000
58.301000
58.302000
58.303000
58.304000
58.305000
58.306000
58.307000
58.308000
58.309000
58.310000
58.311000
58.312000
58.313000
58.314000
58.315000
58.316000
58.317000
58.318000
58.319000
58.320000
58.321000
58.322000
58.323000
58.324000
58.325000
58.326000
58.327000
58.328000
58.329000
58.330000
58.331000
58.332000
58.333000
58.334000
58.335000
58.336000
58.337000
58.338000
58.339000
58.340000
58.341000
58.342000
58.343000
58.344000
58.345000
58.346000
58.347000
58.348000
58.349000
58.350000
58.351000
58.352000
58.353000
58.354000
58.355000
58.356000
58.357000
58.358000
58.359000
58.360000
58.361000
58.362000
58.363000
58.364000
58.365000
58.366000
58.367000
58.368000
58.369000
58.370000
58.371000
58.372000
58.373000
58.374000
58.375000
58.376000
58.377000
58.378000
58.379000
58.380000
58.381000
58.382000
58.383000
58.384000
58.385000
58.386000
58.387000
58.388000
58.389000
58.390000
58.391000
58.392000
58.393000
58.394000
58.395000
58.396000
58.397000
58.398000
58.399000
58.400000
58.401000
58.402000
58.403000
58.404000
58.405000
58.406000
58.407000
58.408000
58.409000
58.410000
58.411000
58.412000
58.413000
58.414000
58.415000
58.416000
58.417000
58.418000
58.419000
58.420000
58.421000
58.422000
58.423000
58.424000
58.425000
58.426000
58.427000
58.428000
58.429000
58.430000
58.431000
58.432000
58.433000
58.434000
58.435000
58.436000
58.437000
58.438000
58.439000
58.440000
58.441000
58.442000
58.443000
58.444000
58.445000
58.446000
58.447000
58.448000
58.449000
58.450000
58.451000
58.452000
58.453000
58.454000
58.455000
58.456000
58.457000
58.458000
58.459000
58.460000
58.461000
58.462000
58.463000
58.464000
58.465000
58.466000
58.467000
58.468000
58.469000
58.470000
58.471000
58.472000
58.473000
58.474000
58.475000
58.476000
58.477000
58.478000
58.479000
58.480000
58.481000
58.482000
58.483000
58.484000
58.485000
58.486000
58.487000
58.488000
58.489000
58.490000
58.491000
58.492000
58.493000
58.494000
58.495000
58.496000
58.497000
58.498000
58.499000
58.500000
58.501000
58.502000
58.503000
58.504000
58.505000
58.506000
58.507000
58.508000
58.509000
58.510000
58.511000
58.512000
58.513000
58.514000
58.515000
58.516000
58.517000
58.518000
58.519000
58.520000
58.521000
58.522000
58.523000
58.524000
58.525000
58.526000
58.527000
58.528000
58.529000
58.530000
58.531000
58.532000
58.533000
58.534000
58.535000
58.536000
58.537000
58.538000
58.539000
58.540000
58.541000
58.542000
58.543000
58.544000
58.545000
58.546000
58.547000
58.548000
58.549000
58.550000
58.551000
58.552000
58.553000
58.554000
58.555000
58.556000
58.557000
58.558000
58.559000
58.560000
58.561000
58.562000
58.563000
58.564000
58.565000
58.566000
58.567000
58.568000
58.569000
58.570000
58.571000
58.572000
58.573000
58.574000
58.575000
58.576000
58.577000
58.578000
58.579000
58.580000
58.581000
58.582000
58.583000
58.584000
58.585000
58.586000
58.587000
58.588000
58.589000
58.590000
58.591000
58.592000
58.593000
58.594000
58.595000
58.596000
58.597000
58.598000
58.599000
58.600000
58.601000
58.602000
58.603000
58.604000
58.605000
58.606000
58.607000
58.608000
58.609000
58.610000
58.611000
58.612000
58.613000
58.614000
58.615000
58.616000
58.617000
58.618000
58.619000
58.620000
58.621000
58.622000
58.623000
58.624000
58.625000
58.626000
58.627000
58.628000
58.629000
58.630000
58.631000
58.632000
58.633000
58.634000
58.635000
58.636000
58.637000
58.638000
58.639000
58.640000
58.641000
58.642000
58.643000
58.644000
58.645000
58.646000
58.647000
58.648000
58.649000
58.650000
58.651000
58.652000
58.653000
58.654000
58.655000
58.656000
58.657000
58.658000
58.659000
58.660000
58.661000
58.662000
58.663000
58.664000
58.665000
58.666000
58.667000
58.668000
58.669000
58.670000
58.671000
58.672000
58.673000
58.674000
58.675000
58.676000
58.677000
58.678000
58.679000
58.680000
58.681000
58.682000
58.683000
58.684000
58.685000
58.686000
58.687000
58.688000
58.689000
58.690000
58.691000
58.692000
58.693000
58.694000
58.695000
58.696000
58.697000
58.698000
58.699000
58.700000
58.701000
58.702000
58.703000
58.704000
58.705000
58.706000
58.707000
58.708000
58.709000
58.710000
58.711000
58.712000
58.713000
58.714000
58.715000
58.716000
58.717000
58.718000
58.719000
58.720000
58.721000
58.722000
58.723000
58.724000
58.725000
58.726000
58.727000
58.728000
58.729000
58.730000
58.731000
58.732000
58.733000
58.734000
58.735000
58.736000
58.737000
58.738000
58.739000
58.740000
58.741000
58.742000
58.743000
58.744000
58.745000
58.746000
58.747000
58.748000
58.749000
58.750000
58.751000
58.752000
58.753000
58.754000
58.755000
58.756000
58.757000
58.758000
58.759000
58.760000
58.761000
58.762000
58.763000
58.764000
58.765000
58.766000
58.767000
58.768000
58.769000
58.770000
58.771000
58.772000
58.773000
58.774000
58.775000
58.776000
58.777000
58.778000
58.779000
58.780000
58.781000
58.782000
58.783000
58.784000
58.785000
58.786000
58.787000
58.788000
58.789000
58.790000
58.791000
58.792000
58.793000
58.794000
58.795000
58.796000
58.797000
58.798000
58.799000
58.800000
58.801000
58.802000
58.803000
58.804000
58.805000
58.806000
58.807000
58.808000
58.809000
58.810000
58.811000
58.812000
58.813000
58.814000
58.815000
58.816000
58.817000
58.818000
58.819000
58.820000
58.821000
58.822000
58.823000
58.824000
58.825000
58.826000
58.827000
58.828000
58.829000
58.830000
58.831000
58.832000
58.833000
58.834000
58.835000
58.836000
58.837000
58.838000
58.839000
58.840000
58.841000
58.842000
58.843000
58.844000
58.845000
58.846000
58.847000
58.848000
58.849000
58.850000
58.851000
58.852000
58.853000
58.854000
58.855000
58.856000
58.857000
58.858000
58.859000
58.860000
58.861000
58.862000
58.863000
58.864000
58.865000
58.866000
58.867000
58.868000
58.869000
58.870000
58.871000
58.872000
58.873000
58.874000
58.875000
58.876000
58.877000
58.878000
58.879000
58.880000
58.881000
58.882000
58.883000
58.884000
58.885000
58.886000
58.887000
58.888000
58.889000
58.890000
58.891000
58.892000
58.893000
58.894000
58.895000
58.896000
58.897000
58.898000
58.899000
58.900000
58.901000
58.902000
58.903000
58.904000
58.905000
58.906000
58.907000
58.908000
58.909000
58.910000
58.911000
58.912000
58.913000
58.914000
58.915000
58.916000
58.917000
58.918000
58.919000
58.920000
58.921000
58.922000
58.923000
58.924000
58.925000
58.926000
58.927000
58.928000
58.929000
58.930000
58.931000
58.932000
58.933000
58.934000
58.935000
58.936000
58.937000
58.938000
58.939000
58.940000
58.941000
58.942000
58.943000
58.944000
58.945000
58.946000
58.947000
58.948000
58.949000
58.950000
58.951000
58.952000
58.953000
58.954000
58.955000
58.956000
58.957000
58.958000
58.959000
58.960000
58.961000
58.962000
58.963000
58.964000
58.965000
58.966000
58.967000
58.968000
58.969000
58.970000
58.971000
58.972000
58.973000
58.974000
58.975000
58.976000
58.977000
58.978000
58.979000
58.980000
58.981000
58.982000
58.983000
58.984000
58.985000
58.986000
58.987000
58.988000
58.989000
58.990000
58.991000
58.992000
58.993000
58.994000
58.995000
58.996000
58.997000
58.998000
58.999000
59.000000
59.001000
59.002000
59.003000
59.004000
59.005000
59.006000
59.007000
59.008000
59.009000
59.010000
59.011000
59.012000
59.013000
59.014000
59.015000
59.016000
59.017000
59.018000
59.019000
59.020000
59.021000
59.022000
59.023000
59.024000
59.025000
59.026000
59.027000
59.028000
59.029000
59.030000
59.031000
59.032000
59.033000
59.034000
59.035000
59.036000
59.037000
59.038000
59.039000
59.040000
59.041000
59.042000
59.043000
59.044000
59.045000
59.046000
59.047000
59.048000
59.049000
59.050000
59.051000
59.052000
59.053000
59.054000
59.055000
59.056000
59.057000
59.058000
59.059000
59.060000
59.061000
59.062000
59.063000
59.064000
59.065000
59.066000
59.067000
59.068000
59.069000
59.070000
59.071000
59.072000
59.073000
59.074000
59.075000
59.076000
59.077000
59.078000
59.079000
59.080000
59.081000
59.082000
59.083000
59.084000
59.085000
59.086000
59.087000
59.088000
59.089000
59.090000
59.091000
59.092000
59.093000
59.094000
59.095000
59.096000
59.097000
59.098000
59.099000
59.100000
59.101000
59.102000
59.103000
59.104000
59.105000
59.106000
59.107000
59.108000
59.109000
59.110000
59.111000
59.112000
59.113000
59.114000
59.115000
59.116000
59.117000
59.118000
59.119000
59.120000
59.121000
59.122000
59.123000
59.124000
59.125000
59.126000
59.127000
59.128000
59.129000
59.130000
59.131000
59.132000
59.133000
59.134000
59.135000
59.136000
59.137000
59.138000
59.139000
59.140000
59.141000
59.142000
59.143000
59.144000
59.145000
59.146000
59.147000
59.148000
59.149000
59.150000
59.151000
59.152000
59.153000
59.154000
59.155000
59.156000
59.157000
59.158000
59.159000
59.160000
59.161000
59.162000
59.163000
59.164000
59.165000
59.166000
59.167000
59.168000
59.169000
59.170000
59.171000
59.172000
59.173000
59.174000
59.175000
59.176000
59.177000
59.178000
59.179000
59.180000
59.181000
59.182000
59.183000
59.184000
59.185000
59.186000
59.187000
59.188000
59.189000
59.190000
59.191000
59.192000
59.193000
59.194000
59.195000
59.196000
59.197000
59.198000
59.199000
59.200000
59.201000
59.202000
59.203000
59.204000
59.205000
59.206000
59.207000
59.208000
59.209000
59.210000
59.211000
59.212000
59.213000
59.214000
59.215000
59.216000
59.217000
59.218000
59.219000
59.220000
59.221000
59.222000
59.223000
59.224000
59.225000
59.226000
59.227000
59.228000
59.229000
59.230000
59.231000
59.232000
59.233000
59.234000
59.235000
59.236000
59.237000
59.238000
59.239000
59.240000
59.241000
59.242000
59.243000
59.244000
59.245000
59.246000
59.247000
59.248000
59.249000
59.250000
59.251000
59.252000
59.253000
59.254000
59.255000
59.256000
59.257000
59.258000
59.259000
59.260000
59.261000
59.262000
59.263000
59.264000
59.265000
59.266000
59.267000
59.268000
59.269000
59.270000
59.271000
59.272000
59.273000
59.274000
59.275000
59.276000
59.277000
59.278000
59.279000
59.280000
59.281000
59.282000
59.283000
59.284000
59.285000
59.286000
59.287000
59.288000
59.289000
59.290000
59.291000
59.292000
59.293000
59.294000
59.295000
59.296000
59.297000
59.298000
59.299000
59.300000
59.301000
59.302000
59.303000
59.304000
59.305000
59.306000
59.307000
59.308000
59.309000
59.310000
59.311000
59.312000
59.313000
59.314000
59.315000
59.316000
59.317000
59.318000
59.319000
59.320000
59.321000
59.322000
59.323000
59.324000
59.325000
59.326000
59.327000
59.328000
59.329000
59.330000
59.331000
59.332000
59.333000
59.334000
59.335000
59.336000
59.337000
59.338000
59.339000
59.340000
59.341000
59.342000
59.343000
59.344000
59.345000
59.346000
59.347000
59.348000
59.349000
59.350000
59.351000
59.352000
59.353000
59.354000
59.355000
59.356000
59.357000
59.358000
59.359000
59.360000
59.361000
59.362000
59.363000
59.364000
59.365000
59.366000
59.367000
59.368000
59.369000
59.370000
59.371000
59.372000
59.373000
59.374000
59.375000
59.376000
59.377000
59.378000
59.379000
59.380000
59.381000
59.382000
59.383000
59.384000
59.385000
59.386000
59.387000
59.388000
59.389000
59.390000
59.391000
59.392000
59.393000
59.394000
59.395000
59.396000
59.397000
59.398000
59.399000
59.400000
59.401000
59.402000
59.403000
59.404000
59.405000
59.406000
59.407000
59.408000
59.409000
59.410000
59.411000
59.412000
59.413000
59.414000
59.415000
59.416000
59.417000
59.418000
59.419000
59.420000
59.421000
59.422000
59.423000
59.424000
59.425000
59.426000
59.427000
59.428000
59.429000
59.430000
59.431000
59.432000
59.433000
59.434000
59.435000
59.436000
59.437000
59.438000
59.439000
59.440000
59.441000
59.442000
59.443000
59.444000
59.445000
59.446000
59.447000
59.448000
59.449000
59.450000
59.451000
59.452000
59.453000
59.454000
59.455000
59.456000
59.457000
59.458000
59.459000
59.460000
59.461000
59.462000
59.463000
59.464000
59.465000
59.466000
59.467000
59.468000
59.469000
59.470000
59.471000
59.472000
59.473000
59.474000
59.475000
59.476000
59.477000
59.478000
59.479000
59.480000
59.481000
59.482000
59.483000
59.484000
59.485000
59.486000
59.487000
59.488000
59.489000
59.490000
59.491000
59.492000
59.493000
59.494000
59.495000
59.496000
59.497000
59.498000
59.499000
59.500000
59.501000
59.502000
59.503000
59.504000
59.505000
59.506000
59.507000
59.508000
59.509000
59.510000
59.511000
59.512000
59.513000
59.514000
59.515000
59.516000
59.517000
59.518000
59.519000
59.520000
59.521000
59.522000
59.523000
59.524000
59.525000
59.526000
59.527000
59.528000
59.529000
59.530000
59.531000
59.532000
59.533000
59.534000
59.535000
59.536000
59.537000
59.538000
59.539000
59.540000
59.541000
59.542000
59.543000
59.544000
59.545000
59.546000
59.547000
59.548000
59.549000
59.550000
59.551000
59.552000
59.553000
59.554000
59.555000
59.556000
59.557000
59.558000
59.559000
59.560000
59.561000
59.562000
59.563000
59.564000
59.565000
59.566000
59.567000
59.568000
59.569000
59.570000
59.571000
59.572000
59.573000
59.574000
59.575000
59.576000
59.577000
59.578000
59.579000
59.580000
59.581000
59.582000
59.583000
59.584000
59.585000
59.586000
59.587000
59.588000
59.589000
59.590000
59.591000
59.592000
59.593000
59.594000
59.595000
59.596000
59.597000
59.598000
59.599000
59.600000
59.601000
59.602000
59.603000
59.604000
59.605000
59.606000
59.607000
59.608000
59.609000
59.610000
59.611000
59.612000
59.613000
59.614000
59.615000
59.616000
59.617000
59.618000
59.619000
59.620000
59.621000
59.622000
59.623000
59.624000
59.625000
59.626000
59.627000
59.628000
59.629000
59.630000
59.631000
59.632000
59.633000
59.634000
59.635000
59.636000
59.637000
59.638000
59.639000
59.640000
59.641000
59.642000
59.643000
59.644000
59.645000
59.646000
59.647000
59.648000
59.649000
59.650000
59.651000
59.652000
59.653000
59.654000
59.655000
59.656000
59.657000
59.658000
59.659000
59.660000
59.661000
59.662000
59.663000
59.664000
59.665000
59.666000
59.667000
59.668000
59.669000
59.670000
59.671000
59.672000
59.673000
59.674000
59.675000
59.676000
59.677000
59.678000
59.679000
59.680000
59.681000
59.682000
59.683000
59.684000
59.685000
59.686000
59.687000
59.688000
59.689000
59.690000
59.691000
59.692000
59.693000
59.694000
59.695000
59.696000
59.697000
59.698000
59.699000
59.700000
59.701000
59.702000
59.703000
59.704000
59.705000
59.706000
59.707000
59.708000
59.709000
59.710000
59.711000
59.712000
59.713000
59.714000
59.715000
59.716000
59.717000
59.718000
59.719000
59.720000
59.721000
59.722000
59.723000
59.724000
59.725000
59.726000
59.727000
59.728000
59.729000
59.730000
59.731000
59.732000
59.733000
59.734000
59.735000
59.736000
59.737000
59.738000
59.739000
59.740000
59.741000
59.742000
59.743000
59.744000
59.745000
59.746000
59.747000
59.748000
59.749000
59.750000
59.751000
59.752000
59.753000
59.754000
59.755000
59.756000
59.757000
59.758000
59.759000
59.760000
59.761000
59.762000
59.763000
59.764000
59.765000
59.766000
59.767000
59.768000
59.769000
59.770000
59.771000
59.772000
59.773000
59.774000
59.775000
59.776000
59.777000
59.778000
59.779000
59.780000
59.781000
59.782000
59.783000
59.784000
59.785000
59.786000
59.787000
59.788000
59.789000
59.790000
59.791000
59.792000
59.793000
59.794000
59.795000
59.796000
59.797000
59.798000
59.799000
59.800000
59.801000
59.802000
59.803000
59.804000
59.805000
59.806000
59.807000
59.808000
59.809000
59.810000
59.811000
59.812000
59.813000
59.814000
59.815000
59.816000
59.817000
59.818000
59.819000
59.820000
59.821000
59.822000
59.823000
59.824000
59.825000
59.826000
59.827000
59.828000
59.829000
59.830000
59.831000
59.832000
59.833000
59.834000
59.835000
59.836000
59.837000
59.838000
59.839000
59.840000
59.841000
59.842000
59.843000
59.844000
59.845000
59.846000
59.847000
59.848000
59.849000
59.850000
59.851000
59.852000
59.853000
59.854000
59.855000
59.856000
59.857000
59.858000
59.859000
59.860000
59.861000
59.862000
59.863000
59.864000
59.865000
59.866000
59.867000
59.868000
59.869000
59.870000
59.871000
59.872000
59.873000
59.874000
59.875000
59.876000
59.877000
59.878000
59.879000
59.880000
59.881000
59.882000
59.883000
59.884000
59.885000
59.886000
59.887000
59.888000
59.889000
59.890000
59.891000
59.892000
59.893000
59.894000
59.895000
59.896000
59.897000
59.898000
59.899000
59.900000
59.901000
59.902000
59.903000
59.904000
59.905000
59.906000
59.907000
59.908000
59.909000
59.910000
59.911000
59.912000
59.913000
59.914000
59.915000
59.916000
59.917000
59.918000
59.919000
59.920000
59.921000
59.922000
59.923000
59.924000
59.925000
59.926000
59.927000
59.928000
59.929000
59.930000
59.931000
59.932000
59.933000
59.934000
59.935000
59.936000
59.937000
59.938000
59.939000
59.940000
59.941000
59.942000
59.943000
59.944000
59.945000
59.946000
59.947000
59.948000
59.949000
59.950000
59.951000
59.952000
59.953000
59.954000
59.955000
59.956000
59.957000
59.958000
59.959000
59.960000
59.961000
59.962000
59.963000
59.964000
59.965000
59.966000
59.967000
59.968000
59.969000
59.970000
59.971000
59.972000
59.973000
59.974000
59.975000
59.976000
59.977000
59.978000
59.979000
59.980000
59.981000
59.982000
59.983000
59.984000
59.985000
59.986000
59.987000
59.988000
59.989000
59.990000
59.991000
59.992000
59.993000
59.994000
59.995000
59.996000
59.997000
59.998000
59.999000
60.000000
60.001000
60.002000
60.003000
60.004000
60.005000
60.006000
60.007000
60.008000
60.009000
60.010000
60.011000
60.012000
60.013000
60.014000
60.015000
60.016000
60.017000
60.018000
60.019000
60.020000
60.021000
60.022000
60.023000
60.024000
60.025000
60.026000
60.027000
60.028000
60.029000
60.030000
60.031000
60.032000
60.033000
60.034000
60.035000
60.036000
60.037000
60.038000
60.039000
60.040000
60.041000
60.042000
60.043000
60.044000
60.045000
60.046000
60.047000
60.048000
60.049000
60.050000
60.051000
60.052000
60.053000
60.054000
60.055000
60.056000
60.057000
60.058000
60.059000
60.060000
60.061000
60.062000
60.063000
60.064000
60.065000
60.066000
60.067000
60.068000
60.069000
60.070000
60.071000
60.072000
60.073000
60.074000
60.075000
60.076000
60.077000
60.078000
60.079000
60.080000
60.081000
60.082000
60.083000
60.084000
60.085000
60.086000
60.087000
60.088000
60.089000
60.090000
60.091000
60.092000
60.093000
60.094000
60.095000
60.096000
60.097000
60.098000
60.099000
60.100000
60.101000
60.102000
60.103000
60.104000
60.105000
60.106000
60.107000
60.108000
60.109000
60.110000
60.111000
60.112000
60.113000
60.114000
60.115000
60.116000
60.117000
60.118000
60.119000
60.120000
60.121000
60.122000
60.123000
60.124000
60.125000
60.126000
60.127000
60.128000
60.129000
60.130000
60.131000
60.132000
60.133000
60.134000
60.135000
60.136000
60.137000
60.138000
60.139000
60.140000
60.141000
60.142000
60.143000
60.144000
60.145000
60.146000
60.147000
60.148000
60.149000
60.150000
60.151000
60.152000
60.153000
60.154000
60.155000
60.156000
60.157000
60.158000
60.159000
60.160000
60.161000
60.162000
60.163000
60.164000
60.165000
60.166000
60.167000
60.168000
60.169000
60.170000
60.171000
60.172000
60.173000
60.174000
60.175000
60.176000
60.177000
60.178000
60.179000
60.180000
60.181000
60.182000
60.183000
60.184000
60.185000
60.186000
60.187000
60.188000
60.189000
60.190000
60.191000
60.192000
60.193000
60.194000
60.195000
60.196000
60.197000
60.198000
60.199000
60.200000
60.201000
60.202000
60.203000
60.204000
60.205000
60.206000
60.207000
60.208000
60.209000
60.210000
60.211000
60.212000
60.213000
60.214000
60.215000
60.216000
60.217000
60.218000
60.219000
60.220000
60.221000
60.222000
60.223000
60.224000
60.225000
60.226000
60.227000
60.228000
60.229000
60.230000
60.231000
60.232000
60.233000
60.234000
60.235000
60.236000
60.237000
60.238000
60.239000
60.240000
60.241000
60.242000
60.243000
60.244000
60.245000
60.246000
60.247000
60.248000
60.249000
60.250000
60.251000
60.252000
60.253000
60.254000
60.255000
60.256000
60.257000
60.258000
60.259000
60.260000
60.261000
60.262000
60.263000
60.264000
60.265000
60.266000
60.267000
60.268000
60.269000
60.270000
60.271000
60.272000
60.273000
60.274000
60.275000
60.276000
60.277000
60.278000
60.279000
60.280000
60.281000
60.282000
60.283000
60.284000
60.285000
60.286000
60.287000
60.288000
60.289000
60.290000
60.291000
60.292000
60.293000
60.294000
60.295000
60.296000
60.297000
60.298000
60.299000
60.300000
60.301000
60.302000
60.303000
60.304000
60.305000
60.306000
60.307000
60.308000
60.309000
60.310000
60.311000
60.312000
60.313000
60.314000
60.315000
60.316000
60.317000
60.318000
60.319000
60.320000
60.321000
60.322000
60.323000
60.324000
60.325000
60.326000
60.327000
60.328000
60.329000
60.330000
60.331000
60.332000
60.333000
60.334000
60.335000
60.336000
60.337000
60.338000
60.339000
60.340000
60.341000
60.342000
60.343000
60.344000
60.345000
60.346000
60.347000
60.348000
60.349000
60.350000
60.351000
60.352000
60.353000
60.354000
60.355000
60.356000
60.357000
60.358000
60.359000
60.360000
60.361000
60.362000
60.363000
60.364000
60.365000
60.366000
60.367000
60.368000
60.369000
60.370000
60.371000
60.372000
60.373000
60.374000
60.375000
60.376000
60.377000
60.378000
60.379000
60.380000
60.381000
60.382000
60.383000
60.384000
60.385000
60.386000
60.387000
60.388000
60.389000
60.390000
60.391000
60.392000
60.393000
60.394000
60.395000
60.396000
60.397000
60.398000
60.399000
60.400000
60.401000
60.402000
60.403000
60.404000
60.405000
60.406000
60.407000
60.408000
60.409000
60.410000
60.411000
60.412000
60.413000
60.414000
60.415000
60.416000
60.417000
60.418000
60.419000
60.420000
60.421000
60.422000
60.423000
60.424000
60.425000
60.426000
60.427000
60.428000
60.429000
60.430000
60.431000
60.432000
60.433000
60.434000
60.435000
60.436000
60.437000
60.438000
60.439000
60.440000
60.441000
60.442000
60.443000
60.444000
60.445000
60.446000
60.447000
60.448000
60.449000
60.450000
60.451000
60.452000
60.453000
60.454000
60.455000
60.456000
60.457000
60.458000
60.459000
60.460000
60.461000
60.462000
60.463000
60.464000
60.465000
60.466000
60.467000
60.468000
60.469000
60.470000
60.471000
60.472000
60.473000
60.474000
60.475000
60.476000
60.477000
60.478000
60.479000
60.480000
60.481000
60.482000
60.483000
60.484000
60.485000
60.486000
60.487000
60.488000
60.489000
60.490000
60.491000
60.492000
60.493000
60.494000
60.495000
60.496000
60.497000
60.498000
60.499000
60.500000
60.501000
60.502000
60.503000
60.504000
60.505000
60.506000
60.507000
60.508000
60.509000
60.510000
60.511000
60.512000
60.513000
60.514000
60.515000
60.516000
60.517000
60.518000
60.519000
60.520000
60.521000
60.522000
60.523000
60.524000
60.525000
60.526000
60.527000
60.528000
60.529000
60.530000
60.531000
60.532000
60.533000
60.534000
60.535000
60.536000
60.537000
60.538000
60.539000
60.540000
60.541000
60.542000
60.543000
60.544000
60.545000
60.546000
60.547000
60.548000
60.549000
60.550000
60.551000
60.552000
60.553000
60.554000
60.555000
60.556000
60.557000
60.558000
60.559000
60.560000
60.561000
60.562000
60.563000
60.564000
60.565000
60.566000
60.567000
60.568000
60.569000
60.570000
60.571000
60.572000
60.573000
60.574000
60.575000
60.576000
60.577000
60.578000
60.579000
60.580000
60.581000
60.582000
60.583000
60.584000
60.585000
60.586000
60.587000
60.588000
60.589000
60.590000
60.591000
60.592000
60.593000
60.594000
60.595000
60.596000
60.597000
60.598000
60.599000
60.600000
60.601000
60.602000
60.603000
60.604000
60.605000
60.606000
60.607000
60.608000
60.609000
60.610000
60.611000
60.612000
60.613000
60.614000
60.615000
60.616000
60.617000
60.618000
60.619000
60.620000
60.621000
60.622000
60.623000
60.624000
60.625000
60.626000
60.627000
60.628000
60.629000
60.630000
60.631000
60.632000
60.633000
60.634000
60.635000
60.636000
60.637000
60.638000
60.639000
60.640000
60.641000
60.642000
60.643000
60.644000
60.645000
60.646000
60.647000
60.648000
60.649000
60.650000
60.651000
60.652000
60.653000
60.654000
60.655000
60.656000
60.657000
60.658000
60.659000
60.660000
60.661000
60.662000
60.663000
60.664000
60.665000
60.666000
60.667000
60.668000
60.669000
60.670000
60.671000
60.672000
60.673000
60.674000
60.675000
60.676000
60.677000
60.678000
60.679000
60.680000
60.681000
60.682000
60.683000
60.684000
60.685000
60.686000
60.687000
60.688000
60.689000
60.690000
60.691000
60.692000
60.693000
60.694000
60.695000
60.696000
60.697000
60.698000
60.699000
60.700000
60.701000
60.702000
60.703000
60.704000
60.705000
60.706000
60.707000
60.708000
60.709000
60.710000
60.711000
60.712000
60.713000
60.714000
60.715000
60.716000
60.717000
60.718000
60.719000
60.720000
60.721000
60.722000
60.723000
60.724000
60.725000
60.726000
60.727000
60.728000
60.729000
60.730000
60.731000
60.732000
60.733000
60.734000
60.735000
60.736000
60.737000
60.738000
60.739000
60.740000
60.741000
60.742000
60.743000
60.744000
60.745000
60.746000
60.747000
60.748000
60.749000
60.750000
60.751000
60.752000
60.753000
60.754000
60.755000
60.756000
60.757000
60.758000
60.759000
60.760000
60.761000
60.762000
60.763000
60.764000
60.765000
60.766000
60.767000
60.768000
60.769000
60.770000
60.771000
60.772000
60.773000
60.774000
60.775000
60.776000
60.777000
60.778000
60.779000
60.780000
60.781000
60.782000
60.783000
60.784000
60.785000
60.786000
60.787000
60.788000
60.789000
60.790000
60.791000
60.792000
60.793000
60.794000
60.795000
60.796000
60.797000
60.798000
60.799000
60.800000
60.801000
60.802000
60.803000
60.804000
60.805000
60.806000
60.807000
60.808000
60.809000
60.810000
60.811000
60.812000
60.813000
60.814000
60.815000
60.816000
60.817000
60.818000
60.819000
60.820000
60.821000
60.822000
60.823000
60.824000
60.825000
60.826000
60.827000
60.828000
60.829000
60.830000
60.831000
60.832000
60.833000
60.834000
60.835000
60.836000
60.837000
60.838000
60.839000
60.840000
60.841000
60.842000
60.843000
60.844000
60.845000
60.846000
60.847000
60.848000
60.849000
60.850000
60.851000
60.852000
60.853000
60.854000
60.855000
60.856000
60.857000
60.858000
60.859000
60.860000
60.861000
60.862000
60.863000
60.864000
60.865000
60.866000
60.867000
60.868000
60.869000
60.870000
60.871000
60.872000
60.873000
60.874000
60.875000
60.876000
60.877000
60.878000
60.879000
60.880000
60.881000
60.882000
60.883000
60.884000
60.885000
60.886000
60.887000
60.888000
60.889000
60.890000
60.891000
60.892000
60.893000
60.894000
60.895000
60.896000
60.897000
60.898000
60.899000
60.900000
60.901000
60.902000
60.903000
60.904000
60.905000
60.906000
60.907000
60.908000
60.909000
60.910000
60.911000
60.912000
60.913000
60.914000
60.915000
60.916000
60.917000
60.918000
60.919000
60.920000
60.921000
60.922000
60.923000
60.924000
60.925000
60.926000
60.927000
60.928000
60.929000
60.930000
60.931000
60.932000
60.933000
60.934000
60.935000
60.936000
60.937000
60.938000
60.939000
60.940000
60.941000
60.942000
60.943000
60.944000
60.945000
60.946000
60.947000
60.948000
60.949000
60.950000
60.951000
60.952000
60.953000
60.954000
60.955000
60.956000
60.957000
60.958000
60.959000
60.960000
60.961000
60.962000
60.963000
60.964000
60.965000
60.966000
60.967000
60.968000
60.969000
60.970000
60.971000
60.972000
60.973000
60.974000
60.975000
60.976000
60.977000
60.978000
60.979000
60.980000
60.981000
60.982000
60.983000
60.984000
60.985000
60.986000
60.987000
60.988000
60.989000
60.990000
60.991000
60.992000
60.993000
60.994000
60.995000
60.996000
60.997000
60.998000
60.999000
61.000000
61.001000
61.002000
61.003000
61.004000
61.005000
61.006000
61.007000
61.008000
61.009000
61.010000
61.011000
61.012000
61.013000
61.014000
61.015000
61.016000
61.017000
61.018000
61.019000
61.020000
61.021000
61.022000
61.023000
61.024000
61.025000
61.026000
61.027000
61.028000
61.029000
61.030000
61.031000
61.032000
61.033000
61.034000
61.035000
61.036000
61.037000
61.038000
61.039000
61.040000
61.041000
61.042000
61.043000
61.044000
61.045000
61.046000
61.047000
61.048000
61.049000
61.050000
61.051000
61.052000
61.053000
61.054000
61.055000
61.056000
61.057000
61.058000
61.059000
61.060000
61.061000
61.062000
61.063000
61.064000
61.065000
61.066000
61.067000
61.068000
61.069000
61.070000
61.071000
61.072000
61.073000
61.074000
61.075000
61.076000
61.077000
61.078000
61.079000
61.080000
61.081000
61.082000
61.083000
61.084000
61.085000
61.086000
61.087000
61.088000
61.089000
61.090000
61.091000
61.092000
61.093000
61.094000
61.095000
61.096000
61.097000
61.098000
61.099000
61.100000
61.101000
61.102000
61.103000
61.104000
61.105000
61.106000
61.107000
61.108000
61.109000
61.110000
61.111000
61.112000
61.113000
61.114000
61.115000
61.116000
61.117000
61.118000
61.119000
61.120000
61.121000
61.122000
61.123000
61.124000
61.125000
61.126000
61.127000
61.128000
61.129000
61.130000
61.131000
61.132000
61.133000
61.134000
61.135000
61.136000
61.137000
61.138000
61.139000
61.140000
61.141000
61.142000
61.143000
61.144000
61.145000
61.146000
61.147000
61.148000
61.149000
61.150000
61.151000
61.152000
61.153000
61.154000
61.155000
61.156000
61.157000
61.158000
61.159000
61.160000
61.161000
61.162000
61.163000
61.164000
61.165000
61.166000
61.167000
61.168000
61.169000
61.170000
61.171000
61.172000
61.173000
61.174000
61.175000
61.176000
61.177000
61.178000
61.179000
61.180000
61.181000
61.182000
61.183000
61.184000
61.185000
61.186000
61.187000
61.188000
61.189000
61.190000
61.191000
61.192000
61.193000
61.194000
61.195000
61.196000
61.197000
61.198000
61.199000
61.200000
61.201000
61.202000
61.203000
61.204000
61.205000
61.206000
61.207000
61.208000
61.209000
61.210000
61.211000
61.212000
61.213000
61.214000
61.215000
61.216000
61.217000
61.218000
61.219000
61.220000
61.221000
61.222000
61.223000
61.224000
61.225000
61.226000
61.227000
61.228000
61.229000
61.230000
61.231000
61.232000
61.233000
61.234000
61.235000
61.236000
61.237000
61.238000
61.239000
61.240000
61.241000
61.242000
61.243000
61.244000
61.245000
61.246000
61.247000
61.248000
61.249000
61.250000
61.251000
61.252000
61.253000
61.254000
61.255000
61.256000
61.257000
61.258000
61.259000
61.260000
61.261000
61.262000
61.263000
61.264000
61.265000
61.266000
61.267000
61.268000
61.269000
61.270000
61.271000
61.272000
61.273000
61.274000
61.275000
61.276000
61.277000
61.278000
61.279000
61.280000
61.281000
61.282000
61.283000
61.284000
61.285000
61.286000
61.287000
61.288000
61.289000
61.290000
61.291000
61.292000
61.293000
61.294000
61.295000
61.296000
61.297000
61.298000
61.299000
61.300000
61.301000
61.302000
61.303000
61.304000
61.305000
61.306000
61.307000
61.308000
61.309000
61.310000
61.311000
61.312000
61.313000
61.314000
61.315000
61.316000
61.317000
61.318000
61.319000
61.320000
61.321000
61.322000
61.323000
61.324000
61.325000
61.326000
61.327000
61.328000
61.329000
61.330000
61.331000
61.332000
61.333000
61.334000
61.335000
61.336000
61.337000
61.338000
61.339000
61.340000
61.341000
61.342000
61.343000
61.344000
61.345000
61.346000
61.347000
61.348000
61.349000
61.350000
61.351000
61.352000
61.353000
61.354000
61.355000
61.356000
61.357000
61.358000
61.359000
61.360000
61.361000
61.362000
61.363000
61.364000
61.365000
61.366000
61.367000
61.368000
61.369000
61.370000
61.371000
61.372000
61.373000
61.374000
61.375000
61.376000
61.377000
61.378000
61.379000
61.380000
61.381000
61.382000
61.383000
61.384000
61.385000
61.386000
61.387000
61.388000
61.389000
61.390000
61.391000
61.392000
61.393000
61.394000
61.395000
61.396000
61.397000
61.398000
61.399000
61.400000
61.401000
61.402000
61.403000
61.404000
61.405000
61.406000
61.407000
61.408000
61.409000
61.410000
61.411000
61.412000
61.413000
61.414000
61.415000
61.416000
61.417000
61.418000
61.419000
61.420000
61.421000
61.422000
61.423000
61.424000
61.425000
61.426000
61.427000
61.428000
61.429000
61.430000
61.431000
61.432000
61.433000
61.434000
61.435000
61.436000
61.437000
61.438000
61.439000
61.440000
61.441000
61.442000
61.443000
61.444000
61.445000
61.446000
61.447000
61.448000
61.449000
61.450000
61.451000
61.452000
61.453000
61.454000
61.455000
61.456000
61.457000
61.458000
61.459000
61.460000
61.461000
61.462000
61.463000
61.464000
61.465000
61.466000
61.467000
61.468000
61.469000
61.470000
61.471000
61.472000
61.473000
61.474000
61.475000
61.476000
61.477000
61.478000
61.479000
61.480000
61.481000
61.482000
61.483000
61.484000
61.485000
61.486000
61.487000
61.488000
61.489000
61.490000
61.491000
61.492000
61.493000
61.494000
61.495000
61.496000
61.497000
61.498000
61.499000
61.500000
61.501000
61.502000
61.503000
61.504000
61.505000
61.506000
61.507000
61.508000
61.509000
61.510000
61.511000
61.512000
61.513000
61.514000
61.515000
61.516000
61.517000
61.518000
61.519000
61.520000
61.521000
61.522000
61.523000
61.524000
61.525000
61.526000
61.527000
61.528000
61.529000
61.530000
61.531000
61.532000
61.533000
61.534000
61.535000
61.536000
61.537000
61.538000
61.539000
61.540000
61.541000
61.542000
61.543000
61.544000
61.545000
61.546000
61.547000
61.548000
61.549000
61.550000
61.551000
61.552000
61.553000
61.554000
61.555000
61.556000
61.557000
61.558000
61.559000
61.560000
61.561000
61.562000
61.563000
61.564000
61.565000
61.566000
61.567000
61.568000
61.569000
61.570000
61.571000
61.572000
61.573000
61.574000
61.575000
61.576000
61.577000
61.578000
61.579000
61.580000
61.581000
61.582000
61.583000
61.584000
61.585000
61.586000
61.587000
61.588000
61.589000
61.590000
61.591000
61.592000
61.593000
61.594000
61.595000
61.596000
61.597000
61.598000
61.599000
61.600000
61.601000
61.602000
61.603000
61.604000
61.605000
61.606000
61.607000
61.608000
61.609000
61.610000
61.611000
61.612000
61.613000
61.614000
61.615000
61.616000
61.617000
61.618000
61.619000
61.620000
61.621000
61.622000
61.623000
61.624000
61.625000
61.626000
61.627000
61.628000
61.629000
61.630000
61.631000
61.632000
61.633000
61.634000
61.635000
61.636000
61.637000
61.638000
61.639000
61.640000
61.641000
61.642000
61.643000
61.644000
61.645000
61.646000
61.647000
61.648000
61.649000
61.650000
61.651000
61.652000
61.653000
61.654000
61.655000
61.656000
61.657000
61.658000
61.659000
61.660000
61.661000
61.662000
61.663000
61.664000
61.665000
61.666000
61.667000
61.668000
61.669000
61.670000
61.671000
61.672000
61.673000
61.674000
61.675000
61.676000
61.677000
61.678000
61.679000
61.680000
61.681000
61.682000
61.683000
61.684000
61.685000
61.686000
61.687000
61.688000
61.689000
61.690000
61.691000
61.692000
61.693000
61.694000
61.695000
61.696000
61.697000
61.698000
61.699000
61.700000
61.701000
61.702000
61.703000
61.704000
61.705000
61.706000
61.707000
61.708000
61.709000
61.710000
61.711000
61.712000
61.713000
61.714000
61.715000
61.716000
61.717000
61.718000
61.719000
61.720000
61.721000
61.722000
61.723000
61.724000
61.725000
61.726000
61.727000
61.728000
61.729000
61.730000
61.731000
61.732000
61.733000
61.734000
61.735000
61.736000
61.737000
61.738000
61.739000
61.740000
61.741000
61.742000
61.743000
61.744000
61.745000
61.746000
61.747000
61.748000
61.749000
61.750000
61.751000
61.752000
61.753000
61.754000
61.755000
61.756000
61.757000
61.758000
61.759000
61.760000
61.761000
61.762000
61.763000
61.764000
61.765000
61.766000
61.767000
61.768000
61.769000
61.770000
61.771000
61.772000
61.773000
61.774000
61.775000
61.776000
61.777000
61.778000
61.779000
61.780000
61.781000
61.782000
61.783000
61.784000
61.785000
61.786000
61.787000
61.788000
61.789000
61.790000
61.791000
61.792000
61.793000
61.794000
61.795000
61.796000
61.797000
61.798000
61.799000
61.800000
61.801000
61.802000
61.803000
61.804000
61.805000
61.806000
61.807000
61.808000
61.809000
61.810000
61.811000
61.812000
61.813000
61.814000
61.815000
61.816000
61.817000
61.818000
61.819000
61.820000
61.821000
61.822000
61.823000
61.824000
61.825000
61.826000
61.827000
61.828000
61.829000
61.830000
61.831000
61.832000
61.833000
61.834000
61.835000
61.836000
61.837000
61.838000
61.839000
61.840000
61.841000
61.842000
61.843000
61.844000
61.845000
61.846000
61.847000
61.848000
61.849000
61.850000
61.851000
61.852000
61.853000
61.854000
61.855000
61.856000
61.857000
61.858000
61.859000
61.860000
61.861000
61.862000
61.863000
61.864000
61.865000
61.866000
61.867000
61.868000
61.869000
61.870000
61.871000
61.872000
61.873000
61.874000
61.875000
61.876000
61.877000
61.878000
61.879000
61.880000
61.881000
61.882000
61.883000
61.884000
61.885000
61.886000
61.887000
61.888000
61.889000
61.890000
61.891000
61.892000
61.893000
61.894000
61.895000
61.896000
61.897000
61.898000
61.899000
61.900000
61.901000
61.902000
61.903000
61.904000
61.905000
61.906000
61.907000
61.908000
61.909000
61.910000
61.911000
61.912000
61.913000
61.914000
61.915000
61.916000
61.917000
61.918000
61.919000
61.920000
61.921000
61.922000
61.923000
61.924000
61.925000
61.926000
61.927000
61.928000
61.929000
61.930000
61.931000
61.932000
61.933000
61.934000
61.935000
61.936000
61.937000
61.938000
61.939000
61.940000
61.941000
61.942000
61.943000
61.944000
61.945000
61.946000
61.947000
61.948000
61.949000
61.950000
61.951000
61.952000
61.953000
61.954000
61.955000
61.956000
61.957000
61.958000
61.959000
61.960000
61.961000
61.962000
61.963000
61.964000
61.965000
61.966000
61.967000
61.968000
61.969000
61.970000
61.971000
61.972000
61.973000
61.974000
61.975000
61.976000
61.977000
61.978000
61.979000
61.980000
61.981000
61.982000
61.983000
61.984000
61.985000
61.986000
61.987000
61.988000
61.989000
61.990000
61.991000
61.992000
61.993000
61.994000
61.995000
61.996000
61.997000
61.998000
61.999000
62.000000
62.001000
62.002000
62.003000
62.004000
62.005000
62.006000
62.007000
62.008000
62.009000
62.010000
62.011000
62.012000
62.013000
62.014000
62.015000
62.016000
62.017000
62.018000
62.019000
62.020000
62.021000
62.022000
62.023000
62.024000
62.025000
62.026000
62.027000
62.028000
62.029000
62.030000
62.031000
62.032000
62.033000
62.034000
62.035000
62.036000
62.037000
62.038000
62.039000
62.040000
62.041000
62.042000
62.043000
62.044000
62.045000
62.046000
62.047000
62.048000
62.049000
62.050000
62.051000
62.052000
62.053000
62.054000
62.055000
62.056000
62.057000
62.058000
62.059000
62.060000
62.061000
62.062000
62.063000
62.064000
62.065000
62.066000
62.067000
62.068000
62.069000
62.070000
62.071000
62.072000
62.073000
62.074000
62.075000
62.076000
62.077000
62.078000
62.079000
62.080000
62.081000
62.082000
62.083000
62.084000
62.085000
62.086000
62.087000
62.088000
62.089000
62.090000
62.091000
62.092000
62.093000
62.094000
62.095000
62.096000
62.097000
62.098000
62.099000
62.100000
62.101000
62.102000
62.103000
62.104000
62.105000
62.106000
62.107000
62.108000
62.109000
62.110000
62.111000
62.112000
62.113000
62.114000
62.115000
62.116000
62.117000
62.118000
62.119000
62.120000
62.121000
62.122000
62.123000
62.124000
62.125000
62.126000
62.127000
62.128000
62.129000
62.130000
62.131000
62.132000
62.133000
62.134000
62.135000
62.136000
62.137000
62.138000
62.139000
62.140000
62.141000
62.142000
62.143000
62.144000
62.145000
62.146000
62.147000
62.148000
62.149000
62.150000
62.151000
62.152000
62.153000
62.154000
62.155000
62.156000
62.157000
62.158000
62.159000
62.160000
62.161000
62.162000
62.163000
62.164000
62.165000
62.166000
62.167000
62.168000
62.169000
62.170000
62.171000
62.172000
62.173000
62.174000
62.175000
62.176000
62.177000
62.178000
62.179000
62.180000
62.181000
62.182000
62.183000
62.184000
62.185000
62.186000
62.187000
62.188000
62.189000
62.190000
62.191000
62.192000
62.193000
62.194000
62.195000
62.196000
62.197000
62.198000
62.199000
62.200000
62.201000
62.202000
62.203000
62.204000
62.205000
62.206000
62.207000
62.208000
62.209000
62.210000
62.211000
62.212000
62.213000
62.214000
62.215000
62.216000
62.217000
62.218000
62.219000
62.220000
62.221000
62.222000
62.223000
62.224000
62.225000
62.226000
62.227000
62.228000
62.229000
62.230000
62.231000
62.232000
62.233000
62.234000
62.235000
62.236000
62.237000
62.238000
62.239000
62.240000
62.241000
62.242000
62.243000
62.244000
62.245000
62.246000
62.247000
62.248000
62.249000
62.250000
62.251000
62.252000
62.253000
62.254000
62.255000
62.256000
62.257000
62.258000
62.259000
62.260000
62.261000
62.262000
62.263000
62.264000
62.265000
62.266000
62.267000
62.268000
62.269000
62.270000
62.271000
62.272000
62.273000
62.274000
62.275000
62.276000
62.277000
62.278000
62.279000
62.280000
62.281000
62.282000
62.283000
62.284000
62.285000
62.286000
62.287000
62.288000
62.289000
62.290000
62.291000
62.292000
62.293000
62.294000
62.295000
62.296000
62.297000
62.298000
62.299000
62.300000
62.301000
62.302000
62.303000
62.304000
62.305000
62.306000
62.307000
62.308000
62.309000
62.310000
62.311000
62.312000
62.313000
62.314000
62.315000
62.316000
62.317000
62.318000
62.319000
62.320000
62.321000
62.322000
62.323000
62.324000
62.325000
62.326000
62.327000
62.328000
62.329000
62.330000
62.331000
62.332000
62.333000
62.334000
62.335000
62.336000
62.337000
62.338000
62.339000
62.340000
62.341000
62.342000
62.343000
62.344000
62.345000
62.346000
62.347000
62.348000
62.349000
62.350000
62.351000
62.352000
62.353000
62.354000
62.355000
62.356000
62.357000
62.358000
62.359000
62.360000
62.361000
62.362000
62.363000
62.364000
62.365000
62.366000
62.367000
62.368000
62.369000
62.370000
62.371000
62.372000
62.373000
62.374000
62.375000
62.376000
62.377000
62.378000
62.379000
62.380000
62.381000
62.382000
62.383000
62.384000
62.385000
62.386000
62.387000
62.388000
62.389000
62.390000
62.391000
62.392000
62.393000
62.394000
62.395000
62.396000
62.397000
62.398000
62.399000
62.400000
62.401000
62.402000
62.403000
62.404000
62.405000
62.406000
62.407000
62.408000
62.409000
62.410000
62.411000
62.412000
62.413000
62.414000
62.415000
62.416000
62.417000
62.418000
62.419000
62.420000
62.421000
62.422000
62.423000
62.424000
62.425000
62.426000
62.427000
62.428000
62.429000
62.430000
62.431000
62.432000
62.433000
62.434000
62.435000
62.436000
62.437000
62.438000
62.439000
62.440000
62.441000
62.442000
62.443000
62.444000
62.445000
62.446000
62.447000
62.448000
62.449000
62.450000
62.451000
62.452000
62.453000
62.454000
62.455000
62.456000
62.457000
62.458000
62.459000
62.460000
62.461000
62.462000
62.463000
62.464000
62.465000
62.466000
62.467000
62.468000
62.469000
62.470000
62.471000
62.472000
62.473000
62.474000
62.475000
62.476000
62.477000
62.478000
62.479000
62.480000
62.481000
62.482000
62.483000
62.484000
62.485000
62.486000
62.487000
62.488000
62.489000
62.490000
62.491000
62.492000
62.493000
62.494000
62.495000
62.496000
62.497000
62.498000
62.499000
62.500000
62.501000
62.502000
62.503000
62.504000
62.505000
62.506000
62.507000
62.508000
62.509000
62.510000
62.511000
62.512000
62.513000
62.514000
62.515000
62.516000
62.517000
62.518000
62.519000
62.520000
62.521000
62.522000
62.523000
62.524000
62.525000
62.526000
62.527000
62.528000
62.529000
62.530000
62.531000
62.532000
62.533000
62.534000
62.535000
62.536000
62.537000
62.538000
62.539000
62.540000
62.541000
62.542000
62.543000
62.544000
62.545000
62.546000
62.547000
62.548000
62.549000
62.550000
62.551000
62.552000
62.553000
62.554000
62.555000
62.556000
62.557000
62.558000
62.559000
62.560000
62.561000
62.562000
62.563000
62.564000
62.565000
62.566000
62.567000
62.568000
62.569000
62.570000
62.571000
62.572000
62.573000
62.574000
62.575000
62.576000
62.577000
62.578000
62.579000
62.580000
62.581000
62.582000
62.583000
62.584000
62.585000
62.586000
62.587000
62.588000
62.589000
62.590000
62.591000
62.592000
62.593000
62.594000
62.595000
62.596000
62.597000
62.598000
62.599000
62.600000
62.601000
62.602000
62.603000
62.604000
62.605000
62.606000
62.607000
62.608000
62.609000
62.610000
62.611000
62.612000
62.613000
62.614000
62.615000
62.616000
62.617000
62.618000
62.619000
62.620000
62.621000
62.622000
62.623000
62.624000
62.625000
62.626000
62.627000
62.628000
62.629000
62.630000
62.631000
62.632000
62.633000
62.634000
62.635000
62.636000
62.637000
62.638000
62.639000
62.640000
62.641000
62.642000
62.643000
62.644000
62.645000
62.646000
62.647000
62.648000
62.649000
62.650000
62.651000
62.652000
62.653000
62.654000
62.655000
62.656000
62.657000
62.658000
62.659000
62.660000
62.661000
62.662000
62.663000
62.664000
62.665000
62.666000
62.667000
62.668000
62.669000
62.670000
62.671000
62.672000
62.673000
62.674000
62.675000
62.676000
62.677000
62.678000
62.679000
62.680000
62.681000
62.682000
62.683000
62.684000
62.685000
62.686000
62.687000
62.688000
62.689000
62.690000
62.691000
62.692000
62.693000
62.694000
62.695000
62.696000
62.697000
62.698000
62.699000
62.700000
62.701000
62.702000
62.703000
62.704000
62.705000
62.706000
62.707000
62.708000
62.709000
62.710000
62.711000
62.712000
62.713000
62.714000
62.715000
62.716000
62.717000
62.718000
62.719000
62.720000
62.721000
62.722000
62.723000
62.724000
62.725000
62.726000
62.727000
62.728000
62.729000
62.730000
62.731000
62.732000
62.733000
62.734000
62.735000
62.736000
62.737000
62.738000
62.739000
62.740000
62.741000
62.742000
62.743000
62.744000
62.745000
62.746000
62.747000
62.748000
62.749000
62.750000
62.751000
62.752000
62.753000
62.754000
62.755000
62.756000
62.757000
62.758000
62.759000
62.760000
62.761000
62.762000
62.763000
62.764000
62.765000
62.766000
62.767000
62.768000
62.769000
62.770000
62.771000
62.772000
62.773000
62.774000
62.775000
62.776000
62.777000
62.778000
62.779000
62.780000
62.781000
62.782000
62.783000
62.784000
62.785000
62.786000
62.787000
62.788000
62.789000
62.790000
62.791000
62.792000
62.793000
62.794000
62.795000
62.796000
62.797000
62.798000
62.799000
62.800000
62.801000
62.802000
62.803000
62.804000
62.805000
62.806000
62.807000
62.808000
62.809000
62.810000
62.811000
62.812000
62.813000
62.814000
62.815000
62.816000
62.817000
62.818000
62.819000
62.820000
62.821000
62.822000
62.823000
62.824000
62.825000
62.826000
62.827000
62.828000
62.829000
62.830000
62.831000
62.832000
62.833000
62.834000
62.835000
62.836000
62.837000
62.838000
62.839000
62.840000
62.841000
62.842000
62.843000
62.844000
62.845000
62.846000
62.847000
62.848000
62.849000
62.850000
62.851000
62.852000
62.853000
62.854000
62.855000
62.856000
62.857000
62.858000
62.859000
62.860000
62.861000
62.862000
62.863000
62.864000
62.865000
62.866000
62.867000
62.868000
62.869000
62.870000
62.871000
62.872000
62.873000
62.874000
62.875000
62.876000
62.877000
62.878000
62.879000
62.880000
62.881000
62.882000
62.883000
62.884000
62.885000
62.886000
62.887000
62.888000
62.889000
62.890000
62.891000
62.892000
62.893000
62.894000
62.895000
62.896000
62.897000
62.898000
62.899000
62.900000
62.901000
62.902000
62.903000
62.904000
62.905000
62.906000
62.907000
62.908000
62.909000
62.910000
62.911000
62.912000
62.913000
62.914000
62.915000
62.916000
62.917000
62.918000
62.919000
62.920000
62.921000
62.922000
62.923000
62.924000
62.925000
62.926000
62.927000
62.928000
62.929000
62.930000
62.931000
62.932000
62.933000
62.934000
62.935000
62.936000
62.937000
62.938000
62.939000
62.940000
62.941000
62.942000
62.943000
62.944000
62.945000
62.946000
62.947000
62.948000
62.949000
62.950000
62.951000
62.952000
62.953000
62.954000
62.955000
62.956000
62.957000
62.958000
62.959000
62.960000
62.961000
62.962000
62.963000
62.964000
62.965000
62.966000
62.967000
62.968000
62.969000
62.970000
62.971000
62.972000
62.973000
62.974000
62.975000
62.976000
62.977000
62.978000
62.979000
62.980000
62.981000
62.982000
62.983000
62.984000
62.985000
62.986000
62.987000
62.988000
62.989000
62.990000
62.991000
62.992000
62.993000
62.994000
62.995000
62.996000
62.997000
62.998000
62.999000
63.000000
63.001000
63.002000
63.003000
63.004000
63.005000
63.006000
63.007000
63.008000
63.009000
63.010000
63.011000
63.012000
63.013000
63.014000
63.015000
63.016000
63.017000
63.018000
63.019000
63.020000
63.021000
63.022000
63.023000
63.024000
63.025000
63.026000
63.027000
63.028000
63.029000
63.030000
63.031000
63.032000
63.033000
63.034000
63.035000
63.036000
63.037000
63.038000
63.039000
63.040000
63.041000
63.042000
63.043000
63.044000
63.045000
63.046000
63.047000
63.048000
63.049000
63.050000
63.051000
63.052000
63.053000
63.054000
63.055000
63.056000
63.057000
63.058000
63.059000
63.060000
63.061000
63.062000
63.063000
63.064000
63.065000
63.066000
63.067000
63.068000
63.069000
63.070000
63.071000
63.072000
63.073000
63.074000
63.075000
63.076000
63.077000
63.078000
63.079000
63.080000
63.081000
63.082000
63.083000
63.084000
63.085000
63.086000
63.087000
63.088000
63.089000
63.090000
63.091000
63.092000
63.093000
63.094000
63.095000
63.096000
63.097000
63.098000
63.099000
63.100000
63.101000
63.102000
63.103000
63.104000
63.105000
63.106000
63.107000
63.108000
63.109000
63.110000
63.111000
63.112000
63.113000
63.114000
63.115000
63.116000
63.117000
63.118000
63.119000
63.120000
63.121000
63.122000
63.123000
63.124000
63.125000
63.126000
63.127000
63.128000
63.129000
63.130000
63.131000
63.132000
63.133000
63.134000
63.135000
63.136000
63.137000
63.138000
63.139000
63.140000
63.141000
63.142000
63.143000
63.144000
63.145000
63.146000
63.147000
63.148000
63.149000
63.150000
63.151000
63.152000
63.153000
63.154000
63.155000
63.156000
63.157000
63.158000
63.159000
63.160000
63.161000
63.162000
63.163000
63.164000
63.165000
63.166000
63.167000
63.168000
63.169000
63.170000
63.171000
63.172000
63.173000
63.174000
63.175000
63.176000
63.177000
63.178000
63.179000
63.180000
63.181000
63.182000
63.183000
63.184000
63.185000
63.186000
63.187000
63.188000
63.189000
63.190000
63.191000
63.192000
63.193000
63.194000
63.195000
63.196000
63.197000
63.198000
63.199000
63.200000
63.201000
63.202000
63.203000
63.204000
63.205000
63.206000
63.207000
63.208000
63.209000
63.210000
63.211000
63.212000
63.213000
63.214000
63.215000
63.216000
63.217000
63.218000
63.219000
63.220000
63.221000
63.222000
63.223000
63.224000
63.225000
63.226000
63.227000
63.228000
63.229000
63.230000
63.231000
63.232000
63.233000
63.234000
63.235000
63.236000
63.237000
63.238000
63.239000
63.240000
63.241000
63.242000
63.243000
63.244000
63.245000
63.246000
63.247000
63.248000
63.249000
63.250000
63.251000
63.252000
63.253000
63.254000
63.255000
63.256000
63.257000
63.258000
63.259000
63.260000
63.261000
63.262000
63.263000
63.264000
63.265000
63.266000
63.267000
63.268000
63.269000
63.270000
63.271000
63.272000
63.273000
63.274000
63.275000
63.276000
63.277000
63.278000
63.279000
63.280000
63.281000
63.282000
63.283000
63.284000
63.285000
63.286000
63.287000
63.288000
63.289000
63.290000
63.291000
63.292000
63.293000
63.294000
63.295000
63.296000
63.297000
63.298000
63.299000
63.300000
63.301000
63.302000
63.303000
63.304000
63.305000
63.306000
63.307000
63.308000
63.309000
63.310000
63.311000
63.312000
63.313000
63.314000
63.315000
63.316000
63.317000
63.318000
63.319000
63.320000
63.321000
63.322000
63.323000
63.324000
63.325000
63.326000
63.327000
63.328000
63.329000
63.330000
63.331000
63.332000
63.333000
63.334000
63.335000
63.336000
63.337000
63.338000
63.339000
63.340000
63.341000
63.342000
63.343000
63.344000
63.345000
63.346000
63.347000
63.348000
63.349000
63.350000
63.351000
63.352000
63.353000
63.354000
63.355000
63.356000
63.357000
63.358000
63.359000
63.360000
63.361000
63.362000
63.363000
63.364000
63.365000
63.366000
63.367000
63.368000
63.369000
63.370000
63.371000
63.372000
63.373000
63.374000
63.375000
63.376000
63.377000
63.378000
63.379000
63.380000
63.381000
63.382000
63.383000
63.384000
63.385000
63.386000
63.387000
63.388000
63.389000
63.390000
63.391000
63.392000
63.393000
63.394000
63.395000
63.396000
63.397000
63.398000
63.399000
63.400000
63.401000
63.402000
63.403000
63.404000
63.405000
63.406000
63.407000
63.408000
63.409000
63.410000
63.411000
63.412000
63.413000
63.414000
63.415000
63.416000
63.417000
63.418000
63.419000
63.420000
63.421000
63.422000
63.423000
63.424000
63.425000
63.426000
63.427000
63.428000
63.429000
63.430000
63.431000
63.432000
63.433000
63.434000
63.435000
63.436000
63.437000
63.438000
63.439000
63.440000
63.441000
63.442000
63.443000
63.444000
63.445000
63.446000
63.447000
63.448000
63.449000
63.450000
63.451000
63.452000
63.453000
63.454000
63.455000
63.456000
63.457000
63.458000
63.459000
63.460000
63.461000
63.462000
63.463000
63.464000
63.465000
63.466000
63.467000
63.468000
63.469000
63.470000
63.471000
63.472000
63.473000
63.474000
63.475000
63.476000
63.477000
63.478000
63.479000
63.480000
63.481000
63.482000
63.483000
63.484000
63.485000
63.486000
63.487000
63.488000
63.489000
63.490000
63.491000
63.492000
63.493000
63.494000
63.495000
63.496000
63.497000
63.498000
63.499000
63.500000
63.501000
63.502000
63.503000
63.504000
63.505000
63.506000
63.507000
63.508000
63.509000
63.510000
63.511000
63.512000
63.513000
63.514000
63.515000
63.516000
63.517000
63.518000
63.519000
63.520000
63.521000
63.522000
63.523000
63.524000
63.525000
63.526000
63.527000
63.528000
63.529000
63.530000
63.531000
63.532000
63.533000
63.534000
63.535000
63.536000
63.537000
63.538000
63.539000
63.540000
63.541000
63.542000
63.543000
63.544000
63.545000
63.546000
63.547000
63.548000
63.549000
63.550000
63.551000
63.552000
63.553000
63.554000
63.555000
63.556000
63.557000
63.558000
63.559000
63.560000
63.561000
63.562000
63.563000
63.564000
63.565000
63.566000
63.567000
63.568000
63.569000
63.570000
63.571000
63.572000
63.573000
63.574000
63.575000
63.576000
63.577000
63.578000
63.579000
63.580000
63.581000
63.582000
63.583000
63.584000
63.585000
63.586000
63.587000
63.588000
63.589000
63.590000
63.591000
63.592000
63.593000
63.594000
63.595000
63.596000
63.597000
63.598000
63.599000
63.600000
63.601000
63.602000
63.603000
63.604000
63.605000
63.606000
63.607000
63.608000
63.609000
63.610000
63.611000
63.612000
63.613000
63.614000
63.615000
63.616000
63.617000
63.618000
63.619000
63.620000
63.621000
63.622000
63.623000
63.624000
63.625000
63.626000
63.627000
63.628000
63.629000
63.630000
63.631000
63.632000
63.633000
63.634000
63.635000
63.636000
63.637000
63.638000
63.639000
63.640000
63.641000
63.642000
63.643000
63.644000
63.645000
63.646000
63.647000
63.648000
63.649000
63.650000
63.651000
63.652000
63.653000
63.654000
63.655000
63.656000
63.657000
63.658000
63.659000
63.660000
63.661000
63.662000
63.663000
63.664000
63.665000
63.666000
63.667000
63.668000
63.669000
63.670000
63.671000
63.672000
63.673000
63.674000
63.675000
63.676000
63.677000
63.678000
63.679000
63.680000
63.681000
63.682000
63.683000
63.684000
63.685000
63.686000
63.687000
63.688000
63.689000
63.690000
63.691000
63.692000
63.693000
63.694000
63.695000
63.696000
63.697000
63.698000
63.699000
63.700000
63.701000
63.702000
63.703000
63.704000
63.705000
63.706000
63.707000
63.708000
63.709000
63.710000
63.711000
63.712000
63.713000
63.714000
63.715000
63.716000
63.717000
63.718000
63.719000
63.720000
63.721000
63.722000
63.723000
63.724000
63.725000
63.726000
63.727000
63.728000
63.729000
63.730000
63.731000
63.732000
63.733000
63.734000
63.735000
63.736000
63.737000
63.738000
63.739000
63.740000
63.741000
63.742000
63.743000
63.744000
63.745000
63.746000
63.747000
63.748000
63.749000
63.750000
63.751000
63.752000
63.753000
63.754000
63.755000
63.756000
63.757000
63.758000
63.759000
63.760000
63.761000
63.762000
63.763000
63.764000
63.765000
63.766000
63.767000
63.768000
63.769000
63.770000
63.771000
63.772000
63.773000
63.774000
63.775000
63.776000
63.777000
63.778000
63.779000
63.780000
63.781000
63.782000
63.783000
63.784000
63.785000
63.786000
63.787000
63.788000
63.789000
63.790000
63.791000
63.792000
63.793000
63.794000
63.795000
63.796000
63.797000
63.798000
63.799000
63.800000
63.801000
63.802000
63.803000
63.804000
63.805000
63.806000
63.807000
63.808000
63.809000
63.810000
63.811000
63.812000
63.813000
63.814000
63.815000
63.816000
63.817000
63.818000
63.819000
63.820000
63.821000
63.822000
63.823000
63.824000
63.825000
63.826000
63.827000
63.828000
63.829000
63.830000
63.831000
63.832000
63.833000
63.834000
63.835000
63.836000
63.837000
63.838000
63.839000
63.840000
63.841000
63.842000
63.843000
63.844000
63.845000
63.846000
63.847000
63.848000
63.849000
63.850000
63.851000
63.852000
63.853000
63.854000
63.855000
63.856000
63.857000
63.858000
63.859000
63.860000
63.861000
63.862000
63.863000
63.864000
63.865000
63.866000
63.867000
63.868000
63.869000
63.870000
63.871000
63.872000
63.873000
63.874000
63.875000
63.876000
63.877000
63.878000
63.879000
63.880000
63.881000
63.882000
63.883000
63.884000
63.885000
63.886000
63.887000
63.888000
63.889000
63.890000
63.891000
63.892000
63.893000
63.894000
63.895000
63.896000
63.897000
63.898000
63.899000
63.900000
63.901000
63.902000
63.903000
63.904000
63.905000
63.906000
63.907000
63.908000
63.909000
63.910000
63.911000
63.912000
63.913000
63.914000
63.915000
63.916000
63.917000
63.918000
63.919000
63.920000
63.921000
63.922000
63.923000
63.924000
63.925000
63.926000
63.927000
63.928000
63.929000
63.930000
63.931000
63.932000
63.933000
63.934000
63.935000
63.936000
63.937000
63.938000
63.939000
63.940000
63.941000
63.942000
63.943000
63.944000
63.945000
63.946000
63.947000
63.948000
63.949000
63.950000
63.951000
63.952000
63.953000
63.954000
63.955000
63.956000
63.957000
63.958000
63.959000
63.960000
63.961000
63.962000
63.963000
63.964000
63.965000
63.966000
63.967000
63.968000
63.969000
63.970000
63.971000
63.972000
63.973000
63.974000
63.975000
63.976000
63.977000
63.978000
63.979000
63.980000
63.981000
63.982000
63.983000
63.984000
63.985000
63.986000
63.987000
63.988000
63.989000
63.990000
63.991000
63.992000
63.993000
63.994000
63.995000
63.996000
63.997000
63.998000
63.999000
64.000000
64.001000
64.002000
64.003000
64.004000
64.005000
64.006000
64.007000
64.008000
64.009000
64.010000
64.011000
64.012000
64.013000
64.014000
64.015000
64.016000
64.017000
64.018000
64.019000
64.020000
64.021000
64.022000
64.023000
64.024000
64.025000
64.026000
64.027000
64.028000
64.029000
64.030000
64.031000
64.032000
64.033000
64.034000
64.035000
64.036000
64.037000
64.038000
64.039000
64.040000
64.041000
64.042000
64.043000
64.044000
64.045000
64.046000
64.047000
64.048000
64.049000
64.050000
64.051000
64.052000
64.053000
64.054000
64.055000
64.056000
64.057000
64.058000
64.059000
64.060000
64.061000
64.062000
64.063000
64.064000
64.065000
64.066000
64.067000
64.068000
64.069000
64.070000
64.071000
64.072000
64.073000
64.074000
64.075000
64.076000
64.077000
64.078000
64.079000
64.080000
64.081000
64.082000
64.083000
64.084000
64.085000
64.086000
64.087000
64.088000
64.089000
64.090000
64.091000
64.092000
64.093000
64.094000
64.095000
64.096000
64.097000
64.098000
64.099000
64.100000
64.101000
64.102000
64.103000
64.104000
64.105000
64.106000
64.107000
64.108000
64.109000
64.110000
64.111000
64.112000
64.113000
64.114000
64.115000
64.116000
64.117000
64.118000
64.119000
64.120000
64.121000
64.122000
64.123000
64.124000
64.125000
64.126000
64.127000
64.128000
64.129000
64.130000
64.131000
64.132000
64.133000
64.134000
64.135000
64.136000
64.137000
64.138000
64.139000
64.140000
64.141000
64.142000
64.143000
64.144000
64.145000
64.146000
64.147000
64.148000
64.149000
64.150000
64.151000
64.152000
64.153000
64.154000
64.155000
64.156000
64.157000
64.158000
64.159000
64.160000
64.161000
64.162000
64.163000
64.164000
64.165000
64.166000
64.167000
64.168000
64.169000
64.170000
64.171000
64.172000
64.173000
64.174000
64.175000
64.176000
64.177000
64.178000
64.179000
64.180000
64.181000
64.182000
64.183000
64.184000
64.185000
64.186000
64.187000
64.188000
64.189000
64.190000
64.191000
64.192000
64.193000
64.194000
64.195000
64.196000
64.197000
64.198000
64.199000
64.200000
64.201000
64.202000
64.203000
64.204000
64.205000
64.206000
64.207000
64.208000
64.209000
64.210000
64.211000
64.212000
64.213000
64.214000
64.215000
64.216000
64.217000
64.218000
64.219000
64.220000
64.221000
64.222000
64.223000
64.224000
64.225000
64.226000
64.227000
64.228000
64.229000
64.230000
64.231000
64.232000
64.233000
64.234000
64.235000
64.236000
64.237000
64.238000
64.239000
64.240000
64.241000
64.242000
64.243000
64.244000
64.245000
64.246000
64.247000
64.248000
64.249000
64.250000
64.251000
64.252000
64.253000
64.254000
64.255000
64.256000
64.257000
64.258000
64.259000
64.260000
64.261000
64.262000
64.263000
64.264000
64.265000
64.266000
64.267000
64.268000
64.269000
64.270000
64.271000
64.272000
64.273000
64.274000
64.275000
64.276000
64.277000
64.278000
64.279000
64.280000
64.281000
64.282000
64.283000
64.284000
64.285000
64.286000
64.287000
64.288000
64.289000
64.290000
64.291000
64.292000
64.293000
64.294000
64.295000
64.296000
64.297000
64.298000
64.299000
64.300000
64.301000
64.302000
64.303000
64.304000
64.305000
64.306000
64.307000
64.308000
64.309000
64.310000
64.311000
64.312000
64.313000
64.314000
64.315000
64.316000
64.317000
64.318000
64.319000
64.320000
64.321000
64.322000
64.323000
64.324000
64.325000
64.326000
64.327000
64.328000
64.329000
64.330000
64.331000
64.332000
64.333000
64.334000
64.335000
64.336000
64.337000
64.338000
64.339000
64.340000
64.341000
64.342000
64.343000
64.344000
64.345000
64.346000
64.347000
64.348000
64.349000
64.350000
64.351000
64.352000
64.353000
64.354000
64.355000
64.356000
64.357000
64.358000
64.359000
64.360000
64.361000
64.362000
64.363000
64.364000
64.365000
64.366000
64.367000
64.368000
64.369000
64.370000
64.371000
64.372000
64.373000
64.374000
64.375000
64.376000
64.377000
64.378000
64.379000
64.380000
64.381000
64.382000
64.383000
64.384000
64.385000
64.386000
64.387000
64.388000
64.389000
64.390000
64.391000
64.392000
64.393000
64.394000
64.395000
64.396000
64.397000
64.398000
64.399000
64.400000
64.401000
64.402000
64.403000
64.404000
64.405000
64.406000
64.407000
64.408000
64.409000
64.410000
64.411000
64.412000
64.413000
64.414000
64.415000
64.416000
64.417000
64.418000
64.419000
64.420000
64.421000
64.422000
64.423000
64.424000
64.425000
64.426000
64.427000
64.428000
64.429000
64.430000
64.431000
64.432000
64.433000
64.434000
64.435000
64.436000
64.437000
64.438000
64.439000
64.440000
64.441000
64.442000
64.443000
64.444000
64.445000
64.446000
64.447000
64.448000
64.449000
64.450000
64.451000
64.452000
64.453000
64.454000
64.455000
64.456000
64.457000
64.458000
64.459000
64.460000
64.461000
64.462000
64.463000
64.464000
64.465000
64.466000
64.467000
64.468000
64.469000
64.470000
64.471000
64.472000
64.473000
64.474000
64.475000
64.476000
64.477000
64.478000
64.479000
64.480000
64.481000
64.482000
64.483000
64.484000
64.485000
64.486000
64.487000
64.488000
64.489000
64.490000
64.491000
64.492000
64.493000
64.494000
64.495000
64.496000
64.497000
64.498000
64.499000
64.500000
64.501000
64.502000
64.503000
64.504000
64.505000
64.506000
64.507000
64.508000
64.509000
64.510000
64.511000
64.512000
64.513000
64.514000
64.515000
64.516000
64.517000
64.518000
64.519000
64.520000
64.521000
64.522000
64.523000
64.524000
64.525000
64.526000
64.527000
64.528000
64.529000
64.530000
64.531000
64.532000
64.533000
64.534000
64.535000
64.536000
64.537000
64.538000
64.539000
64.540000
64.541000
64.542000
64.543000
64.544000
64.545000
64.546000
64.547000
64.548000
64.549000
64.550000
64.551000
64.552000
64.553000
64.554000
64.555000
64.556000
64.557000
64.558000
64.559000
64.560000
64.561000
64.562000
64.563000
64.564000
64.565000
64.566000
64.567000
64.568000
64.569000
64.570000
64.571000
64.572000
64.573000
64.574000
64.575000
64.576000
64.577000
64.578000
64.579000
64.580000
64.581000
64.582000
64.583000
64.584000
64.585000
64.586000
64.587000
64.588000
64.589000
64.590000
64.591000
64.592000
64.593000
64.594000
64.595000
64.596000
64.597000
64.598000
64.599000
64.600000
64.601000
64.602000
64.603000
64.604000
64.605000
64.606000
64.607000
64.608000
64.609000
64.610000
64.611000
64.612000
64.613000
64.614000
64.615000
64.616000
64.617000
64.618000
64.619000
64.620000
64.621000
64.622000
64.623000
64.624000
64.625000
64.626000
64.627000
64.628000
64.629000
64.630000
64.631000
64.632000
64.633000
64.634000
64.635000
64.636000
64.637000
64.638000
64.639000
64.640000
64.641000
64.642000
64.643000
64.644000
64.645000
64.646000
64.647000
64.648000
64.649000
64.650000
64.651000
64.652000
64.653000
64.654000
64.655000
64.656000
64.657000
64.658000
64.659000
64.660000
64.661000
64.662000
64.663000
64.664000
64.665000
64.666000
64.667000
64.668000
64.669000
64.670000
64.671000
64.672000
64.673000
64.674000
64.675000
64.676000
64.677000
64.678000
64.679000
64.680000
64.681000
64.682000
64.683000
64.684000
64.685000
64.686000
64.687000
64.688000
64.689000
64.690000
64.691000
64.692000
64.693000
64.694000
64.695000
64.696000
64.697000
64.698000
64.699000
64.700000
64.701000
64.702000
64.703000
64.704000
64.705000
64.706000
64.707000
64.708000
64.709000
64.710000
64.711000
64.712000
64.713000
64.714000
64.715000
64.716000
64.717000
64.718000
64.719000
64.720000
64.721000
64.722000
64.723000
64.724000
64.725000
64.726000
64.727000
64.728000
64.729000
64.730000
64.731000
64.732000
64.733000
64.734000
64.735000
64.736000
64.737000
64.738000
64.739000
64.740000
64.741000
64.742000
64.743000
64.744000
64.745000
64.746000
64.747000
64.748000
64.749000
64.750000
64.751000
64.752000
64.753000
64.754000
64.755000
64.756000
64.757000
64.758000
64.759000
64.760000
64.761000
64.762000
64.763000
64.764000
64.765000
64.766000
64.767000
64.768000
64.769000
64.770000
64.771000
64.772000
64.773000
64.774000
64.775000
64.776000
64.777000
64.778000
64.779000
64.780000
64.781000
64.782000
64.783000
64.784000
64.785000
64.786000
64.787000
64.788000
64.789000
64.790000
64.791000
64.792000
64.793000
64.794000
64.795000
64.796000
64.797000
64.798000
64.799000
64.800000
64.801000
64.802000
64.803000
64.804000
64.805000
64.806000
64.807000
64.808000
64.809000
64.810000
64.811000
64.812000
64.813000
64.814000
64.815000
64.816000
64.817000
64.818000
64.819000
64.820000
64.821000
64.822000
64.823000
64.824000
64.825000
64.826000
64.827000
64.828000
64.829000
64.830000
64.831000
64.832000
64.833000
64.834000
64.835000
64.836000
64.837000
64.838000
64.839000
64.840000
64.841000
64.842000
64.843000
64.844000
64.845000
64.846000
64.847000
64.848000
64.849000
64.850000
64.851000
64.852000
64.853000
64.854000
64.855000
64.856000
64.857000
64.858000
64.859000
64.860000
64.861000
64.862000
64.863000
64.864000
64.865000
64.866000
64.867000
64.868000
64.869000
64.870000
64.871000
64.872000
64.873000
64.874000
64.875000
64.876000
64.877000
64.878000
64.879000
64.880000
64.881000
64.882000
64.883000
64.884000
64.885000
64.886000
64.887000
64.888000
64.889000
64.890000
64.891000
64.892000
64.893000
64.894000
64.895000
64.896000
64.897000
64.898000
64.899000
64.900000
64.901000
64.902000
64.903000
64.904000
64.905000
64.906000
64.907000
64.908000
64.909000
64.910000
64.911000
64.912000
64.913000
64.914000
64.915000
64.916000
64.917000
64.918000
64.919000
64.920000
64.921000
64.922000
64.923000
64.924000
64.925000
64.926000
64.927000
64.928000
64.929000
64.930000
64.931000
64.932000
64.933000
64.934000
64.935000
64.936000
64.937000
64.938000
64.939000
64.940000
64.941000
64.942000
64.943000
64.944000
64.945000
64.946000
64.947000
64.948000
64.949000
64.950000
64.951000
64.952000
64.953000
64.954000
64.955000
64.956000
64.957000
64.958000
64.959000
64.960000
64.961000
64.962000
64.963000
64.964000
64.965000
64.966000
64.967000
64.968000
64.969000
64.970000
64.971000
64.972000
64.973000
64.974000
64.975000
64.976000
64.977000
64.978000
64.979000
64.980000
64.981000
64.982000
64.983000
64.984000
64.985000
64.986000
64.987000
64.988000
64.989000
64.990000
64.991000
64.992000
64.993000
64.994000
64.995000
64.996000
64.997000
64.998000
64.999000
65.000000
65.001000
65.002000
65.003000
65.004000
65.005000
65.006000
65.007000
65.008000
65.009000
65.010000
65.011000
65.012000
65.013000
65.014000
65.015000
65.016000
65.017000
65.018000
65.019000
65.020000
65.021000
65.022000
65.023000
65.024000
65.025000
65.026000
65.027000
65.028000
65.029000
65.030000
65.031000
65.032000
65.033000
65.034000
65.035000
65.036000
65.037000
65.038000
65.039000
65.040000
65.041000
65.042000
65.043000
65.044000
65.045000
65.046000
65.047000
65.048000
65.049000
65.050000
65.051000
65.052000
65.053000
65.054000
65.055000
65.056000
65.057000
65.058000
65.059000
65.060000
65.061000
65.062000
65.063000
65.064000
65.065000
65.066000
65.067000
65.068000
65.069000
65.070000
65.071000
65.072000
65.073000
65.074000
65.075000
65.076000
65.077000
65.078000
65.079000
65.080000
65.081000
65.082000
65.083000
65.084000
65.085000
65.086000
65.087000
65.088000
65.089000
65.090000
65.091000
65.092000
65.093000
65.094000
65.095000
65.096000
65.097000
65.098000
65.099000
65.100000
65.101000
65.102000
65.103000
65.104000
65.105000
65.106000
65.107000
65.108000
65.109000
65.110000
65.111000
65.112000
65.113000
65.114000
65.115000
65.116000
65.117000
65.118000
65.119000
65.120000
65.121000
65.122000
65.123000
65.124000
65.125000
65.126000
65.127000
65.128000
65.129000
65.130000
65.131000
65.132000
65.133000
65.134000
65.135000
65.136000
65.137000
65.138000
65.139000
65.140000
65.141000
65.142000
65.143000
65.144000
65.145000
65.146000
65.147000
65.148000
65.149000
65.150000
65.151000
65.152000
65.153000
65.154000
65.155000
65.156000
65.157000
65.158000
65.159000
65.160000
65.161000
65.162000
65.163000
65.164000
65.165000
65.166000
65.167000
65.168000
65.169000
65.170000
65.171000
65.172000
65.173000
65.174000
65.175000
65.176000
65.177000
65.178000
65.179000
65.180000
65.181000
65.182000
65.183000
65.184000
65.185000
65.186000
65.187000
65.188000
65.189000
65.190000
65.191000
65.192000
65.193000
65.194000
65.195000
65.196000
65.197000
65.198000
65.199000
65.200000
65.201000
65.202000
65.203000
65.204000
65.205000
65.206000
65.207000
65.208000
65.209000
65.210000
65.211000
65.212000
65.213000
65.214000
65.215000
65.216000
65.217000
65.218000
65.219000
65.220000
65.221000
65.222000
65.223000
65.224000
65.225000
65.226000
65.227000
65.228000
65.229000
65.230000
65.231000
65.232000
65.233000
65.234000
65.235000
65.236000
65.237000
65.238000
65.239000
65.240000
65.241000
65.242000
65.243000
65.244000
65.245000
65.246000
65.247000
65.248000
65.249000
65.250000
65.251000
65.252000
65.253000
65.254000
65.255000
65.256000
65.257000
65.258000
65.259000
65.260000
65.261000
65.262000
65.263000
65.264000
65.265000
65.266000
65.267000
65.268000
65.269000
65.270000
65.271000
65.272000
65.273000
65.274000
65.275000
65.276000
65.277000
65.278000
65.279000
65.280000
65.281000
65.282000
65.283000
65.284000
65.285000
65.286000
65.287000
65.288000
65.289000
65.290000
65.291000
65.292000
65.293000
65.294000
65.295000
65.296000
65.297000
65.298000
65.299000
65.300000
65.301000
65.302000
65.303000
65.304000
65.305000
65.306000
65.307000
65.308000
65.309000
65.310000
65.311000
65.312000
65.313000
65.314000
65.315000
65.316000
65.317000
65.318000
65.319000
65.320000
65.321000
65.322000
65.323000
65.324000
65.325000
65.326000
65.327000
65.328000
65.329000
65.330000
65.331000
65.332000
65.333000
65.334000
65.335000
65.336000
65.337000
65.338000
65.339000
65.340000
65.341000
65.342000
65.343000
65.344000
65.345000
65.346000
65.347000
65.348000
65.349000
65.350000
65.351000
65.352000
65.353000
65.354000
65.355000
65.356000
65.357000
65.358000
65.359000
65.360000
65.361000
65.362000
65.363000
65.364000
65.365000
65.366000
65.367000
65.368000
65.369000
65.370000
65.371000
65.372000
65.373000
65.374000
65.375000
65.376000
65.377000
65.378000
65.379000
65.380000
65.381000
65.382000
65.383000
65.384000
65.385000
65.386000
65.387000
65.388000
65.389000
65.390000
65.391000
65.392000
65.393000
65.394000
65.395000
65.396000
65.397000
65.398000
65.399000
65.400000
65.401000
65.402000
65.403000
65.404000
65.405000
65.406000
65.407000
65.408000
65.409000
65.410000
65.411000
65.412000
65.413000
65.414000
65.415000
65.416000
65.417000
65.418000
65.419000
65.420000
65.421000
65.422000
65.423000
65.424000
65.425000
65.426000
65.427000
65.428000
65.429000
65.430000
65.431000
65.432000
65.433000
65.434000
65.435000
65.436000
65.437000
65.438000
65.439000
65.440000
65.441000
65.442000
65.443000
65.444000
65.445000
65.446000
65.447000
65.448000
65.449000
65.450000
65.451000
65.452000
65.453000
65.454000
65.455000
65.456000
65.457000
65.458000
65.459000
65.460000
65.461000
65.462000
65.463000
65.464000
65.465000
65.466000
65.467000
65.468000
65.469000
65.470000
65.471000
65.472000
65.473000
65.474000
65.475000
65.476000
65.477000
65.478000
65.479000
65.480000
65.481000
65.482000
65.483000
65.484000
65.485000
65.486000
65.487000
65.488000
65.489000
65.490000
65.491000
65.492000
65.493000
65.494000
65.495000
65.496000
65.497000
65.498000
65.499000
65.500000
65.501000
65.502000
65.503000
65.504000
65.505000
65.506000
65.507000
65.508000
65.509000
65.510000
65.511000
65.512000
65.513000
65.514000
65.515000
65.516000
65.517000
65.518000
65.519000
65.520000
65.521000
65.522000
65.523000
65.524000
65.525000
65.526000
65.527000
65.528000
65.529000
65.530000
65.531000
65.532000
65.533000
65.534000
65.535000
