24.576000
24.577000
24.578000
24.579000
24.580000
24.581000
24.582000
24.583000
24.584000
24.585000
24.586000
24.587000
24.588000
24.589000
24.590000
24.591000
24.592000
24.593000
24.594000
24.595000
24.596000
24.597000
24.598000
24.599000
24.600000
24.601000
24.602000
24.603000
24.604000
24.605000
24.606000
24.607000
24.608000
24.609000
24.610000
24.611000
24.612000
24.613000
24.614000
24.615000
24.616000
24.617000
24.618000
24.619000
24.620000
24.621000
24.622000
24.623000
24.624000
24.625000
24.626000
24.627000
24.628000
24.629000
24.630000
24.631000
24.632000
24.633000
24.634000
24.635000
24.636000
24.637000
24.638000
24.639000
24.640000
24.641000
24.642000
24.643000
24.644000
24.645000
24.646000
24.647000
24.648000
24.649000
24.650000
24.651000
24.652000
24.653000
24.654000
24.655000
24.656000
24.657000
24.658000
24.659000
24.660000
24.661000
24.662000
24.663000
24.664000
24.665000
24.666000
24.667000
24.668000
24.669000
24.670000
24.671000
24.672000
24.673000
24.674000
24.675000
24.676000
24.677000
24.678000
24.679000
24.680000
24.681000
24.682000
24.683000
24.684000
24.685000
24.686000
24.687000
24.688000
24.689000
24.690000
24.691000
24.692000
24.693000
24.694000
24.695000
24.696000
24.697000
24.698000
24.699000
24.700000
24.701000
24.702000
24.703000
24.704000
24.705000
24.706000
24.707000
24.708000
24.709000
24.710000
24.711000
24.712000
24.713000
24.714000
24.715000
24.716000
24.717000
24.718000
24.719000
24.720000
24.721000
24.722000
24.723000
24.724000
24.725000
24.726000
24.727000
24.728000
24.729000
24.730000
24.731000
24.732000
24.733000
24.734000
24.735000
24.736000
24.737000
24.738000
24.739000
24.740000
24.741000
24.742000
24.743000
24.744000
24.745000
24.746000
24.747000
24.748000
24.749000
24.750000
24.751000
24.752000
24.753000
24.754000
24.755000
24.756000
24.757000
24.758000
24.759000
24.760000
24.761000
24.762000
24.763000
24.764000
24.765000
24.766000
24.767000
24.768000
24.769000
24.770000
24.771000
24.772000
24.773000
24.774000
24.775000
24.776000
24.777000
24.778000
24.779000
24.780000
24.781000
24.782000
24.783000
24.784000
24.785000
24.786000
24.787000
24.788000
24.789000
24.790000
24.791000
24.792000
24.793000
24.794000
24.795000
24.796000
24.797000
24.798000
24.799000
24.800000
24.801000
24.802000
24.803000
24.804000
24.805000
24.806000
24.807000
24.808000
24.809000
24.810000
24.811000
24.812000
24.813000
24.814000
24.815000
24.816000
24.817000
24.818000
24.819000
24.820000
24.821000
24.822000
24.823000
24.824000
24.825000
24.826000
24.827000
24.828000
24.829000
24.830000
24.831000
24.832000
24.833000
24.834000
24.835000
24.836000
24.837000
24.838000
24.839000
24.840000
24.841000
24.842000
24.843000
24.844000
24.845000
24.846000
24.847000
24.848000
24.849000
24.850000
24.851000
24.852000
24.853000
24.854000
24.855000
24.856000
24.857000
24.858000
24.859000
24.860000
24.861000
24.862000
24.863000
24.864000
24.865000
24.866000
24.867000
24.868000
24.869000
24.870000
24.871000
24.872000
24.873000
24.874000
24.875000
24.876000
24.877000
24.878000
24.879000
24.880000
24.881000
24.882000
24.883000
24.884000
24.885000
24.886000
24.887000
24.888000
24.889000
24.890000
24.891000
24.892000
24.893000
24.894000
24.895000
24.896000
24.897000
24.898000
24.899000
24.900000
24.901000
24.902000
24.903000
24.904000
24.905000
24.906000
24.907000
24.908000
24.909000
24.910000
24.911000
24.912000
24.913000
24.914000
24.915000
24.916000
24.917000
24.918000
24.919000
24.920000
24.921000
24.922000
24.923000
24.924000
24.925000
24.926000
24.927000
24.928000
24.929000
24.930000
24.931000
24.932000
24.933000
24.934000
24.935000
24.936000
24.937000
24.938000
24.939000
24.940000
24.941000
24.942000
24.943000
24.944000
24.945000
24.946000
24.947000
24.948000
24.949000
24.950000
24.951000
24.952000
24.953000
24.954000
24.955000
24.956000
24.957000
24.958000
24.959000
24.960000
24.961000
24.962000
24.963000
24.964000
24.965000
24.966000
24.967000
24.968000
24.969000
24.970000
24.971000
24.972000
24.973000
24.974000
24.975000
24.976000
24.977000
24.978000
24.979000
24.980000
24.981000
24.982000
24.983000
24.984000
24.985000
24.986000
24.987000
24.988000
24.989000
24.990000
24.991000
24.992000
24.993000
24.994000
24.995000
24.996000
24.997000
24.998000
24.999000
25.000000
25.001000
25.002000
25.003000
25.004000
25.005000
25.006000
25.007000
25.008000
25.009000
25.010000
25.011000
25.012000
25.013000
25.014000
25.015000
25.016000
25.017000
25.018000
25.019000
25.020000
25.021000
25.022000
25.023000
25.024000
25.025000
25.026000
25.027000
25.028000
25.029000
25.030000
25.031000
25.032000
25.033000
25.034000
25.035000
25.036000
25.037000
25.038000
25.039000
25.040000
25.041000
25.042000
25.043000
25.044000
25.045000
25.046000
25.047000
25.048000
25.049000
25.050000
25.051000
25.052000
25.053000
25.054000
25.055000
25.056000
25.057000
25.058000
25.059000
25.060000
25.061000
25.062000
25.063000
25.064000
25.065000
25.066000
25.067000
25.068000
25.069000
25.070000
25.071000
25.072000
25.073000
25.074000
25.075000
25.076000
25.077000
25.078000
25.079000
25.080000
25.081000
25.082000
25.083000
25.084000
25.085000
25.086000
25.087000
25.088000
25.089000
25.090000
25.091000
25.092000
25.093000
25.094000
25.095000
25.096000
25.097000
25.098000
25.099000
25.100000
25.101000
25.102000
25.103000
25.104000
25.105000
25.106000
25.107000
25.108000
25.109000
25.110000
25.111000
25.112000
25.113000
25.114000
25.115000
25.116000
25.117000
25.118000
25.119000
25.120000
25.121000
25.122000
25.123000
25.124000
25.125000
25.126000
25.127000
25.128000
25.129000
25.130000
25.131000
25.132000
25.133000
25.134000
25.135000
25.136000
25.137000
25.138000
25.139000
25.140000
25.141000
25.142000
25.143000
25.144000
25.145000
25.146000
25.147000
25.148000
25.149000
25.150000
25.151000
25.152000
25.153000
25.154000
25.155000
25.156000
25.157000
25.158000
25.159000
25.160000
25.161000
25.162000
25.163000
25.164000
25.165000
25.166000
25.167000
25.168000
25.169000
25.170000
25.171000
25.172000
25.173000
25.174000
25.175000
25.176000
25.177000
25.178000
25.179000
25.180000
25.181000
25.182000
25.183000
25.184000
25.185000
25.186000
25.187000
25.188000
25.189000
25.190000
25.191000
25.192000
25.193000
25.194000
25.195000
25.196000
25.197000
25.198000
25.199000
25.200000
25.201000
25.202000
25.203000
25.204000
25.205000
25.206000
25.207000
25.208000
25.209000
25.210000
25.211000
25.212000
25.213000
25.214000
25.215000
25.216000
25.217000
25.218000
25.219000
25.220000
25.221000
25.222000
25.223000
25.224000
25.225000
25.226000
25.227000
25.228000
25.229000
25.230000
25.231000
25.232000
25.233000
25.234000
25.235000
25.236000
25.237000
25.238000
25.239000
25.240000
25.241000
25.242000
25.243000
25.244000
25.245000
25.246000
25.247000
25.248000
25.249000
25.250000
25.251000
25.252000
25.253000
25.254000
25.255000
25.256000
25.257000
25.258000
25.259000
25.260000
25.261000
25.262000
25.263000
25.264000
25.265000
25.266000
25.267000
25.268000
25.269000
25.270000
25.271000
25.272000
25.273000
25.274000
25.275000
25.276000
25.277000
25.278000
25.279000
25.280000
25.281000
25.282000
25.283000
25.284000
25.285000
25.286000
25.287000
25.288000
25.289000
25.290000
25.291000
25.292000
25.293000
25.294000
25.295000
25.296000
25.297000
25.298000
25.299000
25.300000
25.301000
25.302000
25.303000
25.304000
25.305000
25.306000
25.307000
25.308000
25.309000
25.310000
25.311000
25.312000
25.313000
25.314000
25.315000
25.316000
25.317000
25.318000
25.319000
25.320000
25.321000
25.322000
25.323000
25.324000
25.325000
25.326000
25.327000
25.328000
25.329000
25.330000
25.331000
25.332000
25.333000
25.334000
25.335000
25.336000
25.337000
25.338000
25.339000
25.340000
25.341000
25.342000
25.343000
25.344000
25.345000
25.346000
25.347000
25.348000
25.349000
25.350000
25.351000
25.352000
25.353000
25.354000
25.355000
25.356000
25.357000
25.358000
25.359000
25.360000
25.361000
25.362000
25.363000
25.364000
25.365000
25.366000
25.367000
25.368000
25.369000
25.370000
25.371000
25.372000
25.373000
25.374000
25.375000
25.376000
25.377000
25.378000
25.379000
25.380000
25.381000
25.382000
25.383000
25.384000
25.385000
25.386000
25.387000
25.388000
25.389000
25.390000
25.391000
25.392000
25.393000
25.394000
25.395000
25.396000
25.397000
25.398000
25.399000
25.400000
25.401000
25.402000
25.403000
25.404000
25.405000
25.406000
25.407000
25.408000
25.409000
25.410000
25.411000
25.412000
25.413000
25.414000
25.415000
25.416000
25.417000
25.418000
25.419000
25.420000
25.421000
25.422000
25.423000
25.424000
25.425000
25.426000
25.427000
25.428000
25.429000
25.430000
25.431000
25.432000
25.433000
25.434000
25.435000
25.436000
25.437000
25.438000
25.439000
25.440000
25.441000
25.442000
25.443000
25.444000
25.445000
25.446000
25.447000
25.448000
25.449000
25.450000
25.451000
25.452000
25.453000
25.454000
25.455000
25.456000
25.457000
25.458000
25.459000
25.460000
25.461000
25.462000
25.463000
25.464000
25.465000
25.466000
25.467000
25.468000
25.469000
25.470000
25.471000
25.472000
25.473000
25.474000
25.475000
25.476000
25.477000
25.478000
25.479000
25.480000
25.481000
25.482000
25.483000
25.484000
25.485000
25.486000
25.487000
25.488000
25.489000
25.490000
25.491000
25.492000
25.493000
25.494000
25.495000
25.496000
25.497000
25.498000
25.499000
25.500000
25.501000
25.502000
25.503000
25.504000
25.505000
25.506000
25.507000
25.508000
25.509000
25.510000
25.511000
25.512000
25.513000
25.514000
25.515000
25.516000
25.517000
25.518000
25.519000
25.520000
25.521000
25.522000
25.523000
25.524000
25.525000
25.526000
25.527000
25.528000
25.529000
25.530000
25.531000
25.532000
25.533000
25.534000
25.535000
25.536000
25.537000
25.538000
25.539000
25.540000
25.541000
25.542000
25.543000
25.544000
25.545000
25.546000
25.547000
25.548000
25.549000
25.550000
25.551000
25.552000
25.553000
25.554000
25.555000
25.556000
25.557000
25.558000
25.559000
25.560000
25.561000
25.562000
25.563000
25.564000
25.565000
25.566000
25.567000
25.568000
25.569000
25.570000
25.571000
25.572000
25.573000
25.574000
25.575000
25.576000
25.577000
25.578000
25.579000
25.580000
25.581000
25.582000
25.583000
25.584000
25.585000
25.586000
25.587000
25.588000
25.589000
25.590000
25.591000
25.592000
25.593000
25.594000
25.595000
25.596000
25.597000
25.598000
25.599000
25.600000
25.601000
25.602000
25.603000
25.604000
25.605000
25.606000
25.607000
25.608000
25.609000
25.610000
25.611000
25.612000
25.613000
25.614000
25.615000
25.616000
25.617000
25.618000
25.619000
25.620000
25.621000
25.622000
25.623000
25.624000
25.625000
25.626000
25.627000
25.628000
25.629000
25.630000
25.631000
25.632000
25.633000
25.634000
25.635000
25.636000
25.637000
25.638000
25.639000
25.640000
25.641000
25.642000
25.643000
25.644000
25.645000
25.646000
25.647000
25.648000
25.649000
25.650000
25.651000
25.652000
25.653000
25.654000
25.655000
25.656000
25.657000
25.658000
25.659000
25.660000
25.661000
25.662000
25.663000
25.664000
25.665000
25.666000
25.667000
25.668000
25.669000
25.670000
25.671000
25.672000
25.673000
25.674000
25.675000
25.676000
25.677000
25.678000
25.679000
25.680000
25.681000
25.682000
25.683000
25.684000
25.685000
25.686000
25.687000
25.688000
25.689000
25.690000
25.691000
25.692000
25.693000
25.694000
25.695000
25.696000
25.697000
25.698000
25.699000
25.700000
25.701000
25.702000
25.703000
25.704000
25.705000
25.706000
25.707000
25.708000
25.709000
25.710000
25.711000
25.712000
25.713000
25.714000
25.715000
25.716000
25.717000
25.718000
25.719000
25.720000
25.721000
25.722000
25.723000
25.724000
25.725000
25.726000
25.727000
25.728000
25.729000
25.730000
25.731000
25.732000
25.733000
25.734000
25.735000
25.736000
25.737000
25.738000
25.739000
25.740000
25.741000
25.742000
25.743000
25.744000
25.745000
25.746000
25.747000
25.748000
25.749000
25.750000
25.751000
25.752000
25.753000
25.754000
25.755000
25.756000
25.757000
25.758000
25.759000
25.760000
25.761000
25.762000
25.763000
25.764000
25.765000
25.766000
25.767000
25.768000
25.769000
25.770000
25.771000
25.772000
25.773000
25.774000
25.775000
25.776000
25.777000
25.778000
25.779000
25.780000
25.781000
25.782000
25.783000
25.784000
25.785000
25.786000
25.787000
25.788000
25.789000
25.790000
25.791000
25.792000
25.793000
25.794000
25.795000
25.796000
25.797000
25.798000
25.799000
25.800000
25.801000
25.802000
25.803000
25.804000
25.805000
25.806000
25.807000
25.808000
25.809000
25.810000
25.811000
25.812000
25.813000
25.814000
25.815000
25.816000
25.817000
25.818000
25.819000
25.820000
25.821000
25.822000
25.823000
25.824000
25.825000
25.826000
25.827000
25.828000
25.829000
25.830000
25.831000
25.832000
25.833000
25.834000
25.835000
25.836000
25.837000
25.838000
25.839000
25.840000
25.841000
25.842000
25.843000
25.844000
25.845000
25.846000
25.847000
25.848000
25.849000
25.850000
25.851000
25.852000
25.853000
25.854000
25.855000
25.856000
25.857000
25.858000
25.859000
25.860000
25.861000
25.862000
25.863000
25.864000
25.865000
25.866000
25.867000
25.868000
25.869000
25.870000
25.871000
25.872000
25.873000
25.874000
25.875000
25.876000
25.877000
25.878000
25.879000
25.880000
25.881000
25.882000
25.883000
25.884000
25.885000
25.886000
25.887000
25.888000
25.889000
25.890000
25.891000
25.892000
25.893000
25.894000
25.895000
25.896000
25.897000
25.898000
25.899000
25.900000
25.901000
25.902000
25.903000
25.904000
25.905000
25.906000
25.907000
25.908000
25.909000
25.910000
25.911000
25.912000
25.913000
25.914000
25.915000
25.916000
25.917000
25.918000
25.919000
25.920000
25.921000
25.922000
25.923000
25.924000
25.925000
25.926000
25.927000
25.928000
25.929000
25.930000
25.931000
25.932000
25.933000
25.934000
25.935000
25.936000
25.937000
25.938000
25.939000
25.940000
25.941000
25.942000
25.943000
25.944000
25.945000
25.946000
25.947000
25.948000
25.949000
25.950000
25.951000
25.952000
25.953000
25.954000
25.955000
25.956000
25.957000
25.958000
25.959000
25.960000
25.961000
25.962000
25.963000
25.964000
25.965000
25.966000
25.967000
25.968000
25.969000
25.970000
25.971000
25.972000
25.973000
25.974000
25.975000
25.976000
25.977000
25.978000
25.979000
25.980000
25.981000
25.982000
25.983000
25.984000
25.985000
25.986000
25.987000
25.988000
25.989000
25.990000
25.991000
25.992000
25.993000
25.994000
25.995000
25.996000
25.997000
25.998000
25.999000
26.000000
26.001000
26.002000
26.003000
26.004000
26.005000
26.006000
26.007000
26.008000
26.009000
26.010000
26.011000
26.012000
26.013000
26.014000
26.015000
26.016000
26.017000
26.018000
26.019000
26.020000
26.021000
26.022000
26.023000
26.024000
26.025000
26.026000
26.027000
26.028000
26.029000
26.030000
26.031000
26.032000
26.033000
26.034000
26.035000
26.036000
26.037000
26.038000
26.039000
26.040000
26.041000
26.042000
26.043000
26.044000
26.045000
26.046000
26.047000
26.048000
26.049000
26.050000
26.051000
26.052000
26.053000
26.054000
26.055000
26.056000
26.057000
26.058000
26.059000
26.060000
26.061000
26.062000
26.063000
26.064000
26.065000
26.066000
26.067000
26.068000
26.069000
26.070000
26.071000
26.072000
26.073000
26.074000
26.075000
26.076000
26.077000
26.078000
26.079000
26.080000
26.081000
26.082000
26.083000
26.084000
26.085000
26.086000
26.087000
26.088000
26.089000
26.090000
26.091000
26.092000
26.093000
26.094000
26.095000
26.096000
26.097000
26.098000
26.099000
26.100000
26.101000
26.102000
26.103000
26.104000
26.105000
26.106000
26.107000
26.108000
26.109000
26.110000
26.111000
26.112000
26.113000
26.114000
26.115000
26.116000
26.117000
26.118000
26.119000
26.120000
26.121000
26.122000
26.123000
26.124000
26.125000
26.126000
26.127000
26.128000
26.129000
26.130000
26.131000
26.132000
26.133000
26.134000
26.135000
26.136000
26.137000
26.138000
26.139000
26.140000
26.141000
26.142000
26.143000
26.144000
26.145000
26.146000
26.147000
26.148000
26.149000
26.150000
26.151000
26.152000
26.153000
26.154000
26.155000
26.156000
26.157000
26.158000
26.159000
26.160000
26.161000
26.162000
26.163000
26.164000
26.165000
26.166000
26.167000
26.168000
26.169000
26.170000
26.171000
26.172000
26.173000
26.174000
26.175000
26.176000
26.177000
26.178000
26.179000
26.180000
26.181000
26.182000
26.183000
26.184000
26.185000
26.186000
26.187000
26.188000
26.189000
26.190000
26.191000
26.192000
26.193000
26.194000
26.195000
26.196000
26.197000
26.198000
26.199000
26.200000
26.201000
26.202000
26.203000
26.204000
26.205000
26.206000
26.207000
26.208000
26.209000
26.210000
26.211000
26.212000
26.213000
26.214000
26.215000
26.216000
26.217000
26.218000
26.219000
26.220000
26.221000
26.222000
26.223000
26.224000
26.225000
26.226000
26.227000
26.228000
26.229000
26.230000
26.231000
26.232000
26.233000
26.234000
26.235000
26.236000
26.237000
26.238000
26.239000
26.240000
26.241000
26.242000
26.243000
26.244000
26.245000
26.246000
26.247000
26.248000
26.249000
26.250000
26.251000
26.252000
26.253000
26.254000
26.255000
26.256000
26.257000
26.258000
26.259000
26.260000
26.261000
26.262000
26.263000
26.264000
26.265000
26.266000
26.267000
26.268000
26.269000
26.270000
26.271000
26.272000
26.273000
26.274000
26.275000
26.276000
26.277000
26.278000
26.279000
26.280000
26.281000
26.282000
26.283000
26.284000
26.285000
26.286000
26.287000
26.288000
26.289000
26.290000
26.291000
26.292000
26.293000
26.294000
26.295000
26.296000
26.297000
26.298000
26.299000
26.300000
26.301000
26.302000
26.303000
26.304000
26.305000
26.306000
26.307000
26.308000
26.309000
26.310000
26.311000
26.312000
26.313000
26.314000
26.315000
26.316000
26.317000
26.318000
26.319000
26.320000
26.321000
26.322000
26.323000
26.324000
26.325000
26.326000
26.327000
26.328000
26.329000
26.330000
26.331000
26.332000
26.333000
26.334000
26.335000
26.336000
26.337000
26.338000
26.339000
26.340000
26.341000
26.342000
26.343000
26.344000
26.345000
26.346000
26.347000
26.348000
26.349000
26.350000
26.351000
26.352000
26.353000
26.354000
26.355000
26.356000
26.357000
26.358000
26.359000
26.360000
26.361000
26.362000
26.363000
26.364000
26.365000
26.366000
26.367000
26.368000
26.369000
26.370000
26.371000
26.372000
26.373000
26.374000
26.375000
26.376000
26.377000
26.378000
26.379000
26.380000
26.381000
26.382000
26.383000
26.384000
26.385000
26.386000
26.387000
26.388000
26.389000
26.390000
26.391000
26.392000
26.393000
26.394000
26.395000
26.396000
26.397000
26.398000
26.399000
26.400000
26.401000
26.402000
26.403000
26.404000
26.405000
26.406000
26.407000
26.408000
26.409000
26.410000
26.411000
26.412000
26.413000
26.414000
26.415000
26.416000
26.417000
26.418000
26.419000
26.420000
26.421000
26.422000
26.423000
26.424000
26.425000
26.426000
26.427000
26.428000
26.429000
26.430000
26.431000
26.432000
26.433000
26.434000
26.435000
26.436000
26.437000
26.438000
26.439000
26.440000
26.441000
26.442000
26.443000
26.444000
26.445000
26.446000
26.447000
26.448000
26.449000
26.450000
26.451000
26.452000
26.453000
26.454000
26.455000
26.456000
26.457000
26.458000
26.459000
26.460000
26.461000
26.462000
26.463000
26.464000
26.465000
26.466000
26.467000
26.468000
26.469000
26.470000
26.471000
26.472000
26.473000
26.474000
26.475000
26.476000
26.477000
26.478000
26.479000
26.480000
26.481000
26.482000
26.483000
26.484000
26.485000
26.486000
26.487000
26.488000
26.489000
26.490000
26.491000
26.492000
26.493000
26.494000
26.495000
26.496000
26.497000
26.498000
26.499000
26.500000
26.501000
26.502000
26.503000
26.504000
26.505000
26.506000
26.507000
26.508000
26.509000
26.510000
26.511000
26.512000
26.513000
26.514000
26.515000
26.516000
26.517000
26.518000
26.519000
26.520000
26.521000
26.522000
26.523000
26.524000
26.525000
26.526000
26.527000
26.528000
26.529000
26.530000
26.531000
26.532000
26.533000
26.534000
26.535000
26.536000
26.537000
26.538000
26.539000
26.540000
26.541000
26.542000
26.543000
26.544000
26.545000
26.546000
26.547000
26.548000
26.549000
26.550000
26.551000
26.552000
26.553000
26.554000
26.555000
26.556000
26.557000
26.558000
26.559000
26.560000
26.561000
26.562000
26.563000
26.564000
26.565000
26.566000
26.567000
26.568000
26.569000
26.570000
26.571000
26.572000
26.573000
26.574000
26.575000
26.576000
26.577000
26.578000
26.579000
26.580000
26.581000
26.582000
26.583000
26.584000
26.585000
26.586000
26.587000
26.588000
26.589000
26.590000
26.591000
26.592000
26.593000
26.594000
26.595000
26.596000
26.597000
26.598000
26.599000
26.600000
26.601000
26.602000
26.603000
26.604000
26.605000
26.606000
26.607000
26.608000
26.609000
26.610000
26.611000
26.612000
26.613000
26.614000
26.615000
26.616000
26.617000
26.618000
26.619000
26.620000
26.621000
26.622000
26.623000
26.624000
26.625000
26.626000
26.627000
26.628000
26.629000
26.630000
26.631000
26.632000
26.633000
26.634000
26.635000
26.636000
26.637000
26.638000
26.639000
26.640000
26.641000
26.642000
26.643000
26.644000
26.645000
26.646000
26.647000
26.648000
26.649000
26.650000
26.651000
26.652000
26.653000
26.654000
26.655000
26.656000
26.657000
26.658000
26.659000
26.660000
26.661000
26.662000
26.663000
26.664000
26.665000
26.666000
26.667000
26.668000
26.669000
26.670000
26.671000
26.672000
26.673000
26.674000
26.675000
26.676000
26.677000
26.678000
26.679000
26.680000
26.681000
26.682000
26.683000
26.684000
26.685000
26.686000
26.687000
26.688000
26.689000
26.690000
26.691000
26.692000
26.693000
26.694000
26.695000
26.696000
26.697000
26.698000
26.699000
26.700000
26.701000
26.702000
26.703000
26.704000
26.705000
26.706000
26.707000
26.708000
26.709000
26.710000
26.711000
26.712000
26.713000
26.714000
26.715000
26.716000
26.717000
26.718000
26.719000
26.720000
26.721000
26.722000
26.723000
26.724000
26.725000
26.726000
26.727000
26.728000
26.729000
26.730000
26.731000
26.732000
26.733000
26.734000
26.735000
26.736000
26.737000
26.738000
26.739000
26.740000
26.741000
26.742000
26.743000
26.744000
26.745000
26.746000
26.747000
26.748000
26.749000
26.750000
26.751000
26.752000
26.753000
26.754000
26.755000
26.756000
26.757000
26.758000
26.759000
26.760000
26.761000
26.762000
26.763000
26.764000
26.765000
26.766000
26.767000
26.768000
26.769000
26.770000
26.771000
26.772000
26.773000
26.774000
26.775000
26.776000
26.777000
26.778000
26.779000
26.780000
26.781000
26.782000
26.783000
26.784000
26.785000
26.786000
26.787000
26.788000
26.789000
26.790000
26.791000
26.792000
26.793000
26.794000
26.795000
26.796000
26.797000
26.798000
26.799000
26.800000
26.801000
26.802000
26.803000
26.804000
26.805000
26.806000
26.807000
26.808000
26.809000
26.810000
26.811000
26.812000
26.813000
26.814000
26.815000
26.816000
26.817000
26.818000
26.819000
26.820000
26.821000
26.822000
26.823000
26.824000
26.825000
26.826000
26.827000
26.828000
26.829000
26.830000
26.831000
26.832000
26.833000
26.834000
26.835000
26.836000
26.837000
26.838000
26.839000
26.840000
26.841000
26.842000
26.843000
26.844000
26.845000
26.846000
26.847000
26.848000
26.849000
26.850000
26.851000
26.852000
26.853000
26.854000
26.855000
26.856000
26.857000
26.858000
26.859000
26.860000
26.861000
26.862000
26.863000
26.864000
26.865000
26.866000
26.867000
26.868000
26.869000
26.870000
26.871000
26.872000
26.873000
26.874000
26.875000
26.876000
26.877000
26.878000
26.879000
26.880000
26.881000
26.882000
26.883000
26.884000
26.885000
26.886000
26.887000
26.888000
26.889000
26.890000
26.891000
26.892000
26.893000
26.894000
26.895000
26.896000
26.897000
26.898000
26.899000
26.900000
26.901000
26.902000
26.903000
26.904000
26.905000
26.906000
26.907000
26.908000
26.909000
26.910000
26.911000
26.912000
26.913000
26.914000
26.915000
26.916000
26.917000
26.918000
26.919000
26.920000
26.921000
26.922000
26.923000
26.924000
26.925000
26.926000
26.927000
26.928000
26.929000
26.930000
26.931000
26.932000
26.933000
26.934000
26.935000
26.936000
26.937000
26.938000
26.939000
26.940000
26.941000
26.942000
26.943000
26.944000
26.945000
26.946000
26.947000
26.948000
26.949000
26.950000
26.951000
26.952000
26.953000
26.954000
26.955000
26.956000
26.957000
26.958000
26.959000
26.960000
26.961000
26.962000
26.963000
26.964000
26.965000
26.966000
26.967000
26.968000
26.969000
26.970000
26.971000
26.972000
26.973000
26.974000
26.975000
26.976000
26.977000
26.978000
26.979000
26.980000
26.981000
26.982000
26.983000
26.984000
26.985000
26.986000
26.987000
26.988000
26.989000
26.990000
26.991000
26.992000
26.993000
26.994000
26.995000
26.996000
26.997000
26.998000
26.999000
27.000000
27.001000
27.002000
27.003000
27.004000
27.005000
27.006000
27.007000
27.008000
27.009000
27.010000
27.011000
27.012000
27.013000
27.014000
27.015000
27.016000
27.017000
27.018000
27.019000
27.020000
27.021000
27.022000
27.023000
27.024000
27.025000
27.026000
27.027000
27.028000
27.029000
27.030000
27.031000
27.032000
27.033000
27.034000
27.035000
27.036000
27.037000
27.038000
27.039000
27.040000
27.041000
27.042000
27.043000
27.044000
27.045000
27.046000
27.047000
27.048000
27.049000
27.050000
27.051000
27.052000
27.053000
27.054000
27.055000
27.056000
27.057000
27.058000
27.059000
27.060000
27.061000
27.062000
27.063000
27.064000
27.065000
27.066000
27.067000
27.068000
27.069000
27.070000
27.071000
27.072000
27.073000
27.074000
27.075000
27.076000
27.077000
27.078000
27.079000
27.080000
27.081000
27.082000
27.083000
27.084000
27.085000
27.086000
27.087000
27.088000
27.089000
27.090000
27.091000
27.092000
27.093000
27.094000
27.095000
27.096000
27.097000
27.098000
27.099000
27.100000
27.101000
27.102000
27.103000
27.104000
27.105000
27.106000
27.107000
27.108000
27.109000
27.110000
27.111000
27.112000
27.113000
27.114000
27.115000
27.116000
27.117000
27.118000
27.119000
27.120000
27.121000
27.122000
27.123000
27.124000
27.125000
27.126000
27.127000
27.128000
27.129000
27.130000
27.131000
27.132000
27.133000
27.134000
27.135000
27.136000
27.137000
27.138000
27.139000
27.140000
27.141000
27.142000
27.143000
27.144000
27.145000
27.146000
27.147000
27.148000
27.149000
27.150000
27.151000
27.152000
27.153000
27.154000
27.155000
27.156000
27.157000
27.158000
27.159000
27.160000
27.161000
27.162000
27.163000
27.164000
27.165000
27.166000
27.167000
27.168000
27.169000
27.170000
27.171000
27.172000
27.173000
27.174000
27.175000
27.176000
27.177000
27.178000
27.179000
27.180000
27.181000
27.182000
27.183000
27.184000
27.185000
27.186000
27.187000
27.188000
27.189000
27.190000
27.191000
27.192000
27.193000
27.194000
27.195000
27.196000
27.197000
27.198000
27.199000
27.200000
27.201000
27.202000
27.203000
27.204000
27.205000
27.206000
27.207000
27.208000
27.209000
27.210000
27.211000
27.212000
27.213000
27.214000
27.215000
27.216000
27.217000
27.218000
27.219000
27.220000
27.221000
27.222000
27.223000
27.224000
27.225000
27.226000
27.227000
27.228000
27.229000
27.230000
27.231000
27.232000
27.233000
27.234000
27.235000
27.236000
27.237000
27.238000
27.239000
27.240000
27.241000
27.242000
27.243000
27.244000
27.245000
27.246000
27.247000
27.248000
27.249000
27.250000
27.251000
27.252000
27.253000
27.254000
27.255000
27.256000
27.257000
27.258000
27.259000
27.260000
27.261000
27.262000
27.263000
27.264000
27.265000
27.266000
27.267000
27.268000
27.269000
27.270000
27.271000
27.272000
27.273000
27.274000
27.275000
27.276000
27.277000
27.278000
27.279000
27.280000
27.281000
27.282000
27.283000
27.284000
27.285000
27.286000
27.287000
27.288000
27.289000
27.290000
27.291000
27.292000
27.293000
27.294000
27.295000
27.296000
27.297000
27.298000
27.299000
27.300000
27.301000
27.302000
27.303000
27.304000
27.305000
27.306000
27.307000
27.308000
27.309000
27.310000
27.311000
27.312000
27.313000
27.314000
27.315000
27.316000
27.317000
27.318000
27.319000
27.320000
27.321000
27.322000
27.323000
27.324000
27.325000
27.326000
27.327000
27.328000
27.329000
27.330000
27.331000
27.332000
27.333000
27.334000
27.335000
27.336000
27.337000
27.338000
27.339000
27.340000
27.341000
27.342000
27.343000
27.344000
27.345000
27.346000
27.347000
27.348000
27.349000
27.350000
27.351000
27.352000
27.353000
27.354000
27.355000
27.356000
27.357000
27.358000
27.359000
27.360000
27.361000
27.362000
27.363000
27.364000
27.365000
27.366000
27.367000
27.368000
27.369000
27.370000
27.371000
27.372000
27.373000
27.374000
27.375000
27.376000
27.377000
27.378000
27.379000
27.380000
27.381000
27.382000
27.383000
27.384000
27.385000
27.386000
27.387000
27.388000
27.389000
27.390000
27.391000
27.392000
27.393000
27.394000
27.395000
27.396000
27.397000
27.398000
27.399000
27.400000
27.401000
27.402000
27.403000
27.404000
27.405000
27.406000
27.407000
27.408000
27.409000
27.410000
27.411000
27.412000
27.413000
27.414000
27.415000
27.416000
27.417000
27.418000
27.419000
27.420000
27.421000
27.422000
27.423000
27.424000
27.425000
27.426000
27.427000
27.428000
27.429000
27.430000
27.431000
27.432000
27.433000
27.434000
27.435000
27.436000
27.437000
27.438000
27.439000
27.440000
27.441000
27.442000
27.443000
27.444000
27.445000
27.446000
27.447000
27.448000
27.449000
27.450000
27.451000
27.452000
27.453000
27.454000
27.455000
27.456000
27.457000
27.458000
27.459000
27.460000
27.461000
27.462000
27.463000
27.464000
27.465000
27.466000
27.467000
27.468000
27.469000
27.470000
27.471000
27.472000
27.473000
27.474000
27.475000
27.476000
27.477000
27.478000
27.479000
27.480000
27.481000
27.482000
27.483000
27.484000
27.485000
27.486000
27.487000
27.488000
27.489000
27.490000
27.491000
27.492000
27.493000
27.494000
27.495000
27.496000
27.497000
27.498000
27.499000
27.500000
27.501000
27.502000
27.503000
27.504000
27.505000
27.506000
27.507000
27.508000
27.509000
27.510000
27.511000
27.512000
27.513000
27.514000
27.515000
27.516000
27.517000
27.518000
27.519000
27.520000
27.521000
27.522000
27.523000
27.524000
27.525000
27.526000
27.527000
27.528000
27.529000
27.530000
27.531000
27.532000
27.533000
27.534000
27.535000
27.536000
27.537000
27.538000
27.539000
27.540000
27.541000
27.542000
27.543000
27.544000
27.545000
27.546000
27.547000
27.548000
27.549000
27.550000
27.551000
27.552000
27.553000
27.554000
27.555000
27.556000
27.557000
27.558000
27.559000
27.560000
27.561000
27.562000
27.563000
27.564000
27.565000
27.566000
27.567000
27.568000
27.569000
27.570000
27.571000
27.572000
27.573000
27.574000
27.575000
27.576000
27.577000
27.578000
27.579000
27.580000
27.581000
27.582000
27.583000
27.584000
27.585000
27.586000
27.587000
27.588000
27.589000
27.590000
27.591000
27.592000
27.593000
27.594000
27.595000
27.596000
27.597000
27.598000
27.599000
27.600000
27.601000
27.602000
27.603000
27.604000
27.605000
27.606000
27.607000
27.608000
27.609000
27.610000
27.611000
27.612000
27.613000
27.614000
27.615000
27.616000
27.617000
27.618000
27.619000
27.620000
27.621000
27.622000
27.623000
27.624000
27.625000
27.626000
27.627000
27.628000
27.629000
27.630000
27.631000
27.632000
27.633000
27.634000
27.635000
27.636000
27.637000
27.638000
27.639000
27.640000
27.641000
27.642000
27.643000
27.644000
27.645000
27.646000
27.647000
27.648000
27.649000
27.650000
27.651000
27.652000
27.653000
27.654000
27.655000
27.656000
27.657000
27.658000
27.659000
27.660000
27.661000
27.662000
27.663000
27.664000
27.665000
27.666000
27.667000
27.668000
27.669000
27.670000
27.671000
27.672000
27.673000
27.674000
27.675000
27.676000
27.677000
27.678000
27.679000
27.680000
27.681000
27.682000
27.683000
27.684000
27.685000
27.686000
27.687000
27.688000
27.689000
27.690000
27.691000
27.692000
27.693000
27.694000
27.695000
27.696000
27.697000
27.698000
27.699000
27.700000
27.701000
27.702000
27.703000
27.704000
27.705000
27.706000
27.707000
27.708000
27.709000
27.710000
27.711000
27.712000
27.713000
27.714000
27.715000
27.716000
27.717000
27.718000
27.719000
27.720000
27.721000
27.722000
27.723000
27.724000
27.725000
27.726000
27.727000
27.728000
27.729000
27.730000
27.731000
27.732000
27.733000
27.734000
27.735000
27.736000
27.737000
27.738000
27.739000
27.740000
27.741000
27.742000
27.743000
27.744000
27.745000
27.746000
27.747000
27.748000
27.749000
27.750000
27.751000
27.752000
27.753000
27.754000
27.755000
27.756000
27.757000
27.758000
27.759000
27.760000
27.761000
27.762000
27.763000
27.764000
27.765000
27.766000
27.767000
27.768000
27.769000
27.770000
27.771000
27.772000
27.773000
27.774000
27.775000
27.776000
27.777000
27.778000
27.779000
27.780000
27.781000
27.782000
27.783000
27.784000
27.785000
27.786000
27.787000
27.788000
27.789000
27.790000
27.791000
27.792000
27.793000
27.794000
27.795000
27.796000
27.797000
27.798000
27.799000
27.800000
27.801000
27.802000
27.803000
27.804000
27.805000
27.806000
27.807000
27.808000
27.809000
27.810000
27.811000
27.812000
27.813000
27.814000
27.815000
27.816000
27.817000
27.818000
27.819000
27.820000
27.821000
27.822000
27.823000
27.824000
27.825000
27.826000
27.827000
27.828000
27.829000
27.830000
27.831000
27.832000
27.833000
27.834000
27.835000
27.836000
27.837000
27.838000
27.839000
27.840000
27.841000
27.842000
27.843000
27.844000
27.845000
27.846000
27.847000
27.848000
27.849000
27.850000
27.851000
27.852000
27.853000
27.854000
27.855000
27.856000
27.857000
27.858000
27.859000
27.860000
27.861000
27.862000
27.863000
27.864000
27.865000
27.866000
27.867000
27.868000
27.869000
27.870000
27.871000
27.872000
27.873000
27.874000
27.875000
27.876000
27.877000
27.878000
27.879000
27.880000
27.881000
27.882000
27.883000
27.884000
27.885000
27.886000
27.887000
27.888000
27.889000
27.890000
27.891000
27.892000
27.893000
27.894000
27.895000
27.896000
27.897000
27.898000
27.899000
27.900000
27.901000
27.902000
27.903000
27.904000
27.905000
27.906000
27.907000
27.908000
27.909000
27.910000
27.911000
27.912000
27.913000
27.914000
27.915000
27.916000
27.917000
27.918000
27.919000
27.920000
27.921000
27.922000
27.923000
27.924000
27.925000
27.926000
27.927000
27.928000
27.929000
27.930000
27.931000
27.932000
27.933000
27.934000
27.935000
27.936000
27.937000
27.938000
27.939000
27.940000
27.941000
27.942000
27.943000
27.944000
27.945000
27.946000
27.947000
27.948000
27.949000
27.950000
27.951000
27.952000
27.953000
27.954000
27.955000
27.956000
27.957000
27.958000
27.959000
27.960000
27.961000
27.962000
27.963000
27.964000
27.965000
27.966000
27.967000
27.968000
27.969000
27.970000
27.971000
27.972000
27.973000
27.974000
27.975000
27.976000
27.977000
27.978000
27.979000
27.980000
27.981000
27.982000
27.983000
27.984000
27.985000
27.986000
27.987000
27.988000
27.989000
27.990000
27.991000
27.992000
27.993000
27.994000
27.995000
27.996000
27.997000
27.998000
27.999000
28.000000
28.001000
28.002000
28.003000
28.004000
28.005000
28.006000
28.007000
28.008000
28.009000
28.010000
28.011000
28.012000
28.013000
28.014000
28.015000
28.016000
28.017000
28.018000
28.019000
28.020000
28.021000
28.022000
28.023000
28.024000
28.025000
28.026000
28.027000
28.028000
28.029000
28.030000
28.031000
28.032000
28.033000
28.034000
28.035000
28.036000
28.037000
28.038000
28.039000
28.040000
28.041000
28.042000
28.043000
28.044000
28.045000
28.046000
28.047000
28.048000
28.049000
28.050000
28.051000
28.052000
28.053000
28.054000
28.055000
28.056000
28.057000
28.058000
28.059000
28.060000
28.061000
28.062000
28.063000
28.064000
28.065000
28.066000
28.067000
28.068000
28.069000
28.070000
28.071000
28.072000
28.073000
28.074000
28.075000
28.076000
28.077000
28.078000
28.079000
28.080000
28.081000
28.082000
28.083000
28.084000
28.085000
28.086000
28.087000
28.088000
28.089000
28.090000
28.091000
28.092000
28.093000
28.094000
28.095000
28.096000
28.097000
28.098000
28.099000
28.100000
28.101000
28.102000
28.103000
28.104000
28.105000
28.106000
28.107000
28.108000
28.109000
28.110000
28.111000
28.112000
28.113000
28.114000
28.115000
28.116000
28.117000
28.118000
28.119000
28.120000
28.121000
28.122000
28.123000
28.124000
28.125000
28.126000
28.127000
28.128000
28.129000
28.130000
28.131000
28.132000
28.133000
28.134000
28.135000
28.136000
28.137000
28.138000
28.139000
28.140000
28.141000
28.142000
28.143000
28.144000
28.145000
28.146000
28.147000
28.148000
28.149000
28.150000
28.151000
28.152000
28.153000
28.154000
28.155000
28.156000
28.157000
28.158000
28.159000
28.160000
28.161000
28.162000
28.163000
28.164000
28.165000
28.166000
28.167000
28.168000
28.169000
28.170000
28.171000
28.172000
28.173000
28.174000
28.175000
28.176000
28.177000
28.178000
28.179000
28.180000
28.181000
28.182000
28.183000
28.184000
28.185000
28.186000
28.187000
28.188000
28.189000
28.190000
28.191000
28.192000
28.193000
28.194000
28.195000
28.196000
28.197000
28.198000
28.199000
28.200000
28.201000
28.202000
28.203000
28.204000
28.205000
28.206000
28.207000
28.208000
28.209000
28.210000
28.211000
28.212000
28.213000
28.214000
28.215000
28.216000
28.217000
28.218000
28.219000
28.220000
28.221000
28.222000
28.223000
28.224000
28.225000
28.226000
28.227000
28.228000
28.229000
28.230000
28.231000
28.232000
28.233000
28.234000
28.235000
28.236000
28.237000
28.238000
28.239000
28.240000
28.241000
28.242000
28.243000
28.244000
28.245000
28.246000
28.247000
28.248000
28.249000
28.250000
28.251000
28.252000
28.253000
28.254000
28.255000
28.256000
28.257000
28.258000
28.259000
28.260000
28.261000
28.262000
28.263000
28.264000
28.265000
28.266000
28.267000
28.268000
28.269000
28.270000
28.271000
28.272000
28.273000
28.274000
28.275000
28.276000
28.277000
28.278000
28.279000
28.280000
28.281000
28.282000
28.283000
28.284000
28.285000
28.286000
28.287000
28.288000
28.289000
28.290000
28.291000
28.292000
28.293000
28.294000
28.295000
28.296000
28.297000
28.298000
28.299000
28.300000
28.301000
28.302000
28.303000
28.304000
28.305000
28.306000
28.307000
28.308000
28.309000
28.310000
28.311000
28.312000
28.313000
28.314000
28.315000
28.316000
28.317000
28.318000
28.319000
28.320000
28.321000
28.322000
28.323000
28.324000
28.325000
28.326000
28.327000
28.328000
28.329000
28.330000
28.331000
28.332000
28.333000
28.334000
28.335000
28.336000
28.337000
28.338000
28.339000
28.340000
28.341000
28.342000
28.343000
28.344000
28.345000
28.346000
28.347000
28.348000
28.349000
28.350000
28.351000
28.352000
28.353000
28.354000
28.355000
28.356000
28.357000
28.358000
28.359000
28.360000
28.361000
28.362000
28.363000
28.364000
28.365000
28.366000
28.367000
28.368000
28.369000
28.370000
28.371000
28.372000
28.373000
28.374000
28.375000
28.376000
28.377000
28.378000
28.379000
28.380000
28.381000
28.382000
28.383000
28.384000
28.385000
28.386000
28.387000
28.388000
28.389000
28.390000
28.391000
28.392000
28.393000
28.394000
28.395000
28.396000
28.397000
28.398000
28.399000
28.400000
28.401000
28.402000
28.403000
28.404000
28.405000
28.406000
28.407000
28.408000
28.409000
28.410000
28.411000
28.412000
28.413000
28.414000
28.415000
28.416000
28.417000
28.418000
28.419000
28.420000
28.421000
28.422000
28.423000
28.424000
28.425000
28.426000
28.427000
28.428000
28.429000
28.430000
28.431000
28.432000
28.433000
28.434000
28.435000
28.436000
28.437000
28.438000
28.439000
28.440000
28.441000
28.442000
28.443000
28.444000
28.445000
28.446000
28.447000
28.448000
28.449000
28.450000
28.451000
28.452000
28.453000
28.454000
28.455000
28.456000
28.457000
28.458000
28.459000
28.460000
28.461000
28.462000
28.463000
28.464000
28.465000
28.466000
28.467000
28.468000
28.469000
28.470000
28.471000
28.472000
28.473000
28.474000
28.475000
28.476000
28.477000
28.478000
28.479000
28.480000
28.481000
28.482000
28.483000
28.484000
28.485000
28.486000
28.487000
28.488000
28.489000
28.490000
28.491000
28.492000
28.493000
28.494000
28.495000
28.496000
28.497000
28.498000
28.499000
28.500000
28.501000
28.502000
28.503000
28.504000
28.505000
28.506000
28.507000
28.508000
28.509000
28.510000
28.511000
28.512000
28.513000
28.514000
28.515000
28.516000
28.517000
28.518000
28.519000
28.520000
28.521000
28.522000
28.523000
28.524000
28.525000
28.526000
28.527000
28.528000
28.529000
28.530000
28.531000
28.532000
28.533000
28.534000
28.535000
28.536000
28.537000
28.538000
28.539000
28.540000
28.541000
28.542000
28.543000
28.544000
28.545000
28.546000
28.547000
28.548000
28.549000
28.550000
28.551000
28.552000
28.553000
28.554000
28.555000
28.556000
28.557000
28.558000
28.559000
28.560000
28.561000
28.562000
28.563000
28.564000
28.565000
28.566000
28.567000
28.568000
28.569000
28.570000
28.571000
28.572000
28.573000
28.574000
28.575000
28.576000
28.577000
28.578000
28.579000
28.580000
28.581000
28.582000
28.583000
28.584000
28.585000
28.586000
28.587000
28.588000
28.589000
28.590000
28.591000
28.592000
28.593000
28.594000
28.595000
28.596000
28.597000
28.598000
28.599000
28.600000
28.601000
28.602000
28.603000
28.604000
28.605000
28.606000
28.607000
28.608000
28.609000
28.610000
28.611000
28.612000
28.613000
28.614000
28.615000
28.616000
28.617000
28.618000
28.619000
28.620000
28.621000
28.622000
28.623000
28.624000
28.625000
28.626000
28.627000
28.628000
28.629000
28.630000
28.631000
28.632000
28.633000
28.634000
28.635000
28.636000
28.637000
28.638000
28.639000
28.640000
28.641000
28.642000
28.643000
28.644000
28.645000
28.646000
28.647000
28.648000
28.649000
28.650000
28.651000
28.652000
28.653000
28.654000
28.655000
28.656000
28.657000
28.658000
28.659000
28.660000
28.661000
28.662000
28.663000
28.664000
28.665000
28.666000
28.667000
28.668000
28.669000
28.670000
28.671000
28.672000
28.673000
28.674000
28.675000
28.676000
28.677000
28.678000
28.679000
28.680000
28.681000
28.682000
28.683000
28.684000
28.685000
28.686000
28.687000
28.688000
28.689000
28.690000
28.691000
28.692000
28.693000
28.694000
28.695000
28.696000
28.697000
28.698000
28.699000
28.700000
28.701000
28.702000
28.703000
28.704000
28.705000
28.706000
28.707000
28.708000
28.709000
28.710000
28.711000
28.712000
28.713000
28.714000
28.715000
28.716000
28.717000
28.718000
28.719000
28.720000
28.721000
28.722000
28.723000
28.724000
28.725000
28.726000
28.727000
28.728000
28.729000
28.730000
28.731000
28.732000
28.733000
28.734000
28.735000
28.736000
28.737000
28.738000
28.739000
28.740000
28.741000
28.742000
28.743000
28.744000
28.745000
28.746000
28.747000
28.748000
28.749000
28.750000
28.751000
28.752000
28.753000
28.754000
28.755000
28.756000
28.757000
28.758000
28.759000
28.760000
28.761000
28.762000
28.763000
28.764000
28.765000
28.766000
28.767000
28.768000
28.769000
28.770000
28.771000
28.772000
28.773000
28.774000
28.775000
28.776000
28.777000
28.778000
28.779000
28.780000
28.781000
28.782000
28.783000
28.784000
28.785000
28.786000
28.787000
28.788000
28.789000
28.790000
28.791000
28.792000
28.793000
28.794000
28.795000
28.796000
28.797000
28.798000
28.799000
28.800000
28.801000
28.802000
28.803000
28.804000
28.805000
28.806000
28.807000
28.808000
28.809000
28.810000
28.811000
28.812000
28.813000
28.814000
28.815000
28.816000
28.817000
28.818000
28.819000
28.820000
28.821000
28.822000
28.823000
28.824000
28.825000
28.826000
28.827000
28.828000
28.829000
28.830000
28.831000
28.832000
28.833000
28.834000
28.835000
28.836000
28.837000
28.838000
28.839000
28.840000
28.841000
28.842000
28.843000
28.844000
28.845000
28.846000
28.847000
28.848000
28.849000
28.850000
28.851000
28.852000
28.853000
28.854000
28.855000
28.856000
28.857000
28.858000
28.859000
28.860000
28.861000
28.862000
28.863000
28.864000
28.865000
28.866000
28.867000
28.868000
28.869000
28.870000
28.871000
28.872000
28.873000
28.874000
28.875000
28.876000
28.877000
28.878000
28.879000
28.880000
28.881000
28.882000
28.883000
28.884000
28.885000
28.886000
28.887000
28.888000
28.889000
28.890000
28.891000
28.892000
28.893000
28.894000
28.895000
28.896000
28.897000
28.898000
28.899000
28.900000
28.901000
28.902000
28.903000
28.904000
28.905000
28.906000
28.907000
28.908000
28.909000
28.910000
28.911000
28.912000
28.913000
28.914000
28.915000
28.916000
28.917000
28.918000
28.919000
28.920000
28.921000
28.922000
28.923000
28.924000
28.925000
28.926000
28.927000
28.928000
28.929000
28.930000
28.931000
28.932000
28.933000
28.934000
28.935000
28.936000
28.937000
28.938000
28.939000
28.940000
28.941000
28.942000
28.943000
28.944000
28.945000
28.946000
28.947000
28.948000
28.949000
28.950000
28.951000
28.952000
28.953000
28.954000
28.955000
28.956000
28.957000
28.958000
28.959000
28.960000
28.961000
28.962000
28.963000
28.964000
28.965000
28.966000
28.967000
28.968000
28.969000
28.970000
28.971000
28.972000
28.973000
28.974000
28.975000
28.976000
28.977000
28.978000
28.979000
28.980000
28.981000
28.982000
28.983000
28.984000
28.985000
28.986000
28.987000
28.988000
28.989000
28.990000
28.991000
28.992000
28.993000
28.994000
28.995000
28.996000
28.997000
28.998000
28.999000
29.000000
29.001000
29.002000
29.003000
29.004000
29.005000
29.006000
29.007000
29.008000
29.009000
29.010000
29.011000
29.012000
29.013000
29.014000
29.015000
29.016000
29.017000
29.018000
29.019000
29.020000
29.021000
29.022000
29.023000
29.024000
29.025000
29.026000
29.027000
29.028000
29.029000
29.030000
29.031000
29.032000
29.033000
29.034000
29.035000
29.036000
29.037000
29.038000
29.039000
29.040000
29.041000
29.042000
29.043000
29.044000
29.045000
29.046000
29.047000
29.048000
29.049000
29.050000
29.051000
29.052000
29.053000
29.054000
29.055000
29.056000
29.057000
29.058000
29.059000
29.060000
29.061000
29.062000
29.063000
29.064000
29.065000
29.066000
29.067000
29.068000
29.069000
29.070000
29.071000
29.072000
29.073000
29.074000
29.075000
29.076000
29.077000
29.078000
29.079000
29.080000
29.081000
29.082000
29.083000
29.084000
29.085000
29.086000
29.087000
29.088000
29.089000
29.090000
29.091000
29.092000
29.093000
29.094000
29.095000
29.096000
29.097000
29.098000
29.099000
29.100000
29.101000
29.102000
29.103000
29.104000
29.105000
29.106000
29.107000
29.108000
29.109000
29.110000
29.111000
29.112000
29.113000
29.114000
29.115000
29.116000
29.117000
29.118000
29.119000
29.120000
29.121000
29.122000
29.123000
29.124000
29.125000
29.126000
29.127000
29.128000
29.129000
29.130000
29.131000
29.132000
29.133000
29.134000
29.135000
29.136000
29.137000
29.138000
29.139000
29.140000
29.141000
29.142000
29.143000
29.144000
29.145000
29.146000
29.147000
29.148000
29.149000
29.150000
29.151000
29.152000
29.153000
29.154000
29.155000
29.156000
29.157000
29.158000
29.159000
29.160000
29.161000
29.162000
29.163000
29.164000
29.165000
29.166000
29.167000
29.168000
29.169000
29.170000
29.171000
29.172000
29.173000
29.174000
29.175000
29.176000
29.177000
29.178000
29.179000
29.180000
29.181000
29.182000
29.183000
29.184000
29.185000
29.186000
29.187000
29.188000
29.189000
29.190000
29.191000
29.192000
29.193000
29.194000
29.195000
29.196000
29.197000
29.198000
29.199000
29.200000
29.201000
29.202000
29.203000
29.204000
29.205000
29.206000
29.207000
29.208000
29.209000
29.210000
29.211000
29.212000
29.213000
29.214000
29.215000
29.216000
29.217000
29.218000
29.219000
29.220000
29.221000
29.222000
29.223000
29.224000
29.225000
29.226000
29.227000
29.228000
29.229000
29.230000
29.231000
29.232000
29.233000
29.234000
29.235000
29.236000
29.237000
29.238000
29.239000
29.240000
29.241000
29.242000
29.243000
29.244000
29.245000
29.246000
29.247000
29.248000
29.249000
29.250000
29.251000
29.252000
29.253000
29.254000
29.255000
29.256000
29.257000
29.258000
29.259000
29.260000
29.261000
29.262000
29.263000
29.264000
29.265000
29.266000
29.267000
29.268000
29.269000
29.270000
29.271000
29.272000
29.273000
29.274000
29.275000
29.276000
29.277000
29.278000
29.279000
29.280000
29.281000
29.282000
29.283000
29.284000
29.285000
29.286000
29.287000
29.288000
29.289000
29.290000
29.291000
29.292000
29.293000
29.294000
29.295000
29.296000
29.297000
29.298000
29.299000
29.300000
29.301000
29.302000
29.303000
29.304000
29.305000
29.306000
29.307000
29.308000
29.309000
29.310000
29.311000
29.312000
29.313000
29.314000
29.315000
29.316000
29.317000
29.318000
29.319000
29.320000
29.321000
29.322000
29.323000
29.324000
29.325000
29.326000
29.327000
29.328000
29.329000
29.330000
29.331000
29.332000
29.333000
29.334000
29.335000
29.336000
29.337000
29.338000
29.339000
29.340000
29.341000
29.342000
29.343000
29.344000
29.345000
29.346000
29.347000
29.348000
29.349000
29.350000
29.351000
29.352000
29.353000
29.354000
29.355000
29.356000
29.357000
29.358000
29.359000
29.360000
29.361000
29.362000
29.363000
29.364000
29.365000
29.366000
29.367000
29.368000
29.369000
29.370000
29.371000
29.372000
29.373000
29.374000
29.375000
29.376000
29.377000
29.378000
29.379000
29.380000
29.381000
29.382000
29.383000
29.384000
29.385000
29.386000
29.387000
29.388000
29.389000
29.390000
29.391000
29.392000
29.393000
29.394000
29.395000
29.396000
29.397000
29.398000
29.399000
29.400000
29.401000
29.402000
29.403000
29.404000
29.405000
29.406000
29.407000
29.408000
29.409000
29.410000
29.411000
29.412000
29.413000
29.414000
29.415000
29.416000
29.417000
29.418000
29.419000
29.420000
29.421000
29.422000
29.423000
29.424000
29.425000
29.426000
29.427000
29.428000
29.429000
29.430000
29.431000
29.432000
29.433000
29.434000
29.435000
29.436000
29.437000
29.438000
29.439000
29.440000
29.441000
29.442000
29.443000
29.444000
29.445000
29.446000
29.447000
29.448000
29.449000
29.450000
29.451000
29.452000
29.453000
29.454000
29.455000
29.456000
29.457000
29.458000
29.459000
29.460000
29.461000
29.462000
29.463000
29.464000
29.465000
29.466000
29.467000
29.468000
29.469000
29.470000
29.471000
29.472000
29.473000
29.474000
29.475000
29.476000
29.477000
29.478000
29.479000
29.480000
29.481000
29.482000
29.483000
29.484000
29.485000
29.486000
29.487000
29.488000
29.489000
29.490000
29.491000
29.492000
29.493000
29.494000
29.495000
29.496000
29.497000
29.498000
29.499000
29.500000
29.501000
29.502000
29.503000
29.504000
29.505000
29.506000
29.507000
29.508000
29.509000
29.510000
29.511000
29.512000
29.513000
29.514000
29.515000
29.516000
29.517000
29.518000
29.519000
29.520000
29.521000
29.522000
29.523000
29.524000
29.525000
29.526000
29.527000
29.528000
29.529000
29.530000
29.531000
29.532000
29.533000
29.534000
29.535000
29.536000
29.537000
29.538000
29.539000
29.540000
29.541000
29.542000
29.543000
29.544000
29.545000
29.546000
29.547000
29.548000
29.549000
29.550000
29.551000
29.552000
29.553000
29.554000
29.555000
29.556000
29.557000
29.558000
29.559000
29.560000
29.561000
29.562000
29.563000
29.564000
29.565000
29.566000
29.567000
29.568000
29.569000
29.570000
29.571000
29.572000
29.573000
29.574000
29.575000
29.576000
29.577000
29.578000
29.579000
29.580000
29.581000
29.582000
29.583000
29.584000
29.585000
29.586000
29.587000
29.588000
29.589000
29.590000
29.591000
29.592000
29.593000
29.594000
29.595000
29.596000
29.597000
29.598000
29.599000
29.600000
29.601000
29.602000
29.603000
29.604000
29.605000
29.606000
29.607000
29.608000
29.609000
29.610000
29.611000
29.612000
29.613000
29.614000
29.615000
29.616000
29.617000
29.618000
29.619000
29.620000
29.621000
29.622000
29.623000
29.624000
29.625000
29.626000
29.627000
29.628000
29.629000
29.630000
29.631000
29.632000
29.633000
29.634000
29.635000
29.636000
29.637000
29.638000
29.639000
29.640000
29.641000
29.642000
29.643000
29.644000
29.645000
29.646000
29.647000
29.648000
29.649000
29.650000
29.651000
29.652000
29.653000
29.654000
29.655000
29.656000
29.657000
29.658000
29.659000
29.660000
29.661000
29.662000
29.663000
29.664000
29.665000
29.666000
29.667000
29.668000
29.669000
29.670000
29.671000
29.672000
29.673000
29.674000
29.675000
29.676000
29.677000
29.678000
29.679000
29.680000
29.681000
29.682000
29.683000
29.684000
29.685000
29.686000
29.687000
29.688000
29.689000
29.690000
29.691000
29.692000
29.693000
29.694000
29.695000
29.696000
29.697000
29.698000
29.699000
29.700000
29.701000
29.702000
29.703000
29.704000
29.705000
29.706000
29.707000
29.708000
29.709000
29.710000
29.711000
29.712000
29.713000
29.714000
29.715000
29.716000
29.717000
29.718000
29.719000
29.720000
29.721000
29.722000
29.723000
29.724000
29.725000
29.726000
29.727000
29.728000
29.729000
29.730000
29.731000
29.732000
29.733000
29.734000
29.735000
29.736000
29.737000
29.738000
29.739000
29.740000
29.741000
29.742000
29.743000
29.744000
29.745000
29.746000
29.747000
29.748000
29.749000
29.750000
29.751000
29.752000
29.753000
29.754000
29.755000
29.756000
29.757000
29.758000
29.759000
29.760000
29.761000
29.762000
29.763000
29.764000
29.765000
29.766000
29.767000
29.768000
29.769000
29.770000
29.771000
29.772000
29.773000
29.774000
29.775000
29.776000
29.777000
29.778000
29.779000
29.780000
29.781000
29.782000
29.783000
29.784000
29.785000
29.786000
29.787000
29.788000
29.789000
29.790000
29.791000
29.792000
29.793000
29.794000
29.795000
29.796000
29.797000
29.798000
29.799000
29.800000
29.801000
29.802000
29.803000
29.804000
29.805000
29.806000
29.807000
29.808000
29.809000
29.810000
29.811000
29.812000
29.813000
29.814000
29.815000
29.816000
29.817000
29.818000
29.819000
29.820000
29.821000
29.822000
29.823000
29.824000
29.825000
29.826000
29.827000
29.828000
29.829000
29.830000
29.831000
29.832000
29.833000
29.834000
29.835000
29.836000
29.837000
29.838000
29.839000
29.840000
29.841000
29.842000
29.843000
29.844000
29.845000
29.846000
29.847000
29.848000
29.849000
29.850000
29.851000
29.852000
29.853000
29.854000
29.855000
29.856000
29.857000
29.858000
29.859000
29.860000
29.861000
29.862000
29.863000
29.864000
29.865000
29.866000
29.867000
29.868000
29.869000
29.870000
29.871000
29.872000
29.873000
29.874000
29.875000
29.876000
29.877000
29.878000
29.879000
29.880000
29.881000
29.882000
29.883000
29.884000
29.885000
29.886000
29.887000
29.888000
29.889000
29.890000
29.891000
29.892000
29.893000
29.894000
29.895000
29.896000
29.897000
29.898000
29.899000
29.900000
29.901000
29.902000
29.903000
29.904000
29.905000
29.906000
29.907000
29.908000
29.909000
29.910000
29.911000
29.912000
29.913000
29.914000
29.915000
29.916000
29.917000
29.918000
29.919000
29.920000
29.921000
29.922000
29.923000
29.924000
29.925000
29.926000
29.927000
29.928000
29.929000
29.930000
29.931000
29.932000
29.933000
29.934000
29.935000
29.936000
29.937000
29.938000
29.939000
29.940000
29.941000
29.942000
29.943000
29.944000
29.945000
29.946000
29.947000
29.948000
29.949000
29.950000
29.951000
29.952000
29.953000
29.954000
29.955000
29.956000
29.957000
29.958000
29.959000
29.960000
29.961000
29.962000
29.963000
29.964000
29.965000
29.966000
29.967000
29.968000
29.969000
29.970000
29.971000
29.972000
29.973000
29.974000
29.975000
29.976000
29.977000
29.978000
29.979000
29.980000
29.981000
29.982000
29.983000
29.984000
29.985000
29.986000
29.987000
29.988000
29.989000
29.990000
29.991000
29.992000
29.993000
29.994000
29.995000
29.996000
29.997000
29.998000
29.999000
30.000000
30.001000
30.002000
30.003000
30.004000
30.005000
30.006000
30.007000
30.008000
30.009000
30.010000
30.011000
30.012000
30.013000
30.014000
30.015000
30.016000
30.017000
30.018000
30.019000
30.020000
30.021000
30.022000
30.023000
30.024000
30.025000
30.026000
30.027000
30.028000
30.029000
30.030000
30.031000
30.032000
30.033000
30.034000
30.035000
30.036000
30.037000
30.038000
30.039000
30.040000
30.041000
30.042000
30.043000
30.044000
30.045000
30.046000
30.047000
30.048000
30.049000
30.050000
30.051000
30.052000
30.053000
30.054000
30.055000
30.056000
30.057000
30.058000
30.059000
30.060000
30.061000
30.062000
30.063000
30.064000
30.065000
30.066000
30.067000
30.068000
30.069000
30.070000
30.071000
30.072000
30.073000
30.074000
30.075000
30.076000
30.077000
30.078000
30.079000
30.080000
30.081000
30.082000
30.083000
30.084000
30.085000
30.086000
30.087000
30.088000
30.089000
30.090000
30.091000
30.092000
30.093000
30.094000
30.095000
30.096000
30.097000
30.098000
30.099000
30.100000
30.101000
30.102000
30.103000
30.104000
30.105000
30.106000
30.107000
30.108000
30.109000
30.110000
30.111000
30.112000
30.113000
30.114000
30.115000
30.116000
30.117000
30.118000
30.119000
30.120000
30.121000
30.122000
30.123000
30.124000
30.125000
30.126000
30.127000
30.128000
30.129000
30.130000
30.131000
30.132000
30.133000
30.134000
30.135000
30.136000
30.137000
30.138000
30.139000
30.140000
30.141000
30.142000
30.143000
30.144000
30.145000
30.146000
30.147000
30.148000
30.149000
30.150000
30.151000
30.152000
30.153000
30.154000
30.155000
30.156000
30.157000
30.158000
30.159000
30.160000
30.161000
30.162000
30.163000
30.164000
30.165000
30.166000
30.167000
30.168000
30.169000
30.170000
30.171000
30.172000
30.173000
30.174000
30.175000
30.176000
30.177000
30.178000
30.179000
30.180000
30.181000
30.182000
30.183000
30.184000
30.185000
30.186000
30.187000
30.188000
30.189000
30.190000
30.191000
30.192000
30.193000
30.194000
30.195000
30.196000
30.197000
30.198000
30.199000
30.200000
30.201000
30.202000
30.203000
30.204000
30.205000
30.206000
30.207000
30.208000
30.209000
30.210000
30.211000
30.212000
30.213000
30.214000
30.215000
30.216000
30.217000
30.218000
30.219000
30.220000
30.221000
30.222000
30.223000
30.224000
30.225000
30.226000
30.227000
30.228000
30.229000
30.230000
30.231000
30.232000
30.233000
30.234000
30.235000
30.236000
30.237000
30.238000
30.239000
30.240000
30.241000
30.242000
30.243000
30.244000
30.245000
30.246000
30.247000
30.248000
30.249000
30.250000
30.251000
30.252000
30.253000
30.254000
30.255000
30.256000
30.257000
30.258000
30.259000
30.260000
30.261000
30.262000
30.263000
30.264000
30.265000
30.266000
30.267000
30.268000
30.269000
30.270000
30.271000
30.272000
30.273000
30.274000
30.275000
30.276000
30.277000
30.278000
30.279000
30.280000
30.281000
30.282000
30.283000
30.284000
30.285000
30.286000
30.287000
30.288000
30.289000
30.290000
30.291000
30.292000
30.293000
30.294000
30.295000
30.296000
30.297000
30.298000
30.299000
30.300000
30.301000
30.302000
30.303000
30.304000
30.305000
30.306000
30.307000
30.308000
30.309000
30.310000
30.311000
30.312000
30.313000
30.314000
30.315000
30.316000
30.317000
30.318000
30.319000
30.320000
30.321000
30.322000
30.323000
30.324000
30.325000
30.326000
30.327000
30.328000
30.329000
30.330000
30.331000
30.332000
30.333000
30.334000
30.335000
30.336000
30.337000
30.338000
30.339000
30.340000
30.341000
30.342000
30.343000
30.344000
30.345000
30.346000
30.347000
30.348000
30.349000
30.350000
30.351000
30.352000
30.353000
30.354000
30.355000
30.356000
30.357000
30.358000
30.359000
30.360000
30.361000
30.362000
30.363000
30.364000
30.365000
30.366000
30.367000
30.368000
30.369000
30.370000
30.371000
30.372000
30.373000
30.374000
30.375000
30.376000
30.377000
30.378000
30.379000
30.380000
30.381000
30.382000
30.383000
30.384000
30.385000
30.386000
30.387000
30.388000
30.389000
30.390000
30.391000
30.392000
30.393000
30.394000
30.395000
30.396000
30.397000
30.398000
30.399000
30.400000
30.401000
30.402000
30.403000
30.404000
30.405000
30.406000
30.407000
30.408000
30.409000
30.410000
30.411000
30.412000
30.413000
30.414000
30.415000
30.416000
30.417000
30.418000
30.419000
30.420000
30.421000
30.422000
30.423000
30.424000
30.425000
30.426000
30.427000
30.428000
30.429000
30.430000
30.431000
30.432000
30.433000
30.434000
30.435000
30.436000
30.437000
30.438000
30.439000
30.440000
30.441000
30.442000
30.443000
30.444000
30.445000
30.446000
30.447000
30.448000
30.449000
30.450000
30.451000
30.452000
30.453000
30.454000
30.455000
30.456000
30.457000
30.458000
30.459000
30.460000
30.461000
30.462000
30.463000
30.464000
30.465000
30.466000
30.467000
30.468000
30.469000
30.470000
30.471000
30.472000
30.473000
30.474000
30.475000
30.476000
30.477000
30.478000
30.479000
30.480000
30.481000
30.482000
30.483000
30.484000
30.485000
30.486000
30.487000
30.488000
30.489000
30.490000
30.491000
30.492000
30.493000
30.494000
30.495000
30.496000
30.497000
30.498000
30.499000
30.500000
30.501000
30.502000
30.503000
30.504000
30.505000
30.506000
30.507000
30.508000
30.509000
30.510000
30.511000
30.512000
30.513000
30.514000
30.515000
30.516000
30.517000
30.518000
30.519000
30.520000
30.521000
30.522000
30.523000
30.524000
30.525000
30.526000
30.527000
30.528000
30.529000
30.530000
30.531000
30.532000
30.533000
30.534000
30.535000
30.536000
30.537000
30.538000
30.539000
30.540000
30.541000
30.542000
30.543000
30.544000
30.545000
30.546000
30.547000
30.548000
30.549000
30.550000
30.551000
30.552000
30.553000
30.554000
30.555000
30.556000
30.557000
30.558000
30.559000
30.560000
30.561000
30.562000
30.563000
30.564000
30.565000
30.566000
30.567000
30.568000
30.569000
30.570000
30.571000
30.572000
30.573000
30.574000
30.575000
30.576000
30.577000
30.578000
30.579000
30.580000
30.581000
30.582000
30.583000
30.584000
30.585000
30.586000
30.587000
30.588000
30.589000
30.590000
30.591000
30.592000
30.593000
30.594000
30.595000
30.596000
30.597000
30.598000
30.599000
30.600000
30.601000
30.602000
30.603000
30.604000
30.605000
30.606000
30.607000
30.608000
30.609000
30.610000
30.611000
30.612000
30.613000
30.614000
30.615000
30.616000
30.617000
30.618000
30.619000
30.620000
30.621000
30.622000
30.623000
30.624000
30.625000
30.626000
30.627000
30.628000
30.629000
30.630000
30.631000
30.632000
30.633000
30.634000
30.635000
30.636000
30.637000
30.638000
30.639000
30.640000
30.641000
30.642000
30.643000
30.644000
30.645000
30.646000
30.647000
30.648000
30.649000
30.650000
30.651000
30.652000
30.653000
30.654000
30.655000
30.656000
30.657000
30.658000
30.659000
30.660000
30.661000
30.662000
30.663000
30.664000
30.665000
30.666000
30.667000
30.668000
30.669000
30.670000
30.671000
30.672000
30.673000
30.674000
30.675000
30.676000
30.677000
30.678000
30.679000
30.680000
30.681000
30.682000
30.683000
30.684000
30.685000
30.686000
30.687000
30.688000
30.689000
30.690000
30.691000
30.692000
30.693000
30.694000
30.695000
30.696000
30.697000
30.698000
30.699000
30.700000
30.701000
30.702000
30.703000
30.704000
30.705000
30.706000
30.707000
30.708000
30.709000
30.710000
30.711000
30.712000
30.713000
30.714000
30.715000
30.716000
30.717000
30.718000
30.719000
30.720000
30.721000
30.722000
30.723000
30.724000
30.725000
30.726000
30.727000
30.728000
30.729000
30.730000
30.731000
30.732000
30.733000
30.734000
30.735000
30.736000
30.737000
30.738000
30.739000
30.740000
30.741000
30.742000
30.743000
30.744000
30.745000
30.746000
30.747000
30.748000
30.749000
30.750000
30.751000
30.752000
30.753000
30.754000
30.755000
30.756000
30.757000
30.758000
30.759000
30.760000
30.761000
30.762000
30.763000
30.764000
30.765000
30.766000
30.767000
30.768000
30.769000
30.770000
30.771000
30.772000
30.773000
30.774000
30.775000
30.776000
30.777000
30.778000
30.779000
30.780000
30.781000
30.782000
30.783000
30.784000
30.785000
30.786000
30.787000
30.788000
30.789000
30.790000
30.791000
30.792000
30.793000
30.794000
30.795000
30.796000
30.797000
30.798000
30.799000
30.800000
30.801000
30.802000
30.803000
30.804000
30.805000
30.806000
30.807000
30.808000
30.809000
30.810000
30.811000
30.812000
30.813000
30.814000
30.815000
30.816000
30.817000
30.818000
30.819000
30.820000
30.821000
30.822000
30.823000
30.824000
30.825000
30.826000
30.827000
30.828000
30.829000
30.830000
30.831000
30.832000
30.833000
30.834000
30.835000
30.836000
30.837000
30.838000
30.839000
30.840000
30.841000
30.842000
30.843000
30.844000
30.845000
30.846000
30.847000
30.848000
30.849000
30.850000
30.851000
30.852000
30.853000
30.854000
30.855000
30.856000
30.857000
30.858000
30.859000
30.860000
30.861000
30.862000
30.863000
30.864000
30.865000
30.866000
30.867000
30.868000
30.869000
30.870000
30.871000
30.872000
30.873000
30.874000
30.875000
30.876000
30.877000
30.878000
30.879000
30.880000
30.881000
30.882000
30.883000
30.884000
30.885000
30.886000
30.887000
30.888000
30.889000
30.890000
30.891000
30.892000
30.893000
30.894000
30.895000
30.896000
30.897000
30.898000
30.899000
30.900000
30.901000
30.902000
30.903000
30.904000
30.905000
30.906000
30.907000
30.908000
30.909000
30.910000
30.911000
30.912000
30.913000
30.914000
30.915000
30.916000
30.917000
30.918000
30.919000
30.920000
30.921000
30.922000
30.923000
30.924000
30.925000
30.926000
30.927000
30.928000
30.929000
30.930000
30.931000
30.932000
30.933000
30.934000
30.935000
30.936000
30.937000
30.938000
30.939000
30.940000
30.941000
30.942000
30.943000
30.944000
30.945000
30.946000
30.947000
30.948000
30.949000
30.950000
30.951000
30.952000
30.953000
30.954000
30.955000
30.956000
30.957000
30.958000
30.959000
30.960000
30.961000
30.962000
30.963000
30.964000
30.965000
30.966000
30.967000
30.968000
30.969000
30.970000
30.971000
30.972000
30.973000
30.974000
30.975000
30.976000
30.977000
30.978000
30.979000
30.980000
30.981000
30.982000
30.983000
30.984000
30.985000
30.986000
30.987000
30.988000
30.989000
30.990000
30.991000
30.992000
30.993000
30.994000
30.995000
30.996000
30.997000
30.998000
30.999000
31.000000
31.001000
31.002000
31.003000
31.004000
31.005000
31.006000
31.007000
31.008000
31.009000
31.010000
31.011000
31.012000
31.013000
31.014000
31.015000
31.016000
31.017000
31.018000
31.019000
31.020000
31.021000
31.022000
31.023000
31.024000
31.025000
31.026000
31.027000
31.028000
31.029000
31.030000
31.031000
31.032000
31.033000
31.034000
31.035000
31.036000
31.037000
31.038000
31.039000
31.040000
31.041000
31.042000
31.043000
31.044000
31.045000
31.046000
31.047000
31.048000
31.049000
31.050000
31.051000
31.052000
31.053000
31.054000
31.055000
31.056000
31.057000
31.058000
31.059000
31.060000
31.061000
31.062000
31.063000
31.064000
31.065000
31.066000
31.067000
31.068000
31.069000
31.070000
31.071000
31.072000
31.073000
31.074000
31.075000
31.076000
31.077000
31.078000
31.079000
31.080000
31.081000
31.082000
31.083000
31.084000
31.085000
31.086000
31.087000
31.088000
31.089000
31.090000
31.091000
31.092000
31.093000
31.094000
31.095000
31.096000
31.097000
31.098000
31.099000
31.100000
31.101000
31.102000
31.103000
31.104000
31.105000
31.106000
31.107000
31.108000
31.109000
31.110000
31.111000
31.112000
31.113000
31.114000
31.115000
31.116000
31.117000
31.118000
31.119000
31.120000
31.121000
31.122000
31.123000
31.124000
31.125000
31.126000
31.127000
31.128000
31.129000
31.130000
31.131000
31.132000
31.133000
31.134000
31.135000
31.136000
31.137000
31.138000
31.139000
31.140000
31.141000
31.142000
31.143000
31.144000
31.145000
31.146000
31.147000
31.148000
31.149000
31.150000
31.151000
31.152000
31.153000
31.154000
31.155000
31.156000
31.157000
31.158000
31.159000
31.160000
31.161000
31.162000
31.163000
31.164000
31.165000
31.166000
31.167000
31.168000
31.169000
31.170000
31.171000
31.172000
31.173000
31.174000
31.175000
31.176000
31.177000
31.178000
31.179000
31.180000
31.181000
31.182000
31.183000
31.184000
31.185000
31.186000
31.187000
31.188000
31.189000
31.190000
31.191000
31.192000
31.193000
31.194000
31.195000
31.196000
31.197000
31.198000
31.199000
31.200000
31.201000
31.202000
31.203000
31.204000
31.205000
31.206000
31.207000
31.208000
31.209000
31.210000
31.211000
31.212000
31.213000
31.214000
31.215000
31.216000
31.217000
31.218000
31.219000
31.220000
31.221000
31.222000
31.223000
31.224000
31.225000
31.226000
31.227000
31.228000
31.229000
31.230000
31.231000
31.232000
31.233000
31.234000
31.235000
31.236000
31.237000
31.238000
31.239000
31.240000
31.241000
31.242000
31.243000
31.244000
31.245000
31.246000
31.247000
31.248000
31.249000
31.250000
31.251000
31.252000
31.253000
31.254000
31.255000
31.256000
31.257000
31.258000
31.259000
31.260000
31.261000
31.262000
31.263000
31.264000
31.265000
31.266000
31.267000
31.268000
31.269000
31.270000
31.271000
31.272000
31.273000
31.274000
31.275000
31.276000
31.277000
31.278000
31.279000
31.280000
31.281000
31.282000
31.283000
31.284000
31.285000
31.286000
31.287000
31.288000
31.289000
31.290000
31.291000
31.292000
31.293000
31.294000
31.295000
31.296000
31.297000
31.298000
31.299000
31.300000
31.301000
31.302000
31.303000
31.304000
31.305000
31.306000
31.307000
31.308000
31.309000
31.310000
31.311000
31.312000
31.313000
31.314000
31.315000
31.316000
31.317000
31.318000
31.319000
31.320000
31.321000
31.322000
31.323000
31.324000
31.325000
31.326000
31.327000
31.328000
31.329000
31.330000
31.331000
31.332000
31.333000
31.334000
31.335000
31.336000
31.337000
31.338000
31.339000
31.340000
31.341000
31.342000
31.343000
31.344000
31.345000
31.346000
31.347000
31.348000
31.349000
31.350000
31.351000
31.352000
31.353000
31.354000
31.355000
31.356000
31.357000
31.358000
31.359000
31.360000
31.361000
31.362000
31.363000
31.364000
31.365000
31.366000
31.367000
31.368000
31.369000
31.370000
31.371000
31.372000
31.373000
31.374000
31.375000
31.376000
31.377000
31.378000
31.379000
31.380000
31.381000
31.382000
31.383000
31.384000
31.385000
31.386000
31.387000
31.388000
31.389000
31.390000
31.391000
31.392000
31.393000
31.394000
31.395000
31.396000
31.397000
31.398000
31.399000
31.400000
31.401000
31.402000
31.403000
31.404000
31.405000
31.406000
31.407000
31.408000
31.409000
31.410000
31.411000
31.412000
31.413000
31.414000
31.415000
31.416000
31.417000
31.418000
31.419000
31.420000
31.421000
31.422000
31.423000
31.424000
31.425000
31.426000
31.427000
31.428000
31.429000
31.430000
31.431000
31.432000
31.433000
31.434000
31.435000
31.436000
31.437000
31.438000
31.439000
31.440000
31.441000
31.442000
31.443000
31.444000
31.445000
31.446000
31.447000
31.448000
31.449000
31.450000
31.451000
31.452000
31.453000
31.454000
31.455000
31.456000
31.457000
31.458000
31.459000
31.460000
31.461000
31.462000
31.463000
31.464000
31.465000
31.466000
31.467000
31.468000
31.469000
31.470000
31.471000
31.472000
31.473000
31.474000
31.475000
31.476000
31.477000
31.478000
31.479000
31.480000
31.481000
31.482000
31.483000
31.484000
31.485000
31.486000
31.487000
31.488000
31.489000
31.490000
31.491000
31.492000
31.493000
31.494000
31.495000
31.496000
31.497000
31.498000
31.499000
31.500000
31.501000
31.502000
31.503000
31.504000
31.505000
31.506000
31.507000
31.508000
31.509000
31.510000
31.511000
31.512000
31.513000
31.514000
31.515000
31.516000
31.517000
31.518000
31.519000
31.520000
31.521000
31.522000
31.523000
31.524000
31.525000
31.526000
31.527000
31.528000
31.529000
31.530000
31.531000
31.532000
31.533000
31.534000
31.535000
31.536000
31.537000
31.538000
31.539000
31.540000
31.541000
31.542000
31.543000
31.544000
31.545000
31.546000
31.547000
31.548000
31.549000
31.550000
31.551000
31.552000
31.553000
31.554000
31.555000
31.556000
31.557000
31.558000
31.559000
31.560000
31.561000
31.562000
31.563000
31.564000
31.565000
31.566000
31.567000
31.568000
31.569000
31.570000
31.571000
31.572000
31.573000
31.574000
31.575000
31.576000
31.577000
31.578000
31.579000
31.580000
31.581000
31.582000
31.583000
31.584000
31.585000
31.586000
31.587000
31.588000
31.589000
31.590000
31.591000
31.592000
31.593000
31.594000
31.595000
31.596000
31.597000
31.598000
31.599000
31.600000
31.601000
31.602000
31.603000
31.604000
31.605000
31.606000
31.607000
31.608000
31.609000
31.610000
31.611000
31.612000
31.613000
31.614000
31.615000
31.616000
31.617000
31.618000
31.619000
31.620000
31.621000
31.622000
31.623000
31.624000
31.625000
31.626000
31.627000
31.628000
31.629000
31.630000
31.631000
31.632000
31.633000
31.634000
31.635000
31.636000
31.637000
31.638000
31.639000
31.640000
31.641000
31.642000
31.643000
31.644000
31.645000
31.646000
31.647000
31.648000
31.649000
31.650000
31.651000
31.652000
31.653000
31.654000
31.655000
31.656000
31.657000
31.658000
31.659000
31.660000
31.661000
31.662000
31.663000
31.664000
31.665000
31.666000
31.667000
31.668000
31.669000
31.670000
31.671000
31.672000
31.673000
31.674000
31.675000
31.676000
31.677000
31.678000
31.679000
31.680000
31.681000
31.682000
31.683000
31.684000
31.685000
31.686000
31.687000
31.688000
31.689000
31.690000
31.691000
31.692000
31.693000
31.694000
31.695000
31.696000
31.697000
31.698000
31.699000
31.700000
31.701000
31.702000
31.703000
31.704000
31.705000
31.706000
31.707000
31.708000
31.709000
31.710000
31.711000
31.712000
31.713000
31.714000
31.715000
31.716000
31.717000
31.718000
31.719000
31.720000
31.721000
31.722000
31.723000
31.724000
31.725000
31.726000
31.727000
31.728000
31.729000
31.730000
31.731000
31.732000
31.733000
31.734000
31.735000
31.736000
31.737000
31.738000
31.739000
31.740000
31.741000
31.742000
31.743000
31.744000
31.745000
31.746000
31.747000
31.748000
31.749000
31.750000
31.751000
31.752000
31.753000
31.754000
31.755000
31.756000
31.757000
31.758000
31.759000
31.760000
31.761000
31.762000
31.763000
31.764000
31.765000
31.766000
31.767000
31.768000
31.769000
31.770000
31.771000
31.772000
31.773000
31.774000
31.775000
31.776000
31.777000
31.778000
31.779000
31.780000
31.781000
31.782000
31.783000
31.784000
31.785000
31.786000
31.787000
31.788000
31.789000
31.790000
31.791000
31.792000
31.793000
31.794000
31.795000
31.796000
31.797000
31.798000
31.799000
31.800000
31.801000
31.802000
31.803000
31.804000
31.805000
31.806000
31.807000
31.808000
31.809000
31.810000
31.811000
31.812000
31.813000
31.814000
31.815000
31.816000
31.817000
31.818000
31.819000
31.820000
31.821000
31.822000
31.823000
31.824000
31.825000
31.826000
31.827000
31.828000
31.829000
31.830000
31.831000
31.832000
31.833000
31.834000
31.835000
31.836000
31.837000
31.838000
31.839000
31.840000
31.841000
31.842000
31.843000
31.844000
31.845000
31.846000
31.847000
31.848000
31.849000
31.850000
31.851000
31.852000
31.853000
31.854000
31.855000
31.856000
31.857000
31.858000
31.859000
31.860000
31.861000
31.862000
31.863000
31.864000
31.865000
31.866000
31.867000
31.868000
31.869000
31.870000
31.871000
31.872000
31.873000
31.874000
31.875000
31.876000
31.877000
31.878000
31.879000
31.880000
31.881000
31.882000
31.883000
31.884000
31.885000
31.886000
31.887000
31.888000
31.889000
31.890000
31.891000
31.892000
31.893000
31.894000
31.895000
31.896000
31.897000
31.898000
31.899000
31.900000
31.901000
31.902000
31.903000
31.904000
31.905000
31.906000
31.907000
31.908000
31.909000
31.910000
31.911000
31.912000
31.913000
31.914000
31.915000
31.916000
31.917000
31.918000
31.919000
31.920000
31.921000
31.922000
31.923000
31.924000
31.925000
31.926000
31.927000
31.928000
31.929000
31.930000
31.931000
31.932000
31.933000
31.934000
31.935000
31.936000
31.937000
31.938000
31.939000
31.940000
31.941000
31.942000
31.943000
31.944000
31.945000
31.946000
31.947000
31.948000
31.949000
31.950000
31.951000
31.952000
31.953000
31.954000
31.955000
31.956000
31.957000
31.958000
31.959000
31.960000
31.961000
31.962000
31.963000
31.964000
31.965000
31.966000
31.967000
31.968000
31.969000
31.970000
31.971000
31.972000
31.973000
31.974000
31.975000
31.976000
31.977000
31.978000
31.979000
31.980000
31.981000
31.982000
31.983000
31.984000
31.985000
31.986000
31.987000
31.988000
31.989000
31.990000
31.991000
31.992000
31.993000
31.994000
31.995000
31.996000
31.997000
31.998000
31.999000
32.000000
32.001000
32.002000
32.003000
32.004000
32.005000
32.006000
32.007000
32.008000
32.009000
32.010000
32.011000
32.012000
32.013000
32.014000
32.015000
32.016000
32.017000
32.018000
32.019000
32.020000
32.021000
32.022000
32.023000
32.024000
32.025000
32.026000
32.027000
32.028000
32.029000
32.030000
32.031000
32.032000
32.033000
32.034000
32.035000
32.036000
32.037000
32.038000
32.039000
32.040000
32.041000
32.042000
32.043000
32.044000
32.045000
32.046000
32.047000
32.048000
32.049000
32.050000
32.051000
32.052000
32.053000
32.054000
32.055000
32.056000
32.057000
32.058000
32.059000
32.060000
32.061000
32.062000
32.063000
32.064000
32.065000
32.066000
32.067000
32.068000
32.069000
32.070000
32.071000
32.072000
32.073000
32.074000
32.075000
32.076000
32.077000
32.078000
32.079000
32.080000
32.081000
32.082000
32.083000
32.084000
32.085000
32.086000
32.087000
32.088000
32.089000
32.090000
32.091000
32.092000
32.093000
32.094000
32.095000
32.096000
32.097000
32.098000
32.099000
32.100000
32.101000
32.102000
32.103000
32.104000
32.105000
32.106000
32.107000
32.108000
32.109000
32.110000
32.111000
32.112000
32.113000
32.114000
32.115000
32.116000
32.117000
32.118000
32.119000
32.120000
32.121000
32.122000
32.123000
32.124000
32.125000
32.126000
32.127000
32.128000
32.129000
32.130000
32.131000
32.132000
32.133000
32.134000
32.135000
32.136000
32.137000
32.138000
32.139000
32.140000
32.141000
32.142000
32.143000
32.144000
32.145000
32.146000
32.147000
32.148000
32.149000
32.150000
32.151000
32.152000
32.153000
32.154000
32.155000
32.156000
32.157000
32.158000
32.159000
32.160000
32.161000
32.162000
32.163000
32.164000
32.165000
32.166000
32.167000
32.168000
32.169000
32.170000
32.171000
32.172000
32.173000
32.174000
32.175000
32.176000
32.177000
32.178000
32.179000
32.180000
32.181000
32.182000
32.183000
32.184000
32.185000
32.186000
32.187000
32.188000
32.189000
32.190000
32.191000
32.192000
32.193000
32.194000
32.195000
32.196000
32.197000
32.198000
32.199000
32.200000
32.201000
32.202000
32.203000
32.204000
32.205000
32.206000
32.207000
32.208000
32.209000
32.210000
32.211000
32.212000
32.213000
32.214000
32.215000
32.216000
32.217000
32.218000
32.219000
32.220000
32.221000
32.222000
32.223000
32.224000
32.225000
32.226000
32.227000
32.228000
32.229000
32.230000
32.231000
32.232000
32.233000
32.234000
32.235000
32.236000
32.237000
32.238000
32.239000
32.240000
32.241000
32.242000
32.243000
32.244000
32.245000
32.246000
32.247000
32.248000
32.249000
32.250000
32.251000
32.252000
32.253000
32.254000
32.255000
32.256000
32.257000
32.258000
32.259000
32.260000
32.261000
32.262000
32.263000
32.264000
32.265000
32.266000
32.267000
32.268000
32.269000
32.270000
32.271000
32.272000
32.273000
32.274000
32.275000
32.276000
32.277000
32.278000
32.279000
32.280000
32.281000
32.282000
32.283000
32.284000
32.285000
32.286000
32.287000
32.288000
32.289000
32.290000
32.291000
32.292000
32.293000
32.294000
32.295000
32.296000
32.297000
32.298000
32.299000
32.300000
32.301000
32.302000
32.303000
32.304000
32.305000
32.306000
32.307000
32.308000
32.309000
32.310000
32.311000
32.312000
32.313000
32.314000
32.315000
32.316000
32.317000
32.318000
32.319000
32.320000
32.321000
32.322000
32.323000
32.324000
32.325000
32.326000
32.327000
32.328000
32.329000
32.330000
32.331000
32.332000
32.333000
32.334000
32.335000
32.336000
32.337000
32.338000
32.339000
32.340000
32.341000
32.342000
32.343000
32.344000
32.345000
32.346000
32.347000
32.348000
32.349000
32.350000
32.351000
32.352000
32.353000
32.354000
32.355000
32.356000
32.357000
32.358000
32.359000
32.360000
32.361000
32.362000
32.363000
32.364000
32.365000
32.366000
32.367000
32.368000
32.369000
32.370000
32.371000
32.372000
32.373000
32.374000
32.375000
32.376000
32.377000
32.378000
32.379000
32.380000
32.381000
32.382000
32.383000
32.384000
32.385000
32.386000
32.387000
32.388000
32.389000
32.390000
32.391000
32.392000
32.393000
32.394000
32.395000
32.396000
32.397000
32.398000
32.399000
32.400000
32.401000
32.402000
32.403000
32.404000
32.405000
32.406000
32.407000
32.408000
32.409000
32.410000
32.411000
32.412000
32.413000
32.414000
32.415000
32.416000
32.417000
32.418000
32.419000
32.420000
32.421000
32.422000
32.423000
32.424000
32.425000
32.426000
32.427000
32.428000
32.429000
32.430000
32.431000
32.432000
32.433000
32.434000
32.435000
32.436000
32.437000
32.438000
32.439000
32.440000
32.441000
32.442000
32.443000
32.444000
32.445000
32.446000
32.447000
32.448000
32.449000
32.450000
32.451000
32.452000
32.453000
32.454000
32.455000
32.456000
32.457000
32.458000
32.459000
32.460000
32.461000
32.462000
32.463000
32.464000
32.465000
32.466000
32.467000
32.468000
32.469000
32.470000
32.471000
32.472000
32.473000
32.474000
32.475000
32.476000
32.477000
32.478000
32.479000
32.480000
32.481000
32.482000
32.483000
32.484000
32.485000
32.486000
32.487000
32.488000
32.489000
32.490000
32.491000
32.492000
32.493000
32.494000
32.495000
32.496000
32.497000
32.498000
32.499000
32.500000
32.501000
32.502000
32.503000
32.504000
32.505000
32.506000
32.507000
32.508000
32.509000
32.510000
32.511000
32.512000
32.513000
32.514000
32.515000
32.516000
32.517000
32.518000
32.519000
32.520000
32.521000
32.522000
32.523000
32.524000
32.525000
32.526000
32.527000
32.528000
32.529000
32.530000
32.531000
32.532000
32.533000
32.534000
32.535000
32.536000
32.537000
32.538000
32.539000
32.540000
32.541000
32.542000
32.543000
32.544000
32.545000
32.546000
32.547000
32.548000
32.549000
32.550000
32.551000
32.552000
32.553000
32.554000
32.555000
32.556000
32.557000
32.558000
32.559000
32.560000
32.561000
32.562000
32.563000
32.564000
32.565000
32.566000
32.567000
32.568000
32.569000
32.570000
32.571000
32.572000
32.573000
32.574000
32.575000
32.576000
32.577000
32.578000
32.579000
32.580000
32.581000
32.582000
32.583000
32.584000
32.585000
32.586000
32.587000
32.588000
32.589000
32.590000
32.591000
32.592000
32.593000
32.594000
32.595000
32.596000
32.597000
32.598000
32.599000
32.600000
32.601000
32.602000
32.603000
32.604000
32.605000
32.606000
32.607000
32.608000
32.609000
32.610000
32.611000
32.612000
32.613000
32.614000
32.615000
32.616000
32.617000
32.618000
32.619000
32.620000
32.621000
32.622000
32.623000
32.624000
32.625000
32.626000
32.627000
32.628000
32.629000
32.630000
32.631000
32.632000
32.633000
32.634000
32.635000
32.636000
32.637000
32.638000
32.639000
32.640000
32.641000
32.642000
32.643000
32.644000
32.645000
32.646000
32.647000
32.648000
32.649000
32.650000
32.651000
32.652000
32.653000
32.654000
32.655000
32.656000
32.657000
32.658000
32.659000
32.660000
32.661000
32.662000
32.663000
32.664000
32.665000
32.666000
32.667000
32.668000
32.669000
32.670000
32.671000
32.672000
32.673000
32.674000
32.675000
32.676000
32.677000
32.678000
32.679000
32.680000
32.681000
32.682000
32.683000
32.684000
32.685000
32.686000
32.687000
32.688000
32.689000
32.690000
32.691000
32.692000
32.693000
32.694000
32.695000
32.696000
32.697000
32.698000
32.699000
32.700000
32.701000
32.702000
32.703000
32.704000
32.705000
32.706000
32.707000
32.708000
32.709000
32.710000
32.711000
32.712000
32.713000
32.714000
32.715000
32.716000
32.717000
32.718000
32.719000
32.720000
32.721000
32.722000
32.723000
32.724000
32.725000
32.726000
32.727000
32.728000
32.729000
32.730000
32.731000
32.732000
32.733000
32.734000
32.735000
32.736000
32.737000
32.738000
32.739000
32.740000
32.741000
32.742000
32.743000
32.744000
32.745000
32.746000
32.747000
32.748000
32.749000
32.750000
32.751000
32.752000
32.753000
32.754000
32.755000
32.756000
32.757000
32.758000
32.759000
32.760000
32.761000
32.762000
32.763000
32.764000
32.765000
32.766000
32.767000
