40.960000
40.961000
40.962000
40.963000
40.964000
40.965000
40.966000
40.967000
40.968000
40.969000
40.970000
40.971000
40.972000
40.973000
40.974000
40.975000
40.976000
40.977000
40.978000
40.979000
40.980000
40.981000
40.982000
40.983000
40.984000
40.985000
40.986000
40.987000
40.988000
40.989000
40.990000
40.991000
40.992000
40.993000
40.994000
40.995000
40.996000
40.997000
40.998000
40.999000
41.000000
41.001000
41.002000
41.003000
41.004000
41.005000
41.006000
41.007000
41.008000
41.009000
41.010000
41.011000
41.012000
41.013000
41.014000
41.015000
41.016000
41.017000
41.018000
41.019000
41.020000
41.021000
41.022000
41.023000
41.024000
41.025000
41.026000
41.027000
41.028000
41.029000
41.030000
41.031000
41.032000
41.033000
41.034000
41.035000
41.036000
41.037000
41.038000
41.039000
41.040000
41.041000
41.042000
41.043000
41.044000
41.045000
41.046000
41.047000
41.048000
41.049000
41.050000
41.051000
41.052000
41.053000
41.054000
41.055000
41.056000
41.057000
41.058000
41.059000
41.060000
41.061000
41.062000
41.063000
41.064000
41.065000
41.066000
41.067000
41.068000
41.069000
41.070000
41.071000
41.072000
41.073000
41.074000
41.075000
41.076000
41.077000
41.078000
41.079000
41.080000
41.081000
41.082000
41.083000
41.084000
41.085000
41.086000
41.087000
41.088000
41.089000
41.090000
41.091000
41.092000
41.093000
41.094000
41.095000
41.096000
41.097000
41.098000
41.099000
41.100000
41.101000
41.102000
41.103000
41.104000
41.105000
41.106000
41.107000
41.108000
41.109000
41.110000
41.111000
41.112000
41.113000
41.114000
41.115000
41.116000
41.117000
41.118000
41.119000
41.120000
41.121000
41.122000
41.123000
41.124000
41.125000
41.126000
41.127000
41.128000
41.129000
41.130000
41.131000
41.132000
41.133000
41.134000
41.135000
41.136000
41.137000
41.138000
41.139000
41.140000
41.141000
41.142000
41.143000
41.144000
41.145000
41.146000
41.147000
41.148000
41.149000
41.150000
41.151000
41.152000
41.153000
41.154000
41.155000
41.156000
41.157000
41.158000
41.159000
41.160000
41.161000
41.162000
41.163000
41.164000
41.165000
41.166000
41.167000
41.168000
41.169000
41.170000
41.171000
41.172000
41.173000
41.174000
41.175000
41.176000
41.177000
41.178000
41.179000
41.180000
41.181000
41.182000
41.183000
41.184000
41.185000
41.186000
41.187000
41.188000
41.189000
41.190000
41.191000
41.192000
41.193000
41.194000
41.195000
41.196000
41.197000
41.198000
41.199000
41.200000
41.201000
41.202000
41.203000
41.204000
41.205000
41.206000
41.207000
41.208000
41.209000
41.210000
41.211000
41.212000
41.213000
41.214000
41.215000
41.216000
41.217000
41.218000
41.219000
41.220000
41.221000
41.222000
41.223000
41.224000
41.225000
41.226000
41.227000
41.228000
41.229000
41.230000
41.231000
41.232000
41.233000
41.234000
41.235000
41.236000
41.237000
41.238000
41.239000
41.240000
41.241000
41.242000
41.243000
41.244000
41.245000
41.246000
41.247000
41.248000
41.249000
41.250000
41.251000
41.252000
41.253000
41.254000
41.255000
41.256000
41.257000
41.258000
41.259000
41.260000
41.261000
41.262000
41.263000
41.264000
41.265000
41.266000
41.267000
41.268000
41.269000
41.270000
41.271000
41.272000
41.273000
41.274000
41.275000
41.276000
41.277000
41.278000
41.279000
41.280000
41.281000
41.282000
41.283000
41.284000
41.285000
41.286000
41.287000
41.288000
41.289000
41.290000
41.291000
41.292000
41.293000
41.294000
41.295000
41.296000
41.297000
41.298000
41.299000
41.300000
41.301000
41.302000
41.303000
41.304000
41.305000
41.306000
41.307000
41.308000
41.309000
41.310000
41.311000
41.312000
41.313000
41.314000
41.315000
41.316000
41.317000
41.318000
41.319000
41.320000
41.321000
41.322000
41.323000
41.324000
41.325000
41.326000
41.327000
41.328000
41.329000
41.330000
41.331000
41.332000
41.333000
41.334000
41.335000
41.336000
41.337000
41.338000
41.339000
41.340000
41.341000
41.342000
41.343000
41.344000
41.345000
41.346000
41.347000
41.348000
41.349000
41.350000
41.351000
41.352000
41.353000
41.354000
41.355000
41.356000
41.357000
41.358000
41.359000
41.360000
41.361000
41.362000
41.363000
41.364000
41.365000
41.366000
41.367000
41.368000
41.369000
41.370000
41.371000
41.372000
41.373000
41.374000
41.375000
41.376000
41.377000
41.378000
41.379000
41.380000
41.381000
41.382000
41.383000
41.384000
41.385000
41.386000
41.387000
41.388000
41.389000
41.390000
41.391000
41.392000
41.393000
41.394000
41.395000
41.396000
41.397000
41.398000
41.399000
41.400000
41.401000
41.402000
41.403000
41.404000
41.405000
41.406000
41.407000
41.408000
41.409000
41.410000
41.411000
41.412000
41.413000
41.414000
41.415000
41.416000
41.417000
41.418000
41.419000
41.420000
41.421000
41.422000
41.423000
41.424000
41.425000
41.426000
41.427000
41.428000
41.429000
41.430000
41.431000
41.432000
41.433000
41.434000
41.435000
41.436000
41.437000
41.438000
41.439000
41.440000
41.441000
41.442000
41.443000
41.444000
41.445000
41.446000
41.447000
41.448000
41.449000
41.450000
41.451000
41.452000
41.453000
41.454000
41.455000
41.456000
41.457000
41.458000
41.459000
41.460000
41.461000
41.462000
41.463000
41.464000
41.465000
41.466000
41.467000
41.468000
41.469000
41.470000
41.471000
41.472000
41.473000
41.474000
41.475000
41.476000
41.477000
41.478000
41.479000
41.480000
41.481000
41.482000
41.483000
41.484000
41.485000
41.486000
41.487000
41.488000
41.489000
41.490000
41.491000
41.492000
41.493000
41.494000
41.495000
41.496000
41.497000
41.498000
41.499000
41.500000
41.501000
41.502000
41.503000
41.504000
41.505000
41.506000
41.507000
41.508000
41.509000
41.510000
41.511000
41.512000
41.513000
41.514000
41.515000
41.516000
41.517000
41.518000
41.519000
41.520000
41.521000
41.522000
41.523000
41.524000
41.525000
41.526000
41.527000
41.528000
41.529000
41.530000
41.531000
41.532000
41.533000
41.534000
41.535000
41.536000
41.537000
41.538000
41.539000
41.540000
41.541000
41.542000
41.543000
41.544000
41.545000
41.546000
41.547000
41.548000
41.549000
41.550000
41.551000
41.552000
41.553000
41.554000
41.555000
41.556000
41.557000
41.558000
41.559000
41.560000
41.561000
41.562000
41.563000
41.564000
41.565000
41.566000
41.567000
41.568000
41.569000
41.570000
41.571000
41.572000
41.573000
41.574000
41.575000
41.576000
41.577000
41.578000
41.579000
41.580000
41.581000
41.582000
41.583000
41.584000
41.585000
41.586000
41.587000
41.588000
41.589000
41.590000
41.591000
41.592000
41.593000
41.594000
41.595000
41.596000
41.597000
41.598000
41.599000
41.600000
41.601000
41.602000
41.603000
41.604000
41.605000
41.606000
41.607000
41.608000
41.609000
41.610000
41.611000
41.612000
41.613000
41.614000
41.615000
41.616000
41.617000
41.618000
41.619000
41.620000
41.621000
41.622000
41.623000
41.624000
41.625000
41.626000
41.627000
41.628000
41.629000
41.630000
41.631000
41.632000
41.633000
41.634000
41.635000
41.636000
41.637000
41.638000
41.639000
41.640000
41.641000
41.642000
41.643000
41.644000
41.645000
41.646000
41.647000
41.648000
41.649000
41.650000
41.651000
41.652000
41.653000
41.654000
41.655000
41.656000
41.657000
41.658000
41.659000
41.660000
41.661000
41.662000
41.663000
41.664000
41.665000
41.666000
41.667000
41.668000
41.669000
41.670000
41.671000
41.672000
41.673000
41.674000
41.675000
41.676000
41.677000
41.678000
41.679000
41.680000
41.681000
41.682000
41.683000
41.684000
41.685000
41.686000
41.687000
41.688000
41.689000
41.690000
41.691000
41.692000
41.693000
41.694000
41.695000
41.696000
41.697000
41.698000
41.699000
41.700000
41.701000
41.702000
41.703000
41.704000
41.705000
41.706000
41.707000
41.708000
41.709000
41.710000
41.711000
41.712000
41.713000
41.714000
41.715000
41.716000
41.717000
41.718000
41.719000
41.720000
41.721000
41.722000
41.723000
41.724000
41.725000
41.726000
41.727000
41.728000
41.729000
41.730000
41.731000
41.732000
41.733000
41.734000
41.735000
41.736000
41.737000
41.738000
41.739000
41.740000
41.741000
41.742000
41.743000
41.744000
41.745000
41.746000
41.747000
41.748000
41.749000
41.750000
41.751000
41.752000
41.753000
41.754000
41.755000
41.756000
41.757000
41.758000
41.759000
41.760000
41.761000
41.762000
41.763000
41.764000
41.765000
41.766000
41.767000
41.768000
41.769000
41.770000
41.771000
41.772000
41.773000
41.774000
41.775000
41.776000
41.777000
41.778000
41.779000
41.780000
41.781000
41.782000
41.783000
41.784000
41.785000
41.786000
41.787000
41.788000
41.789000
41.790000
41.791000
41.792000
41.793000
41.794000
41.795000
41.796000
41.797000
41.798000
41.799000
41.800000
41.801000
41.802000
41.803000
41.804000
41.805000
41.806000
41.807000
41.808000
41.809000
41.810000
41.811000
41.812000
41.813000
41.814000
41.815000
41.816000
41.817000
41.818000
41.819000
41.820000
41.821000
41.822000
41.823000
41.824000
41.825000
41.826000
41.827000
41.828000
41.829000
41.830000
41.831000
41.832000
41.833000
41.834000
41.835000
41.836000
41.837000
41.838000
41.839000
41.840000
41.841000
41.842000
41.843000
41.844000
41.845000
41.846000
41.847000
41.848000
41.849000
41.850000
41.851000
41.852000
41.853000
41.854000
41.855000
41.856000
41.857000
41.858000
41.859000
41.860000
41.861000
41.862000
41.863000
41.864000
41.865000
41.866000
41.867000
41.868000
41.869000
41.870000
41.871000
41.872000
41.873000
41.874000
41.875000
41.876000
41.877000
41.878000
41.879000
41.880000
41.881000
41.882000
41.883000
41.884000
41.885000
41.886000
41.887000
41.888000
41.889000
41.890000
41.891000
41.892000
41.893000
41.894000
41.895000
41.896000
41.897000
41.898000
41.899000
41.900000
41.901000
41.902000
41.903000
41.904000
41.905000
41.906000
41.907000
41.908000
41.909000
41.910000
41.911000
41.912000
41.913000
41.914000
41.915000
41.916000
41.917000
41.918000
41.919000
41.920000
41.921000
41.922000
41.923000
41.924000
41.925000
41.926000
41.927000
41.928000
41.929000
41.930000
41.931000
41.932000
41.933000
41.934000
41.935000
41.936000
41.937000
41.938000
41.939000
41.940000
41.941000
41.942000
41.943000
41.944000
41.945000
41.946000
41.947000
41.948000
41.949000
41.950000
41.951000
41.952000
41.953000
41.954000
41.955000
41.956000
41.957000
41.958000
41.959000
41.960000
41.961000
41.962000
41.963000
41.964000
41.965000
41.966000
41.967000
41.968000
41.969000
41.970000
41.971000
41.972000
41.973000
41.974000
41.975000
41.976000
41.977000
41.978000
41.979000
41.980000
41.981000
41.982000
41.983000
41.984000
41.985000
41.986000
41.987000
41.988000
41.989000
41.990000
41.991000
41.992000
41.993000
41.994000
41.995000
41.996000
41.997000
41.998000
41.999000
42.000000
42.001000
42.002000
42.003000
42.004000
42.005000
42.006000
42.007000
42.008000
42.009000
42.010000
42.011000
42.012000
42.013000
42.014000
42.015000
42.016000
42.017000
42.018000
42.019000
42.020000
42.021000
42.022000
42.023000
42.024000
42.025000
42.026000
42.027000
42.028000
42.029000
42.030000
42.031000
42.032000
42.033000
42.034000
42.035000
42.036000
42.037000
42.038000
42.039000
42.040000
42.041000
42.042000
42.043000
42.044000
42.045000
42.046000
42.047000
42.048000
42.049000
42.050000
42.051000
42.052000
42.053000
42.054000
42.055000
42.056000
42.057000
42.058000
42.059000
42.060000
42.061000
42.062000
42.063000
42.064000
42.065000
42.066000
42.067000
42.068000
42.069000
42.070000
42.071000
42.072000
42.073000
42.074000
42.075000
42.076000
42.077000
42.078000
42.079000
42.080000
42.081000
42.082000
42.083000
42.084000
42.085000
42.086000
42.087000
42.088000
42.089000
42.090000
42.091000
42.092000
42.093000
42.094000
42.095000
42.096000
42.097000
42.098000
42.099000
42.100000
42.101000
42.102000
42.103000
42.104000
42.105000
42.106000
42.107000
42.108000
42.109000
42.110000
42.111000
42.112000
42.113000
42.114000
42.115000
42.116000
42.117000
42.118000
42.119000
42.120000
42.121000
42.122000
42.123000
42.124000
42.125000
42.126000
42.127000
42.128000
42.129000
42.130000
42.131000
42.132000
42.133000
42.134000
42.135000
42.136000
42.137000
42.138000
42.139000
42.140000
42.141000
42.142000
42.143000
42.144000
42.145000
42.146000
42.147000
42.148000
42.149000
42.150000
42.151000
42.152000
42.153000
42.154000
42.155000
42.156000
42.157000
42.158000
42.159000
42.160000
42.161000
42.162000
42.163000
42.164000
42.165000
42.166000
42.167000
42.168000
42.169000
42.170000
42.171000
42.172000
42.173000
42.174000
42.175000
42.176000
42.177000
42.178000
42.179000
42.180000
42.181000
42.182000
42.183000
42.184000
42.185000
42.186000
42.187000
42.188000
42.189000
42.190000
42.191000
42.192000
42.193000
42.194000
42.195000
42.196000
42.197000
42.198000
42.199000
42.200000
42.201000
42.202000
42.203000
42.204000
42.205000
42.206000
42.207000
42.208000
42.209000
42.210000
42.211000
42.212000
42.213000
42.214000
42.215000
42.216000
42.217000
42.218000
42.219000
42.220000
42.221000
42.222000
42.223000
42.224000
42.225000
42.226000
42.227000
42.228000
42.229000
42.230000
42.231000
42.232000
42.233000
42.234000
42.235000
42.236000
42.237000
42.238000
42.239000
42.240000
42.241000
42.242000
42.243000
42.244000
42.245000
42.246000
42.247000
42.248000
42.249000
42.250000
42.251000
42.252000
42.253000
42.254000
42.255000
42.256000
42.257000
42.258000
42.259000
42.260000
42.261000
42.262000
42.263000
42.264000
42.265000
42.266000
42.267000
42.268000
42.269000
42.270000
42.271000
42.272000
42.273000
42.274000
42.275000
42.276000
42.277000
42.278000
42.279000
42.280000
42.281000
42.282000
42.283000
42.284000
42.285000
42.286000
42.287000
42.288000
42.289000
42.290000
42.291000
42.292000
42.293000
42.294000
42.295000
42.296000
42.297000
42.298000
42.299000
42.300000
42.301000
42.302000
42.303000
42.304000
42.305000
42.306000
42.307000
42.308000
42.309000
42.310000
42.311000
42.312000
42.313000
42.314000
42.315000
42.316000
42.317000
42.318000
42.319000
42.320000
42.321000
42.322000
42.323000
42.324000
42.325000
42.326000
42.327000
42.328000
42.329000
42.330000
42.331000
42.332000
42.333000
42.334000
42.335000
42.336000
42.337000
42.338000
42.339000
42.340000
42.341000
42.342000
42.343000
42.344000
42.345000
42.346000
42.347000
42.348000
42.349000
42.350000
42.351000
42.352000
42.353000
42.354000
42.355000
42.356000
42.357000
42.358000
42.359000
42.360000
42.361000
42.362000
42.363000
42.364000
42.365000
42.366000
42.367000
42.368000
42.369000
42.370000
42.371000
42.372000
42.373000
42.374000
42.375000
42.376000
42.377000
42.378000
42.379000
42.380000
42.381000
42.382000
42.383000
42.384000
42.385000
42.386000
42.387000
42.388000
42.389000
42.390000
42.391000
42.392000
42.393000
42.394000
42.395000
42.396000
42.397000
42.398000
42.399000
42.400000
42.401000
42.402000
42.403000
42.404000
42.405000
42.406000
42.407000
42.408000
42.409000
42.410000
42.411000
42.412000
42.413000
42.414000
42.415000
42.416000
42.417000
42.418000
42.419000
42.420000
42.421000
42.422000
42.423000
42.424000
42.425000
42.426000
42.427000
42.428000
42.429000
42.430000
42.431000
42.432000
42.433000
42.434000
42.435000
42.436000
42.437000
42.438000
42.439000
42.440000
42.441000
42.442000
42.443000
42.444000
42.445000
42.446000
42.447000
42.448000
42.449000
42.450000
42.451000
42.452000
42.453000
42.454000
42.455000
42.456000
42.457000
42.458000
42.459000
42.460000
42.461000
42.462000
42.463000
42.464000
42.465000
42.466000
42.467000
42.468000
42.469000
42.470000
42.471000
42.472000
42.473000
42.474000
42.475000
42.476000
42.477000
42.478000
42.479000
42.480000
42.481000
42.482000
42.483000
42.484000
42.485000
42.486000
42.487000
42.488000
42.489000
42.490000
42.491000
42.492000
42.493000
42.494000
42.495000
42.496000
42.497000
42.498000
42.499000
42.500000
42.501000
42.502000
42.503000
42.504000
42.505000
42.506000
42.507000
42.508000
42.509000
42.510000
42.511000
42.512000
42.513000
42.514000
42.515000
42.516000
42.517000
42.518000
42.519000
42.520000
42.521000
42.522000
42.523000
42.524000
42.525000
42.526000
42.527000
42.528000
42.529000
42.530000
42.531000
42.532000
42.533000
42.534000
42.535000
42.536000
42.537000
42.538000
42.539000
42.540000
42.541000
42.542000
42.543000
42.544000
42.545000
42.546000
42.547000
42.548000
42.549000
42.550000
42.551000
42.552000
42.553000
42.554000
42.555000
42.556000
42.557000
42.558000
42.559000
42.560000
42.561000
42.562000
42.563000
42.564000
42.565000
42.566000
42.567000
42.568000
42.569000
42.570000
42.571000
42.572000
42.573000
42.574000
42.575000
42.576000
42.577000
42.578000
42.579000
42.580000
42.581000
42.582000
42.583000
42.584000
42.585000
42.586000
42.587000
42.588000
42.589000
42.590000
42.591000
42.592000
42.593000
42.594000
42.595000
42.596000
42.597000
42.598000
42.599000
42.600000
42.601000
42.602000
42.603000
42.604000
42.605000
42.606000
42.607000
42.608000
42.609000
42.610000
42.611000
42.612000
42.613000
42.614000
42.615000
42.616000
42.617000
42.618000
42.619000
42.620000
42.621000
42.622000
42.623000
42.624000
42.625000
42.626000
42.627000
42.628000
42.629000
42.630000
42.631000
42.632000
42.633000
42.634000
42.635000
42.636000
42.637000
42.638000
42.639000
42.640000
42.641000
42.642000
42.643000
42.644000
42.645000
42.646000
42.647000
42.648000
42.649000
42.650000
42.651000
42.652000
42.653000
42.654000
42.655000
42.656000
42.657000
42.658000
42.659000
42.660000
42.661000
42.662000
42.663000
42.664000
42.665000
42.666000
42.667000
42.668000
42.669000
42.670000
42.671000
42.672000
42.673000
42.674000
42.675000
42.676000
42.677000
42.678000
42.679000
42.680000
42.681000
42.682000
42.683000
42.684000
42.685000
42.686000
42.687000
42.688000
42.689000
42.690000
42.691000
42.692000
42.693000
42.694000
42.695000
42.696000
42.697000
42.698000
42.699000
42.700000
42.701000
42.702000
42.703000
42.704000
42.705000
42.706000
42.707000
42.708000
42.709000
42.710000
42.711000
42.712000
42.713000
42.714000
42.715000
42.716000
42.717000
42.718000
42.719000
42.720000
42.721000
42.722000
42.723000
42.724000
42.725000
42.726000
42.727000
42.728000
42.729000
42.730000
42.731000
42.732000
42.733000
42.734000
42.735000
42.736000
42.737000
42.738000
42.739000
42.740000
42.741000
42.742000
42.743000
42.744000
42.745000
42.746000
42.747000
42.748000
42.749000
42.750000
42.751000
42.752000
42.753000
42.754000
42.755000
42.756000
42.757000
42.758000
42.759000
42.760000
42.761000
42.762000
42.763000
42.764000
42.765000
42.766000
42.767000
42.768000
42.769000
42.770000
42.771000
42.772000
42.773000
42.774000
42.775000
42.776000
42.777000
42.778000
42.779000
42.780000
42.781000
42.782000
42.783000
42.784000
42.785000
42.786000
42.787000
42.788000
42.789000
42.790000
42.791000
42.792000
42.793000
42.794000
42.795000
42.796000
42.797000
42.798000
42.799000
42.800000
42.801000
42.802000
42.803000
42.804000
42.805000
42.806000
42.807000
42.808000
42.809000
42.810000
42.811000
42.812000
42.813000
42.814000
42.815000
42.816000
42.817000
42.818000
42.819000
42.820000
42.821000
42.822000
42.823000
42.824000
42.825000
42.826000
42.827000
42.828000
42.829000
42.830000
42.831000
42.832000
42.833000
42.834000
42.835000
42.836000
42.837000
42.838000
42.839000
42.840000
42.841000
42.842000
42.843000
42.844000
42.845000
42.846000
42.847000
42.848000
42.849000
42.850000
42.851000
42.852000
42.853000
42.854000
42.855000
42.856000
42.857000
42.858000
42.859000
42.860000
42.861000
42.862000
42.863000
42.864000
42.865000
42.866000
42.867000
42.868000
42.869000
42.870000
42.871000
42.872000
42.873000
42.874000
42.875000
42.876000
42.877000
42.878000
42.879000
42.880000
42.881000
42.882000
42.883000
42.884000
42.885000
42.886000
42.887000
42.888000
42.889000
42.890000
42.891000
42.892000
42.893000
42.894000
42.895000
42.896000
42.897000
42.898000
42.899000
42.900000
42.901000
42.902000
42.903000
42.904000
42.905000
42.906000
42.907000
42.908000
42.909000
42.910000
42.911000
42.912000
42.913000
42.914000
42.915000
42.916000
42.917000
42.918000
42.919000
42.920000
42.921000
42.922000
42.923000
42.924000
42.925000
42.926000
42.927000
42.928000
42.929000
42.930000
42.931000
42.932000
42.933000
42.934000
42.935000
42.936000
42.937000
42.938000
42.939000
42.940000
42.941000
42.942000
42.943000
42.944000
42.945000
42.946000
42.947000
42.948000
42.949000
42.950000
42.951000
42.952000
42.953000
42.954000
42.955000
42.956000
42.957000
42.958000
42.959000
42.960000
42.961000
42.962000
42.963000
42.964000
42.965000
42.966000
42.967000
42.968000
42.969000
42.970000
42.971000
42.972000
42.973000
42.974000
42.975000
42.976000
42.977000
42.978000
42.979000
42.980000
42.981000
42.982000
42.983000
42.984000
42.985000
42.986000
42.987000
42.988000
42.989000
42.990000
42.991000
42.992000
42.993000
42.994000
42.995000
42.996000
42.997000
42.998000
42.999000
43.000000
43.001000
43.002000
43.003000
43.004000
43.005000
43.006000
43.007000
43.008000
43.009000
43.010000
43.011000
43.012000
43.013000
43.014000
43.015000
43.016000
43.017000
43.018000
43.019000
43.020000
43.021000
43.022000
43.023000
43.024000
43.025000
43.026000
43.027000
43.028000
43.029000
43.030000
43.031000
43.032000
43.033000
43.034000
43.035000
43.036000
43.037000
43.038000
43.039000
43.040000
43.041000
43.042000
43.043000
43.044000
43.045000
43.046000
43.047000
43.048000
43.049000
43.050000
43.051000
43.052000
43.053000
43.054000
43.055000
43.056000
43.057000
43.058000
43.059000
43.060000
43.061000
43.062000
43.063000
43.064000
43.065000
43.066000
43.067000
43.068000
43.069000
43.070000
43.071000
43.072000
43.073000
43.074000
43.075000
43.076000
43.077000
43.078000
43.079000
43.080000
43.081000
43.082000
43.083000
43.084000
43.085000
43.086000
43.087000
43.088000
43.089000
43.090000
43.091000
43.092000
43.093000
43.094000
43.095000
43.096000
43.097000
43.098000
43.099000
43.100000
43.101000
43.102000
43.103000
43.104000
43.105000
43.106000
43.107000
43.108000
43.109000
43.110000
43.111000
43.112000
43.113000
43.114000
43.115000
43.116000
43.117000
43.118000
43.119000
43.120000
43.121000
43.122000
43.123000
43.124000
43.125000
43.126000
43.127000
43.128000
43.129000
43.130000
43.131000
43.132000
43.133000
43.134000
43.135000
43.136000
43.137000
43.138000
43.139000
43.140000
43.141000
43.142000
43.143000
43.144000
43.145000
43.146000
43.147000
43.148000
43.149000
43.150000
43.151000
43.152000
43.153000
43.154000
43.155000
43.156000
43.157000
43.158000
43.159000
43.160000
43.161000
43.162000
43.163000
43.164000
43.165000
43.166000
43.167000
43.168000
43.169000
43.170000
43.171000
43.172000
43.173000
43.174000
43.175000
43.176000
43.177000
43.178000
43.179000
43.180000
43.181000
43.182000
43.183000
43.184000
43.185000
43.186000
43.187000
43.188000
43.189000
43.190000
43.191000
43.192000
43.193000
43.194000
43.195000
43.196000
43.197000
43.198000
43.199000
43.200000
43.201000
43.202000
43.203000
43.204000
43.205000
43.206000
43.207000
43.208000
43.209000
43.210000
43.211000
43.212000
43.213000
43.214000
43.215000
43.216000
43.217000
43.218000
43.219000
43.220000
43.221000
43.222000
43.223000
43.224000
43.225000
43.226000
43.227000
43.228000
43.229000
43.230000
43.231000
43.232000
43.233000
43.234000
43.235000
43.236000
43.237000
43.238000
43.239000
43.240000
43.241000
43.242000
43.243000
43.244000
43.245000
43.246000
43.247000
43.248000
43.249000
43.250000
43.251000
43.252000
43.253000
43.254000
43.255000
43.256000
43.257000
43.258000
43.259000
43.260000
43.261000
43.262000
43.263000
43.264000
43.265000
43.266000
43.267000
43.268000
43.269000
43.270000
43.271000
43.272000
43.273000
43.274000
43.275000
43.276000
43.277000
43.278000
43.279000
43.280000
43.281000
43.282000
43.283000
43.284000
43.285000
43.286000
43.287000
43.288000
43.289000
43.290000
43.291000
43.292000
43.293000
43.294000
43.295000
43.296000
43.297000
43.298000
43.299000
43.300000
43.301000
43.302000
43.303000
43.304000
43.305000
43.306000
43.307000
43.308000
43.309000
43.310000
43.311000
43.312000
43.313000
43.314000
43.315000
43.316000
43.317000
43.318000
43.319000
43.320000
43.321000
43.322000
43.323000
43.324000
43.325000
43.326000
43.327000
43.328000
43.329000
43.330000
43.331000
43.332000
43.333000
43.334000
43.335000
43.336000
43.337000
43.338000
43.339000
43.340000
43.341000
43.342000
43.343000
43.344000
43.345000
43.346000
43.347000
43.348000
43.349000
43.350000
43.351000
43.352000
43.353000
43.354000
43.355000
43.356000
43.357000
43.358000
43.359000
43.360000
43.361000
43.362000
43.363000
43.364000
43.365000
43.366000
43.367000
43.368000
43.369000
43.370000
43.371000
43.372000
43.373000
43.374000
43.375000
43.376000
43.377000
43.378000
43.379000
43.380000
43.381000
43.382000
43.383000
43.384000
43.385000
43.386000
43.387000
43.388000
43.389000
43.390000
43.391000
43.392000
43.393000
43.394000
43.395000
43.396000
43.397000
43.398000
43.399000
43.400000
43.401000
43.402000
43.403000
43.404000
43.405000
43.406000
43.407000
43.408000
43.409000
43.410000
43.411000
43.412000
43.413000
43.414000
43.415000
43.416000
43.417000
43.418000
43.419000
43.420000
43.421000
43.422000
43.423000
43.424000
43.425000
43.426000
43.427000
43.428000
43.429000
43.430000
43.431000
43.432000
43.433000
43.434000
43.435000
43.436000
43.437000
43.438000
43.439000
43.440000
43.441000
43.442000
43.443000
43.444000
43.445000
43.446000
43.447000
43.448000
43.449000
43.450000
43.451000
43.452000
43.453000
43.454000
43.455000
43.456000
43.457000
43.458000
43.459000
43.460000
43.461000
43.462000
43.463000
43.464000
43.465000
43.466000
43.467000
43.468000
43.469000
43.470000
43.471000
43.472000
43.473000
43.474000
43.475000
43.476000
43.477000
43.478000
43.479000
43.480000
43.481000
43.482000
43.483000
43.484000
43.485000
43.486000
43.487000
43.488000
43.489000
43.490000
43.491000
43.492000
43.493000
43.494000
43.495000
43.496000
43.497000
43.498000
43.499000
43.500000
43.501000
43.502000
43.503000
43.504000
43.505000
43.506000
43.507000
43.508000
43.509000
43.510000
43.511000
43.512000
43.513000
43.514000
43.515000
43.516000
43.517000
43.518000
43.519000
43.520000
43.521000
43.522000
43.523000
43.524000
43.525000
43.526000
43.527000
43.528000
43.529000
43.530000
43.531000
43.532000
43.533000
43.534000
43.535000
43.536000
43.537000
43.538000
43.539000
43.540000
43.541000
43.542000
43.543000
43.544000
43.545000
43.546000
43.547000
43.548000
43.549000
43.550000
43.551000
43.552000
43.553000
43.554000
43.555000
43.556000
43.557000
43.558000
43.559000
43.560000
43.561000
43.562000
43.563000
43.564000
43.565000
43.566000
43.567000
43.568000
43.569000
43.570000
43.571000
43.572000
43.573000
43.574000
43.575000
43.576000
43.577000
43.578000
43.579000
43.580000
43.581000
43.582000
43.583000
43.584000
43.585000
43.586000
43.587000
43.588000
43.589000
43.590000
43.591000
43.592000
43.593000
43.594000
43.595000
43.596000
43.597000
43.598000
43.599000
43.600000
43.601000
43.602000
43.603000
43.604000
43.605000
43.606000
43.607000
43.608000
43.609000
43.610000
43.611000
43.612000
43.613000
43.614000
43.615000
43.616000
43.617000
43.618000
43.619000
43.620000
43.621000
43.622000
43.623000
43.624000
43.625000
43.626000
43.627000
43.628000
43.629000
43.630000
43.631000
43.632000
43.633000
43.634000
43.635000
43.636000
43.637000
43.638000
43.639000
43.640000
43.641000
43.642000
43.643000
43.644000
43.645000
43.646000
43.647000
43.648000
43.649000
43.650000
43.651000
43.652000
43.653000
43.654000
43.655000
43.656000
43.657000
43.658000
43.659000
43.660000
43.661000
43.662000
43.663000
43.664000
43.665000
43.666000
43.667000
43.668000
43.669000
43.670000
43.671000
43.672000
43.673000
43.674000
43.675000
43.676000
43.677000
43.678000
43.679000
43.680000
43.681000
43.682000
43.683000
43.684000
43.685000
43.686000
43.687000
43.688000
43.689000
43.690000
43.691000
43.692000
43.693000
43.694000
43.695000
43.696000
43.697000
43.698000
43.699000
43.700000
43.701000
43.702000
43.703000
43.704000
43.705000
43.706000
43.707000
43.708000
43.709000
43.710000
43.711000
43.712000
43.713000
43.714000
43.715000
43.716000
43.717000
43.718000
43.719000
43.720000
43.721000
43.722000
43.723000
43.724000
43.725000
43.726000
43.727000
43.728000
43.729000
43.730000
43.731000
43.732000
43.733000
43.734000
43.735000
43.736000
43.737000
43.738000
43.739000
43.740000
43.741000
43.742000
43.743000
43.744000
43.745000
43.746000
43.747000
43.748000
43.749000
43.750000
43.751000
43.752000
43.753000
43.754000
43.755000
43.756000
43.757000
43.758000
43.759000
43.760000
43.761000
43.762000
43.763000
43.764000
43.765000
43.766000
43.767000
43.768000
43.769000
43.770000
43.771000
43.772000
43.773000
43.774000
43.775000
43.776000
43.777000
43.778000
43.779000
43.780000
43.781000
43.782000
43.783000
43.784000
43.785000
43.786000
43.787000
43.788000
43.789000
43.790000
43.791000
43.792000
43.793000
43.794000
43.795000
43.796000
43.797000
43.798000
43.799000
43.800000
43.801000
43.802000
43.803000
43.804000
43.805000
43.806000
43.807000
43.808000
43.809000
43.810000
43.811000
43.812000
43.813000
43.814000
43.815000
43.816000
43.817000
43.818000
43.819000
43.820000
43.821000
43.822000
43.823000
43.824000
43.825000
43.826000
43.827000
43.828000
43.829000
43.830000
43.831000
43.832000
43.833000
43.834000
43.835000
43.836000
43.837000
43.838000
43.839000
43.840000
43.841000
43.842000
43.843000
43.844000
43.845000
43.846000
43.847000
43.848000
43.849000
43.850000
43.851000
43.852000
43.853000
43.854000
43.855000
43.856000
43.857000
43.858000
43.859000
43.860000
43.861000
43.862000
43.863000
43.864000
43.865000
43.866000
43.867000
43.868000
43.869000
43.870000
43.871000
43.872000
43.873000
43.874000
43.875000
43.876000
43.877000
43.878000
43.879000
43.880000
43.881000
43.882000
43.883000
43.884000
43.885000
43.886000
43.887000
43.888000
43.889000
43.890000
43.891000
43.892000
43.893000
43.894000
43.895000
43.896000
43.897000
43.898000
43.899000
43.900000
43.901000
43.902000
43.903000
43.904000
43.905000
43.906000
43.907000
43.908000
43.909000
43.910000
43.911000
43.912000
43.913000
43.914000
43.915000
43.916000
43.917000
43.918000
43.919000
43.920000
43.921000
43.922000
43.923000
43.924000
43.925000
43.926000
43.927000
43.928000
43.929000
43.930000
43.931000
43.932000
43.933000
43.934000
43.935000
43.936000
43.937000
43.938000
43.939000
43.940000
43.941000
43.942000
43.943000
43.944000
43.945000
43.946000
43.947000
43.948000
43.949000
43.950000
43.951000
43.952000
43.953000
43.954000
43.955000
43.956000
43.957000
43.958000
43.959000
43.960000
43.961000
43.962000
43.963000
43.964000
43.965000
43.966000
43.967000
43.968000
43.969000
43.970000
43.971000
43.972000
43.973000
43.974000
43.975000
43.976000
43.977000
43.978000
43.979000
43.980000
43.981000
43.982000
43.983000
43.984000
43.985000
43.986000
43.987000
43.988000
43.989000
43.990000
43.991000
43.992000
43.993000
43.994000
43.995000
43.996000
43.997000
43.998000
43.999000
44.000000
44.001000
44.002000
44.003000
44.004000
44.005000
44.006000
44.007000
44.008000
44.009000
44.010000
44.011000
44.012000
44.013000
44.014000
44.015000
44.016000
44.017000
44.018000
44.019000
44.020000
44.021000
44.022000
44.023000
44.024000
44.025000
44.026000
44.027000
44.028000
44.029000
44.030000
44.031000
44.032000
44.033000
44.034000
44.035000
44.036000
44.037000
44.038000
44.039000
44.040000
44.041000
44.042000
44.043000
44.044000
44.045000
44.046000
44.047000
44.048000
44.049000
44.050000
44.051000
44.052000
44.053000
44.054000
44.055000
44.056000
44.057000
44.058000
44.059000
44.060000
44.061000
44.062000
44.063000
44.064000
44.065000
44.066000
44.067000
44.068000
44.069000
44.070000
44.071000
44.072000
44.073000
44.074000
44.075000
44.076000
44.077000
44.078000
44.079000
44.080000
44.081000
44.082000
44.083000
44.084000
44.085000
44.086000
44.087000
44.088000
44.089000
44.090000
44.091000
44.092000
44.093000
44.094000
44.095000
44.096000
44.097000
44.098000
44.099000
44.100000
44.101000
44.102000
44.103000
44.104000
44.105000
44.106000
44.107000
44.108000
44.109000
44.110000
44.111000
44.112000
44.113000
44.114000
44.115000
44.116000
44.117000
44.118000
44.119000
44.120000
44.121000
44.122000
44.123000
44.124000
44.125000
44.126000
44.127000
44.128000
44.129000
44.130000
44.131000
44.132000
44.133000
44.134000
44.135000
44.136000
44.137000
44.138000
44.139000
44.140000
44.141000
44.142000
44.143000
44.144000
44.145000
44.146000
44.147000
44.148000
44.149000
44.150000
44.151000
44.152000
44.153000
44.154000
44.155000
44.156000
44.157000
44.158000
44.159000
44.160000
44.161000
44.162000
44.163000
44.164000
44.165000
44.166000
44.167000
44.168000
44.169000
44.170000
44.171000
44.172000
44.173000
44.174000
44.175000
44.176000
44.177000
44.178000
44.179000
44.180000
44.181000
44.182000
44.183000
44.184000
44.185000
44.186000
44.187000
44.188000
44.189000
44.190000
44.191000
44.192000
44.193000
44.194000
44.195000
44.196000
44.197000
44.198000
44.199000
44.200000
44.201000
44.202000
44.203000
44.204000
44.205000
44.206000
44.207000
44.208000
44.209000
44.210000
44.211000
44.212000
44.213000
44.214000
44.215000
44.216000
44.217000
44.218000
44.219000
44.220000
44.221000
44.222000
44.223000
44.224000
44.225000
44.226000
44.227000
44.228000
44.229000
44.230000
44.231000
44.232000
44.233000
44.234000
44.235000
44.236000
44.237000
44.238000
44.239000
44.240000
44.241000
44.242000
44.243000
44.244000
44.245000
44.246000
44.247000
44.248000
44.249000
44.250000
44.251000
44.252000
44.253000
44.254000
44.255000
44.256000
44.257000
44.258000
44.259000
44.260000
44.261000
44.262000
44.263000
44.264000
44.265000
44.266000
44.267000
44.268000
44.269000
44.270000
44.271000
44.272000
44.273000
44.274000
44.275000
44.276000
44.277000
44.278000
44.279000
44.280000
44.281000
44.282000
44.283000
44.284000
44.285000
44.286000
44.287000
44.288000
44.289000
44.290000
44.291000
44.292000
44.293000
44.294000
44.295000
44.296000
44.297000
44.298000
44.299000
44.300000
44.301000
44.302000
44.303000
44.304000
44.305000
44.306000
44.307000
44.308000
44.309000
44.310000
44.311000
44.312000
44.313000
44.314000
44.315000
44.316000
44.317000
44.318000
44.319000
44.320000
44.321000
44.322000
44.323000
44.324000
44.325000
44.326000
44.327000
44.328000
44.329000
44.330000
44.331000
44.332000
44.333000
44.334000
44.335000
44.336000
44.337000
44.338000
44.339000
44.340000
44.341000
44.342000
44.343000
44.344000
44.345000
44.346000
44.347000
44.348000
44.349000
44.350000
44.351000
44.352000
44.353000
44.354000
44.355000
44.356000
44.357000
44.358000
44.359000
44.360000
44.361000
44.362000
44.363000
44.364000
44.365000
44.366000
44.367000
44.368000
44.369000
44.370000
44.371000
44.372000
44.373000
44.374000
44.375000
44.376000
44.377000
44.378000
44.379000
44.380000
44.381000
44.382000
44.383000
44.384000
44.385000
44.386000
44.387000
44.388000
44.389000
44.390000
44.391000
44.392000
44.393000
44.394000
44.395000
44.396000
44.397000
44.398000
44.399000
44.400000
44.401000
44.402000
44.403000
44.404000
44.405000
44.406000
44.407000
44.408000
44.409000
44.410000
44.411000
44.412000
44.413000
44.414000
44.415000
44.416000
44.417000
44.418000
44.419000
44.420000
44.421000
44.422000
44.423000
44.424000
44.425000
44.426000
44.427000
44.428000
44.429000
44.430000
44.431000
44.432000
44.433000
44.434000
44.435000
44.436000
44.437000
44.438000
44.439000
44.440000
44.441000
44.442000
44.443000
44.444000
44.445000
44.446000
44.447000
44.448000
44.449000
44.450000
44.451000
44.452000
44.453000
44.454000
44.455000
44.456000
44.457000
44.458000
44.459000
44.460000
44.461000
44.462000
44.463000
44.464000
44.465000
44.466000
44.467000
44.468000
44.469000
44.470000
44.471000
44.472000
44.473000
44.474000
44.475000
44.476000
44.477000
44.478000
44.479000
44.480000
44.481000
44.482000
44.483000
44.484000
44.485000
44.486000
44.487000
44.488000
44.489000
44.490000
44.491000
44.492000
44.493000
44.494000
44.495000
44.496000
44.497000
44.498000
44.499000
44.500000
44.501000
44.502000
44.503000
44.504000
44.505000
44.506000
44.507000
44.508000
44.509000
44.510000
44.511000
44.512000
44.513000
44.514000
44.515000
44.516000
44.517000
44.518000
44.519000
44.520000
44.521000
44.522000
44.523000
44.524000
44.525000
44.526000
44.527000
44.528000
44.529000
44.530000
44.531000
44.532000
44.533000
44.534000
44.535000
44.536000
44.537000
44.538000
44.539000
44.540000
44.541000
44.542000
44.543000
44.544000
44.545000
44.546000
44.547000
44.548000
44.549000
44.550000
44.551000
44.552000
44.553000
44.554000
44.555000
44.556000
44.557000
44.558000
44.559000
44.560000
44.561000
44.562000
44.563000
44.564000
44.565000
44.566000
44.567000
44.568000
44.569000
44.570000
44.571000
44.572000
44.573000
44.574000
44.575000
44.576000
44.577000
44.578000
44.579000
44.580000
44.581000
44.582000
44.583000
44.584000
44.585000
44.586000
44.587000
44.588000
44.589000
44.590000
44.591000
44.592000
44.593000
44.594000
44.595000
44.596000
44.597000
44.598000
44.599000
44.600000
44.601000
44.602000
44.603000
44.604000
44.605000
44.606000
44.607000
44.608000
44.609000
44.610000
44.611000
44.612000
44.613000
44.614000
44.615000
44.616000
44.617000
44.618000
44.619000
44.620000
44.621000
44.622000
44.623000
44.624000
44.625000
44.626000
44.627000
44.628000
44.629000
44.630000
44.631000
44.632000
44.633000
44.634000
44.635000
44.636000
44.637000
44.638000
44.639000
44.640000
44.641000
44.642000
44.643000
44.644000
44.645000
44.646000
44.647000
44.648000
44.649000
44.650000
44.651000
44.652000
44.653000
44.654000
44.655000
44.656000
44.657000
44.658000
44.659000
44.660000
44.661000
44.662000
44.663000
44.664000
44.665000
44.666000
44.667000
44.668000
44.669000
44.670000
44.671000
44.672000
44.673000
44.674000
44.675000
44.676000
44.677000
44.678000
44.679000
44.680000
44.681000
44.682000
44.683000
44.684000
44.685000
44.686000
44.687000
44.688000
44.689000
44.690000
44.691000
44.692000
44.693000
44.694000
44.695000
44.696000
44.697000
44.698000
44.699000
44.700000
44.701000
44.702000
44.703000
44.704000
44.705000
44.706000
44.707000
44.708000
44.709000
44.710000
44.711000
44.712000
44.713000
44.714000
44.715000
44.716000
44.717000
44.718000
44.719000
44.720000
44.721000
44.722000
44.723000
44.724000
44.725000
44.726000
44.727000
44.728000
44.729000
44.730000
44.731000
44.732000
44.733000
44.734000
44.735000
44.736000
44.737000
44.738000
44.739000
44.740000
44.741000
44.742000
44.743000
44.744000
44.745000
44.746000
44.747000
44.748000
44.749000
44.750000
44.751000
44.752000
44.753000
44.754000
44.755000
44.756000
44.757000
44.758000
44.759000
44.760000
44.761000
44.762000
44.763000
44.764000
44.765000
44.766000
44.767000
44.768000
44.769000
44.770000
44.771000
44.772000
44.773000
44.774000
44.775000
44.776000
44.777000
44.778000
44.779000
44.780000
44.781000
44.782000
44.783000
44.784000
44.785000
44.786000
44.787000
44.788000
44.789000
44.790000
44.791000
44.792000
44.793000
44.794000
44.795000
44.796000
44.797000
44.798000
44.799000
44.800000
44.801000
44.802000
44.803000
44.804000
44.805000
44.806000
44.807000
44.808000
44.809000
44.810000
44.811000
44.812000
44.813000
44.814000
44.815000
44.816000
44.817000
44.818000
44.819000
44.820000
44.821000
44.822000
44.823000
44.824000
44.825000
44.826000
44.827000
44.828000
44.829000
44.830000
44.831000
44.832000
44.833000
44.834000
44.835000
44.836000
44.837000
44.838000
44.839000
44.840000
44.841000
44.842000
44.843000
44.844000
44.845000
44.846000
44.847000
44.848000
44.849000
44.850000
44.851000
44.852000
44.853000
44.854000
44.855000
44.856000
44.857000
44.858000
44.859000
44.860000
44.861000
44.862000
44.863000
44.864000
44.865000
44.866000
44.867000
44.868000
44.869000
44.870000
44.871000
44.872000
44.873000
44.874000
44.875000
44.876000
44.877000
44.878000
44.879000
44.880000
44.881000
44.882000
44.883000
44.884000
44.885000
44.886000
44.887000
44.888000
44.889000
44.890000
44.891000
44.892000
44.893000
44.894000
44.895000
44.896000
44.897000
44.898000
44.899000
44.900000
44.901000
44.902000
44.903000
44.904000
44.905000
44.906000
44.907000
44.908000
44.909000
44.910000
44.911000
44.912000
44.913000
44.914000
44.915000
44.916000
44.917000
44.918000
44.919000
44.920000
44.921000
44.922000
44.923000
44.924000
44.925000
44.926000
44.927000
44.928000
44.929000
44.930000
44.931000
44.932000
44.933000
44.934000
44.935000
44.936000
44.937000
44.938000
44.939000
44.940000
44.941000
44.942000
44.943000
44.944000
44.945000
44.946000
44.947000
44.948000
44.949000
44.950000
44.951000
44.952000
44.953000
44.954000
44.955000
44.956000
44.957000
44.958000
44.959000
44.960000
44.961000
44.962000
44.963000
44.964000
44.965000
44.966000
44.967000
44.968000
44.969000
44.970000
44.971000
44.972000
44.973000
44.974000
44.975000
44.976000
44.977000
44.978000
44.979000
44.980000
44.981000
44.982000
44.983000
44.984000
44.985000
44.986000
44.987000
44.988000
44.989000
44.990000
44.991000
44.992000
44.993000
44.994000
44.995000
44.996000
44.997000
44.998000
44.999000
45.000000
45.001000
45.002000
45.003000
45.004000
45.005000
45.006000
45.007000
45.008000
45.009000
45.010000
45.011000
45.012000
45.013000
45.014000
45.015000
45.016000
45.017000
45.018000
45.019000
45.020000
45.021000
45.022000
45.023000
45.024000
45.025000
45.026000
45.027000
45.028000
45.029000
45.030000
45.031000
45.032000
45.033000
45.034000
45.035000
45.036000
45.037000
45.038000
45.039000
45.040000
45.041000
45.042000
45.043000
45.044000
45.045000
45.046000
45.047000
45.048000
45.049000
45.050000
45.051000
45.052000
45.053000
45.054000
45.055000
45.056000
45.057000
45.058000
45.059000
45.060000
45.061000
45.062000
45.063000
45.064000
45.065000
45.066000
45.067000
45.068000
45.069000
45.070000
45.071000
45.072000
45.073000
45.074000
45.075000
45.076000
45.077000
45.078000
45.079000
45.080000
45.081000
45.082000
45.083000
45.084000
45.085000
45.086000
45.087000
45.088000
45.089000
45.090000
45.091000
45.092000
45.093000
45.094000
45.095000
45.096000
45.097000
45.098000
45.099000
45.100000
45.101000
45.102000
45.103000
45.104000
45.105000
45.106000
45.107000
45.108000
45.109000
45.110000
45.111000
45.112000
45.113000
45.114000
45.115000
45.116000
45.117000
45.118000
45.119000
45.120000
45.121000
45.122000
45.123000
45.124000
45.125000
45.126000
45.127000
45.128000
45.129000
45.130000
45.131000
45.132000
45.133000
45.134000
45.135000
45.136000
45.137000
45.138000
45.139000
45.140000
45.141000
45.142000
45.143000
45.144000
45.145000
45.146000
45.147000
45.148000
45.149000
45.150000
45.151000
45.152000
45.153000
45.154000
45.155000
45.156000
45.157000
45.158000
45.159000
45.160000
45.161000
45.162000
45.163000
45.164000
45.165000
45.166000
45.167000
45.168000
45.169000
45.170000
45.171000
45.172000
45.173000
45.174000
45.175000
45.176000
45.177000
45.178000
45.179000
45.180000
45.181000
45.182000
45.183000
45.184000
45.185000
45.186000
45.187000
45.188000
45.189000
45.190000
45.191000
45.192000
45.193000
45.194000
45.195000
45.196000
45.197000
45.198000
45.199000
45.200000
45.201000
45.202000
45.203000
45.204000
45.205000
45.206000
45.207000
45.208000
45.209000
45.210000
45.211000
45.212000
45.213000
45.214000
45.215000
45.216000
45.217000
45.218000
45.219000
45.220000
45.221000
45.222000
45.223000
45.224000
45.225000
45.226000
45.227000
45.228000
45.229000
45.230000
45.231000
45.232000
45.233000
45.234000
45.235000
45.236000
45.237000
45.238000
45.239000
45.240000
45.241000
45.242000
45.243000
45.244000
45.245000
45.246000
45.247000
45.248000
45.249000
45.250000
45.251000
45.252000
45.253000
45.254000
45.255000
45.256000
45.257000
45.258000
45.259000
45.260000
45.261000
45.262000
45.263000
45.264000
45.265000
45.266000
45.267000
45.268000
45.269000
45.270000
45.271000
45.272000
45.273000
45.274000
45.275000
45.276000
45.277000
45.278000
45.279000
45.280000
45.281000
45.282000
45.283000
45.284000
45.285000
45.286000
45.287000
45.288000
45.289000
45.290000
45.291000
45.292000
45.293000
45.294000
45.295000
45.296000
45.297000
45.298000
45.299000
45.300000
45.301000
45.302000
45.303000
45.304000
45.305000
45.306000
45.307000
45.308000
45.309000
45.310000
45.311000
45.312000
45.313000
45.314000
45.315000
45.316000
45.317000
45.318000
45.319000
45.320000
45.321000
45.322000
45.323000
45.324000
45.325000
45.326000
45.327000
45.328000
45.329000
45.330000
45.331000
45.332000
45.333000
45.334000
45.335000
45.336000
45.337000
45.338000
45.339000
45.340000
45.341000
45.342000
45.343000
45.344000
45.345000
45.346000
45.347000
45.348000
45.349000
45.350000
45.351000
45.352000
45.353000
45.354000
45.355000
45.356000
45.357000
45.358000
45.359000
45.360000
45.361000
45.362000
45.363000
45.364000
45.365000
45.366000
45.367000
45.368000
45.369000
45.370000
45.371000
45.372000
45.373000
45.374000
45.375000
45.376000
45.377000
45.378000
45.379000
45.380000
45.381000
45.382000
45.383000
45.384000
45.385000
45.386000
45.387000
45.388000
45.389000
45.390000
45.391000
45.392000
45.393000
45.394000
45.395000
45.396000
45.397000
45.398000
45.399000
45.400000
45.401000
45.402000
45.403000
45.404000
45.405000
45.406000
45.407000
45.408000
45.409000
45.410000
45.411000
45.412000
45.413000
45.414000
45.415000
45.416000
45.417000
45.418000
45.419000
45.420000
45.421000
45.422000
45.423000
45.424000
45.425000
45.426000
45.427000
45.428000
45.429000
45.430000
45.431000
45.432000
45.433000
45.434000
45.435000
45.436000
45.437000
45.438000
45.439000
45.440000
45.441000
45.442000
45.443000
45.444000
45.445000
45.446000
45.447000
45.448000
45.449000
45.450000
45.451000
45.452000
45.453000
45.454000
45.455000
45.456000
45.457000
45.458000
45.459000
45.460000
45.461000
45.462000
45.463000
45.464000
45.465000
45.466000
45.467000
45.468000
45.469000
45.470000
45.471000
45.472000
45.473000
45.474000
45.475000
45.476000
45.477000
45.478000
45.479000
45.480000
45.481000
45.482000
45.483000
45.484000
45.485000
45.486000
45.487000
45.488000
45.489000
45.490000
45.491000
45.492000
45.493000
45.494000
45.495000
45.496000
45.497000
45.498000
45.499000
45.500000
45.501000
45.502000
45.503000
45.504000
45.505000
45.506000
45.507000
45.508000
45.509000
45.510000
45.511000
45.512000
45.513000
45.514000
45.515000
45.516000
45.517000
45.518000
45.519000
45.520000
45.521000
45.522000
45.523000
45.524000
45.525000
45.526000
45.527000
45.528000
45.529000
45.530000
45.531000
45.532000
45.533000
45.534000
45.535000
45.536000
45.537000
45.538000
45.539000
45.540000
45.541000
45.542000
45.543000
45.544000
45.545000
45.546000
45.547000
45.548000
45.549000
45.550000
45.551000
45.552000
45.553000
45.554000
45.555000
45.556000
45.557000
45.558000
45.559000
45.560000
45.561000
45.562000
45.563000
45.564000
45.565000
45.566000
45.567000
45.568000
45.569000
45.570000
45.571000
45.572000
45.573000
45.574000
45.575000
45.576000
45.577000
45.578000
45.579000
45.580000
45.581000
45.582000
45.583000
45.584000
45.585000
45.586000
45.587000
45.588000
45.589000
45.590000
45.591000
45.592000
45.593000
45.594000
45.595000
45.596000
45.597000
45.598000
45.599000
45.600000
45.601000
45.602000
45.603000
45.604000
45.605000
45.606000
45.607000
45.608000
45.609000
45.610000
45.611000
45.612000
45.613000
45.614000
45.615000
45.616000
45.617000
45.618000
45.619000
45.620000
45.621000
45.622000
45.623000
45.624000
45.625000
45.626000
45.627000
45.628000
45.629000
45.630000
45.631000
45.632000
45.633000
45.634000
45.635000
45.636000
45.637000
45.638000
45.639000
45.640000
45.641000
45.642000
45.643000
45.644000
45.645000
45.646000
45.647000
45.648000
45.649000
45.650000
45.651000
45.652000
45.653000
45.654000
45.655000
45.656000
45.657000
45.658000
45.659000
45.660000
45.661000
45.662000
45.663000
45.664000
45.665000
45.666000
45.667000
45.668000
45.669000
45.670000
45.671000
45.672000
45.673000
45.674000
45.675000
45.676000
45.677000
45.678000
45.679000
45.680000
45.681000
45.682000
45.683000
45.684000
45.685000
45.686000
45.687000
45.688000
45.689000
45.690000
45.691000
45.692000
45.693000
45.694000
45.695000
45.696000
45.697000
45.698000
45.699000
45.700000
45.701000
45.702000
45.703000
45.704000
45.705000
45.706000
45.707000
45.708000
45.709000
45.710000
45.711000
45.712000
45.713000
45.714000
45.715000
45.716000
45.717000
45.718000
45.719000
45.720000
45.721000
45.722000
45.723000
45.724000
45.725000
45.726000
45.727000
45.728000
45.729000
45.730000
45.731000
45.732000
45.733000
45.734000
45.735000
45.736000
45.737000
45.738000
45.739000
45.740000
45.741000
45.742000
45.743000
45.744000
45.745000
45.746000
45.747000
45.748000
45.749000
45.750000
45.751000
45.752000
45.753000
45.754000
45.755000
45.756000
45.757000
45.758000
45.759000
45.760000
45.761000
45.762000
45.763000
45.764000
45.765000
45.766000
45.767000
45.768000
45.769000
45.770000
45.771000
45.772000
45.773000
45.774000
45.775000
45.776000
45.777000
45.778000
45.779000
45.780000
45.781000
45.782000
45.783000
45.784000
45.785000
45.786000
45.787000
45.788000
45.789000
45.790000
45.791000
45.792000
45.793000
45.794000
45.795000
45.796000
45.797000
45.798000
45.799000
45.800000
45.801000
45.802000
45.803000
45.804000
45.805000
45.806000
45.807000
45.808000
45.809000
45.810000
45.811000
45.812000
45.813000
45.814000
45.815000
45.816000
45.817000
45.818000
45.819000
45.820000
45.821000
45.822000
45.823000
45.824000
45.825000
45.826000
45.827000
45.828000
45.829000
45.830000
45.831000
45.832000
45.833000
45.834000
45.835000
45.836000
45.837000
45.838000
45.839000
45.840000
45.841000
45.842000
45.843000
45.844000
45.845000
45.846000
45.847000
45.848000
45.849000
45.850000
45.851000
45.852000
45.853000
45.854000
45.855000
45.856000
45.857000
45.858000
45.859000
45.860000
45.861000
45.862000
45.863000
45.864000
45.865000
45.866000
45.867000
45.868000
45.869000
45.870000
45.871000
45.872000
45.873000
45.874000
45.875000
45.876000
45.877000
45.878000
45.879000
45.880000
45.881000
45.882000
45.883000
45.884000
45.885000
45.886000
45.887000
45.888000
45.889000
45.890000
45.891000
45.892000
45.893000
45.894000
45.895000
45.896000
45.897000
45.898000
45.899000
45.900000
45.901000
45.902000
45.903000
45.904000
45.905000
45.906000
45.907000
45.908000
45.909000
45.910000
45.911000
45.912000
45.913000
45.914000
45.915000
45.916000
45.917000
45.918000
45.919000
45.920000
45.921000
45.922000
45.923000
45.924000
45.925000
45.926000
45.927000
45.928000
45.929000
45.930000
45.931000
45.932000
45.933000
45.934000
45.935000
45.936000
45.937000
45.938000
45.939000
45.940000
45.941000
45.942000
45.943000
45.944000
45.945000
45.946000
45.947000
45.948000
45.949000
45.950000
45.951000
45.952000
45.953000
45.954000
45.955000
45.956000
45.957000
45.958000
45.959000
45.960000
45.961000
45.962000
45.963000
45.964000
45.965000
45.966000
45.967000
45.968000
45.969000
45.970000
45.971000
45.972000
45.973000
45.974000
45.975000
45.976000
45.977000
45.978000
45.979000
45.980000
45.981000
45.982000
45.983000
45.984000
45.985000
45.986000
45.987000
45.988000
45.989000
45.990000
45.991000
45.992000
45.993000
45.994000
45.995000
45.996000
45.997000
45.998000
45.999000
46.000000
46.001000
46.002000
46.003000
46.004000
46.005000
46.006000
46.007000
46.008000
46.009000
46.010000
46.011000
46.012000
46.013000
46.014000
46.015000
46.016000
46.017000
46.018000
46.019000
46.020000
46.021000
46.022000
46.023000
46.024000
46.025000
46.026000
46.027000
46.028000
46.029000
46.030000
46.031000
46.032000
46.033000
46.034000
46.035000
46.036000
46.037000
46.038000
46.039000
46.040000
46.041000
46.042000
46.043000
46.044000
46.045000
46.046000
46.047000
46.048000
46.049000
46.050000
46.051000
46.052000
46.053000
46.054000
46.055000
46.056000
46.057000
46.058000
46.059000
46.060000
46.061000
46.062000
46.063000
46.064000
46.065000
46.066000
46.067000
46.068000
46.069000
46.070000
46.071000
46.072000
46.073000
46.074000
46.075000
46.076000
46.077000
46.078000
46.079000
46.080000
46.081000
46.082000
46.083000
46.084000
46.085000
46.086000
46.087000
46.088000
46.089000
46.090000
46.091000
46.092000
46.093000
46.094000
46.095000
46.096000
46.097000
46.098000
46.099000
46.100000
46.101000
46.102000
46.103000
46.104000
46.105000
46.106000
46.107000
46.108000
46.109000
46.110000
46.111000
46.112000
46.113000
46.114000
46.115000
46.116000
46.117000
46.118000
46.119000
46.120000
46.121000
46.122000
46.123000
46.124000
46.125000
46.126000
46.127000
46.128000
46.129000
46.130000
46.131000
46.132000
46.133000
46.134000
46.135000
46.136000
46.137000
46.138000
46.139000
46.140000
46.141000
46.142000
46.143000
46.144000
46.145000
46.146000
46.147000
46.148000
46.149000
46.150000
46.151000
46.152000
46.153000
46.154000
46.155000
46.156000
46.157000
46.158000
46.159000
46.160000
46.161000
46.162000
46.163000
46.164000
46.165000
46.166000
46.167000
46.168000
46.169000
46.170000
46.171000
46.172000
46.173000
46.174000
46.175000
46.176000
46.177000
46.178000
46.179000
46.180000
46.181000
46.182000
46.183000
46.184000
46.185000
46.186000
46.187000
46.188000
46.189000
46.190000
46.191000
46.192000
46.193000
46.194000
46.195000
46.196000
46.197000
46.198000
46.199000
46.200000
46.201000
46.202000
46.203000
46.204000
46.205000
46.206000
46.207000
46.208000
46.209000
46.210000
46.211000
46.212000
46.213000
46.214000
46.215000
46.216000
46.217000
46.218000
46.219000
46.220000
46.221000
46.222000
46.223000
46.224000
46.225000
46.226000
46.227000
46.228000
46.229000
46.230000
46.231000
46.232000
46.233000
46.234000
46.235000
46.236000
46.237000
46.238000
46.239000
46.240000
46.241000
46.242000
46.243000
46.244000
46.245000
46.246000
46.247000
46.248000
46.249000
46.250000
46.251000
46.252000
46.253000
46.254000
46.255000
46.256000
46.257000
46.258000
46.259000
46.260000
46.261000
46.262000
46.263000
46.264000
46.265000
46.266000
46.267000
46.268000
46.269000
46.270000
46.271000
46.272000
46.273000
46.274000
46.275000
46.276000
46.277000
46.278000
46.279000
46.280000
46.281000
46.282000
46.283000
46.284000
46.285000
46.286000
46.287000
46.288000
46.289000
46.290000
46.291000
46.292000
46.293000
46.294000
46.295000
46.296000
46.297000
46.298000
46.299000
46.300000
46.301000
46.302000
46.303000
46.304000
46.305000
46.306000
46.307000
46.308000
46.309000
46.310000
46.311000
46.312000
46.313000
46.314000
46.315000
46.316000
46.317000
46.318000
46.319000
46.320000
46.321000
46.322000
46.323000
46.324000
46.325000
46.326000
46.327000
46.328000
46.329000
46.330000
46.331000
46.332000
46.333000
46.334000
46.335000
46.336000
46.337000
46.338000
46.339000
46.340000
46.341000
46.342000
46.343000
46.344000
46.345000
46.346000
46.347000
46.348000
46.349000
46.350000
46.351000
46.352000
46.353000
46.354000
46.355000
46.356000
46.357000
46.358000
46.359000
46.360000
46.361000
46.362000
46.363000
46.364000
46.365000
46.366000
46.367000
46.368000
46.369000
46.370000
46.371000
46.372000
46.373000
46.374000
46.375000
46.376000
46.377000
46.378000
46.379000
46.380000
46.381000
46.382000
46.383000
46.384000
46.385000
46.386000
46.387000
46.388000
46.389000
46.390000
46.391000
46.392000
46.393000
46.394000
46.395000
46.396000
46.397000
46.398000
46.399000
46.400000
46.401000
46.402000
46.403000
46.404000
46.405000
46.406000
46.407000
46.408000
46.409000
46.410000
46.411000
46.412000
46.413000
46.414000
46.415000
46.416000
46.417000
46.418000
46.419000
46.420000
46.421000
46.422000
46.423000
46.424000
46.425000
46.426000
46.427000
46.428000
46.429000
46.430000
46.431000
46.432000
46.433000
46.434000
46.435000
46.436000
46.437000
46.438000
46.439000
46.440000
46.441000
46.442000
46.443000
46.444000
46.445000
46.446000
46.447000
46.448000
46.449000
46.450000
46.451000
46.452000
46.453000
46.454000
46.455000
46.456000
46.457000
46.458000
46.459000
46.460000
46.461000
46.462000
46.463000
46.464000
46.465000
46.466000
46.467000
46.468000
46.469000
46.470000
46.471000
46.472000
46.473000
46.474000
46.475000
46.476000
46.477000
46.478000
46.479000
46.480000
46.481000
46.482000
46.483000
46.484000
46.485000
46.486000
46.487000
46.488000
46.489000
46.490000
46.491000
46.492000
46.493000
46.494000
46.495000
46.496000
46.497000
46.498000
46.499000
46.500000
46.501000
46.502000
46.503000
46.504000
46.505000
46.506000
46.507000
46.508000
46.509000
46.510000
46.511000
46.512000
46.513000
46.514000
46.515000
46.516000
46.517000
46.518000
46.519000
46.520000
46.521000
46.522000
46.523000
46.524000
46.525000
46.526000
46.527000
46.528000
46.529000
46.530000
46.531000
46.532000
46.533000
46.534000
46.535000
46.536000
46.537000
46.538000
46.539000
46.540000
46.541000
46.542000
46.543000
46.544000
46.545000
46.546000
46.547000
46.548000
46.549000
46.550000
46.551000
46.552000
46.553000
46.554000
46.555000
46.556000
46.557000
46.558000
46.559000
46.560000
46.561000
46.562000
46.563000
46.564000
46.565000
46.566000
46.567000
46.568000
46.569000
46.570000
46.571000
46.572000
46.573000
46.574000
46.575000
46.576000
46.577000
46.578000
46.579000
46.580000
46.581000
46.582000
46.583000
46.584000
46.585000
46.586000
46.587000
46.588000
46.589000
46.590000
46.591000
46.592000
46.593000
46.594000
46.595000
46.596000
46.597000
46.598000
46.599000
46.600000
46.601000
46.602000
46.603000
46.604000
46.605000
46.606000
46.607000
46.608000
46.609000
46.610000
46.611000
46.612000
46.613000
46.614000
46.615000
46.616000
46.617000
46.618000
46.619000
46.620000
46.621000
46.622000
46.623000
46.624000
46.625000
46.626000
46.627000
46.628000
46.629000
46.630000
46.631000
46.632000
46.633000
46.634000
46.635000
46.636000
46.637000
46.638000
46.639000
46.640000
46.641000
46.642000
46.643000
46.644000
46.645000
46.646000
46.647000
46.648000
46.649000
46.650000
46.651000
46.652000
46.653000
46.654000
46.655000
46.656000
46.657000
46.658000
46.659000
46.660000
46.661000
46.662000
46.663000
46.664000
46.665000
46.666000
46.667000
46.668000
46.669000
46.670000
46.671000
46.672000
46.673000
46.674000
46.675000
46.676000
46.677000
46.678000
46.679000
46.680000
46.681000
46.682000
46.683000
46.684000
46.685000
46.686000
46.687000
46.688000
46.689000
46.690000
46.691000
46.692000
46.693000
46.694000
46.695000
46.696000
46.697000
46.698000
46.699000
46.700000
46.701000
46.702000
46.703000
46.704000
46.705000
46.706000
46.707000
46.708000
46.709000
46.710000
46.711000
46.712000
46.713000
46.714000
46.715000
46.716000
46.717000
46.718000
46.719000
46.720000
46.721000
46.722000
46.723000
46.724000
46.725000
46.726000
46.727000
46.728000
46.729000
46.730000
46.731000
46.732000
46.733000
46.734000
46.735000
46.736000
46.737000
46.738000
46.739000
46.740000
46.741000
46.742000
46.743000
46.744000
46.745000
46.746000
46.747000
46.748000
46.749000
46.750000
46.751000
46.752000
46.753000
46.754000
46.755000
46.756000
46.757000
46.758000
46.759000
46.760000
46.761000
46.762000
46.763000
46.764000
46.765000
46.766000
46.767000
46.768000
46.769000
46.770000
46.771000
46.772000
46.773000
46.774000
46.775000
46.776000
46.777000
46.778000
46.779000
46.780000
46.781000
46.782000
46.783000
46.784000
46.785000
46.786000
46.787000
46.788000
46.789000
46.790000
46.791000
46.792000
46.793000
46.794000
46.795000
46.796000
46.797000
46.798000
46.799000
46.800000
46.801000
46.802000
46.803000
46.804000
46.805000
46.806000
46.807000
46.808000
46.809000
46.810000
46.811000
46.812000
46.813000
46.814000
46.815000
46.816000
46.817000
46.818000
46.819000
46.820000
46.821000
46.822000
46.823000
46.824000
46.825000
46.826000
46.827000
46.828000
46.829000
46.830000
46.831000
46.832000
46.833000
46.834000
46.835000
46.836000
46.837000
46.838000
46.839000
46.840000
46.841000
46.842000
46.843000
46.844000
46.845000
46.846000
46.847000
46.848000
46.849000
46.850000
46.851000
46.852000
46.853000
46.854000
46.855000
46.856000
46.857000
46.858000
46.859000
46.860000
46.861000
46.862000
46.863000
46.864000
46.865000
46.866000
46.867000
46.868000
46.869000
46.870000
46.871000
46.872000
46.873000
46.874000
46.875000
46.876000
46.877000
46.878000
46.879000
46.880000
46.881000
46.882000
46.883000
46.884000
46.885000
46.886000
46.887000
46.888000
46.889000
46.890000
46.891000
46.892000
46.893000
46.894000
46.895000
46.896000
46.897000
46.898000
46.899000
46.900000
46.901000
46.902000
46.903000
46.904000
46.905000
46.906000
46.907000
46.908000
46.909000
46.910000
46.911000
46.912000
46.913000
46.914000
46.915000
46.916000
46.917000
46.918000
46.919000
46.920000
46.921000
46.922000
46.923000
46.924000
46.925000
46.926000
46.927000
46.928000
46.929000
46.930000
46.931000
46.932000
46.933000
46.934000
46.935000
46.936000
46.937000
46.938000
46.939000
46.940000
46.941000
46.942000
46.943000
46.944000
46.945000
46.946000
46.947000
46.948000
46.949000
46.950000
46.951000
46.952000
46.953000
46.954000
46.955000
46.956000
46.957000
46.958000
46.959000
46.960000
46.961000
46.962000
46.963000
46.964000
46.965000
46.966000
46.967000
46.968000
46.969000
46.970000
46.971000
46.972000
46.973000
46.974000
46.975000
46.976000
46.977000
46.978000
46.979000
46.980000
46.981000
46.982000
46.983000
46.984000
46.985000
46.986000
46.987000
46.988000
46.989000
46.990000
46.991000
46.992000
46.993000
46.994000
46.995000
46.996000
46.997000
46.998000
46.999000
47.000000
47.001000
47.002000
47.003000
47.004000
47.005000
47.006000
47.007000
47.008000
47.009000
47.010000
47.011000
47.012000
47.013000
47.014000
47.015000
47.016000
47.017000
47.018000
47.019000
47.020000
47.021000
47.022000
47.023000
47.024000
47.025000
47.026000
47.027000
47.028000
47.029000
47.030000
47.031000
47.032000
47.033000
47.034000
47.035000
47.036000
47.037000
47.038000
47.039000
47.040000
47.041000
47.042000
47.043000
47.044000
47.045000
47.046000
47.047000
47.048000
47.049000
47.050000
47.051000
47.052000
47.053000
47.054000
47.055000
47.056000
47.057000
47.058000
47.059000
47.060000
47.061000
47.062000
47.063000
47.064000
47.065000
47.066000
47.067000
47.068000
47.069000
47.070000
47.071000
47.072000
47.073000
47.074000
47.075000
47.076000
47.077000
47.078000
47.079000
47.080000
47.081000
47.082000
47.083000
47.084000
47.085000
47.086000
47.087000
47.088000
47.089000
47.090000
47.091000
47.092000
47.093000
47.094000
47.095000
47.096000
47.097000
47.098000
47.099000
47.100000
47.101000
47.102000
47.103000
47.104000
47.105000
47.106000
47.107000
47.108000
47.109000
47.110000
47.111000
47.112000
47.113000
47.114000
47.115000
47.116000
47.117000
47.118000
47.119000
47.120000
47.121000
47.122000
47.123000
47.124000
47.125000
47.126000
47.127000
47.128000
47.129000
47.130000
47.131000
47.132000
47.133000
47.134000
47.135000
47.136000
47.137000
47.138000
47.139000
47.140000
47.141000
47.142000
47.143000
47.144000
47.145000
47.146000
47.147000
47.148000
47.149000
47.150000
47.151000
47.152000
47.153000
47.154000
47.155000
47.156000
47.157000
47.158000
47.159000
47.160000
47.161000
47.162000
47.163000
47.164000
47.165000
47.166000
47.167000
47.168000
47.169000
47.170000
47.171000
47.172000
47.173000
47.174000
47.175000
47.176000
47.177000
47.178000
47.179000
47.180000
47.181000
47.182000
47.183000
47.184000
47.185000
47.186000
47.187000
47.188000
47.189000
47.190000
47.191000
47.192000
47.193000
47.194000
47.195000
47.196000
47.197000
47.198000
47.199000
47.200000
47.201000
47.202000
47.203000
47.204000
47.205000
47.206000
47.207000
47.208000
47.209000
47.210000
47.211000
47.212000
47.213000
47.214000
47.215000
47.216000
47.217000
47.218000
47.219000
47.220000
47.221000
47.222000
47.223000
47.224000
47.225000
47.226000
47.227000
47.228000
47.229000
47.230000
47.231000
47.232000
47.233000
47.234000
47.235000
47.236000
47.237000
47.238000
47.239000
47.240000
47.241000
47.242000
47.243000
47.244000
47.245000
47.246000
47.247000
47.248000
47.249000
47.250000
47.251000
47.252000
47.253000
47.254000
47.255000
47.256000
47.257000
47.258000
47.259000
47.260000
47.261000
47.262000
47.263000
47.264000
47.265000
47.266000
47.267000
47.268000
47.269000
47.270000
47.271000
47.272000
47.273000
47.274000
47.275000
47.276000
47.277000
47.278000
47.279000
47.280000
47.281000
47.282000
47.283000
47.284000
47.285000
47.286000
47.287000
47.288000
47.289000
47.290000
47.291000
47.292000
47.293000
47.294000
47.295000
47.296000
47.297000
47.298000
47.299000
47.300000
47.301000
47.302000
47.303000
47.304000
47.305000
47.306000
47.307000
47.308000
47.309000
47.310000
47.311000
47.312000
47.313000
47.314000
47.315000
47.316000
47.317000
47.318000
47.319000
47.320000
47.321000
47.322000
47.323000
47.324000
47.325000
47.326000
47.327000
47.328000
47.329000
47.330000
47.331000
47.332000
47.333000
47.334000
47.335000
47.336000
47.337000
47.338000
47.339000
47.340000
47.341000
47.342000
47.343000
47.344000
47.345000
47.346000
47.347000
47.348000
47.349000
47.350000
47.351000
47.352000
47.353000
47.354000
47.355000
47.356000
47.357000
47.358000
47.359000
47.360000
47.361000
47.362000
47.363000
47.364000
47.365000
47.366000
47.367000
47.368000
47.369000
47.370000
47.371000
47.372000
47.373000
47.374000
47.375000
47.376000
47.377000
47.378000
47.379000
47.380000
47.381000
47.382000
47.383000
47.384000
47.385000
47.386000
47.387000
47.388000
47.389000
47.390000
47.391000
47.392000
47.393000
47.394000
47.395000
47.396000
47.397000
47.398000
47.399000
47.400000
47.401000
47.402000
47.403000
47.404000
47.405000
47.406000
47.407000
47.408000
47.409000
47.410000
47.411000
47.412000
47.413000
47.414000
47.415000
47.416000
47.417000
47.418000
47.419000
47.420000
47.421000
47.422000
47.423000
47.424000
47.425000
47.426000
47.427000
47.428000
47.429000
47.430000
47.431000
47.432000
47.433000
47.434000
47.435000
47.436000
47.437000
47.438000
47.439000
47.440000
47.441000
47.442000
47.443000
47.444000
47.445000
47.446000
47.447000
47.448000
47.449000
47.450000
47.451000
47.452000
47.453000
47.454000
47.455000
47.456000
47.457000
47.458000
47.459000
47.460000
47.461000
47.462000
47.463000
47.464000
47.465000
47.466000
47.467000
47.468000
47.469000
47.470000
47.471000
47.472000
47.473000
47.474000
47.475000
47.476000
47.477000
47.478000
47.479000
47.480000
47.481000
47.482000
47.483000
47.484000
47.485000
47.486000
47.487000
47.488000
47.489000
47.490000
47.491000
47.492000
47.493000
47.494000
47.495000
47.496000
47.497000
47.498000
47.499000
47.500000
47.501000
47.502000
47.503000
47.504000
47.505000
47.506000
47.507000
47.508000
47.509000
47.510000
47.511000
47.512000
47.513000
47.514000
47.515000
47.516000
47.517000
47.518000
47.519000
47.520000
47.521000
47.522000
47.523000
47.524000
47.525000
47.526000
47.527000
47.528000
47.529000
47.530000
47.531000
47.532000
47.533000
47.534000
47.535000
47.536000
47.537000
47.538000
47.539000
47.540000
47.541000
47.542000
47.543000
47.544000
47.545000
47.546000
47.547000
47.548000
47.549000
47.550000
47.551000
47.552000
47.553000
47.554000
47.555000
47.556000
47.557000
47.558000
47.559000
47.560000
47.561000
47.562000
47.563000
47.564000
47.565000
47.566000
47.567000
47.568000
47.569000
47.570000
47.571000
47.572000
47.573000
47.574000
47.575000
47.576000
47.577000
47.578000
47.579000
47.580000
47.581000
47.582000
47.583000
47.584000
47.585000
47.586000
47.587000
47.588000
47.589000
47.590000
47.591000
47.592000
47.593000
47.594000
47.595000
47.596000
47.597000
47.598000
47.599000
47.600000
47.601000
47.602000
47.603000
47.604000
47.605000
47.606000
47.607000
47.608000
47.609000
47.610000
47.611000
47.612000
47.613000
47.614000
47.615000
47.616000
47.617000
47.618000
47.619000
47.620000
47.621000
47.622000
47.623000
47.624000
47.625000
47.626000
47.627000
47.628000
47.629000
47.630000
47.631000
47.632000
47.633000
47.634000
47.635000
47.636000
47.637000
47.638000
47.639000
47.640000
47.641000
47.642000
47.643000
47.644000
47.645000
47.646000
47.647000
47.648000
47.649000
47.650000
47.651000
47.652000
47.653000
47.654000
47.655000
47.656000
47.657000
47.658000
47.659000
47.660000
47.661000
47.662000
47.663000
47.664000
47.665000
47.666000
47.667000
47.668000
47.669000
47.670000
47.671000
47.672000
47.673000
47.674000
47.675000
47.676000
47.677000
47.678000
47.679000
47.680000
47.681000
47.682000
47.683000
47.684000
47.685000
47.686000
47.687000
47.688000
47.689000
47.690000
47.691000
47.692000
47.693000
47.694000
47.695000
47.696000
47.697000
47.698000
47.699000
47.700000
47.701000
47.702000
47.703000
47.704000
47.705000
47.706000
47.707000
47.708000
47.709000
47.710000
47.711000
47.712000
47.713000
47.714000
47.715000
47.716000
47.717000
47.718000
47.719000
47.720000
47.721000
47.722000
47.723000
47.724000
47.725000
47.726000
47.727000
47.728000
47.729000
47.730000
47.731000
47.732000
47.733000
47.734000
47.735000
47.736000
47.737000
47.738000
47.739000
47.740000
47.741000
47.742000
47.743000
47.744000
47.745000
47.746000
47.747000
47.748000
47.749000
47.750000
47.751000
47.752000
47.753000
47.754000
47.755000
47.756000
47.757000
47.758000
47.759000
47.760000
47.761000
47.762000
47.763000
47.764000
47.765000
47.766000
47.767000
47.768000
47.769000
47.770000
47.771000
47.772000
47.773000
47.774000
47.775000
47.776000
47.777000
47.778000
47.779000
47.780000
47.781000
47.782000
47.783000
47.784000
47.785000
47.786000
47.787000
47.788000
47.789000
47.790000
47.791000
47.792000
47.793000
47.794000
47.795000
47.796000
47.797000
47.798000
47.799000
47.800000
47.801000
47.802000
47.803000
47.804000
47.805000
47.806000
47.807000
47.808000
47.809000
47.810000
47.811000
47.812000
47.813000
47.814000
47.815000
47.816000
47.817000
47.818000
47.819000
47.820000
47.821000
47.822000
47.823000
47.824000
47.825000
47.826000
47.827000
47.828000
47.829000
47.830000
47.831000
47.832000
47.833000
47.834000
47.835000
47.836000
47.837000
47.838000
47.839000
47.840000
47.841000
47.842000
47.843000
47.844000
47.845000
47.846000
47.847000
47.848000
47.849000
47.850000
47.851000
47.852000
47.853000
47.854000
47.855000
47.856000
47.857000
47.858000
47.859000
47.860000
47.861000
47.862000
47.863000
47.864000
47.865000
47.866000
47.867000
47.868000
47.869000
47.870000
47.871000
47.872000
47.873000
47.874000
47.875000
47.876000
47.877000
47.878000
47.879000
47.880000
47.881000
47.882000
47.883000
47.884000
47.885000
47.886000
47.887000
47.888000
47.889000
47.890000
47.891000
47.892000
47.893000
47.894000
47.895000
47.896000
47.897000
47.898000
47.899000
47.900000
47.901000
47.902000
47.903000
47.904000
47.905000
47.906000
47.907000
47.908000
47.909000
47.910000
47.911000
47.912000
47.913000
47.914000
47.915000
47.916000
47.917000
47.918000
47.919000
47.920000
47.921000
47.922000
47.923000
47.924000
47.925000
47.926000
47.927000
47.928000
47.929000
47.930000
47.931000
47.932000
47.933000
47.934000
47.935000
47.936000
47.937000
47.938000
47.939000
47.940000
47.941000
47.942000
47.943000
47.944000
47.945000
47.946000
47.947000
47.948000
47.949000
47.950000
47.951000
47.952000
47.953000
47.954000
47.955000
47.956000
47.957000
47.958000
47.959000
47.960000
47.961000
47.962000
47.963000
47.964000
47.965000
47.966000
47.967000
47.968000
47.969000
47.970000
47.971000
47.972000
47.973000
47.974000
47.975000
47.976000
47.977000
47.978000
47.979000
47.980000
47.981000
47.982000
47.983000
47.984000
47.985000
47.986000
47.987000
47.988000
47.989000
47.990000
47.991000
47.992000
47.993000
47.994000
47.995000
47.996000
47.997000
47.998000
47.999000
48.000000
48.001000
48.002000
48.003000
48.004000
48.005000
48.006000
48.007000
48.008000
48.009000
48.010000
48.011000
48.012000
48.013000
48.014000
48.015000
48.016000
48.017000
48.018000
48.019000
48.020000
48.021000
48.022000
48.023000
48.024000
48.025000
48.026000
48.027000
48.028000
48.029000
48.030000
48.031000
48.032000
48.033000
48.034000
48.035000
48.036000
48.037000
48.038000
48.039000
48.040000
48.041000
48.042000
48.043000
48.044000
48.045000
48.046000
48.047000
48.048000
48.049000
48.050000
48.051000
48.052000
48.053000
48.054000
48.055000
48.056000
48.057000
48.058000
48.059000
48.060000
48.061000
48.062000
48.063000
48.064000
48.065000
48.066000
48.067000
48.068000
48.069000
48.070000
48.071000
48.072000
48.073000
48.074000
48.075000
48.076000
48.077000
48.078000
48.079000
48.080000
48.081000
48.082000
48.083000
48.084000
48.085000
48.086000
48.087000
48.088000
48.089000
48.090000
48.091000
48.092000
48.093000
48.094000
48.095000
48.096000
48.097000
48.098000
48.099000
48.100000
48.101000
48.102000
48.103000
48.104000
48.105000
48.106000
48.107000
48.108000
48.109000
48.110000
48.111000
48.112000
48.113000
48.114000
48.115000
48.116000
48.117000
48.118000
48.119000
48.120000
48.121000
48.122000
48.123000
48.124000
48.125000
48.126000
48.127000
48.128000
48.129000
48.130000
48.131000
48.132000
48.133000
48.134000
48.135000
48.136000
48.137000
48.138000
48.139000
48.140000
48.141000
48.142000
48.143000
48.144000
48.145000
48.146000
48.147000
48.148000
48.149000
48.150000
48.151000
48.152000
48.153000
48.154000
48.155000
48.156000
48.157000
48.158000
48.159000
48.160000
48.161000
48.162000
48.163000
48.164000
48.165000
48.166000
48.167000
48.168000
48.169000
48.170000
48.171000
48.172000
48.173000
48.174000
48.175000
48.176000
48.177000
48.178000
48.179000
48.180000
48.181000
48.182000
48.183000
48.184000
48.185000
48.186000
48.187000
48.188000
48.189000
48.190000
48.191000
48.192000
48.193000
48.194000
48.195000
48.196000
48.197000
48.198000
48.199000
48.200000
48.201000
48.202000
48.203000
48.204000
48.205000
48.206000
48.207000
48.208000
48.209000
48.210000
48.211000
48.212000
48.213000
48.214000
48.215000
48.216000
48.217000
48.218000
48.219000
48.220000
48.221000
48.222000
48.223000
48.224000
48.225000
48.226000
48.227000
48.228000
48.229000
48.230000
48.231000
48.232000
48.233000
48.234000
48.235000
48.236000
48.237000
48.238000
48.239000
48.240000
48.241000
48.242000
48.243000
48.244000
48.245000
48.246000
48.247000
48.248000
48.249000
48.250000
48.251000
48.252000
48.253000
48.254000
48.255000
48.256000
48.257000
48.258000
48.259000
48.260000
48.261000
48.262000
48.263000
48.264000
48.265000
48.266000
48.267000
48.268000
48.269000
48.270000
48.271000
48.272000
48.273000
48.274000
48.275000
48.276000
48.277000
48.278000
48.279000
48.280000
48.281000
48.282000
48.283000
48.284000
48.285000
48.286000
48.287000
48.288000
48.289000
48.290000
48.291000
48.292000
48.293000
48.294000
48.295000
48.296000
48.297000
48.298000
48.299000
48.300000
48.301000
48.302000
48.303000
48.304000
48.305000
48.306000
48.307000
48.308000
48.309000
48.310000
48.311000
48.312000
48.313000
48.314000
48.315000
48.316000
48.317000
48.318000
48.319000
48.320000
48.321000
48.322000
48.323000
48.324000
48.325000
48.326000
48.327000
48.328000
48.329000
48.330000
48.331000
48.332000
48.333000
48.334000
48.335000
48.336000
48.337000
48.338000
48.339000
48.340000
48.341000
48.342000
48.343000
48.344000
48.345000
48.346000
48.347000
48.348000
48.349000
48.350000
48.351000
48.352000
48.353000
48.354000
48.355000
48.356000
48.357000
48.358000
48.359000
48.360000
48.361000
48.362000
48.363000
48.364000
48.365000
48.366000
48.367000
48.368000
48.369000
48.370000
48.371000
48.372000
48.373000
48.374000
48.375000
48.376000
48.377000
48.378000
48.379000
48.380000
48.381000
48.382000
48.383000
48.384000
48.385000
48.386000
48.387000
48.388000
48.389000
48.390000
48.391000
48.392000
48.393000
48.394000
48.395000
48.396000
48.397000
48.398000
48.399000
48.400000
48.401000
48.402000
48.403000
48.404000
48.405000
48.406000
48.407000
48.408000
48.409000
48.410000
48.411000
48.412000
48.413000
48.414000
48.415000
48.416000
48.417000
48.418000
48.419000
48.420000
48.421000
48.422000
48.423000
48.424000
48.425000
48.426000
48.427000
48.428000
48.429000
48.430000
48.431000
48.432000
48.433000
48.434000
48.435000
48.436000
48.437000
48.438000
48.439000
48.440000
48.441000
48.442000
48.443000
48.444000
48.445000
48.446000
48.447000
48.448000
48.449000
48.450000
48.451000
48.452000
48.453000
48.454000
48.455000
48.456000
48.457000
48.458000
48.459000
48.460000
48.461000
48.462000
48.463000
48.464000
48.465000
48.466000
48.467000
48.468000
48.469000
48.470000
48.471000
48.472000
48.473000
48.474000
48.475000
48.476000
48.477000
48.478000
48.479000
48.480000
48.481000
48.482000
48.483000
48.484000
48.485000
48.486000
48.487000
48.488000
48.489000
48.490000
48.491000
48.492000
48.493000
48.494000
48.495000
48.496000
48.497000
48.498000
48.499000
48.500000
48.501000
48.502000
48.503000
48.504000
48.505000
48.506000
48.507000
48.508000
48.509000
48.510000
48.511000
48.512000
48.513000
48.514000
48.515000
48.516000
48.517000
48.518000
48.519000
48.520000
48.521000
48.522000
48.523000
48.524000
48.525000
48.526000
48.527000
48.528000
48.529000
48.530000
48.531000
48.532000
48.533000
48.534000
48.535000
48.536000
48.537000
48.538000
48.539000
48.540000
48.541000
48.542000
48.543000
48.544000
48.545000
48.546000
48.547000
48.548000
48.549000
48.550000
48.551000
48.552000
48.553000
48.554000
48.555000
48.556000
48.557000
48.558000
48.559000
48.560000
48.561000
48.562000
48.563000
48.564000
48.565000
48.566000
48.567000
48.568000
48.569000
48.570000
48.571000
48.572000
48.573000
48.574000
48.575000
48.576000
48.577000
48.578000
48.579000
48.580000
48.581000
48.582000
48.583000
48.584000
48.585000
48.586000
48.587000
48.588000
48.589000
48.590000
48.591000
48.592000
48.593000
48.594000
48.595000
48.596000
48.597000
48.598000
48.599000
48.600000
48.601000
48.602000
48.603000
48.604000
48.605000
48.606000
48.607000
48.608000
48.609000
48.610000
48.611000
48.612000
48.613000
48.614000
48.615000
48.616000
48.617000
48.618000
48.619000
48.620000
48.621000
48.622000
48.623000
48.624000
48.625000
48.626000
48.627000
48.628000
48.629000
48.630000
48.631000
48.632000
48.633000
48.634000
48.635000
48.636000
48.637000
48.638000
48.639000
48.640000
48.641000
48.642000
48.643000
48.644000
48.645000
48.646000
48.647000
48.648000
48.649000
48.650000
48.651000
48.652000
48.653000
48.654000
48.655000
48.656000
48.657000
48.658000
48.659000
48.660000
48.661000
48.662000
48.663000
48.664000
48.665000
48.666000
48.667000
48.668000
48.669000
48.670000
48.671000
48.672000
48.673000
48.674000
48.675000
48.676000
48.677000
48.678000
48.679000
48.680000
48.681000
48.682000
48.683000
48.684000
48.685000
48.686000
48.687000
48.688000
48.689000
48.690000
48.691000
48.692000
48.693000
48.694000
48.695000
48.696000
48.697000
48.698000
48.699000
48.700000
48.701000
48.702000
48.703000
48.704000
48.705000
48.706000
48.707000
48.708000
48.709000
48.710000
48.711000
48.712000
48.713000
48.714000
48.715000
48.716000
48.717000
48.718000
48.719000
48.720000
48.721000
48.722000
48.723000
48.724000
48.725000
48.726000
48.727000
48.728000
48.729000
48.730000
48.731000
48.732000
48.733000
48.734000
48.735000
48.736000
48.737000
48.738000
48.739000
48.740000
48.741000
48.742000
48.743000
48.744000
48.745000
48.746000
48.747000
48.748000
48.749000
48.750000
48.751000
48.752000
48.753000
48.754000
48.755000
48.756000
48.757000
48.758000
48.759000
48.760000
48.761000
48.762000
48.763000
48.764000
48.765000
48.766000
48.767000
48.768000
48.769000
48.770000
48.771000
48.772000
48.773000
48.774000
48.775000
48.776000
48.777000
48.778000
48.779000
48.780000
48.781000
48.782000
48.783000
48.784000
48.785000
48.786000
48.787000
48.788000
48.789000
48.790000
48.791000
48.792000
48.793000
48.794000
48.795000
48.796000
48.797000
48.798000
48.799000
48.800000
48.801000
48.802000
48.803000
48.804000
48.805000
48.806000
48.807000
48.808000
48.809000
48.810000
48.811000
48.812000
48.813000
48.814000
48.815000
48.816000
48.817000
48.818000
48.819000
48.820000
48.821000
48.822000
48.823000
48.824000
48.825000
48.826000
48.827000
48.828000
48.829000
48.830000
48.831000
48.832000
48.833000
48.834000
48.835000
48.836000
48.837000
48.838000
48.839000
48.840000
48.841000
48.842000
48.843000
48.844000
48.845000
48.846000
48.847000
48.848000
48.849000
48.850000
48.851000
48.852000
48.853000
48.854000
48.855000
48.856000
48.857000
48.858000
48.859000
48.860000
48.861000
48.862000
48.863000
48.864000
48.865000
48.866000
48.867000
48.868000
48.869000
48.870000
48.871000
48.872000
48.873000
48.874000
48.875000
48.876000
48.877000
48.878000
48.879000
48.880000
48.881000
48.882000
48.883000
48.884000
48.885000
48.886000
48.887000
48.888000
48.889000
48.890000
48.891000
48.892000
48.893000
48.894000
48.895000
48.896000
48.897000
48.898000
48.899000
48.900000
48.901000
48.902000
48.903000
48.904000
48.905000
48.906000
48.907000
48.908000
48.909000
48.910000
48.911000
48.912000
48.913000
48.914000
48.915000
48.916000
48.917000
48.918000
48.919000
48.920000
48.921000
48.922000
48.923000
48.924000
48.925000
48.926000
48.927000
48.928000
48.929000
48.930000
48.931000
48.932000
48.933000
48.934000
48.935000
48.936000
48.937000
48.938000
48.939000
48.940000
48.941000
48.942000
48.943000
48.944000
48.945000
48.946000
48.947000
48.948000
48.949000
48.950000
48.951000
48.952000
48.953000
48.954000
48.955000
48.956000
48.957000
48.958000
48.959000
48.960000
48.961000
48.962000
48.963000
48.964000
48.965000
48.966000
48.967000
48.968000
48.969000
48.970000
48.971000
48.972000
48.973000
48.974000
48.975000
48.976000
48.977000
48.978000
48.979000
48.980000
48.981000
48.982000
48.983000
48.984000
48.985000
48.986000
48.987000
48.988000
48.989000
48.990000
48.991000
48.992000
48.993000
48.994000
48.995000
48.996000
48.997000
48.998000
48.999000
49.000000
49.001000
49.002000
49.003000
49.004000
49.005000
49.006000
49.007000
49.008000
49.009000
49.010000
49.011000
49.012000
49.013000
49.014000
49.015000
49.016000
49.017000
49.018000
49.019000
49.020000
49.021000
49.022000
49.023000
49.024000
49.025000
49.026000
49.027000
49.028000
49.029000
49.030000
49.031000
49.032000
49.033000
49.034000
49.035000
49.036000
49.037000
49.038000
49.039000
49.040000
49.041000
49.042000
49.043000
49.044000
49.045000
49.046000
49.047000
49.048000
49.049000
49.050000
49.051000
49.052000
49.053000
49.054000
49.055000
49.056000
49.057000
49.058000
49.059000
49.060000
49.061000
49.062000
49.063000
49.064000
49.065000
49.066000
49.067000
49.068000
49.069000
49.070000
49.071000
49.072000
49.073000
49.074000
49.075000
49.076000
49.077000
49.078000
49.079000
49.080000
49.081000
49.082000
49.083000
49.084000
49.085000
49.086000
49.087000
49.088000
49.089000
49.090000
49.091000
49.092000
49.093000
49.094000
49.095000
49.096000
49.097000
49.098000
49.099000
49.100000
49.101000
49.102000
49.103000
49.104000
49.105000
49.106000
49.107000
49.108000
49.109000
49.110000
49.111000
49.112000
49.113000
49.114000
49.115000
49.116000
49.117000
49.118000
49.119000
49.120000
49.121000
49.122000
49.123000
49.124000
49.125000
49.126000
49.127000
49.128000
49.129000
49.130000
49.131000
49.132000
49.133000
49.134000
49.135000
49.136000
49.137000
49.138000
49.139000
49.140000
49.141000
49.142000
49.143000
49.144000
49.145000
49.146000
49.147000
49.148000
49.149000
49.150000
49.151000
